1.790680165503169974e+03 1.139577482405992725e+01 1.059025187393661360e+00
1.790700999287555533e+03 1.191000006965970215e+01 1.054475551077612483e+00
1.790721833070310822e+03 1.084611085971196331e+01 1.055555085689596329e+00
1.790742666851436979e+03 1.259138636409912770e+01 1.062336684746468585e+00
1.790763500631165698e+03 1.187480512626172313e+01 1.063471069882223174e+00
1.790784334409730036e+03 1.107521847460156117e+01 1.055464168965007721e+00
1.790805168186665014e+03 1.212813184242621567e+01 1.055925391614073394e+00
1.790826001962435839e+03 1.191245044697565802e+01 1.066683387376940795e+00
1.790846835736809680e+03 1.206849691445644979e+01 1.058358761088964206e+00
1.790867669510018914e+03 1.123377014773675064e+01 1.054012562993583701e+00
1.790888503281831618e+03 1.189453547418449908e+01 1.057313095151234617e+00
1.790909337052479941e+03 1.062737315439839136e+01 1.056197773471761581e+00
1.790930170821732190e+03 1.130479622831653153e+01 1.054148896762411969e+00
1.790951004590051525e+03 1.167534847560507139e+01 1.055620416661775751e+00
1.790971838357208071e+03 1.053736350090573204e+01 1.056141959539218744e+00
1.790992672122966496e+03 9.507546241155498734e+00 1.054091447601784859e+00
1.791013505887794963e+03 1.102753280562656180e+01 1.052893178990077061e+00
1.791034339651458595e+03 1.113375449817497298e+01 1.053555368388801927e+00
1.791055173414189994e+03 1.165391562561162075e+01 1.057195549465457463e+00
1.791076007175758150e+03 1.192215021591139035e+01 1.057086843310102164e+00
1.791096840936162607e+03 1.184805105909433465e+01 1.059097395451746637e+00
1.791388513482630970e+03 1.938812605908536213e+00 1.051008462271119326e+00
1.791409347229298419e+03 1.409293980625120568e+00 1.049990558581819888e+00
1.791430180975034091e+03 6.510835671723373963e-01 1.049640759821206526e+00
1.791451014720071498e+03 5.067272399581526088e-01 1.061103126957421816e+00
1.791471848464176674e+03 0.000000000000000000e+00 1.048573724165824395e+00
1.791492682207584039e+03 9.222793519095180415e-01 1.049102292730836661e+00
1.791513515950292913e+03 2.972944019512857139e+00 1.052021755015319471e+00
1.791534349692070464e+03 8.039145563762026825e-01 1.048221121232153275e+00
1.791555183433149523e+03 3.119077503873320723e+00 1.048835399183341011e+00
1.791576017173297487e+03 2.786132353699613873e+00 1.051004265585100406e+00
1.791596850912979335e+03 2.975062841506815658e+00 1.048751117855744708e+00
1.791617684651729633e+03 3.286338261291813723e+00 1.049120189272567005e+00
1.791638518389781893e+03 3.557674520260572848e+00 1.050298927534961901e+00
1.791659352127136117e+03 3.677395323906241131e+00 1.059717180471452469e+00
1.791680185863558108e+03 3.688837396125839163e+00 1.051123751159281694e+00
1.791701019599515348e+03 4.111821929163895106e+00 1.050014003024505538e+00
1.791721853334773414e+03 4.410800669121282880e+00 1.050020928401368403e+00
1.791742687069100612e+03 4.885163317444826347e+00 1.058437715974689386e+00
1.791763520802961466e+03 5.739023893539667576e+00 1.051889678707596198e+00
1.791784354535890998e+03 5.655621224862779073e+00 1.060079454017315959e+00
1.791805188268355323e+03 5.610623109219529780e+00 1.058879630700015673e+00
1.791826022000122066e+03 6.405747516102894501e+00 1.056188800551145723e+00
1.791846855731188953e+03 6.585285700844807799e+00 1.053280379155354662e+00
1.791867689461558030e+03 7.451187225483664633e+00 1.052128888393457862e+00
1.791888523191228614e+03 7.683807062179578651e+00 1.053514577195350466e+00
1.791909356920200025e+03 7.081255522103285571e+00 1.052960995997815896e+00
1.791930190648706684e+03 6.940931049852385293e+00 1.058048121751508308e+00
1.791951024376281111e+03 8.528009934892953225e+00 1.059468769885978601e+00
1.791971858103390332e+03 7.808528540359732872e+00 1.053751494835351021e+00
1.791992691829801061e+03 8.372752156275412361e+00 1.053046921458987262e+00
1.792013525555746128e+03 1.002756824935459790e+01 1.055057771465940375e+00
1.792034359280992476e+03 8.246229754994699235e+00 1.055449598973011049e+00
1.792055193005541014e+03 7.543174091439600382e+00 1.057093722350407994e+00
1.792076026729390378e+03 8.875764109499712617e+00 1.051785694485927181e+00
1.792096860452773853e+03 8.163928763823465218e+00 1.056932560612598992e+00
1.792117694175459519e+03 7.409314633402598993e+00 1.053480856791676912e+00
1.792138527897679978e+03 9.474584002842732389e+00 1.059167291314405901e+00
1.792159361619200808e+03 9.054104566242589414e+00 1.052607541060792018e+00
1.792180195340024056e+03 9.671950223371801769e+00 1.052484146415572308e+00
1.792201029060382098e+03 9.679998138309489519e+00 1.054340220603031897e+00
1.792221862780274023e+03 1.007499780994802840e+01 1.054514270260851871e+00
1.792242696499234626e+03 9.978021739358688080e+00 1.053652389639222475e+00
1.792263530217961488e+03 1.064488792372122994e+01 1.054141772331846694e+00
1.792284363935757483e+03 9.968620442532229120e+00 1.054453279837637814e+00
1.792305197653321102e+03 9.882214748885418842e+00 1.053286547396390382e+00
1.792326031369952489e+03 1.039120465043204966e+01 1.053263685110822578e+00
1.792346865086351954e+03 9.848942248835030000e+00 1.063821811874403611e+00
1.792367698802052473e+03 1.067393428480498585e+01 1.054454919107378652e+00
1.792388532517054045e+03 9.955089743341869024e+00 1.054479507847688291e+00
1.792409366231589956e+03 1.135020761573823123e+01 1.054507826582983698e+00
1.792430199945661116e+03 1.147352547315260907e+01 1.060278308788212387e+00
1.792451033659032873e+03 9.426375635245211271e+00 1.057732206872506797e+00
1.792471867371939879e+03 1.136979710281302047e+01 1.055019750184236438e+00
1.792492701084380997e+03 9.288931863962556434e+00 1.055035117048511495e+00
1.792513534796123622e+03 1.061446889167056540e+01 1.053047430877572799e+00
1.792534368507399904e+03 1.063175485410453192e+01 1.053993222640106309e+00
1.792555202217978604e+03 9.471032640327166519e+00 1.064765590337727108e+00
1.792576035928090960e+03 1.049544709183427926e+01 1.054415802044610606e+00
1.792596869637738564e+03 1.113295891682186856e+01 1.056727661384033068e+00
1.792617703346918915e+03 1.205456569954506385e+01 1.052697175736406088e+00
1.792638537055403049e+03 1.173488053894913463e+01 1.056719539043578182e+00
1.792659370763420156e+03 1.027289619344397664e+01 1.056524753387090954e+00
1.792680204470971603e+03 1.060938265691794946e+01 1.053839561665611102e+00
1.792701038177824557e+03 1.094293615544602183e+01 1.058009757240315096e+00
1.792721871884211851e+03 1.157338770908749837e+01 1.054531340164540199e+00
1.792742705590133482e+03 1.108522641214083748e+01 1.055987256569264732e+00
1.792763539295589453e+03 1.065943593585054927e+01 1.052630304348324497e+00
1.792784373000579990e+03 1.100754384651996354e+01 1.057542680280386671e+00
1.792805206704872035e+03 1.098149970814306364e+01 1.060900831080429541e+00
1.792826040408698645e+03 1.091881570326979656e+01 1.053362600537613991e+00
1.792846874112059140e+03 1.216690024638043965e+01 1.056352502036443708e+00
1.792867707814720688e+03 1.143333273295577968e+01 1.054524274840568765e+00
1.792888541517149861e+03 1.183280899438761757e+01 1.055291913944129689e+00
1.792909375218880541e+03 1.072398987967029349e+01 1.058234572620979641e+00
1.792930208920146015e+03 1.177591824169922496e+01 1.053484534404917961e+00
1.792951042620945373e+03 1.121524433276269050e+01 1.055645486419442669e+00
1.792971876321279069e+03 1.212491769058980040e+01 1.056876447102499617e+00
1.792992710021147559e+03 1.120814556861917488e+01 1.053846744698364812e+00
1.793013543720549478e+03 1.195859500941229925e+01 1.054182878502790910e+00
1.793034377419254042e+03 1.154071608317268627e+01 1.055024721841288926e+00
1.793055211117492490e+03 1.232289542242831715e+01 1.059553492540028286e+00
1.793076044815497880e+03 1.172931028371507622e+01 1.053742048566147727e+00
1.793096878512804324e+03 1.144224262958636906e+01 1.054480920976260228e+00
1.793117712209646015e+03 1.152064351717938173e+01 1.053911785679581214e+00
1.793138545906021591e+03 1.230637115060448217e+01 1.056959009063220378e+00
1.793159379601699129e+03 1.184034099923330707e+01 1.055158608794205977e+00
1.793180213297143382e+03 1.063809554286091696e+01 1.053764334837948846e+00
1.793201046992121974e+03 1.129616257241356081e+01 1.053512710154245413e+00
1.793221880686402073e+03 1.222197360010544465e+01 1.053531776448684898e+00
1.793242714380448888e+03 1.140723193120371803e+01 1.054088111383077342e+00
1.793263548073799029e+03 1.253470484474085112e+01 1.066400996045036020e+00
1.793284381766914521e+03 1.197233520470837220e+01 1.053857830227632020e+00
1.793305215459332430e+03 1.157297680695473119e+01 1.053882263227339022e+00
1.793326049151284678e+03 1.068561097946161276e+01 1.054024551572537050e+00
1.793346882843002959e+03 1.221761615691517378e+01 1.055379739279239670e+00
1.793367716534023657e+03 1.147862226665894170e+01 1.055424919884288215e+00
1.793388550224578466e+03 1.246629599483592798e+01 1.053553105395870437e+00
1.793409383914668069e+03 1.209136042805866573e+01 1.054578648354201897e+00
1.793430217604523932e+03 1.155042585158174617e+01 1.057388182245274200e+00
1.793451051293683122e+03 1.120567121075115580e+01 1.054219629568069694e+00
1.793471884982374831e+03 1.155878713097440880e+01 1.054710840037606845e+00
1.793492718670602017e+03 1.054739061399228106e+01 1.054762378436444159e+00
1.793513552358362631e+03 1.258663271517832349e+01 1.063058706254035979e+00
1.793534386045890415e+03 1.209667994579971939e+01 1.055610987116857524e+00
1.793555219732721071e+03 1.222447222572368730e+01 1.063207727226495924e+00
1.793576053419084474e+03 1.190033221298715560e+01 1.056414341979510674e+00
1.793596887104983125e+03 1.099008857791160665e+01 1.054571413786431489e+00
1.793617720790648491e+03 1.252795759348491345e+01 1.055156462217581081e+00
1.793638554475614910e+03 1.171467111627466728e+01 1.058926688339407951e+00
1.793659388160116578e+03 1.364919490924815193e+01 1.058837862478743563e+00
1.793680221844384960e+03 1.239050991956266934e+01 1.054955738006930543e+00
1.793701055527955987e+03 1.147762302418621694e+01 1.055466766694391767e+00
1.793721889211292819e+03 1.149906275534632449e+01 1.054566609553849288e+00
1.793742722893930932e+03 1.231114113111744324e+01 1.055183068161586801e+00
1.793763556576338033e+03 1.168761979857758782e+01 1.054688912849892857e+00
1.793784390258279018e+03 1.184180710154951655e+01 1.055866345584735688e+00
1.793805223939753887e+03 1.216443856102698717e+01 1.054559827070590927e+00
1.793826057620529355e+03 1.134956226863673479e+01 1.055856466624508938e+00
1.793846891301072901e+03 1.144112635790697574e+01 1.055213570966208492e+00
1.793867724981150332e+03 1.147830577602631408e+01 1.054917204532314967e+00
1.793888558660994931e+03 1.071446374230962206e+01 1.053965116289135029e+00
1.793909392340141949e+03 1.226149577683449898e+01 1.055435988837555294e+00
1.793930226018822395e+03 1.172377244837757537e+01 1.055382111309111082e+00
1.793951059697037408e+03 1.243301290827933059e+01 1.064201115165402944e+00
1.793971893375019590e+03 1.252328770501679500e+01 1.055136916871614705e+00
1.793992727052535884e+03 1.327605069532662085e+01 1.054977433654831875e+00
1.794013560729354140e+03 1.232331872551691809e+01 1.057420030640880970e+00
1.794034394405939565e+03 1.128641428251663115e+01 1.054511444091195793e+00
1.794055228082058875e+03 1.142852073299183147e+01 1.054319981720725385e+00
1.794076061757712978e+03 1.196784705935938575e+01 1.054552648894962363e+00
1.794096895432901420e+03 1.182922482762282357e+01 1.056104880301244497e+00
1.794117729107856121e+03 1.138885665895446841e+01 1.068505871647297489e+00
1.794138562782113013e+03 1.104985095189187483e+01 1.058969241054888322e+00
1.794159396456137074e+03 1.250361490710585244e+01 1.054785716817159713e+00
1.794180230129462871e+03 1.184447086566585661e+01 1.055204985080740343e+00
1.794201063802555382e+03 1.220125591120319086e+01 1.054825159202033680e+00
1.794221897475182459e+03 1.167653565606553911e+01 1.054692755792026038e+00
1.794242731147345012e+03 1.311247277172482484e+01 1.055558304336939646e+00
1.794263564819039857e+03 1.272539293014422412e+01 1.055041557505947303e+00
1.794284398490503008e+03 1.193004390317597263e+01 1.059300092001145499e+00
1.794305232161267668e+03 1.221029375231678671e+01 1.057371271202835361e+00
1.794326065831799042e+03 1.060868472803110407e+01 1.055514936474278631e+00
1.794346899501864982e+03 1.198472121811014013e+01 1.055483934136534740e+00
1.794367733171464806e+03 1.304675890095643531e+01 1.054715021975254352e+00
1.794388566840599424e+03 1.119244141545275184e+01 1.063448202352283767e+00
1.794409400509502120e+03 1.249877215803510744e+01 1.054919125589312001e+00
1.794430234177705188e+03 1.218762308638293845e+01 1.054553044543710350e+00
1.794451067845675425e+03 1.224028585207683761e+01 1.054739378606894373e+00
1.794471901513180910e+03 1.199692404656907208e+01 1.054915791988173313e+00
1.794492735180219370e+03 1.201840677274989844e+01 1.055115845905242100e+00
1.794513568846793078e+03 1.251882794978872937e+01 1.055137142831440222e+00
1.794534402513133955e+03 1.263966061398919827e+01 1.055246614676230266e+00
1.794555236178776340e+03 1.133817152470562917e+01 1.059637195919727715e+00
1.794576069844184985e+03 1.161955607693187886e+01 1.061123854348144713e+00
1.794596903509128424e+03 1.229257502766604304e+01 1.057013031773636369e+00
1.794617737173606429e+03 1.198877944700442022e+01 1.056046239396865927e+00
1.794638570837852058e+03 1.174074149311461035e+01 1.055877353460110246e+00
1.794659404501398512e+03 1.364717757331418113e+01 1.054767012248035707e+00
1.794680238164712591e+03 1.196646352518990497e+01 1.055236221552485976e+00
1.794701071827561009e+03 1.257083549816572443e+01 1.054237608853296093e+00
1.794721905490176596e+03 1.166940811001680878e+01 1.062548524085117352e+00
1.794742739152093009e+03 1.127979110959446452e+01 1.062563669877546690e+00
1.794763572813777955e+03 1.175607652944368908e+01 1.066575424692755902e+00
1.794784406474762818e+03 1.232468641573330714e+01 1.057684757965993150e+00
1.794805240135748136e+03 1.290452737782877257e+01 1.055026077743691726e+00
1.794826073796035871e+03 1.287621395348020847e+01 1.054936075940615448e+00
1.794846907455857945e+03 1.238311534714110529e+01 1.058267578325058800e+00
1.794867741115446506e+03 1.321088442832126830e+01 1.055790416344086102e+00
1.794888574774568951e+03 1.162875858847989541e+01 1.063168035193463146e+00
1.794909408433226872e+03 1.270998610290245168e+01 1.065365685377139160e+00
1.794930242091651053e+03 1.165259490817046029e+01 1.054813405751637845e+00
1.794971909406870509e+03 1.169616898140094818e+01 1.056682931331605069e+00
1.794992743064130536e+03 1.226828822917183359e+01 1.059067848712092363e+00
1.795013576720692072e+03 1.273963249971115630e+01 1.075217264975146580e+00
1.795034410377021459e+03 1.210157020682823870e+01 1.065912488712722705e+00
1.795055244032884502e+03 1.332195842458667734e+01 1.059929824521489872e+00
1.795076077688282112e+03 1.176600514088731231e+01 1.054505565634049180e+00
1.795096911343214970e+03 1.151632789330050599e+01 1.058544988318546487e+00
1.795117744997913633e+03 1.302757575318791083e+01 1.056221249431746445e+00
1.795138578652146862e+03 1.198827052184780939e+01 1.054438130603570389e+00
1.795159412305914884e+03 1.144573451512843931e+01 1.055700874921864818e+00
1.795180245959218155e+03 1.229928656406567811e+01 1.054175358511533434e+00
1.795201079612286321e+03 1.212597853891448807e+01 1.055439207848094307e+00
1.795221913264890418e+03 1.234544543760070567e+01 1.054918504071254537e+00
1.795242746917028853e+03 1.363278471450349727e+01 1.054920312122768378e+00
1.795263580568700945e+03 1.184934016155745162e+01 1.062019351624869490e+00
1.795284414220140434e+03 1.212782684662858657e+01 1.069076046650152101e+00
1.795305247871114943e+03 1.176968653249512187e+01 1.056123278989957504e+00
1.795326081521623109e+03 1.162707594956005863e+01 1.054709314191363712e+00
1.795346915171899127e+03 1.208147626900309923e+01 1.054264916426401966e+00
1.795367748821709483e+03 1.149663242413059550e+01 1.056571972321340480e+00
1.795388582471053951e+03 1.253373471384258586e+01 1.055452366157505928e+00
1.795409416119931848e+03 1.120609018807466128e+01 1.056648465901331990e+00
1.795430249768577596e+03 1.197894056041844379e+01 1.055815594972511429e+00
1.795451083416758138e+03 1.221578442103428763e+01 1.056841367595866776e+00
1.795471917064473018e+03 1.182179359050397593e+01 1.069638729337683003e+00
1.795492750711720873e+03 1.125273497465779471e+01 1.071216841621850158e+00
1.795513584358736580e+03 1.317360363255106037e+01 1.057531971549612093e+00
1.795534418005287080e+03 1.117921909279504256e+01 1.054819565028033646e+00
1.795555251651604067e+03 1.076668436260100847e+01 1.055627361721832136e+00
1.795576085297223017e+03 1.123090655053349352e+01 1.056233551529339509e+00
1.795596918942609136e+03 1.241447427335118725e+01 1.057796332772472869e+00
1.795617752587762880e+03 1.190770000012990160e+01 1.055958638833396579e+00
1.795638586232216994e+03 1.288938286213596029e+01 1.056500889251955844e+00
1.795659419876438960e+03 1.234754248615222849e+01 1.054575822357073367e+00
1.795680253520195038e+03 1.230058767847178203e+01 1.055622336439043796e+00
1.795701087163718967e+03 1.276632950202958305e+01 1.068842079702218228e+00
1.795721920806543494e+03 1.210558354894907218e+01 1.054878952169038264e+00
1.795742754449135418e+03 1.297216914234776297e+01 1.054793119440215365e+00
1.795763588091494967e+03 1.214342536585308530e+01 1.056952354717911380e+00
1.795784421733389081e+03 1.171295968628380635e+01 1.066337946566299211e+00
1.795805255374816625e+03 1.203497880983202961e+01 1.060010180604377128e+00
1.795826089015778962e+03 1.114475430573148884e+01 1.056289699192122455e+00
1.795846922656508013e+03 1.308084217564504748e+01 1.057196958963564581e+00
1.795867756296772541e+03 1.291412919393548009e+01 1.058433041919367046e+00
1.795888589936570497e+03 1.141533717536492532e+01 1.055223342974533240e+00
1.795909423575902110e+03 1.149195922702629780e+01 1.057438970116881372e+00
1.795930257215002030e+03 1.218670870780336557e+01 1.060818407343770975e+00
1.795951090853869573e+03 1.225049515596517402e+01 1.057848791404264910e+00
1.795971924492037488e+03 1.238831300037950989e+01 1.055406565496753268e+00
1.795992758129973026e+03 1.282309586596826989e+01 1.056397189657365177e+00
1.796013591767442904e+03 1.269172071182131312e+01 1.056405765853249523e+00
1.796034425404679951e+03 1.224749621249496201e+01 1.058163037954255037e+00
1.796055259041451336e+03 1.215291068041360489e+01 1.055358051901783778e+00
1.796076092677756151e+03 1.222591668862708936e+01 1.056750561535561683e+00
1.796096926313829954e+03 1.236246043742296230e+01 1.056821007412501290e+00
1.796117759949436959e+03 1.290069082073809881e+01 1.059634777164836672e+00
1.796138593584578302e+03 1.230343705092243667e+01 1.056842777566342040e+00
1.796159427219253985e+03 1.233267750984233757e+01 1.055559490151907864e+00
1.796180260853697064e+03 1.164703347341713169e+01 1.056363674118901974e+00
1.796201094487907994e+03 1.190581663344779528e+01 1.056183100731792335e+00
1.796221928121419978e+03 1.178132075256946720e+01 1.055655141505148498e+00
1.796242761754698677e+03 1.164193419974378152e+01 1.054751302414058678e+00
1.796263595387743862e+03 1.172890494007900131e+01 1.055290671346759357e+00
1.796284429020091920e+03 1.166482959395685981e+01 1.055697826089054381e+00
1.796305262652207148e+03 1.166124672249586425e+01 1.056113853934860902e+00
1.796326096284088635e+03 1.263673547888731541e+01 1.059869989303440008e+00
1.796346929915504461e+03 1.221763925505042536e+01 1.070536513449267035e+00
1.796367763546455080e+03 1.222128884139418759e+01 1.058743117939493716e+00
1.796388597176940948e+03 1.300828741259226540e+01 1.057735813353180676e+00
1.796409430807193075e+03 1.258780793117330532e+01 1.054941047992002501e+00
1.796430264436979087e+03 1.291387230877071168e+01 1.057325835529295155e+00
1.796451098066532040e+03 1.173672108081583687e+01 1.055082911085439834e+00
1.796471931695620469e+03 1.194159865258629871e+01 1.056938989507963056e+00
1.796492765324243010e+03 1.249319033240502463e+01 1.055057432500685621e+00
1.796513598952632947e+03 1.190288968664867042e+01 1.059667120523546613e+00
1.796534432580556313e+03 1.116778735681633350e+01 1.056414962617525433e+00
1.796555266208014018e+03 1.275045454947854573e+01 1.063105354643372635e+00
1.796576099835240029e+03 1.265259428108739570e+01 1.056231012117260226e+00
1.796596933461999924e+03 1.261257613574847980e+01 1.057095188369604699e+00
1.796617767088526989e+03 1.248190974174416823e+01 1.057697155747940210e+00
1.796638600714587483e+03 1.189840433217287163e+01 1.055035569011719465e+00
1.796659434340182997e+03 1.358921890484543482e+01 1.072238553509725856e+00
1.796680267965546136e+03 1.097866657298104087e+01 1.057388407724012991e+00
1.796701101590442931e+03 1.169438228934614443e+01 1.056612250604613612e+00
1.796721935214874975e+03 1.443980665001156893e+01 1.059490429376398701e+00
1.796742768839073960e+03 1.095113873330298837e+01 1.058060909612779543e+00
1.796763602462806375e+03 1.075771144808598478e+01 1.058804367903378063e+00
1.796784436096317449e+03 1.183393392300294522e+01 1.056268820510314566e+00
1.796805269719352054e+03 1.148184786357858655e+01 1.055642606815381690e+00
1.796826103342154056e+03 1.171463629839160703e+01 1.058118199587406938e+00
1.796846936964257111e+03 1.247533582199874047e+01 1.056427939510681480e+00
1.796867770586360166e+03 1.200145294485972336e+01 1.061823348955275526e+00
1.796888604207764956e+03 1.129462721031807781e+01 1.055212836649788377e+00
1.796909437828937598e+03 1.250468885941733888e+01 1.064682961944949824e+00
1.796930271449876955e+03 1.162892435866207741e+01 1.055793408454686721e+00
1.796951105070117137e+03 1.199112239517401335e+01 1.057975504048966009e+00
1.796971938690358002e+03 1.298044572856721501e+01 1.058573592440980704e+00
1.796992772309899465e+03 1.154343200137064684e+01 1.055265649642886494e+00
1.797013605929208097e+03 1.155668569669901480e+01 1.056317348703155856e+00
1.797034439548285036e+03 1.061935312517807262e+01 1.060450765564876940e+00
1.797055273166895859e+03 1.354047589958046061e+01 1.057465800460552385e+00
1.797076106785041020e+03 1.345616823482010460e+01 1.057360786220693738e+00
1.797096940402952896e+03 1.192264357237856132e+01 1.057409038825136482e+00
1.797117774020399338e+03 1.177768785357738857e+01 1.073848868759802011e+00
1.797138607637380119e+03 1.264121190219095503e+01 1.060109028787112440e+00
1.797159441254128069e+03 1.218334539777618808e+01 1.059403057345745580e+00
1.797180274870643416e+03 1.132764963323439211e+01 1.057514780991876346e+00
1.797201108486460953e+03 1.307252398005474170e+01 1.060314792368620251e+00
1.797221942102276898e+03 1.203964315186029133e+01 1.060391184582468060e+00
1.797242775717395944e+03 1.216166458628710956e+01 1.056794781113501225e+00
1.797263609332280339e+03 1.272706396635694759e+01 1.056138855543349298e+00
1.797284442946933041e+03 1.229466278692740033e+01 1.055898409230229484e+00
1.797305276561120081e+03 1.157926200518538806e+01 1.059104430268265506e+00
1.797326110174841460e+03 1.242754220302243695e+01 1.056642317285786614e+00
1.797346943788330009e+03 1.207358917292207323e+01 1.057946433036311751e+00
1.797367777401353123e+03 1.311568542437178309e+01 1.056994817744519199e+00
1.797388611014142953e+03 1.257559309622479127e+01 1.056869171866438029e+00
1.797409444626466666e+03 1.165815913919309921e+01 1.056580321447385673e+00
1.797430278238558003e+03 1.258936470957463705e+01 1.061475371928129574e+00
1.797451111850184134e+03 1.146647124669078366e+01 1.055729273811915725e+00
1.797471945461576979e+03 1.166804788833163187e+01 1.058481189331794692e+00
1.797492779072503936e+03 1.114415835887353268e+01 1.063157214933071693e+00
1.797513612682966141e+03 1.200430714763427353e+01 1.062222949539407324e+00
1.797534446293195060e+03 1.182773035537489648e+01 1.058186076024441258e+00
1.797555279902958546e+03 1.287310790444404596e+01 1.057284118675512197e+00
1.797576113512488519e+03 1.228348135032299382e+01 1.061263093721561024e+00
1.797596947121552148e+03 1.238973502436858709e+01 1.061056109667846137e+00
1.797617780730384538e+03 1.218391836420406271e+01 1.058853005056624497e+00
1.797638614338751040e+03 1.200062470792837210e+01 1.057998996900000099e+00
1.797659447946884029e+03 1.149762372863746762e+01 1.057947165455354721e+00
1.797680281554552039e+03 1.274066567888666235e+01 1.059799689853764715e+00
1.797701115161753933e+03 1.134690876351066713e+01 1.068090094570218529e+00
1.797721948768723905e+03 1.227269236280043252e+01 1.061509736787734859e+00
1.797742782375459683e+03 1.173628536563119873e+01 1.061004652277376170e+00
1.797763615981730027e+03 1.089652100993744099e+01 1.059502862286448188e+00
1.797784449587534937e+03 1.289459143346507020e+01 1.071875217982678707e+00
1.797805283193107016e+03 1.197197613414293293e+01 1.067771177845949104e+00
1.797826116798446947e+03 1.224756466498975804e+01 1.072087396425469130e+00
1.797846950403320989e+03 1.102900497300496774e+01 1.062069076216914487e+00
1.797867784007728915e+03 1.158413389217397338e+01 1.060608863775256205e+00
1.797888617611904010e+03 1.217838801621628164e+01 1.062640685696813136e+00
1.797909451215846957e+03 1.257633217298172568e+01 1.063319339112021700e+00
1.797930284819090957e+03 1.065980206827645915e+01 1.063793180779411873e+00
1.797951118422334503e+03 1.301969903360336644e+01 1.061262981393810811e+00
1.797971952025111932e+03 1.273757660201406239e+01 1.063313341182007710e+00
1.797992785627425064e+03 1.322601451711672738e+01 1.062863568203778586e+00
1.798013619229504911e+03 1.206135649830229184e+01 1.064034587925342112e+00
1.798034452831352155e+03 1.357470768346334111e+01 1.067258501274114924e+00
1.798055286432500452e+03 1.226337610300140746e+01 1.063189843570170767e+00
1.798076120033648976e+03 1.145460965757244587e+01 1.064277508448916887e+00
1.798096953634332067e+03 1.167129102255298356e+01 1.065039516933672381e+00
1.798117787234549041e+03 1.244453616388012840e+01 1.064484258073953749e+00
1.798138620834533867e+03 1.197734490483341574e+01 1.064957525454005127e+00
1.798159454434284953e+03 1.269191742600142447e+01 1.066292892970713613e+00
1.798180288033570378e+03 1.185834589499927105e+01 1.068278307863954169e+00
1.798201121632389913e+03 1.227821733758763045e+01 1.069479346565896938e+00
1.798221955230977983e+03 1.228556125508148078e+01 1.068331256057060807e+00
1.798242788829331857e+03 1.205925568854807750e+01 1.079273331033637762e+00
1.798263622427220980e+03 1.118539712369988592e+01 1.067686549018749487e+00
1.798284456024877045e+03 1.267668872069247321e+01 1.066628345655475929e+00
1.798305289622067903e+03 1.260213757678066315e+01 1.067937847993563727e+00
1.798326123219025021e+03 1.194844292840635624e+01 1.067920545872848681e+00
1.798346956815516933e+03 1.267075670721565395e+01 1.067266934344258678e+00
1.798367790411776468e+03 1.166470539991152755e+01 1.070111777982426071e+00
1.798388624007802946e+03 1.157157223473254604e+01 1.079222907929165753e+00
1.798409457603363535e+03 1.084617830200092570e+01 1.069197414954072167e+00
1.798430291198458463e+03 1.215752761291371264e+01 1.070378879242950276e+00
1.798451124793321469e+03 1.140431032051046323e+01 1.071701763155826104e+00
1.798471958387951418e+03 1.089215088290598743e+01 1.072324157117864107e+00
1.798492791982114340e+03 1.156147427036790631e+01 1.074923752143263744e+00
1.798513625576044433e+03 1.177399186236925566e+01 1.072027794982920446e+00
1.798534459169510001e+03 1.220240362374409138e+01 1.072385187205821211e+00
1.798555292762742056e+03 1.219219666957824622e+01 1.089349887753240598e+00
1.798576126355741962e+03 1.196953741014361583e+01 1.073290559131582000e+00
1.798596959948275071e+03 1.130610032050437930e+01 1.078431348537165935e+00
1.798617793540343428e+03 1.126074635743003327e+01 1.076797386644799959e+00
1.798638627132412012e+03 1.128545924753026242e+01 1.079789300693101195e+00
1.798659460724014025e+03 1.201317958455437740e+01 1.075068578085165427e+00
1.798680294315151059e+03 1.239607482968200713e+01 1.077886693297136933e+00
1.798701127906055035e+03 1.282066432869942396e+01 1.079424862309077859e+00
1.798721961496725953e+03 1.139237887601757748e+01 1.080513340491218610e+00
1.798742795086931892e+03 1.310344929230103972e+01 1.084991097567552520e+00
1.798763628676905000e+03 1.234612568780815778e+01 1.090146422656941061e+00
1.798784462266411992e+03 1.039226814201439630e+01 1.083906181195770868e+00
1.798805295855685927e+03 1.179291458607242404e+01 1.085094096942172959e+00
1.798826129444727485e+03 1.141054893573189943e+01 1.089024444309235617e+00
1.798846963033302927e+03 1.220022095090837588e+01 1.085469591067114381e+00
1.798867796621645994e+03 1.223596057559995742e+01 1.087070943884371754e+00
1.798888630209756002e+03 1.117780369286662179e+01 1.088832372271327120e+00
1.798909463797401031e+03 1.080557946244896073e+01 1.086873152272264553e+00
1.798930297384812093e+03 1.122356830752147161e+01 1.092404109666064826e+00
1.798951130971991006e+03 1.065308275570228957e+01 1.088747026459129463e+00
1.798971964558704030e+03 1.147015385126984199e+01 1.091240756595436290e+00
1.798992798145183997e+03 1.168797327243545503e+01 1.090411185480514300e+00
1.799013631731198984e+03 1.136000311536441920e+01 1.092578533064786805e+00
1.799034465316980459e+03 1.124230010560434678e+01 1.097454772052055549e+00
1.799055298902529103e+03 1.083471362946777639e+01 1.097575174507315010e+00
1.799076132487610948e+03 1.238999507068546890e+01 1.098647949114476274e+00
1.799096966072462010e+03 1.163120500572616578e+01 1.104697939379626126e+00
1.799117799657079559e+03 1.192128085578464791e+01 1.102738368330835161e+00
1.799138633241464049e+03 1.143781561859540119e+01 1.102464671704248778e+00
1.799159466825382879e+03 1.075861579246844002e+01 1.101567965013731998e+00
1.799180300409070014e+03 1.205018849113612234e+01 1.106803277232036864e+00
1.799221967575510917e+03 1.084163091691922176e+01 1.100724354580585151e+00
1.799242801158266047e+03 1.237781437629256232e+01 1.108118554627445684e+00
1.799263634740555062e+03 1.121984784462123130e+01 1.101573592326272166e+00
1.799284468322844987e+03 1.237059399457144870e+01 1.105604183676017982e+00
1.799305301904667886e+03 1.086741308155632524e+01 1.101042496251732450e+00
1.799326135486258863e+03 1.110801074396613508e+01 1.117633223817069643e+00
1.799346969067383952e+03 1.129925473971261418e+01 1.106087824685297427e+00
1.799367802648509041e+03 1.046275030752959800e+01 1.107176684596732130e+00
1.799388636229169151e+03 1.165910752233589953e+01 1.109925523012065041e+00
1.799409469809363145e+03 1.137613577456506775e+01 1.112858635177185418e+00
1.799430303389556457e+03 1.115743535069787740e+01 1.116019966028921617e+00
1.799451136969285017e+03 1.146708739217693207e+01 1.115261792382030936e+00
1.799471970548780064e+03 1.190548154574477024e+01 1.120058172877997693e+00
1.799492804128042962e+03 1.128025915088709930e+01 1.119599200127885830e+00
1.799513637707072121e+03 1.135549335897382406e+01 1.124070048090790364e+00
1.799534471285636982e+03 1.202480611702372038e+01 1.126814967633532616e+00
1.799555304864202071e+03 1.110852298111432290e+01 1.134266361047104210e+00
1.799576138442299907e+03 1.105218440808490499e+01 1.127102846880436049e+00
1.799596972020165595e+03 1.182968601384269469e+01 1.128900864532190962e+00
1.799617805597564939e+03 1.182635908399115365e+01 1.128540296539062737e+00
1.799638639174964965e+03 1.085870464478512432e+01 1.130348788673695815e+00
1.799659472751899557e+03 9.777649248606245180e+00 1.132007707623503112e+00
1.799680306328601091e+03 1.154897619944424392e+01 1.136392343331913857e+00
1.799701139905068885e+03 1.158056328287966785e+01 1.147819300755253513e+00
1.799721973481304985e+03 1.359358358628938390e+01 1.150077220148580937e+00
1.799742807057308028e+03 1.108030551376758233e+01 1.158514022913504249e+00
1.799763640632844954e+03 1.336377468874171726e+01 1.165914559896521263e+00
1.799784474208382107e+03 1.219224211686658954e+01 1.178591743517091617e+00
1.799805307783454055e+03 1.154213918807452366e+01 1.188124994140496549e+00
1.799826141358292944e+03 1.179311638466907652e+01 1.186222794987579210e+00
1.799846974932899002e+03 1.263846909592021284e+01 1.186817776313442208e+00
1.799867808507272002e+03 1.190041573095535199e+01 1.186577790196711168e+00
1.799888642081411945e+03 1.154686166316884233e+01 1.184550285956280646e+00
1.799909475655319056e+03 1.080046426878988086e+01 1.189157132808014827e+00
1.799930309228994020e+03 1.082415795510363665e+01 1.189152621689965939e+00
1.799951142802435470e+03 1.150887978899112696e+01 1.190795892180692483e+00
1.799971976375411941e+03 1.111880811001682900e+01 1.192684900756044275e+00
1.799992809948388413e+03 1.168301580457096200e+01 1.214433803263543554e+00
1.800013643521132508e+03 1.167476345320206832e+01 1.212473135581752404e+00
1.800034477093410032e+03 1.093723889182505005e+01 1.214003342766849514e+00
1.800055310665688012e+03 1.204675612305666910e+01 1.221692567752844738e+00
1.800076144237732478e+03 1.132641412361217270e+01 1.233963716774195030e+00
1.800096977809312421e+03 1.209268751479325132e+01 1.230258354485773697e+00
1.800117811380891908e+03 9.491805391799548630e+00 1.238767125447259865e+00
1.800138644952237883e+03 9.738656592499999931e+00 1.229968547573977666e+00
1.800159478523119105e+03 1.081800746429951054e+01 1.231947431210683508e+00
1.800180312093999419e+03 1.266736659289538913e+01 1.229873755574481198e+00
1.800201145664646901e+03 1.059427868375334114e+01 1.228253504895055137e+00
1.800221979235062008e+03 1.094318247130170185e+01 1.231533643321063742e+00
1.800242812805244057e+03 1.147038349086002285e+01 1.226121081964807402e+00
1.800263646375426106e+03 9.119288694930789418e+00 1.230844494806268230e+00
1.800284479945142948e+03 1.176670633167181634e+01 1.229199532969243558e+00
1.800305313514858881e+03 1.105089603011504096e+01 1.230627770214924865e+00
1.800326147084110062e+03 1.011176065940762570e+01 1.230499848472341062e+00
1.800346980653361015e+03 1.082756443842273342e+01 1.238444561222264984e+00
1.800367814222378911e+03 1.207982060490851595e+01 1.244252198394985465e+00
1.800388647791163976e+03 1.296010256343607026e+01 1.253218655404103377e+00
1.800409481359949496e+03 1.167338850584265408e+01 1.263903494926333249e+00
1.800430314928502867e+03 1.121806379333634496e+01 1.265721446942414730e+00
1.800451148496822043e+03 1.178002831667058992e+01 1.270373584362541219e+00
1.800471982064909071e+03 1.251354966052755557e+01 1.278286553877675313e+00
1.800492815632763040e+03 1.191716665941868492e+01 1.289010295388810068e+00
1.800513649200617010e+03 1.210234692490882935e+01 1.305500394025587596e+00
1.800534482768237467e+03 1.142541448782340474e+01 1.306085351669850736e+00
1.800555316335858606e+03 1.073628319690775967e+01 1.314123285182696499e+00
1.800576149903246915e+03 1.334880830142557784e+01 1.319397558528115244e+00
1.800596983470401938e+03 1.261637722256789829e+01 1.326038022372184155e+00
1.800617817037556961e+03 1.154275141703122287e+01 1.319646136723913177e+00
1.800638650604480063e+03 1.263739420071283703e+01 1.324672339969754420e+00
1.800659484171402937e+03 1.101088542267928716e+01 1.340136748994047000e+00
1.800680317738092981e+03 1.472876717307086203e+01 1.348339803080524701e+00
1.800701151304549967e+03 1.288116820862720679e+01 1.368025909571649379e+00
1.800721984871006953e+03 1.270621592539520250e+01 1.387400886501047204e+00
1.800742818437463939e+03 1.279369235457139098e+01 1.411780734619840993e+00
1.800763652003688094e+03 1.337948117677526660e+01 1.437202422812522196e+00
1.800784485569912022e+03 1.308743316495923992e+01 1.454769639462962560e+00
1.800805319135903119e+03 1.268517159315919685e+01 1.477448697046630066e+00
1.800826152701893989e+03 1.635106042264057180e+01 1.491073512132166323e+00
1.800846986267885995e+03 1.392817817499053135e+01 1.501595522768502722e+00
1.800867819833878002e+03 1.218660446757744431e+01 1.510804996775311881e+00
1.800888653399636041e+03 1.363421590097055436e+01 1.515204223741930312e+00
1.800909486965394535e+03 1.280065118404494307e+01 1.518078420842412513e+00
1.800930320531153029e+03 1.253714560661015831e+01 1.522933093955194161e+00
1.800951154096911068e+03 1.339959634396443278e+01 1.531509844472780824e+00
1.800971987662436959e+03 1.417935644235968695e+01 1.546448080316748408e+00
1.800992821228194998e+03 1.365683311307595815e+01 1.562501525878161157e+00
1.801013654793720434e+03 1.381983461521385692e+01 1.586831954005620604e+00
1.801034488359479610e+03 1.555980642764914279e+01 1.614923560279261094e+00
1.801055321925005956e+03 1.641805731634017107e+01 1.645639802523522599e+00
1.801076155490763995e+03 1.546798459538037029e+01 1.675156270039525053e+00
1.801096989056289431e+03 1.685072106642705592e+01 1.695080367689578260e+00
1.801117822622048152e+03 1.566877663882040039e+01 1.710460160786974937e+00
1.801138656187805964e+03 1.718409734478466078e+01 1.713399152617090859e+00
1.801159489753797061e+03 1.457168317339957397e+01 1.712137576546981288e+00
1.801180323319556010e+03 1.457453514700256036e+01 1.707336398507112163e+00
1.801201156885547562e+03 1.634798541071887357e+01 1.704760404963136855e+00
1.801221990451771944e+03 1.627617006192567928e+01 1.701616021217460251e+00
1.801242824017996099e+03 1.355472493261158462e+01 1.703338889593827732e+00
1.801263657584220027e+03 1.344762204619148704e+01 1.700360986305375688e+00
1.801284491150677013e+03 1.569225086845458961e+01 1.709021344466201908e+00
1.801305324717367057e+03 1.494568944070011618e+01 1.718653658854403465e+00
1.801326158284056419e+03 1.536363894351255155e+01 1.732843014557636341e+00
1.801346991850979521e+03 1.738739330124368365e+01 1.757784627057660698e+00
1.801367825418135453e+03 1.712056626154902261e+01 1.783368707763540506e+00
1.801388658985523989e+03 1.958901242217292804e+01 1.811938889565612110e+00
1.801409492553144901e+03 1.769070340419069609e+01 1.835884840189764944e+00
1.801430326120998416e+03 1.840986995921754499e+01 1.862440451367706640e+00
1.801451159689318047e+03 1.801309063347803630e+01 1.892976669691697644e+00
1.801471993257637450e+03 1.693056474525517530e+01 1.921183329848194621e+00
1.801492826826423425e+03 1.958858844357176920e+01 1.952401538373719658e+00
1.801513660395442002e+03 1.923501571542172073e+01 1.985876461504661794e+00
1.801534493964926014e+03 1.970438752015491701e+01 2.021053131839623429e+00
1.801555327534875460e+03 1.911894973545525289e+01 2.051680536644187036e+00
1.801576161105058418e+03 1.994900437452354325e+01 2.077915381851956678e+00
1.801596994675705901e+03 2.177834338025596139e+01 2.104009402098153902e+00
1.801617828246820409e+03 2.073461111946944158e+01 2.129992062907586803e+00
1.801638661818400124e+03 2.297495299536951308e+01 2.165198843724851052e+00
1.801659495390677876e+03 1.940214836183432823e+01 2.189661973968059616e+00
1.801680328963188003e+03 1.827884410412349681e+01 2.228164685338638762e+00
1.801701162536629909e+03 2.140508903280093733e+01 2.273567956281723923e+00
1.801721996110537020e+03 2.455108755844433688e+01 2.326269652187798798e+00
1.801742829684911158e+03 2.653536169633166608e+01 2.382331174170646992e+00
1.801763663260215935e+03 2.551027396790522772e+01 2.438539039016170307e+00
1.801784496836218977e+03 2.511604497797673119e+01 2.494483488051557618e+00
1.801805330412920057e+03 2.667126414508511090e+01 2.547760698270753466e+00
1.801826163990553141e+03 2.553376531439120711e+01 2.594767818905402645e+00
1.801846997568884035e+03 2.686513992334408130e+01 2.633171532484833488e+00
1.801867831148147616e+03 2.454614336618872272e+01 2.664284973699611925e+00
1.801888664728342064e+03 2.077148954686240856e+01 2.687307572683829804e+00
1.801909498309699984e+03 2.458324869339748986e+01 2.705176132024204705e+00
1.801930331891988999e+03 1.816546248527798468e+01 2.716092356334899982e+00
1.801951165475442849e+03 1.961851634362876595e+01 2.727678742675204937e+00
1.801971999060061080e+03 1.796107867450139040e+01 2.739162939812059605e+00
1.801992832645843464e+03 1.903284521158575870e+01 2.751030208780929520e+00
1.802013666233021922e+03 1.374860170058745723e+01 2.757497537150108702e+00
1.802034499821598047e+03 1.166844864924950187e+01 2.762129303929484081e+00
1.802055333411337870e+03 6.251178599433611538e+00 2.762367701059533776e+00
1.802076167002707962e+03 1.367195498641392604e+01 2.769028632823606895e+00
1.802097000595707414e+03 1.016769255510139303e+01 2.778359615001008809e+00
1.802117834190338044e+03 1.187568564520872982e+01 2.782927532270976556e+00
1.802138667786829956e+03 1.062339656776315522e+01 2.779156958140316380e+00
1.802159501384951454e+03 9.715212129687849085e+00 2.764776670876951670e+00
1.802180334984936053e+03 7.379885371898890156e+00 2.735420942533181687e+00
1.802201168586783979e+03 7.256018657693257268e+00 2.690420116816008012e+00
1.802222002190726926e+03 1.157416312513529988e+01 2.631915112155552183e+00
1.802242835796765121e+03 9.385214868484396789e+00 2.562240122201106196e+00
1.802263669404899019e+03 1.342235419641959382e+01 2.488363267633764142e+00
1.802284503015127939e+03 1.256722793736021870e+01 2.415984441113424808e+00
1.802305336627685847e+03 1.041817646959893651e+01 2.349219793301075665e+00
1.802326170242572061e+03 1.453421515841892386e+01 2.287155346363612729e+00
1.802347003859786128e+03 8.360609187680857701e+00 2.225413564758291329e+00
1.802367837479328045e+03 9.827566060530033454e+00 2.153621674986051726e+00
1.802388671101198952e+03 1.182487727379184328e+01 2.072390107668393711e+00
1.802409504725399074e+03 9.091526396156591971e+00 1.985105064840140709e+00
1.802430338351693081e+03 1.196176535804414698e+01 1.907472249900379113e+00
1.803472018751635005e+03 1.100485112253833719e+01 1.060728784629955124e+00
1.803492852311107981e+03 1.191518553554572968e+01 1.059205051169783696e+00
1.803513685868950006e+03 1.238525984136032321e+01 1.055759760835670580e+00
1.803534519425395501e+03 1.108258253279197802e+01 1.056624435328981759e+00
1.803555352980444013e+03 1.044702716873094772e+01 1.058501348650491725e+00
1.803576186534095541e+03 1.132309462480471041e+01 1.056582916432581731e+00
1.803597020086349858e+03 1.155068855517449045e+01 1.054972631271220873e+00
1.803617853637207418e+03 1.186955895844535114e+01 1.060144674846565271e+00
1.803638687186668449e+03 1.082338201678760825e+01 1.057562688407838403e+00
1.803659520734964417e+03 1.103021224042236881e+01 1.057688251901066412e+00
1.803680354281863856e+03 1.259220324819684755e+01 1.055934084536494844e+00
1.803701187827600052e+03 1.081153748724134545e+01 1.056752422856120255e+00
1.803722021372170957e+03 1.125475353354580577e+01 1.056244612008522266e+00
1.803742854915345106e+03 1.177761844891436560e+01 1.056451692454361657e+00
1.803763688457587932e+03 1.045739306815402081e+01 1.058428649414829392e+00
1.803784521998434002e+03 1.107855347480266239e+01 1.056503428015358237e+00
1.803805355538348067e+03 1.138818854091453048e+01 1.056940060986722107e+00
1.803826189077098434e+03 1.234745065394359997e+01 1.059506068940938572e+00
1.803847022614685102e+03 1.217842607170840274e+01 1.055643679609969521e+00
1.803867856151338856e+03 1.114250901266748350e+01 1.057955616407631805e+00
1.803888689686830503e+03 1.181687418312401938e+01 1.056117409504448101e+00
1.803909523221389918e+03 1.132094757867277046e+01 1.056227682656617484e+00
1.803930356754784952e+03 1.189463055412786829e+01 1.055958864617385640e+00
1.803951190287249119e+03 1.134795574985733957e+01 1.062552226409870126e+00
1.803972023818549133e+03 1.096970061136135044e+01 1.060936450536374531e+00
1.803992857349149972e+03 1.214357295664185621e+01 1.056759134863634264e+00
1.804013690878588022e+03 1.115474247147499298e+01 1.059017307806459973e+00
1.804034524407094068e+03 1.253508693084054570e+01 1.058495886526642726e+00
1.804055357934667882e+03 1.112840674242961114e+01 1.059044379571468353e+00
1.804076191461311510e+03 1.144146138911664146e+01 1.056885865356972820e+00
1.804097024987023588e+03 1.188748893648678617e+01 1.056393240070055750e+00
1.804117858512036491e+03 1.096816347770293731e+01 1.056481143106127840e+00
1.804138692035885924e+03 1.113165660225302211e+01 1.066439505816595856e+00
1.804159525559036865e+03 1.249069058755388006e+01 1.056340709154550472e+00
1.804180359081256029e+03 1.159045058667676642e+01 1.056371234956152039e+00
1.804201192602544552e+03 1.097974841360377241e+01 1.055473938653193944e+00
1.804222026123134128e+03 1.243412974301930873e+01 1.057534789647171403e+00
1.804242859642792155e+03 1.162296855098702153e+01 1.056515444746018551e+00
1.804263693161752144e+03 1.209055288176971388e+01 1.071512204266716228e+00
1.804284526679781038e+03 1.159135723232504667e+01 1.058804536786247752e+00
1.804305360196878155e+03 1.084378997069505601e+01 1.058400773480335344e+00
1.804326193713276552e+03 1.128624758900672376e+01 1.057592502633498688e+00
1.804347027228976913e+03 1.152306577201238547e+01 1.070108993005960851e+00
1.804367860743745950e+03 1.162272628699754407e+01 1.055549834191281899e+00
1.804388694257816041e+03 1.101912649225218033e+01 1.057358644114777535e+00
1.804409527771188095e+03 1.112361826339704507e+01 1.055903546097027856e+00
1.804430361283860975e+03 1.117564449785940894e+01 1.056125028541827326e+00
1.804451194795603442e+03 1.169567737681579089e+01 1.055323486722778759e+00
1.804472028306647417e+03 1.187548471192716271e+01 1.055858837583393051e+00
1.804492861816760069e+03 1.118078140418990429e+01 1.055287508365032823e+00
1.804513695326407060e+03 1.162555632751941914e+01 1.056369429387995940e+00
1.804534528835353967e+03 1.099811835246228853e+01 1.061017516858955068e+00
1.804555362343371144e+03 1.174389832214394502e+01 1.056589742341470961e+00
1.804576195850690056e+03 1.106222605447839058e+01 1.058070542657310709e+00
1.804597029357541942e+03 1.066856398503704639e+01 1.063648332607770142e+00
1.804617862863463415e+03 1.189813012951657356e+01 1.056847571451887458e+00
1.804638696368686851e+03 1.198274737287396441e+01 1.057863948140002064e+00
1.804659529873443034e+03 1.200965657123442298e+01 1.060489435203550102e+00
1.804680363377270623e+03 1.138592085874791593e+01 1.058501123408828182e+00
1.804701196880398129e+03 1.074893991287978956e+01 1.056726082044945114e+00
1.804722030383060428e+03 1.102894833731637192e+01 1.068366516200996097e+00
1.804742863885024008e+03 1.125891042738860293e+01 1.055744404518932145e+00
1.804763697386054901e+03 1.128464837980869362e+01 1.056705719640303798e+00
1.804784530886621496e+03 1.290590045953796050e+01 1.057242963950142611e+00
1.804805364386722431e+03 1.171961106976368505e+01 1.056732907029063639e+00
1.804826197885890906e+03 1.192257003444266417e+01 1.058829193396160440e+00
1.804847031384362026e+03 1.048533761926441876e+01 1.056694043513823900e+00
1.804867864882367485e+03 1.106794430813306107e+01 1.057223062528845459e+00
1.804888698379674452e+03 1.177597545121076905e+01 1.057765002853612080e+00
1.804909531876514848e+03 1.325451361113116633e+01 1.060246939775457475e+00
1.804930365372424603e+03 1.082535494339129478e+01 1.055685630669761510e+00
1.804951198867868470e+03 1.152207900025944731e+01 1.055935834401835915e+00
1.804972032362613845e+03 1.171031603315059932e+01 1.055727580062559845e+00
1.804992865856894014e+03 1.209774751853474939e+01 1.056223393844390568e+00
1.805013699350475463e+03 1.163738420403739759e+01 1.055562257048320074e+00
1.805034532843357965e+03 1.159989037358977093e+01 1.055987933902730047e+00
1.805055366335775489e+03 1.153914875838241016e+01 1.055722950467121946e+00
1.805076199827494975e+03 1.147827009917507013e+01 1.056367059575107570e+00
1.805097033318514150e+03 1.094843071408042334e+01 1.057217706558286840e+00
1.805117866809069028e+03 1.063752195651342447e+01 1.070747008845648995e+00
1.805138700298924959e+03 1.128734764812265823e+01 1.056154375431471726e+00
1.805159533788315457e+03 1.201745580525072654e+01 1.056917334125487162e+00
1.805180367277007917e+03 1.177410448489738570e+01 1.056460493884582075e+00
1.805201200765234034e+03 1.185031145807069564e+01 1.056344151109760876e+00
1.805222034252761432e+03 1.134492221819480129e+01 1.057904853339168172e+00
1.805242867739823851e+03 1.088729133981940222e+01 1.055268304343891517e+00
1.805263701226187550e+03 1.068789066707992674e+01 1.064944988316419483e+00
1.805284534712086042e+03 1.122919453997356953e+01 1.055316426702213928e+00
1.805305368197284452e+03 1.046713112425489456e+01 1.059077022359495857e+00
1.805326201682018564e+03 1.063618702480644806e+01 1.055170075958517417e+00
1.805347035166053956e+03 1.090196871803628298e+01 1.056481368778450669e+00
1.805367868649624143e+03 1.149199449831908026e+01 1.056446671092732048e+00
1.805388702132727985e+03 1.077433375514635827e+01 1.056733978716780431e+00
1.805409535615133564e+03 1.135168134172506704e+01 1.055908457144116852e+00
1.805430369097073481e+03 1.204442808502372309e+01 1.057145144577939178e+00
1.805451202578314451e+03 1.086291379986564465e+01 1.057398103264293843e+00
1.805472036059090442e+03 1.275770019862117266e+01 1.058438448053773850e+00
1.805492869539400090e+03 1.123468802651691689e+01 1.056850447772777146e+00
1.805513703019012155e+03 1.018910887214061844e+01 1.057197917421204281e+00
1.805534536498158104e+03 1.065018801984851393e+01 1.054821260235409230e+00
1.805555369976605107e+03 1.155313300424716338e+01 1.057637814138368215e+00
1.805576203454819961e+03 1.265953646780637065e+01 1.056474090821746925e+00
1.805597036932103038e+03 1.208535421888686123e+01 1.056994310228377421e+00
1.805617870409153511e+03 1.184467275855173440e+01 1.058748466193339066e+00
1.805638703885505947e+03 1.167127966959117913e+01 1.058613681957475627e+00
1.805659537361392040e+03 1.095604080140486580e+01 1.056424836355080554e+00
1.805680370836812926e+03 1.061016207627122121e+01 1.055499689536724350e+00
1.805701204311534411e+03 1.235952356088807313e+01 1.055712449114411422e+00
1.805722037785791144e+03 1.182114657055975826e+01 1.057933474769400917e+00
1.805742871259581989e+03 1.204263087252425457e+01 1.055953615127156020e+00
1.805763704732906945e+03 1.078118520851506901e+01 1.056826590992126613e+00
1.805784538205533863e+03 1.184692221044124949e+01 1.055836087448835503e+00
1.805805371677694893e+03 1.177584429529018450e+01 1.057015794865186598e+00
1.805826205149390489e+03 1.254972712064625817e+01 1.056601306797210871e+00
1.805847038620620424e+03 1.045544328861367056e+01 1.056070791086098248e+00
1.805867872091151412e+03 1.048897669701375612e+01 1.055705335235483933e+00
1.805888705561216511e+03 1.133021576456143364e+01 1.056007745714390600e+00
1.805909539030816404e+03 1.155825806513998444e+01 1.061222093302851999e+00
1.805930372499950863e+03 1.238994717728824391e+01 1.064172046192724430e+00
1.805951205968386603e+03 1.153946014343774706e+01 1.055696753349489869e+00
1.805972039436589966e+03 1.145030408162300262e+01 1.056345561743902151e+00
1.805992872904093929e+03 1.240310418536859061e+01 1.058647858197578673e+00
1.806013706371133139e+03 1.081964232929946590e+01 1.060489884842218178e+00
1.806034539837706006e+03 1.191394928771408956e+01 1.064164876844254648e+00
1.806055373303581064e+03 1.184141706336531996e+01 1.059230317444979530e+00
1.806076206769222608e+03 1.062842845164071903e+01 1.057276620742152007e+00
1.806097040234165888e+03 1.102821357943047786e+01 1.056225538252680840e+00
1.806117873698643052e+03 1.138528496311419858e+01 1.058660132096908013e+00
1.806138707162655010e+03 1.268044895231346736e+01 1.059202687701189083e+00
1.806159540626200851e+03 1.194946621684757915e+01 1.056620373769804777e+00
1.806180374089281941e+03 1.135316456050760436e+01 1.056720836366034755e+00
1.806201207551896914e+03 1.139627630614716480e+01 1.068175528432158350e+00
1.806222041013813396e+03 1.163285964247547000e+01 1.056393860720467925e+00
1.806242874475497956e+03 1.110168618183223188e+01 1.062958001549671572e+00
1.806263707936484025e+03 1.197951272049916049e+01 1.061466219008294187e+00
1.806284541397003977e+03 1.108395561477386337e+01 1.055634363199540848e+00
1.806305374857057586e+03 1.096524800483349793e+01 1.057245951949889795e+00
1.806326208316645989e+03 1.201498897038406000e+01 1.058292754338993724e+00
1.806347041775768503e+03 1.108132540661888754e+01 1.055673096342012451e+00
1.806367875234424901e+03 1.187060372669176900e+01 1.059262279263760487e+00
1.806388708692616547e+03 1.207965971945621142e+01 1.058003278514491274e+00
1.806409542150109019e+03 1.053647350294527207e+01 1.057649141711269669e+00
1.806430375607369115e+03 1.129771636229454046e+01 1.057410335301655069e+00
1.806451209063930492e+03 1.066279578971088249e+01 1.060536027996872077e+00
1.806472042520259492e+03 1.144097854437701045e+01 1.058837186968364819e+00
1.806492875975889092e+03 1.108331478067177400e+01 1.056156294238161930e+00
1.806513709431053940e+03 1.080548969167247897e+01 1.055820337068518633e+00
1.806534542885985957e+03 1.134399962436169851e+01 1.058236938251764458e+00
1.806555376340218118e+03 1.273733673579062398e+01 1.070341235144034897e+00
1.806576209793985527e+03 1.208625682613793373e+01 1.056219443607195663e+00
1.806597043247287047e+03 1.209928760962568006e+01 1.064311502817193000e+00
1.806617876700123588e+03 1.115018287589797552e+01 1.056425569829045230e+00
1.806638710152494014e+03 1.160282232265061353e+01 1.056328408304925137e+00
1.806659543604631608e+03 1.129343932440989740e+01 1.058160897472390616e+00
1.806680377056070938e+03 1.184220616064411757e+01 1.081829561792206240e+00
1.806701210507043925e+03 1.225965890541221803e+01 1.057816730530250826e+00
1.806722043957551932e+03 1.214143946384240458e+01 1.056376087405279662e+00
1.806742877407361448e+03 1.219370835141252840e+01 1.063189002638487146e+00
1.806763710856937905e+03 1.139486621556624613e+01 1.057992687120745900e+00
1.806784544306049156e+03 1.244406715104921801e+01 1.057844283782967576e+00
1.806805377754694064e+03 1.270527901958467432e+01 1.055776697690689492e+00
1.806826211202873992e+03 1.256525458199030609e+01 1.055938938994498200e+00
1.806847044650588032e+03 1.243653164303394121e+01 1.055801650828714688e+00
1.806867878097835955e+03 1.086336366441636869e+01 1.061524392051232502e+00
1.806888711544619127e+03 1.123764260822833094e+01 1.056037321630497017e+00
1.806909544990935956e+03 1.248663122939890968e+01 1.063289405180455338e+00
1.806930378436787123e+03 1.119685224502749321e+01 1.058068852655841718e+00
1.806951211882173084e+03 1.076746467675100405e+01 1.059450766855662973e+00
1.806972045327325532e+03 1.140442170018024015e+01 1.056167468396095765e+00
1.806992878771779942e+03 1.180293228264892491e+01 1.059672857851043926e+00
1.807013712215768464e+03 1.174119310594712218e+01 1.055937527817147004e+00
1.807034545659290870e+03 1.064821282682019898e+01 1.059201956150317203e+00
1.807055379102348525e+03 1.227701841082160072e+01 1.067746057851878705e+00
1.807076212544940063e+03 1.163626372740656834e+01 1.057301989475212478e+00
1.807097045987298998e+03 1.249179816714858049e+01 1.057199101397088725e+00
1.807117879428958986e+03 1.138637989713505760e+01 1.059199705221388621e+00
1.807138712870387053e+03 1.193659051002405747e+01 1.057620399871766148e+00
1.807159546311115946e+03 1.198360343565298436e+01 1.057388182245274200e+00
1.807180379751612008e+03 1.117327090323933447e+01 1.057256212563977726e+00
1.807201213191409579e+03 1.170342082157229058e+01 1.065008288158707517e+00
1.807222046630974546e+03 1.115999806206851908e+01 1.059158062173351400e+00
1.807242880069841021e+03 1.071329789097482710e+01 1.056679152034880387e+00
1.807263713508473984e+03 1.183412711450580979e+01 1.064053913815624197e+00
1.807284546946641967e+03 1.202402243779010682e+01 1.063909885480397444e+00
1.807305380384344062e+03 1.227314786485930220e+01 1.056816551807597149e+00
1.807326213821581405e+03 1.123901864941222684e+01 1.056347988030218454e+00
1.807347047258351949e+03 1.106243772508721257e+01 1.056725517994698826e+00
1.807367880694657515e+03 1.211335534707536432e+01 1.059669482956278053e+00
1.807388714130730023e+03 1.059531876434329334e+01 1.057544258399964798e+00
1.807409547566103583e+03 1.226424476226070226e+01 1.058752632182879072e+00
1.807430381001011938e+03 1.119081691293771463e+01 1.058423412174055889e+00
1.807451214435687007e+03 1.186402240957902343e+01 1.058657260692843716e+00
1.807472047869664038e+03 1.264129633797863228e+01 1.059709193537193173e+00
1.807492881303408012e+03 1.142968670032849587e+01 1.058550450189029934e+00
1.807513714736686552e+03 1.225022526823219238e+01 1.058183090679329474e+00
1.807534548169499431e+03 1.059950115651563074e+01 1.059042353434220596e+00
1.807555381601846875e+03 1.174236292578670060e+01 1.059165828163261214e+00
1.807576215033728431e+03 1.173832789934601806e+01 1.056514880583317550e+00
1.807597048465143871e+03 1.156593022878101173e+01 1.057593686167645153e+00
1.807617881896326935e+03 1.247069589705503034e+01 1.056385171581514015e+00
1.807638715326811507e+03 1.122643133185485631e+01 1.058860548118704559e+00
1.807659548757063021e+03 1.128637134878350601e+01 1.056870694594408855e+00
1.807680382186848874e+03 1.159628320361887077e+01 1.060861839326967981e+00
1.807701215615936462e+03 1.182427506107039505e+01 1.065211426697916242e+00
1.807722049044790992e+03 1.194595303079325177e+01 1.056988614752741196e+00
1.807742882473180543e+03 1.175630668783516874e+01 1.057280567029496243e+00
1.807763715901337036e+03 1.132394127986512800e+01 1.060445425896413774e+00
1.807784549328794583e+03 1.097325372863922865e+01 1.055690881492560962e+00
1.807805382755786923e+03 1.096661859548221685e+01 1.057446974198217982e+00
1.807826216182546887e+03 1.111992652559594319e+01 1.055428477774784213e+00
1.807847049608840052e+03 1.144366498138627719e+01 1.057841297473280484e+00
1.807867883034668012e+03 1.083435974377156974e+01 1.057343987484185455e+00
1.807888716460030992e+03 1.073860706670851251e+01 1.063489901596498255e+00
1.807909549884926946e+03 1.130385020217104142e+01 1.056162614988485737e+00
1.807930383309358149e+03 1.044544357402374501e+01 1.056569095242350986e+00
1.807951216733556066e+03 1.195143694018874925e+01 1.059892652852053363e+00
1.807972050157055492e+03 1.160547152806690718e+01 1.064072231074578267e+00
1.808013717003123929e+03 1.024391442150214893e+01 1.056011188754859553e+00
1.808034550425459429e+03 1.205018554657927510e+01 1.057283667673504901e+00
1.808055383847562098e+03 1.091010373988787485e+01 1.055674056183182996e+00
1.808076217268966047e+03 1.171554972102685710e+01 1.056878420995119416e+00
1.808097050690136939e+03 1.100295555688022375e+01 1.056582577956613367e+00
1.808117884110610021e+03 1.173393733713800025e+01 1.059078598192770393e+00
1.808138717530850499e+03 1.225026801054433712e+01 1.056375241049478442e+00
1.808159550950625089e+03 1.236056813918837172e+01 1.057000513186731716e+00
1.808180384370165939e+03 1.211861924436282578e+01 1.059040439856594018e+00
1.808201217789008979e+03 1.025405809534247581e+01 1.058255299872796540e+00
1.808222051207618961e+03 1.055291803492464275e+01 1.068546536804473313e+00
1.808242884625531133e+03 9.913832464677732048e+00 1.058665142959856365e+00
1.808263718043210019e+03 1.101852171451186102e+01 1.056668039696059047e+00
1.808284551460656076e+03 1.141835648152491345e+01 1.059116698876469087e+00
1.808305384877403412e+03 1.151566927099786852e+01 1.061143738781492152e+00
1.808326218293685088e+03 1.103860121226346180e+01 1.066826482562410083e+00
1.808347051709734387e+03 1.217439344617324615e+01 1.063920754109574318e+00
1.808367885125318026e+03 1.187641261464071363e+01 1.059509163072035909e+00
1.808388718540435548e+03 1.234665501139353694e+01 1.056536318554176068e+00
1.808409551955087409e+03 1.172978160237767042e+01 1.057703974466068786e+00
1.808430385369506439e+03 1.235624362752849592e+01 1.056772840763376964e+00
1.808451218783460490e+03 1.270354471457738477e+01 1.066379924071943597e+00
1.808472052196716049e+03 1.184874462189059585e+01 1.071660160966489528e+00
1.808492885609738096e+03 1.077284016908514808e+01 1.056797883182805320e+00
1.808513719022526857e+03 1.163733843430648740e+01 1.066930509261792448e+00
1.808534552434618035e+03 1.096194015327910520e+01 1.058623816707182641e+00
1.808555385846476383e+03 1.103062525093636559e+01 1.056956076645026998e+00
1.808576219257869070e+03 1.187586501219643154e+01 1.058544425237512687e+00
1.808597052668795413e+03 1.136794775315100203e+01 1.057317266796353072e+00
1.808617886079257005e+03 1.125318053377603533e+01 1.058730845002221921e+00
1.808638719489485084e+03 1.163855311790876534e+01 1.063829879989011351e+00
1.808659552899015125e+03 1.152837624802189787e+01 1.056208495729759500e+00
1.808680386308311881e+03 1.149886521307534082e+01 1.056197999204630644e+00
1.808701219717142976e+03 1.078809678482558709e+01 1.058148054490276824e+00
1.808722053125742150e+03 1.087866494090117797e+01 1.056402211254193091e+00
1.808742886533641922e+03 1.186884665844972986e+01 1.063829767932283010e+00
1.808763719941308864e+03 1.164930719552217653e+01 1.056329367550641773e+00
1.808784553348511054e+03 1.201261464766934850e+01 1.056734655571620607e+00
1.808805386755479503e+03 1.192401217998549257e+01 1.059325581075904132e+00
1.808826220161749461e+03 1.216041511923631191e+01 1.058475163986037249e+00
1.808847053567787043e+03 1.146069961160292294e+01 1.058208212377317547e+00
1.808867886973358054e+03 1.143105359362811413e+01 1.058238008416334530e+00
1.808888720378464996e+03 1.154340657198495101e+01 1.060543053270623259e+00
1.808909553783104911e+03 1.123056084808409949e+01 1.067985511095726592e+00
1.808930387187512451e+03 1.099913481376411184e+01 1.058025813042022367e+00
1.808951220600768011e+03 1.278173499612248776e+01 1.057094455360260588e+00
1.808972054004244001e+03 1.252183539963355585e+01 1.056769625815197733e+00
1.808992887407254557e+03 1.168096956510660078e+01 1.058303342729696395e+00
1.809013720810032964e+03 1.175068887064283452e+01 1.056698217602841439e+00
1.809034554212345029e+03 1.183325101683211145e+01 1.057707411984987855e+00
1.809055387614190977e+03 1.217516906527696285e+01 1.057598814800308151e+00
1.809076221015571946e+03 1.152276603521257492e+01 1.059039708193646456e+00
1.809097054416719857e+03 1.138873759814297770e+01 1.059508938044624315e+00
1.809117887817401879e+03 1.185055259014373519e+01 1.057212576076833610e+00
1.809138721217618468e+03 1.093873886506175452e+01 1.056613942935844985e+00
1.809159554617368940e+03 1.112800788143244901e+01 1.057471775192307062e+00
1.809180388016887946e+03 1.126138495898280922e+01 1.056961997865699443e+00
1.809201221415939926e+03 1.229267826984083456e+01 1.057195549465457463e+00
1.809222054814526928e+03 1.118204803819480375e+01 1.056858287117420137e+00
1.809242888212648495e+03 1.242814176226388057e+01 1.056470987801705563e+00
1.809263721610537004e+03 1.079555004190777545e+01 1.061002966949456505e+00
1.809284555007958943e+03 1.040609413184356846e+01 1.061235910059264986e+00
1.809305388404916584e+03 1.148249215612249685e+01 1.057759311527748824e+00
1.809326221801407883e+03 1.206432113815064966e+01 1.060261612493725636e+00
1.809347055197666577e+03 1.184042462045411348e+01 1.056615578853459025e+00
1.809367888593460975e+03 1.106102416451757442e+01 1.058088174844972418e+00
1.809388721988787893e+03 1.086208031010375663e+01 1.055751574591678121e+00
1.809409555383881980e+03 1.064438887051971427e+01 1.056998708693510425e+00
1.809430388778510860e+03 1.137622268905117018e+01 1.063936496617842842e+00
1.809451222172674079e+03 1.174007930375092457e+01 1.056857835933693979e+00
1.809472055566370955e+03 1.103403206005492265e+01 1.058005588325640067e+00
1.809492888959835909e+03 1.094897222830059746e+01 1.056609768513904202e+00
1.809513722352834975e+03 1.122022852295028450e+01 1.057448157895245267e+00
1.809534555745367925e+03 1.071769450863887130e+01 1.061780573804191885e+00
1.809555389137668953e+03 1.154130480405650161e+01 1.058306834622549930e+00
1.809576222529270126e+03 1.181873030393984436e+01 1.061048638389378462e+00
1.809597055920638923e+03 1.091992423684693669e+01 1.064212092836779977e+00
1.809617889311776025e+03 1.107732797719983608e+01 1.057354472632907605e+00
1.809638722702213954e+03 1.178466492964099999e+01 1.059213998538832913e+00
1.809659556092417915e+03 1.147925281443536782e+01 1.057136630763493068e+00
1.809680389482391092e+03 1.146870698615402517e+01 1.057588444792084248e+00
1.809701222871664868e+03 1.039894937113668583e+01 1.055944922365517735e+00
1.809722056260706040e+03 1.161350724633671305e+01 1.057185401023610138e+00
1.809742889649280414e+03 1.106803675111922658e+01 1.056722979764864734e+00
1.809763723037623095e+03 1.140785966263539564e+01 1.057498717431266888e+00
1.809784556425267056e+03 1.121639765969193014e+01 1.059498080415233412e+00
1.809805389812910562e+03 1.075395875940991885e+01 1.058834428629845892e+00
1.809826223199856031e+03 1.120414818134901402e+01 1.060026431024059246e+00
1.809847056586568442e+03 1.256523325816550773e+01 1.062154040391802168e+00
1.809867889972814964e+03 1.278836905882848285e+01 1.059198129568292401e+00
1.809888723358596962e+03 1.077293772725274934e+01 1.056947222948425580e+00
1.809909556744144993e+03 1.181896256345367213e+01 1.056797770380444756e+00
1.809930390128994532e+03 1.031900170340806966e+01 1.061066389611626581e+00
1.809951223513844980e+03 1.234852612563333096e+01 1.059378526619861649e+00
1.809972056897996481e+03 1.045326288520477931e+01 1.057758578978631236e+00
1.809992890281915152e+03 1.103977430418924932e+01 1.061843051890075218e+00
1.810013723665367479e+03 1.163331327195655618e+01 1.058101750865930057e+00
1.810034557048587885e+03 1.136860469677539953e+01 1.057178015151904349e+00
1.810055390431341948e+03 1.241506234037884582e+01 1.059080005184783957e+00
1.810076223813630577e+03 1.139424032544858889e+01 1.057575820297003588e+00
1.810097057195687057e+03 1.094702035547344821e+01 1.057514555540082446e+00
1.810117890577044591e+03 1.109237862867610858e+01 1.057136630763493068e+00
1.810138723958401897e+03 1.196319378393216581e+01 1.058543580615400437e+00
1.810159557339060484e+03 1.281826140191067509e+01 1.058234685270184716e+00
1.810180390719487150e+03 1.205813617422357886e+01 1.066429613018175182e+00
1.810201224099447018e+03 1.120759589460458017e+01 1.057779428255261056e+00
1.810222057479174509e+03 1.144986230965848861e+01 1.056664824429018212e+00
1.810242890858437022e+03 1.229842306169798505e+01 1.057003727432651363e+00
1.810263724237233419e+03 1.075969614107277295e+01 1.057368734523141729e+00
1.810284557615796984e+03 1.172271273786326695e+01 1.063304652531796402e+00
1.810305390993661604e+03 1.135371598745043542e+01 1.057173504670522846e+00
1.810326224371527132e+03 1.035172086147884407e+01 1.057940460985193232e+00
1.810347057748693032e+03 1.166839879520480139e+01 1.062611349666357619e+00
1.810367891125626556e+03 1.186623573590943082e+01 1.056902502188245885e+00
1.810388724502327477e+03 1.130024762875698308e+01 1.061064142637885066e+00
1.810409557878330588e+03 1.231488678169050210e+01 1.057808391163000739e+00
1.810430391254099959e+03 1.166519627495564748e+01 1.058828461587239200e+00
1.810451224629636044e+03 1.093741684195680364e+01 1.059913178972905046e+00
1.810472058004707606e+03 1.141443328769810428e+01 1.063897616121260548e+00
1.810492891379313050e+03 1.170971265316814502e+01 1.056504725603185646e+00
1.810513724753453062e+03 1.135760327260586422e+01 1.057310558331966188e+00
1.810534558127359105e+03 1.181724755674556349e+01 1.058222913363422890e+00
1.810555391500800852e+03 1.149214154445390790e+01 1.059481990666548690e+00
1.810576224874008858e+03 1.210657475443449016e+01 1.057014949021601646e+00
1.810597058246751430e+03 1.117970165173248454e+01 1.057876681883948011e+00
1.810617891619029024e+03 1.166261858338222268e+01 1.058521507585258759e+00
1.810638724991073559e+03 1.157415464716654618e+01 1.064038621183601707e+00
1.810659558362651978e+03 1.224052465124714573e+01 1.057966489866921656e+00
1.810680391733997112e+03 1.121659797648441881e+01 1.060130225405405247e+00
1.810701225104877494e+03 1.214960528450967203e+01 1.060345653461961302e+00
1.810722058475292442e+03 1.132255514496062609e+01 1.069874527695894084e+00
1.810742891845473878e+03 1.131224108128096795e+01 1.061772939212796141e+00
1.810763725215189424e+03 1.214153715834835445e+01 1.068474521045786663e+00
1.810784558584439992e+03 1.167859558241867468e+01 1.059668920472772058e+00
1.810805391953457956e+03 1.150562768253894319e+01 1.059533859539995460e+00
1.810826225322241953e+03 1.040842290345565502e+01 1.061670428278880030e+00
1.810847058690328140e+03 1.031074222330950008e+01 1.073542378506361805e+00
1.810867892058181496e+03 1.079592352432302604e+01 1.059636689669160914e+00
1.810888725425802477e+03 1.213000126246091348e+01 1.061597833772503163e+00
1.810909558792957569e+03 1.169705988564301435e+01 1.061025381591826022e+00
1.810930392159646999e+03 1.066791907149558938e+01 1.062499551211991689e+00
1.810951225526103599e+03 1.089678744188865167e+01 1.061262475918786974e+00
1.810972058892094992e+03 1.148691973603385286e+01 1.063655113175001388e+00
1.810992892257620042e+03 1.173791865332664841e+01 1.061598395233982473e+00
1.811013725622912034e+03 1.146730354888191528e+01 1.064001929173835848e+00
1.811034558987970968e+03 1.110597338796623035e+01 1.061956771656859422e+00
1.811055392352564922e+03 1.168940496885322489e+01 1.062610844832741375e+00
1.811076225716693443e+03 1.123814083860260027e+01 1.073268900461603392e+00
1.811097059080354938e+03 1.087295824188523596e+01 1.063182611535954392e+00
1.811117892444017571e+03 1.195068798380873432e+01 1.073619606085349787e+00
1.811138725806981483e+03 1.197782369947668357e+01 1.065785657121097074e+00
1.811159559169713020e+03 1.064586189565327423e+01 1.071869990834801500e+00
1.811180392531977986e+03 1.178493977762038547e+01 1.066955201542974629e+00
1.811201225894009895e+03 1.106779542237453029e+01 1.063258517412611015e+00
1.811222059255810564e+03 1.140199433091402348e+01 1.063733562875918803e+00
1.811242892616912059e+03 1.240225775721430956e+01 1.063704369056008181e+00
1.811263725978013554e+03 1.222312921200757430e+01 1.065724025387418950e+00
1.811284559338415875e+03 1.262689803194427540e+01 1.077647117077154437e+00
1.811305392698585592e+03 1.075950912336341503e+01 1.067146519422858209e+00
1.811326226058522934e+03 1.157014287497291605e+01 1.068838956822751873e+00
1.811347059417994387e+03 1.186323206216248849e+01 1.070714944511900857e+00
1.811367892776999952e+03 1.105670333664155081e+01 1.067176233458355217e+00
1.811388726135772458e+03 1.153298372166564789e+01 1.067114346902682920e+00
1.811409559494313044e+03 1.136348448286242174e+01 1.067439769680590400e+00
1.811430392852387968e+03 1.067587991009073534e+01 1.067056199314317944e+00
1.811451226209997003e+03 1.184144496676722014e+01 1.066986652648301170e+00
1.811472059567372980e+03 1.101890564280175155e+01 1.067444571813756182e+00
1.811492892924282387e+03 1.102319395263876700e+01 1.082557302460406268e+00
1.811513726280960555e+03 1.140589027372182684e+01 1.070996532299222981e+00
1.811534559637172606e+03 1.121167090443395864e+01 1.067923894692283993e+00
1.811555392993152054e+03 1.222802672420141690e+01 1.068333041408774609e+00
1.811576226348897990e+03 1.204750909420207172e+01 1.068971280842498706e+00
1.811597059703944979e+03 1.181971482339123369e+01 1.070757529745940850e+00
1.811617893058993104e+03 1.096660092979023915e+01 1.070781688459087500e+00
1.811638726413342511e+03 1.235159498995746041e+01 1.070197106148349064e+00
1.811659559767691462e+03 1.350585762015929170e+01 1.071140052913115426e+00
1.811680393121574980e+03 1.191789784013460540e+01 1.071516765643104829e+00
1.811701226474992609e+03 1.211757814968542135e+01 1.085211971162374223e+00
1.811722059828177407e+03 1.183076933077518333e+01 1.073809126002097436e+00
1.811742893180897454e+03 1.220126831509294263e+01 1.074273014431966100e+00
1.811763726533384443e+03 1.052190719352279658e+01 1.074227350373952561e+00
1.811784559885637464e+03 1.167673806527705338e+01 1.075148966913844983e+00
1.811805393237425051e+03 1.141510920437311327e+01 1.076593167736038525e+00
1.811826226588747886e+03 1.125974176607296151e+01 1.076264752985803375e+00
1.811847059939837891e+03 1.129462578255238370e+01 1.077213786849969157e+00
1.811867893290695065e+03 1.112601687974283671e+01 1.075845381543464763e+00
1.811888726641086123e+03 1.129371332822037033e+01 1.079514257993267279e+00
1.811909559991243896e+03 1.228515761206365475e+01 1.078219534005079971e+00
1.811930393340936462e+03 1.116429119252533475e+01 1.077365497151082430e+00
1.811951226690396425e+03 1.139499987735738173e+01 1.077977654160023446e+00
1.811972060039390954e+03 1.140915541976680991e+01 1.093073717575275383e+00
1.811992893388152424e+03 1.313415258717165379e+01 1.092371589743497129e+00
1.812013726736679928e+03 1.005976961508245182e+01 1.082713603998484153e+00
1.812034560084742452e+03 1.126368796091090374e+01 1.084026823845090082e+00
1.812055393432339997e+03 1.207244498694325330e+01 1.088388544778429390e+00
1.812076226779937542e+03 1.049862426031758389e+01 1.091234420542805506e+00
1.812097060127068971e+03 1.180217673197979522e+01 1.087912211726191458e+00
1.812117893473735421e+03 1.140013470767298109e+01 1.090320113886114051e+00
1.812138726820167903e+03 1.065906577703789893e+01 1.088078645247956722e+00
1.812159560166367555e+03 1.175564803228393274e+01 1.107448194080023818e+00
1.812180393512102455e+03 1.171564816393693143e+01 1.093204362190161039e+00
1.812201226857604070e+03 1.100783628022241345e+01 1.090588550996943518e+00
1.812222060202873536e+03 1.250742814900181976e+01 1.091969375767812389e+00
1.812242893547676431e+03 1.240294932474499134e+01 1.094070442125116616e+00
1.812263726892246950e+03 1.130077435619957171e+01 1.098279239979954802e+00
1.812284560236350899e+03 1.069269567247495800e+01 1.103558888895409540e+00
1.812305393580223154e+03 1.115737606658274927e+01 1.095660693321119483e+00
1.812326226923862123e+03 1.075190087447484188e+01 1.107507342449846721e+00
1.812347060267035886e+03 1.092479149595980914e+01 1.101062904858031599e+00
1.812367893609976591e+03 1.200319472709614388e+01 1.100967625366339853e+00
1.812388726952684010e+03 1.064949672285271731e+01 1.103290690225133375e+00
1.812409560295158599e+03 1.168146167287985904e+01 1.103473331687459646e+00
1.812430393637167981e+03 1.050912486892646669e+01 1.102780581731511944e+00
1.812451226978711475e+03 1.175381538086146449e+01 1.104606642724763166e+00
1.812472060320256332e+03 1.090032720569291236e+01 1.104217036315961353e+00
1.812513727002180531e+03 1.000125778742086524e+01 1.108269099953198111e+00
1.812534560342792020e+03 1.205969551917449678e+01 1.109757048678802205e+00
1.812555393682937847e+03 1.063854087797965420e+01 1.109107616600028212e+00
1.812576227022852436e+03 1.143252610131252922e+01 1.110603941297553243e+00
1.812597060362533512e+03 1.120235538169810496e+01 1.113399405650820739e+00
1.812617893701748926e+03 9.973063003719158104e+00 1.114423253099945832e+00
1.812638727040964568e+03 1.210080068650085217e+01 1.119490643634687865e+00
1.812659560379714094e+03 1.105855461401398898e+01 1.122584929619846017e+00
1.812680393717997958e+03 9.083887877125814470e+00 1.127458587951717828e+00
1.812701227056280914e+03 1.040325764518043528e+01 1.134334935513273912e+00
1.812722060394099572e+03 1.049575249679758393e+01 1.137622696683375345e+00
1.812742893731684944e+03 1.192665413110698047e+01 1.142685635717137993e+00
1.812763727069037941e+03 1.084604567933923747e+01 1.143442619168399066e+00
1.812784560406158107e+03 9.937624410749037906e+00 1.148226504503456535e+00
1.812805393743045443e+03 9.861274528551625451e+00 1.148810397481221379e+00
1.812826227079467117e+03 1.081996074019161824e+01 1.149635572326167532e+00
1.812847060415655051e+03 1.038806886007650832e+01 1.150771125080761292e+00
1.812867893751610154e+03 9.807883584981771818e+00 1.147817587110305571e+00
1.812888727087332882e+03 1.043046897697751696e+01 1.155623910840492430e+00
1.812909560422823461e+03 9.121300270545468436e+00 1.156344177947037144e+00
1.812930393757847924e+03 1.148148391484470388e+01 1.153403154025619770e+00
1.812951227092872614e+03 1.097313390475694028e+01 1.157181132909702592e+00
1.812972060427431416e+03 1.117431823122331913e+01 1.158899210650946809e+00
1.812992893761990445e+03 1.080456907139613776e+01 1.161426760439683292e+00
1.813013727096083130e+03 1.091253927793029987e+01 1.173374285055535760e+00
1.813034560429942530e+03 1.184572866444960404e+01 1.175810550565405954e+00
1.813055393763570009e+03 1.095887091618405584e+01 1.184797876801349625e+00
1.813076227096964885e+03 1.294093522675276731e+01 1.190120816549058880e+00
1.813097060430126476e+03 1.096787215868694076e+01 1.202190630844001795e+00
1.813117893763055463e+03 1.126689327437450316e+01 1.196305404862864297e+00
1.813138727095752074e+03 1.041101074203667842e+01 1.197546970983260239e+00
1.813159560428215400e+03 9.977926588583557077e+00 1.201523296773268523e+00
1.813180393760444986e+03 1.121583907390460233e+01 1.204782112651430426e+00
1.813201227092442423e+03 1.197762708591682745e+01 1.208399420060060070e+00
1.813222060424207484e+03 1.060899429054108012e+01 1.210609785465866173e+00
1.813242893755739487e+03 1.249016082447402454e+01 1.210625540635239750e+00
1.813263727087271491e+03 1.139717837991188709e+01 1.215158942936859665e+00
1.813284560418338060e+03 1.179497793598057065e+01 1.219358341292907655e+00
1.813305393749171571e+03 1.114772346369233880e+01 1.225351549813933572e+00
1.813326227080005083e+03 1.065080774014743348e+01 1.231179943124848464e+00
1.813347060410373160e+03 1.095840740871843444e+01 1.236188160474953612e+00
1.813367893740741010e+03 1.107631633632177426e+01 1.242136252443752475e+00
1.813388727070875120e+03 1.091023325182114334e+01 1.247862466432222650e+00
1.813409560400777082e+03 9.966686894274477737e+00 1.268411136342883605e+00
1.813430393730446440e+03 1.219486974928408962e+01 1.253165480799383946e+00
1.813451227060116025e+03 9.210854071888411099e+00 1.251906371768642501e+00
1.813472060389552553e+03 1.050663469680965179e+01 1.253399850664606241e+00
1.813492893718756022e+03 1.107697229336653066e+01 1.258875948183916460e+00
1.813513727047727116e+03 1.317988550054818653e+01 1.264173169472418534e+00
1.813534560376697982e+03 1.148333312345096502e+01 1.270603044416832583e+00
1.813555393705436018e+03 1.112948953573600797e+01 1.283017497810813534e+00
1.813576227033941450e+03 1.223831447014205409e+01 1.277712567480637107e+00
1.813597060362446882e+03 1.202315329736089033e+01 1.285442842106752748e+00
1.813617893690719029e+03 1.218426190357638994e+01 1.309927690344848683e+00
1.813638727018990494e+03 1.200043743993414758e+01 1.308304302031166211e+00
1.813659560346796980e+03 1.194032643904702518e+01 1.333374509572959665e+00
1.813680393674836978e+03 1.260649658444931376e+01 1.344068400785348727e+00
1.813701227002643463e+03 1.148101280098225629e+01 1.360897526991603712e+00
1.813722060330217573e+03 1.059132563272802408e+01 1.374482490947018798e+00
1.813742893657791456e+03 1.265498348600025835e+01 1.392342096686705943e+00
1.813763726985365565e+03 1.085095795379152328e+01 1.400856015220128814e+00
1.813784560312706390e+03 1.244338270795413059e+01 1.421533312981148933e+00
1.813805393640047441e+03 1.278589454297609329e+01 1.421332958152201398e+00
1.813826226967388948e+03 1.226055400689396535e+01 1.426006811406586028e+00
1.813847060294496941e+03 1.056585323601562365e+01 1.426374923223323377e+00
1.813867893621605390e+03 1.246905803832992632e+01 1.426964840761256736e+00
1.813888726948712929e+03 1.260262363758129567e+01 1.428329072557917190e+00
1.813909560275820468e+03 1.217253705220958437e+01 1.431939108257215487e+00
1.813930393602695858e+03 1.291017475749259624e+01 1.439104760095165636e+00
1.813951226929804534e+03 1.151832656779578556e+01 1.453572276199859514e+00
1.813972060256679924e+03 1.474780239775279256e+01 1.472548260764156014e+00
1.813992893583555542e+03 1.228109260761852717e+01 1.495441184889388708e+00
1.814013726910663991e+03 1.390288336648405298e+01 1.528513584774146228e+00
1.814034560237539608e+03 1.664460845146802725e+01 1.552755334100879958e+00
1.814055393564648966e+03 1.376276001284161410e+01 1.580153794710614346e+00
1.814076226891757415e+03 1.397971055409643348e+01 1.605160574560467790e+00
1.814097060218865408e+03 1.423558960926501449e+01 1.624214789609131238e+00
1.814117893545973857e+03 1.509431907343113544e+01 1.641698504234422984e+00
1.814138726873315136e+03 1.620908422867100285e+01 1.654997441961149729e+00
1.814159560200655960e+03 1.438926318325071385e+01 1.661510821463064502e+00
1.814180393528230070e+03 1.413553720087660892e+01 1.669177437092235206e+00
1.814201226855803952e+03 1.662549999268071232e+01 1.679659466176851135e+00
1.814222060183609983e+03 1.509347104418315055e+01 1.698550809925065019e+00
1.814242893511649072e+03 1.339123806234827896e+01 1.701787090629760968e+00
1.814263726839688388e+03 1.787360638480144459e+01 1.720645414287433672e+00
1.814284560167960990e+03 1.439848327933188266e+01 1.736496667223323520e+00
1.814305393496466422e+03 1.397349006964573448e+01 1.763521883005422008e+00
1.814326226825204458e+03 1.611204467731878154e+01 1.802651978962406476e+00
1.814347060154175551e+03 1.822322360555542531e+01 1.826451440311323449e+00
1.814367893483379476e+03 1.741242360162034686e+01 1.857742682990689120e+00
1.814388726813048606e+03 1.862169972889584812e+01 1.887543302632968878e+00
1.814409560142951022e+03 1.848546535156244985e+01 1.914214583602479980e+00
1.814430393473086042e+03 1.735038835580640892e+01 1.937682850731019313e+00
1.814451226803686495e+03 1.576947423926317526e+01 1.955499289285973941e+00
1.814472060134753065e+03 1.773606534889118080e+01 1.972151769206493377e+00
1.814492893466052465e+03 1.738377665696650709e+01 1.989117159995140716e+00
1.814513726798049902e+03 1.881918359322848389e+01 2.012826203629932476e+00
1.814534560130281079e+03 1.945400148384729633e+01 2.033321087701329688e+00
1.814555393463209839e+03 1.771627627114438752e+01 2.059198337786343647e+00
1.814576226796604487e+03 1.868287882741552153e+01 2.090576841885950277e+00
1.814597060130698083e+03 1.803266933035672182e+01 2.122015034657391830e+00
1.814617893465256429e+03 1.892176976272450162e+01 2.156297655546465908e+00
1.814638726800513950e+03 1.667599610276594291e+01 2.191719998289772597e+00
1.814659560136703021e+03 2.360746324882509484e+01 2.236727456499929545e+00
1.814680393473357071e+03 2.181747718930398605e+01 2.285923912023600124e+00
1.814701226810942899e+03 1.970331042141664923e+01 2.341825483463962243e+00
1.814722060149460049e+03 2.447576552728470389e+01 2.403132413101171760e+00
1.814742893488908067e+03 2.138742072983013998e+01 2.463789192867289035e+00
1.814763726829287862e+03 2.088886976419160391e+01 2.520127526038624666e+00
1.814784560170598979e+03 2.332219187380834313e+01 2.566230291782369388e+00
1.814805393512840965e+03 2.347275067798899428e+01 2.601753021687138290e+00
1.814826226856480389e+03 2.229413346232789195e+01 2.619940559499172483e+00
1.814847060201283057e+03 1.776845610989615665e+01 2.630067384676106013e+00
1.814867893547249878e+03 1.521864729885126266e+01 2.630594015013751896e+00
1.814888726894847423e+03 1.848032136181415908e+01 2.623268646386275549e+00
1.814909560243609121e+03 1.691594199370237206e+01 2.611902257992047449e+00
1.814930393594000407e+03 1.929421595975878390e+01 2.598457109717938085e+00
1.814951226946021507e+03 1.648301321641016770e+01 2.595370510309638057e+00
1.814972060299672421e+03 1.414580467328722335e+01 2.603613883794963169e+00
1.814992893654953605e+03 1.200317394130896531e+01 2.621695482112240683e+00
1.815013727012329582e+03 1.281996112012818756e+01 2.649971486783928132e+00
