1.790680165503169974e+03 3.808150880982026365e+02 1.059025187393661360e+00
1.790700999287555533e+03 3.813414470798217621e+02 1.054475551077612483e+00
1.790721833070310822e+03 3.802287042986195047e+02 1.055555085689596329e+00
1.790742666851436979e+03 3.820609139974590107e+02 1.062336684746468585e+00
1.790763500631165698e+03 3.813898728446754944e+02 1.063471069882223174e+00
1.790784334409730036e+03 3.805855579803553042e+02 1.055464168965007721e+00
1.790805168186665014e+03 3.814215168308144825e+02 1.055925391614073394e+00
1.790826001962435839e+03 3.813214272815429240e+02 1.066683387376940795e+00
1.790846835736809680e+03 3.816268055765600593e+02 1.058358761088964206e+00
1.790867669510018914e+03 3.807014434074457654e+02 1.054012562993583701e+00
1.790888503281831618e+03 3.812897507342393055e+02 1.057313095151234617e+00
1.790909337052479941e+03 3.801395496997066061e+02 1.056197773471761581e+00
1.790930170821732190e+03 3.806987533166143294e+02 1.054148896762411969e+00
1.790951004590051525e+03 3.812501829688270050e+02 1.055620416661775751e+00
1.790971838357208071e+03 3.799847701921805196e+02 1.056141959539218744e+00
1.790992672122966496e+03 3.789727102163569725e+02 1.054091447601784859e+00
1.791013505887794963e+03 3.806421589503082146e+02 1.052893178990077061e+00
1.791034339651458595e+03 3.804597947328953751e+02 1.053555368388801927e+00
1.791055173414189994e+03 3.811991934568794704e+02 1.057195549465457463e+00
1.791076007175758150e+03 3.815343512161020953e+02 1.057086843310102164e+00
1.791096840936162607e+03 3.814197139322525345e+02 1.059097395451746637e+00
1.791388513482630970e+03 3.785969993312731390e+02 1.051008462271119326e+00
1.791409347229298419e+03 3.793549589696585258e+02 1.049990558581819888e+00
1.791430180975034091e+03 3.796739501135671730e+02 1.049640759821206526e+00
1.791451014720071498e+03 3.803719383665286955e+02 1.061103126957421816e+00
1.791471848464176674e+03 3.801490901080861704e+02 1.048573724165824395e+00
1.791492682207584039e+03 3.815563534430750678e+02 1.049102292730836661e+00
1.791513515950292913e+03 3.835203302975450583e+02 1.052021755015319471e+00
1.791534349692070464e+03 3.812260509579985523e+02 1.048221121232153275e+00
1.791555183433149523e+03 3.831882833580845045e+02 1.048835399183341011e+00
1.791576017173297487e+03 3.826216360313763403e+02 1.051004265585100406e+00
1.791596850912979335e+03 3.823472732740053743e+02 1.048751117855744708e+00
1.791617684651729633e+03 3.822904932745534552e+02 1.049120189272567005e+00
1.791638518389781893e+03 3.821389861989752035e+02 1.050298927534961901e+00
1.791659352127136117e+03 3.819875201761173003e+02 1.059717180471452469e+00
1.791680185863558108e+03 3.814470250939526181e+02 1.051123751159281694e+00
1.791701019599515348e+03 3.816290868428918088e+02 1.050014003024505538e+00
1.791721853334773414e+03 3.814108996205243329e+02 1.050020928401368403e+00
1.791742687069100612e+03 3.815878275787015923e+02 1.058437715974689386e+00
1.791763520802961466e+03 3.820582518761830215e+02 1.051889678707596198e+00
1.791784354535890998e+03 3.817022559280625273e+02 1.060079454017315959e+00
1.791805188268355323e+03 3.812711798569853840e+02 1.058879630700015673e+00
1.791826022000122066e+03 3.819395392906713482e+02 1.056188800551145723e+00
1.791846855731188953e+03 3.816663158588583542e+02 1.053280379155354662e+00
1.791867689461558030e+03 3.824071897321572351e+02 1.052128888393457862e+00
1.791888523191228614e+03 3.822677810458451404e+02 1.053514577195350466e+00
1.791909356920200025e+03 3.813980746761130831e+02 1.052960995997815896e+00
1.791930190648706684e+03 3.810455505980238513e+02 1.058048121751508308e+00
1.791951024376281111e+03 3.824341470415371873e+02 1.059468769885978601e+00
1.791971858103390332e+03 3.815610727855682285e+02 1.053751494835351021e+00
1.791992691829801061e+03 3.819117266587905419e+02 1.053046921458987262e+00
1.792013525555746128e+03 3.833538486985208351e+02 1.055057771465940375e+00
1.792034359280992476e+03 3.814304970417548475e+02 1.055449598973011049e+00
1.792055193005541014e+03 3.805542442762063047e+02 1.057093722350407994e+00
1.792076026729390378e+03 3.817369924113993989e+02 1.051785694485927181e+00
1.792096860452773853e+03 3.810080478947197662e+02 1.056932560612598992e+00
1.792117694175459519e+03 3.801022325583192583e+02 1.053480856791676912e+00
1.792138527897679978e+03 3.820363212374243744e+02 1.059167291314405901e+00
1.792159361619200808e+03 3.814223859962966117e+02 1.052607541060792018e+00
1.792180195340024056e+03 3.819553506694753082e+02 1.052484146415572308e+00
1.792201029060382098e+03 3.818370805559857786e+02 1.054340220603031897e+00
1.792221862780274023e+03 3.821777672971128936e+02 1.054514270260851871e+00
1.792242696499234626e+03 3.819024502794319460e+02 1.053652389639222475e+00
1.792263530217961488e+03 3.825354720852542982e+02 1.054141772331846694e+00
1.792284363935757483e+03 3.818017065873640377e+02 1.054453279837637814e+00
1.792305197653321102e+03 3.815422369792133281e+02 1.053286547396390382e+00
1.792326031369952489e+03 3.820291437354696882e+02 1.053263685110822578e+00
1.792346865086351954e+03 3.812887567305062930e+02 1.063821811874403611e+00
1.792367698802052473e+03 3.822128289732906410e+02 1.054454919107378652e+00
1.792388532517054045e+03 3.815184101805530190e+02 1.054479507847688291e+00
1.792409366231589956e+03 3.827226755744197249e+02 1.054507826582983698e+00
1.792430199945661116e+03 3.828479974216461983e+02 1.060278308788212387e+00
1.792451033659032873e+03 3.806879730632188057e+02 1.057732206872506797e+00
1.792471867371939879e+03 3.825265974868457306e+02 1.055019750184236438e+00
1.792492701084380997e+03 3.804320997746719399e+02 1.055035117048511495e+00
1.792513534796123622e+03 3.816992914869578613e+02 1.053047430877572799e+00
1.792534368507399904e+03 3.817888639387451803e+02 1.053993222640106309e+00
1.792555202217978604e+03 3.804673628229190285e+02 1.064765590337727108e+00
1.792576035928090960e+03 3.813880419757355185e+02 1.054415802044610606e+00
1.792596869637738564e+03 3.820709217681451833e+02 1.056727661384033068e+00
1.792617703346918915e+03 3.829417243345927204e+02 1.052697175736406088e+00
1.792638537055403049e+03 3.824016607767972573e+02 1.056719539043578182e+00
1.792659370763420156e+03 3.810649233486820435e+02 1.056524753387090954e+00
1.792680204470971603e+03 3.812839799536440637e+02 1.053839561665611102e+00
1.792701038177824557e+03 3.817272919511280520e+02 1.058009757240315096e+00
1.792721871884211851e+03 3.823538039103445954e+02 1.054531340164540199e+00
1.792742705590133482e+03 3.818051323158726404e+02 1.055987256569264732e+00
1.792763539295589453e+03 3.813935952070081044e+02 1.052630304348324497e+00
1.792784373000579990e+03 3.815515761287577448e+02 1.057542680280386671e+00
1.792805206704872035e+03 3.816323324382573219e+02 1.060900831080429541e+00
1.792826040408698645e+03 3.814774157366629765e+02 1.053362600537613991e+00
1.792846874112059140e+03 3.826085225940394139e+02 1.056352502036443708e+00
1.792867707814720688e+03 3.819218258982470502e+02 1.054524274840568765e+00
1.792888541517149861e+03 3.823887072056233478e+02 1.055291913944129689e+00
1.792909375218880541e+03 3.812106573066585611e+02 1.058234572620979641e+00
1.792930208920146015e+03 3.822086231599300845e+02 1.053484534404917961e+00
1.792951042620945373e+03 3.814955828157266637e+02 1.055645486419442669e+00
1.792971876321279069e+03 3.826301212340524103e+02 1.056876447102499617e+00
1.792992710021147559e+03 3.816203739028518385e+02 1.053846744698364812e+00
1.793013543720549478e+03 3.823807855229635493e+02 1.054182878502790910e+00
1.793034377419254042e+03 3.819086686650572346e+02 1.055024721841288926e+00
1.793055211117492490e+03 3.826467219510116138e+02 1.059553492540028286e+00
1.793076044815497880e+03 3.820099803596231141e+02 1.053742048566147727e+00
1.793096878512804324e+03 3.816636139416139599e+02 1.054480920976260228e+00
1.793117712209646015e+03 3.817982145788749904e+02 1.053911785679581214e+00
1.793138545906021591e+03 3.826284462400878397e+02 1.056959009063220378e+00
1.793159379601699129e+03 3.820237119879496390e+02 1.055158608794205977e+00
1.793180213297143382e+03 3.808094176404885616e+02 1.053764334837948846e+00
1.793201046992121974e+03 3.814156060352163991e+02 1.053512710154245413e+00
1.793221880686402073e+03 3.823451417787902074e+02 1.053531776448684898e+00
1.793242714380448888e+03 3.815285970541243614e+02 1.054088111383077342e+00
1.793263548073799029e+03 3.826242107553320011e+02 1.066400996045036020e+00
1.793284381766914521e+03 3.820334134395270098e+02 1.053857830227632020e+00
1.793305215459332430e+03 3.818407051551548079e+02 1.053882263227339022e+00
1.793326049151284678e+03 3.810109674423579236e+02 1.054024551572537050e+00
1.793346882843002959e+03 3.824307626507115856e+02 1.055379739279239670e+00
1.793367716534023657e+03 3.815385443824964682e+02 1.055424919884288215e+00
1.793388550224578466e+03 3.825586067567450641e+02 1.053553105395870437e+00
1.793409383914668069e+03 3.821432967381360868e+02 1.054578648354201897e+00
1.793430217604523932e+03 3.816377191129990365e+02 1.057388182245274200e+00
1.793451051293683122e+03 3.812412676318983245e+02 1.054219629568069694e+00
1.793471884982374831e+03 3.815467896720984982e+02 1.054710840037606845e+00
1.793492718670602017e+03 3.804486542106087086e+02 1.054762378436444159e+00
1.793513552358362631e+03 3.827402779781418758e+02 1.063058706254035979e+00
1.793534386045890415e+03 3.821878430456048932e+02 1.055610987116857524e+00
1.793555219732721071e+03 3.821914531411134135e+02 1.063207727226495924e+00
1.793576053419084474e+03 3.817733399880389129e+02 1.056414341979510674e+00
1.793596887104983125e+03 3.810268629326329233e+02 1.054571413786431489e+00
1.793617720790648491e+03 3.825727300490922858e+02 1.055156462217581081e+00
1.793638554475614910e+03 3.815948370397541112e+02 1.058926688339407951e+00
1.793659388160116578e+03 3.835094438173052822e+02 1.058837862478743563e+00
1.793680221844384960e+03 3.823372483672653743e+02 1.054955738006930543e+00
1.793701055527955987e+03 3.815312559233738625e+02 1.055466766694391767e+00
1.793721889211292819e+03 3.814587007015916242e+02 1.054566609553849288e+00
1.793742722893930932e+03 3.822621886728678646e+02 1.055183068161586801e+00
1.793763556576338033e+03 3.816314396833965361e+02 1.054688912849892857e+00
1.793784390258279018e+03 3.816867670966664718e+02 1.055866345584735688e+00
1.793805223939753887e+03 3.822032006588052013e+02 1.054559827070590927e+00
1.793826057620529355e+03 3.813034691725409857e+02 1.055856466624508938e+00
1.793846891301072901e+03 3.814139655547745065e+02 1.055213570966208492e+00
1.793867724981150332e+03 3.813195519072417596e+02 1.054917204532314967e+00
1.793888558660994931e+03 3.806934825550964092e+02 1.053965116289135029e+00
1.793909392340141949e+03 3.820746637859093084e+02 1.055435988837555294e+00
1.793930226018822395e+03 3.816248009187793855e+02 1.055382111309111082e+00
1.793951059697037408e+03 3.823914224149505117e+02 1.064201115165402944e+00
1.793971893375019590e+03 3.823266839610306533e+02 1.055136916871614705e+00
1.793992727052535884e+03 3.830787411949139027e+02 1.054977433654831875e+00
1.794013560729354140e+03 3.822823234839248698e+02 1.057420030640880970e+00
1.794034394405939565e+03 3.810101446413439135e+02 1.054511444091195793e+00
1.794055228082058875e+03 3.813467187149954043e+02 1.054319981720725385e+00
1.794076061757712978e+03 3.817388507607763586e+02 1.054552648894962363e+00
1.794096895432901420e+03 3.816945846726400191e+02 1.056104880301244497e+00
1.794117729107856121e+03 3.812354765119126228e+02 1.068505871647297489e+00
1.794138562782113013e+03 3.808696259291515389e+02 1.058969241054888322e+00
1.794159396456137074e+03 3.825283926489732380e+02 1.054785716817159713e+00
1.794180230129462871e+03 3.816629968077064063e+02 1.055204985080740343e+00
1.794201063802555382e+03 3.819782267561283788e+02 1.054825159202033680e+00
1.794221897475182459e+03 3.815052007468488569e+02 1.054692755792026038e+00
1.794242731147345012e+03 3.829545560617974047e+02 1.055558304336939646e+00
1.794263564819039857e+03 3.826917693600880170e+02 1.055041557505947303e+00
1.794284398490503008e+03 3.817176316401070153e+02 1.059300092001145499e+00
1.794305232161267668e+03 3.820207781038170083e+02 1.057371271202835361e+00
1.794326065831799042e+03 3.805488392830248472e+02 1.055514936474278631e+00
1.794346899501864982e+03 3.817715751680690914e+02 1.055483934136534740e+00
1.794367733171464806e+03 3.827895711931048481e+02 1.054715021975254352e+00
1.794388566840599424e+03 3.811824001830123052e+02 1.063448202352283767e+00
1.794409400509502120e+03 3.823728393589854591e+02 1.054919125589312001e+00
1.794430234177705188e+03 3.819966658871575760e+02 1.054553044543710350e+00
1.794451067845675425e+03 3.820738962663644998e+02 1.054739378606894373e+00
1.794471901513180910e+03 3.819475962787878416e+02 1.054915791988173313e+00
1.794492735180219370e+03 3.818164286898860951e+02 1.055115845905242100e+00
1.794513568846793078e+03 3.823048078768155733e+02 1.055137142831440222e+00
1.794534402513133955e+03 3.825486755287269034e+02 1.055246614676230266e+00
1.794555236178776340e+03 3.812880482357780352e+02 1.059637195919727715e+00
1.794576069844184985e+03 3.814564917379566964e+02 1.061123854348144713e+00
1.794596903509128424e+03 3.820403465645598544e+02 1.057013031773636369e+00
1.794617737173606429e+03 3.817736031356621424e+02 1.056046239396865927e+00
1.794638570837852058e+03 3.815453985003737216e+02 1.055877353460110246e+00
1.794659404501398512e+03 3.833866557162429558e+02 1.054767012248035707e+00
1.794680238164712591e+03 3.816894769056618770e+02 1.055236221552485976e+00
1.794701071827561009e+03 3.824776113286233112e+02 1.054237608853296093e+00
1.794721905490176596e+03 3.814305201361909781e+02 1.062548524085117352e+00
1.794742739152093009e+03 3.811404919749083433e+02 1.062563669877546690e+00
1.794763572813777955e+03 3.816318949798271092e+02 1.066575424692755902e+00
1.794784406474762818e+03 3.820962711525731947e+02 1.057684757965993150e+00
1.794805240135748136e+03 3.827162146933429199e+02 1.055026077743691726e+00
1.794826073796035871e+03 3.826165719855326302e+02 1.054936075940615448e+00
1.794846907455857945e+03 3.821672363276400120e+02 1.058267578325058800e+00
1.794867741115446506e+03 3.830328603753498555e+02 1.055790416344086102e+00
1.794888574774568951e+03 3.813864448242684375e+02 1.063168035193463146e+00
1.794909408433226872e+03 3.823372557908750196e+02 1.065365685377139160e+00
1.794930242091651053e+03 3.815173901372892828e+02 1.054813405751637845e+00
1.794971909406870509e+03 3.813565467432872538e+02 1.056682931331605069e+00
1.794992743064130536e+03 3.821000244512567861e+02 1.059067848712092363e+00
1.795013576720692072e+03 3.824475335708702914e+02 1.075217264975146580e+00
1.795034410377021459e+03 3.817972812865256174e+02 1.065912488712722705e+00
1.795055244032884502e+03 3.831327155173468100e+02 1.059929824521489872e+00
1.795076077688282112e+03 3.816316162681658284e+02 1.054505565634049180e+00
1.795096911343214970e+03 3.812539834778964405e+02 1.058544988318546487e+00
1.795117744997913633e+03 3.827098397150894584e+02 1.056221249431746445e+00
1.795138578652146862e+03 3.818425812296508752e+02 1.054438130603570389e+00
1.795159412305914884e+03 3.813309404668654565e+02 1.055700874921864818e+00
1.795180245959218155e+03 3.821029899616463581e+02 1.054175358511533434e+00
1.795201079612286321e+03 3.818974239542482110e+02 1.055439207848094307e+00
1.795221913264890418e+03 3.820225810895548193e+02 1.054918504071254537e+00
1.795242746917028853e+03 3.834850669433935764e+02 1.054920312122768378e+00
1.795263580568700945e+03 3.816038261202522222e+02 1.062019351624869490e+00
1.795284414220140434e+03 3.819860854598725837e+02 1.069076046650152101e+00
1.795305247871114943e+03 3.815895830423442021e+02 1.056123278989957504e+00
1.795326081521623109e+03 3.814475484072662539e+02 1.054709314191363712e+00
1.795346915171899127e+03 3.817967173791780624e+02 1.054264916426401966e+00
1.795367748821709483e+03 3.813363342872208932e+02 1.056571972321340480e+00
1.795388582471053951e+03 3.822242499360833108e+02 1.055452366157505928e+00
1.795409416119931848e+03 3.809630896991120039e+02 1.056648465901331990e+00
1.795430249768577596e+03 3.816026097299677531e+02 1.055815594972511429e+00
1.795451083416758138e+03 3.819840898440301658e+02 1.056841367595866776e+00
1.795471917064473018e+03 3.815654199069051060e+02 1.069638729337683003e+00
1.795492750711720873e+03 3.810846466299977351e+02 1.071216841621850158e+00
1.795513584358736580e+03 3.829915679861935018e+02 1.057531971549612093e+00
1.795534418005287080e+03 3.810373372490539623e+02 1.054819565028033646e+00
1.795555251651604067e+03 3.806972255778615590e+02 1.055627361721832136e+00
1.795576085297223017e+03 3.810191656974059811e+02 1.056233551529339509e+00
1.795596918942609136e+03 3.822364443918912116e+02 1.057796332772472869e+00
1.795617752587762880e+03 3.817328386989272531e+02 1.055958638833396579e+00
1.795638586232216994e+03 3.826740336805271454e+02 1.056500889251955844e+00
1.795659419876438960e+03 3.820750158870591804e+02 1.054575822357073367e+00
1.795680253520195038e+03 3.820531439333742014e+02 1.055622336439043796e+00
1.795701087163718967e+03 3.824531175455733774e+02 1.068842079702218228e+00
1.795721920806543494e+03 3.816553578626713374e+02 1.054878952169038264e+00
1.795742754449135418e+03 3.828592722738059706e+02 1.054793119440215365e+00
1.795763588091494967e+03 3.818097109945163652e+02 1.056952354717911380e+00
1.795784421733389081e+03 3.814682242986712026e+02 1.066337946566299211e+00
1.795805255374816625e+03 3.817326349737296027e+02 1.060010180604377128e+00
1.795826089015778962e+03 3.808498456031394426e+02 1.056289699192122455e+00
1.795846922656508013e+03 3.828626158838872584e+02 1.057196958963564581e+00
1.795867756296772541e+03 3.826183518656657156e+02 1.058433041919367046e+00
1.795888589936570497e+03 3.810859673348677461e+02 1.055223342974533240e+00
1.795909423575902110e+03 3.812640647816505179e+02 1.057438970116881372e+00
1.795930257215002030e+03 3.818686232371634901e+02 1.060818407343770975e+00
1.795951090853869573e+03 3.820356986516273423e+02 1.057848791404264910e+00
1.795971924492037488e+03 3.820953728565947358e+02 1.055406565496753268e+00
1.795992758129973026e+03 3.825963563152089932e+02 1.056397189657365177e+00
1.796013591767442904e+03 3.824774122610015183e+02 1.056405765853249523e+00
1.796034425404679951e+03 3.819459301874819630e+02 1.058163037954255037e+00
1.796055259041451336e+03 3.820310950126138891e+02 1.055358051901783778e+00
1.796076092677756151e+03 3.819636576390000187e+02 1.056750561535561683e+00
1.796096926313829954e+03 3.821589182364588737e+02 1.056821007412501290e+00
1.796117759949436959e+03 3.826715910153046707e+02 1.059634777164836672e+00
1.796138593584578302e+03 3.820777659006091085e+02 1.056842777566342040e+00
1.796159427219253985e+03 3.819681185523011777e+02 1.055559490151907864e+00
1.796180260853697064e+03 3.815175007281658281e+02 1.056363674118901974e+00
1.796201094487907994e+03 3.817137955304140178e+02 1.056183100731792335e+00
1.796221928121419978e+03 3.817029758179154442e+02 1.055655141505148498e+00
1.796242761754698677e+03 3.813783977468337412e+02 1.054751302414058678e+00
1.796263595387743862e+03 3.815084329588190712e+02 1.055290671346759357e+00
1.796284429020091920e+03 3.814920343155184241e+02 1.055697826089054381e+00
1.796305262652207148e+03 3.815115089659324781e+02 1.056113853934860902e+00
1.796326096284088635e+03 3.823912371039032223e+02 1.059869989303440008e+00
1.796346929915504461e+03 3.820405270102423856e+02 1.070536513449267035e+00
1.796367763546455080e+03 3.820098116195555917e+02 1.058743117939493716e+00
1.796388597176940948e+03 3.826977886559634499e+02 1.057735813353180676e+00
1.796409430807193075e+03 3.824109846054072932e+02 1.054941047992002501e+00
1.796430264436979087e+03 3.826551785693578722e+02 1.057325835529295155e+00
1.796451098066532040e+03 3.816070391582053958e+02 1.055082911085439834e+00
1.796471931695620469e+03 3.818190368374105219e+02 1.056938989507963056e+00
1.796492765324243010e+03 3.822057382342194956e+02 1.055057432500685621e+00
1.796513598952632947e+03 3.817678952703012101e+02 1.059667120523546613e+00
1.796534432580556313e+03 3.810827671262621834e+02 1.056414962617525433e+00
1.796555266208014018e+03 3.823693356684900095e+02 1.063105354643372635e+00
1.796576099835240029e+03 3.823736472222695397e+02 1.056231012117260226e+00
1.796596933461999924e+03 3.824112159489407645e+02 1.057095188369604699e+00
1.796617767088526989e+03 3.822865440442579938e+02 1.057697155747940210e+00
1.796638600714587483e+03 3.815700956420430430e+02 1.055035569011719465e+00
1.796659434340182997e+03 3.833941478268344554e+02 1.072238553509725856e+00
1.796680267965546136e+03 3.807609068026640102e+02 1.057388407724012991e+00
1.796701101590442931e+03 3.814585584536542342e+02 1.056612250604613612e+00
1.796721935214874975e+03 3.842803586897527452e+02 1.059490429376398701e+00
1.796742768839073960e+03 3.808699808983824937e+02 1.058060909612779543e+00
1.796763602462806375e+03 3.804709332349376609e+02 1.058804367903378063e+00
1.796784436096317449e+03 3.815828251156007695e+02 1.056268820510314566e+00
1.796805269719352054e+03 3.813205463519357181e+02 1.055642606815381690e+00
1.796826103342154056e+03 3.816879633025602061e+02 1.058118199587406938e+00
1.796846936964257111e+03 3.821421187736736442e+02 1.056427939510681480e+00
1.796867770586360166e+03 3.817636395761044810e+02 1.061823348955275526e+00
1.796888604207764956e+03 3.810650921358177357e+02 1.055212836649788377e+00
1.796909437828937598e+03 3.822780342731316523e+02 1.064682961944949824e+00
1.796930271449876955e+03 3.814316314697934445e+02 1.055793408454686721e+00
1.796951105070117137e+03 3.817743024082741954e+02 1.057975504048966009e+00
1.796971938690358002e+03 3.827082689808228793e+02 1.058573592440980704e+00
1.796992772309899465e+03 3.812269443499907311e+02 1.055265649642886494e+00
1.797013605929208097e+03 3.814267272089180665e+02 1.056317348703155856e+00
1.797034439548285036e+03 3.805103136188827762e+02 1.060450765564876940e+00
1.797055273166895859e+03 3.833491762036356931e+02 1.057465800460552385e+00
1.797076106785041020e+03 3.831699062672421974e+02 1.057360786220693738e+00
1.797096940402952896e+03 3.816300521157298817e+02 1.057409038825136482e+00
1.797117774020399338e+03 3.814868370360301242e+02 1.073848868759802011e+00
1.797138607637380119e+03 3.822388274021221264e+02 1.060109028787112440e+00
1.797159441254128069e+03 3.819449267750222248e+02 1.059403057345745580e+00
1.797180274870643416e+03 3.810988844747832900e+02 1.057514780991876346e+00
1.797201108486460953e+03 3.829106933564151518e+02 1.060314792368620251e+00
1.797221942102276898e+03 3.818008325628247803e+02 1.060391184582468060e+00
1.797242775717395944e+03 3.820169287022557114e+02 1.056794781113501225e+00
1.797263609332280339e+03 3.824905665765040226e+02 1.056138855543349298e+00
1.797284442946933041e+03 3.821946124500826727e+02 1.055898409230229484e+00
1.797305276561120081e+03 3.813569069641997658e+02 1.059104430268265506e+00
1.797326110174841460e+03 3.822422538529397116e+02 1.056642317285786614e+00
1.797346943788330009e+03 3.818895427684051924e+02 1.057946433036311751e+00
1.797367777401353123e+03 3.828106639073608903e+02 1.056994817744519199e+00
1.797388611014142953e+03 3.823611471070126413e+02 1.056869171866438029e+00
1.797409444626466666e+03 3.815468126556703510e+02 1.056580321447385673e+00
1.797430278238558003e+03 3.823537644340868837e+02 1.061475371928129574e+00
1.797451111850184134e+03 3.812653531797585629e+02 1.055729273811915725e+00
1.797471945461576979e+03 3.814603064416103848e+02 1.058481189331794692e+00
1.797492779072503936e+03 3.809261952636381920e+02 1.063157214933071693e+00
1.797513612682966141e+03 3.817113039887347554e+02 1.062222949539407324e+00
1.797534446293195060e+03 3.816370559809127485e+02 1.058186076024441258e+00
1.797555279902958546e+03 3.825411760265573662e+02 1.057284118675512197e+00
1.797576113512488519e+03 3.820576029602286212e+02 1.061263093721561024e+00
1.797596947121552148e+03 3.821533506881066273e+02 1.061056109667846137e+00
1.797617780730384538e+03 3.820096392520685527e+02 1.058853005056624497e+00
1.797638614338751040e+03 3.818423799624143271e+02 1.057998996900000099e+00
1.797659447946884029e+03 3.810913447748336012e+02 1.057947165455354721e+00
1.797680281554552039e+03 3.825278550475819657e+02 1.059799689853764715e+00
1.797701115161753933e+03 3.811071165893617945e+02 1.068090094570218529e+00
1.797721948768723905e+03 3.819770558461723908e+02 1.061509736787734859e+00
1.797742782375459683e+03 3.815289956822645081e+02 1.061004652277376170e+00
1.797763615981730027e+03 3.807493867648798869e+02 1.059502862286448188e+00
1.797784449587534937e+03 3.826614977993924072e+02 1.071875217982678707e+00
1.797805283193107016e+03 3.817112474675502654e+02 1.067771177845949104e+00
1.797826116798446947e+03 3.820496783254592970e+02 1.072087396425469130e+00
1.797846950403320989e+03 3.808250587460972838e+02 1.062069076216914487e+00
1.797867784007728915e+03 3.814207384101616753e+02 1.060608863775256205e+00
1.797888617611904010e+03 3.819620683712856817e+02 1.062640685696813136e+00
1.797909451215846957e+03 3.822383113322312056e+02 1.063319339112021700e+00
1.797930284819090957e+03 3.805876576708636208e+02 1.063793180779411873e+00
1.797951118422334503e+03 3.826557651584609516e+02 1.061262981393810811e+00
1.797971952025111932e+03 3.826138428198005954e+02 1.063313341182007710e+00
1.797992785627425064e+03 3.830370711761281655e+02 1.062863568203778586e+00
1.798013619229504911e+03 3.819513428488212412e+02 1.064034587925342112e+00
1.798034452831352155e+03 3.833308979158263128e+02 1.067258501274114924e+00
1.798055286432500452e+03 3.819732829323116903e+02 1.063189843570170767e+00
1.798076120033648976e+03 3.812961186292851039e+02 1.064277508448916887e+00
1.798096953634332067e+03 3.815043165063239599e+02 1.065039516933672381e+00
1.798117787234549041e+03 3.823100582772831899e+02 1.064484258073953749e+00
1.798138620834533867e+03 3.816436148215161666e+02 1.064957525454005127e+00
1.798159454434284953e+03 3.826051906747077851e+02 1.066292892970713613e+00
1.798180288033570378e+03 3.815348537888586975e+02 1.068278307863954169e+00
1.798201121632389913e+03 3.820879300334356685e+02 1.069479346565896938e+00
1.798221955230977983e+03 3.820242898551442750e+02 1.068331256057060807e+00
1.798242788829331857e+03 3.818812946229431873e+02 1.079273331033637762e+00
1.798263622427220980e+03 3.809105554228495407e+02 1.067686549018749487e+00
1.798284456024877045e+03 3.824643311142414177e+02 1.066628345655475929e+00
1.798305289622067903e+03 3.824492128896987424e+02 1.067937847993563727e+00
1.798326123219025021e+03 3.818299724398268040e+02 1.067920545872848681e+00
1.798346956815516933e+03 3.824239409406072241e+02 1.067266934344258678e+00
1.798367790411776468e+03 3.813761747095226156e+02 1.070111777982426071e+00
1.798388624007802946e+03 3.813762757663717480e+02 1.079222907929165753e+00
1.798409457603363535e+03 3.806581146528447448e+02 1.069197414954072167e+00
1.798430291198458463e+03 3.819414839052238335e+02 1.070378879242950276e+00
1.798451124793321469e+03 3.813035842918649223e+02 1.071701763155826104e+00
1.798471958387951418e+03 3.808358170191663703e+02 1.072324157117864107e+00
1.798492791982114340e+03 3.813065010517806286e+02 1.074923752143263744e+00
1.798513625576044433e+03 3.817989008846255956e+02 1.072027794982920446e+00
1.798534459169510001e+03 3.819284448169127586e+02 1.072385187205821211e+00
1.798555292762742056e+03 3.820217408385885847e+02 1.089349887753240598e+00
1.798576126355741962e+03 3.816752820760445388e+02 1.073290559131582000e+00
1.798596959948275071e+03 3.812089245828436219e+02 1.078431348537165935e+00
1.798617793540343428e+03 3.810668282133848948e+02 1.076797386644799959e+00
1.798638627132412012e+03 3.812328299858408514e+02 1.079789300693101195e+00
1.798659460724014025e+03 3.818003893944934362e+02 1.075068578085165427e+00
1.798680294315151059e+03 3.824151225392920423e+02 1.077886693297136933e+00
1.798701127906055035e+03 3.827225682679986676e+02 1.079424862309077859e+00
1.798721961496725953e+03 3.811542419649737781e+02 1.080513340491218610e+00
1.798742795086931892e+03 3.829121109207391100e+02 1.084991097567552520e+00
1.798763628676905000e+03 3.819395316793106190e+02 1.090146422656941061e+00
1.798784462266411992e+03 3.802165055168499634e+02 1.083906181195770868e+00
1.798805295855685927e+03 3.815048227641446488e+02 1.085094096942172959e+00
1.798826129444727485e+03 3.812647432473363551e+02 1.089024444309235617e+00
1.798846963033302927e+03 3.822068002373582658e+02 1.085469591067114381e+00
1.798867796621645994e+03 3.819877996299107394e+02 1.087070943884371754e+00
1.798888630209756002e+03 3.810113303975505801e+02 1.088832372271327120e+00
1.798909463797401031e+03 3.807191500980592878e+02 1.086873152272264553e+00
1.798930297384812093e+03 3.811776247670062503e+02 1.092404109666064826e+00
1.798951130971991006e+03 3.804178327915331579e+02 1.088747026459129463e+00
1.798971964558704030e+03 3.812887674474170012e+02 1.091240756595436290e+00
1.798992798145183997e+03 3.814064799065725992e+02 1.090411185480514300e+00
1.799013631731198984e+03 3.812451885018422786e+02 1.092578533064786805e+00
1.799034465316980459e+03 3.811046009215299932e+02 1.097454772052055549e+00
1.799055298902529103e+03 3.807156747131012366e+02 1.097575174507315010e+00
1.799076132487610948e+03 3.821688017906506047e+02 1.098647949114476274e+00
1.799096966072462010e+03 3.816537324617606828e+02 1.104697939379626126e+00
1.799117799657079559e+03 3.819147081451640133e+02 1.102738368330835161e+00
1.799138633241464049e+03 3.812808092348481637e+02 1.102464671704248778e+00
1.799159466825382879e+03 3.805595176465656664e+02 1.101567965013731998e+00
1.799180300409070014e+03 3.820182889721794481e+02 1.106803277232036864e+00
1.799221967575510917e+03 3.806127754704839958e+02 1.100724354580585151e+00
1.799242801158266047e+03 3.821702533953009038e+02 1.108118554627445684e+00
1.799263634740555062e+03 3.811369270832332177e+02 1.101573592326272166e+00
1.799284468322844987e+03 3.821294182688867522e+02 1.105604183676017982e+00
1.799305301904667886e+03 3.806127121999074916e+02 1.101042496251732450e+00
1.799326135486258863e+03 3.810319854942101188e+02 1.117633223817069643e+00
1.799346969067383952e+03 3.811827739555147332e+02 1.106087824685297427e+00
1.799367802648509041e+03 3.803176447366317348e+02 1.107176684596732130e+00
1.799388636229169151e+03 3.815140269194551479e+02 1.109925523012065041e+00
1.799409469809363145e+03 3.811115016361109724e+02 1.112858635177185418e+00
1.799430303389556457e+03 3.810085609491999890e+02 1.116019966028921617e+00
1.799451136969285017e+03 3.814409704661354112e+02 1.115261792382030936e+00
1.799471970548780064e+03 3.817343691985061582e+02 1.120058172877997693e+00
1.799492804128042962e+03 3.811983153947056167e+02 1.119599200127885830e+00
1.799513637707072121e+03 3.810889645186874191e+02 1.124070048090790364e+00
1.799534471285636982e+03 3.819739767291540034e+02 1.126814967633532616e+00
1.799555304864202071e+03 3.810252023888705821e+02 1.134266361047104210e+00
1.799576138442299907e+03 3.810554405414707730e+02 1.127102846880436049e+00
1.799596972020165595e+03 3.817439264801080867e+02 1.128900864532190962e+00
1.799617805597564939e+03 3.817989884019373790e+02 1.128540296539062737e+00
1.799638639174964965e+03 3.807402198798051245e+02 1.130348788673695815e+00
1.799659472751899557e+03 3.798229952777065250e+02 1.132007707623503112e+00
1.799680306328601091e+03 3.816604415399261256e+02 1.136392343331913857e+00
1.799701139905068885e+03 3.815169088236239645e+02 1.147819300755253513e+00
1.799721973481304985e+03 3.835070746223387346e+02 1.150077220148580937e+00
1.799742807057308028e+03 3.810634738054589548e+02 1.158514022913504249e+00
1.799763640632844954e+03 3.832259505721329447e+02 1.165914559896521263e+00
1.799784474208382107e+03 3.821420542340702582e+02 1.178591743517091617e+00
1.799805307783454055e+03 3.813437783268897761e+02 1.188124994140496549e+00
1.799826141358292944e+03 3.817516678220767403e+02 1.186222794987579210e+00
1.799846974932899002e+03 3.827024926223892294e+02 1.186817776313442208e+00
1.799867808507272002e+03 3.819262843688644011e+02 1.186577790196711168e+00
1.799888642081411945e+03 3.815962484529647440e+02 1.184550285956280646e+00
1.799909475655319056e+03 3.808750622459641022e+02 1.189157132808014827e+00
1.799930309228994020e+03 3.807613433213686562e+02 1.189152621689965939e+00
1.799951142802435470e+03 3.815607601523909693e+02 1.190795892180692483e+00
1.799971976375411941e+03 3.813040566997108840e+02 1.192684900756044275e+00
1.799992809948388413e+03 3.818127628889248513e+02 1.214433803263543554e+00
1.800013643521132508e+03 3.815285835536952277e+02 1.212473135581752404e+00
1.800034477093410032e+03 3.809954215102697503e+02 1.214003342766849514e+00
1.800055310665688012e+03 3.819641081682896697e+02 1.221692567752844738e+00
1.800076144237732478e+03 3.813892898786505725e+02 1.233963716774195030e+00
1.800096977809312421e+03 3.822067762887900244e+02 1.230258354485773697e+00
1.800117811380891908e+03 3.796574009725436554e+02 1.238767125447259865e+00
1.800138644952237883e+03 3.796151776199278629e+02 1.229968547573977666e+00
1.800159478523119105e+03 3.808395104172382162e+02 1.231947431210683508e+00
1.800180312093999419e+03 3.826295261960799508e+02 1.229873755574481198e+00
1.800201145664646901e+03 3.805640144626877373e+02 1.228253504895055137e+00
1.800221979235062008e+03 3.807550517306638085e+02 1.231533643321063742e+00
1.800242812805244057e+03 3.814407178152243887e+02 1.226121081964807402e+00
1.800263646375426106e+03 3.791884332579404600e+02 1.230844494806268230e+00
1.800284479945142948e+03 3.816167498075344611e+02 1.229199532969243558e+00
1.800305313514858881e+03 3.810025935497258160e+02 1.230627770214924865e+00
1.800326147084110062e+03 3.800879569227981847e+02 1.230499848472341062e+00
1.800346980653361015e+03 3.810555312610445071e+02 1.238444561222264984e+00
1.800367814222378911e+03 3.820589217621404714e+02 1.244252198394985465e+00
1.800388647791163976e+03 3.827196544096329944e+02 1.253218655404103377e+00
1.800409481359949496e+03 3.815223800045091593e+02 1.263903494926333249e+00
1.800430314928502867e+03 3.811379602290692219e+02 1.265721446942414730e+00
1.800451148496822043e+03 3.815735171165722477e+02 1.270373584362541219e+00
1.800471982064909071e+03 3.822741184428441557e+02 1.278286553877675313e+00
1.800492815632763040e+03 3.819066519758234790e+02 1.289010295388810068e+00
1.800513649200617010e+03 3.818617920436934128e+02 1.305500394025587596e+00
1.800534482768237467e+03 3.809883644669805562e+02 1.306085351669850736e+00
1.800555316335858606e+03 3.802741160385407966e+02 1.314123285182696499e+00
1.800576149903246915e+03 3.831541647104645563e+02 1.319397558528115244e+00
1.800596983470401938e+03 3.821181042500859348e+02 1.326038022372184155e+00
1.800617817037556961e+03 3.808815093405607968e+02 1.319646136723913177e+00
1.800638650604480063e+03 3.822368267676918094e+02 1.324672339969754420e+00
1.800659484171402937e+03 3.804429175612210656e+02 1.340136748994047000e+00
1.800680317738092981e+03 3.840046669736959757e+02 1.348339803080524701e+00
1.800701151304549967e+03 3.821702533241368656e+02 1.368025909571649379e+00
1.800721984871006953e+03 3.820255265539851735e+02 1.387400886501047204e+00
1.800742818437463939e+03 3.818424683687942434e+02 1.411780734619840993e+00
1.800763652003688094e+03 3.824223066613017181e+02 1.437202422812522196e+00
1.800784485569912022e+03 3.818333391573351037e+02 1.454769639462962560e+00
1.800805319135903119e+03 3.814304613135254840e+02 1.477448697046630066e+00
1.800826152701893989e+03 3.850185970807199283e+02 1.491073512132166323e+00
1.800846986267885995e+03 3.821196343348283335e+02 1.501595522768502722e+00
1.800867819833878002e+03 3.804743573747500704e+02 1.510804996775311881e+00
1.800888653399636041e+03 3.821223377010028344e+02 1.515204223741930312e+00
1.800909486965394535e+03 3.809489402346480347e+02 1.518078420842412513e+00
1.800930320531153029e+03 3.805780041055652418e+02 1.522933093955194161e+00
1.800951154096911068e+03 3.814412687873461891e+02 1.531509844472780824e+00
1.800971987662436959e+03 3.818981649435531835e+02 1.546448080316748408e+00
1.800992821228194998e+03 3.814221104713096793e+02 1.562501525878161157e+00
1.801013654793720434e+03 3.814050311698947553e+02 1.586831954005620604e+00
1.801034488359479610e+03 3.827405108123998616e+02 1.614923560279261094e+00
1.801055321925005956e+03 3.835225831867869601e+02 1.645639802523522599e+00
1.801076155490763995e+03 3.821618817529415537e+02 1.675156270039525053e+00
1.801096989056289431e+03 3.832487132925102742e+02 1.695080367689578260e+00
1.801117822622048152e+03 3.818467177413117497e+02 1.710460160786974937e+00
1.801138656187805964e+03 3.835612811670907831e+02 1.713399152617090859e+00
1.801159489753797061e+03 3.809781107595554204e+02 1.712137576546981288e+00
1.801180323319556010e+03 3.807088578860643793e+02 1.707336398507112163e+00
1.801201156885547562e+03 3.825555192337797052e+02 1.704760404963136855e+00
1.801221990451771944e+03 3.824572615701044924e+02 1.701616021217460251e+00
1.801242824017996099e+03 3.799716833527309063e+02 1.703338889593827732e+00
1.801263657584220027e+03 3.796276615044343998e+02 1.700360986305375688e+00
1.801284491150677013e+03 3.819691007888777676e+02 1.709021344466201908e+00
1.801305324717367057e+03 3.812729658200523772e+02 1.718653658854403465e+00
1.801326158284056419e+03 3.812000755993208259e+02 1.732843014557636341e+00
1.801346991850979521e+03 3.831305516186580462e+02 1.757784627057660698e+00
1.801367825418135453e+03 3.825150362591348312e+02 1.783368707763540506e+00
1.801388658985523989e+03 3.847040674111490262e+02 1.811938889565612110e+00
1.801409492553144901e+03 3.822753186387340065e+02 1.835884840189764944e+00
1.801430326120998416e+03 3.830016848958121045e+02 1.862440451367706640e+00
1.801451159689318047e+03 3.821981566190888771e+02 1.892976669691697644e+00
1.801471993257637450e+03 3.806539353186635708e+02 1.921183329848194621e+00
1.801492826826423425e+03 3.829784521885671893e+02 1.952401538373719658e+00
1.801513660395442002e+03 3.821369514497214368e+02 1.985876461504661794e+00
1.801534493964926014e+03 3.824833882263314990e+02 2.021053131839623429e+00
1.801555327534875460e+03 3.815040206862204286e+02 2.051680536644187036e+00
1.801576161105058418e+03 3.816326443204734460e+02 2.077915381851956678e+00
1.801596994675705901e+03 3.834862409654588191e+02 2.104009402098153902e+00
1.801617828246820409e+03 3.823430379456503942e+02 2.129992062907586803e+00
1.801638661818400124e+03 3.842381028706622601e+02 2.165198843724851052e+00
1.801659495390677876e+03 3.804327657206513322e+02 2.189661973968059616e+00
1.801680328963188003e+03 3.787765391614366308e+02 2.228164685338638762e+00
1.801701162536629909e+03 3.812259173050115351e+02 2.273567956281723923e+00
1.801721996110537020e+03 3.834235704046486717e+02 2.326269652187798798e+00
1.801742829684911158e+03 3.847928811362062334e+02 2.382331174170646992e+00
1.801763663260215935e+03 3.833627000647475143e+02 2.438539039016170307e+00
1.801784496836218977e+03 3.819971781283211385e+02 2.494483488051557618e+00
1.801805330412920057e+03 3.826085464154211877e+02 2.547760698270753466e+00
1.801826163990553141e+03 3.809850237125438071e+02 2.594767818905402645e+00
1.801846997568884035e+03 3.817564102972473847e+02 2.633171532484833488e+00
1.801867831148147616e+03 3.796068934307040763e+02 2.664284973699611925e+00
1.801888664728342064e+03 3.753063090989380726e+02 2.687307572683829804e+00
1.801909498309699984e+03 3.807427523454007314e+02 2.705176132024204705e+00
1.801930331891988999e+03 3.751861794761352940e+02 2.716092356334899982e+00
1.801951165475442849e+03 3.791106561846972909e+02 2.727678742675204937e+00
1.801971999060061080e+03 3.781904359897253016e+02 2.739162939812059605e+00
1.801992832645843464e+03 3.814783443430187617e+02 2.751030208780929520e+00
1.802013666233021922e+03 3.779172813165259868e+02 2.757497537150108702e+00
1.802034499821598047e+03 3.781593204482396686e+02 2.762129303929484081e+00
1.802055333411337870e+03 3.747473931933654967e+02 2.762367701059533776e+00
1.802076167002707962e+03 3.826389288195568952e+02 2.769028632823606895e+00
1.802097000595707414e+03 3.798612011465756950e+02 2.778359615001008809e+00
1.802117834190338044e+03 3.822998786427797313e+02 2.782927532270976556e+00
1.802138667786829956e+03 3.806018288749146450e+02 2.779156958140316380e+00
1.802159501384951454e+03 3.813245456956847192e+02 2.764776670876951670e+00
1.802180334984936053e+03 3.810653997300760238e+02 2.735420942533181687e+00
1.802201168586783979e+03 3.821450321128522774e+02 2.690420116816008012e+00
1.802222002190726926e+03 3.866903070735124857e+02 2.631915112155552183e+00
1.802242835796765121e+03 3.851131390708787876e+02 2.562240122201106196e+00
1.802263669404899019e+03 3.871565877804514457e+02 2.488363267633764142e+00
1.802284503015127939e+03 3.855180218909090399e+02 2.415984441113424808e+00
1.802305336627685847e+03 3.820732909001999360e+02 2.349219793301075665e+00
1.802326170242572061e+03 3.846691156644983494e+02 2.287155346363612729e+00
1.802347003859786128e+03 3.780018626303717610e+02 2.225413564758291329e+00
1.802367837479328045e+03 3.793946019608838469e+02 2.153621674986051726e+00
1.802388671101198952e+03 3.818491320414486836e+02 2.072390107668393711e+00
1.802409504725399074e+03 3.793916897906060512e+02 1.985105064840140709e+00
1.802430338351693081e+03 3.824587364743842954e+02 1.907472249900379113e+00
1.803472018751635005e+03 3.811866057973971351e+02 1.060728784629955124e+00
1.803492852311107981e+03 3.821072644168707484e+02 1.059205051169783696e+00
1.803513685868950006e+03 3.825315912461431367e+02 1.055759760835670580e+00
1.803534519425395501e+03 3.812808603663651184e+02 1.056624435328981759e+00
1.803555352980444013e+03 3.808109626419889651e+02 1.058501348650491725e+00
1.803576186534095541e+03 3.815958444496658331e+02 1.056582916432581731e+00
1.803597020086349858e+03 3.818366878472065196e+02 1.054972631271220873e+00
1.803617853637207418e+03 3.820076101715071673e+02 1.060144674846565271e+00
1.803638687186668449e+03 3.809837885649005784e+02 1.057562688407838403e+00
1.803659520734964417e+03 3.812317333103592318e+02 1.057688251901066412e+00
1.803680354281863856e+03 3.827988512204570952e+02 1.055934084536494844e+00
1.803701187827600052e+03 3.810560254179653725e+02 1.056752422856120255e+00
1.803722021372170957e+03 3.814706065608260133e+02 1.056244612008522266e+00
1.803742854915345106e+03 3.817896607386056189e+02 1.056451692454361657e+00
1.803763688457587932e+03 3.805835010489507795e+02 1.058428649414829392e+00
1.803784521998434002e+03 3.811742833460742759e+02 1.056503428015358237e+00
1.803805355538348067e+03 3.815997572851835002e+02 1.056940060986722107e+00
1.803826189077098434e+03 3.823236950986010356e+02 1.059506068940938572e+00
1.803847022614685102e+03 3.822555587973726006e+02 1.055643679609969521e+00
1.803867856151338856e+03 3.813753338575737075e+02 1.057955616407631805e+00
1.803888689686830503e+03 3.819202986265985942e+02 1.056117409504448101e+00
1.803909523221389918e+03 3.814726583150911097e+02 1.056227682656617484e+00
1.803930356754784952e+03 3.820851428087692625e+02 1.055958864617385640e+00
1.803951190287249119e+03 3.814767238961978819e+02 1.062552226409870126e+00
1.803972023818549133e+03 3.811748979765849299e+02 1.060936450536374531e+00
1.803992857349149972e+03 3.821549385509032959e+02 1.056759134863634264e+00
1.804013690878588022e+03 3.812238486287141654e+02 1.059017307806459973e+00
1.804034524407094068e+03 3.827059855464931388e+02 1.058495886526642726e+00
1.804055357934667882e+03 3.811844427613411312e+02 1.059044379571468353e+00
1.804076191461311510e+03 3.815024899988792413e+02 1.056885865356972820e+00
1.804097024987023588e+03 3.819820817128421027e+02 1.056393240070055750e+00
1.804117858512036491e+03 3.811527236083006187e+02 1.056481143106127840e+00
1.804138692035885924e+03 3.813316137759974254e+02 1.066439505816595856e+00
1.804159525559036865e+03 3.825098002931910059e+02 1.056340709154550472e+00
1.804180359081256029e+03 3.817157135530770802e+02 1.056371234956152039e+00
1.804201192602544552e+03 3.810492675117835120e+02 1.055473938653193944e+00
1.804222026123134128e+03 3.824781843062752955e+02 1.057534789647171403e+00
1.804242859642792155e+03 3.816554248064412036e+02 1.056515444746018551e+00
1.804263693161752144e+03 3.821892380484554792e+02 1.071512204266716228e+00
1.804284526679781038e+03 3.816433416974713850e+02 1.058804536786247752e+00
1.804305360196878155e+03 3.809095795241643145e+02 1.058400773480335344e+00
1.804326193713276552e+03 3.814062059642334930e+02 1.057592502633498688e+00
1.804347027228976913e+03 3.816247679267827380e+02 1.070108993005960851e+00
1.804367860743745950e+03 3.816393661628334257e+02 1.055549834191281899e+00
1.804388694257816041e+03 3.810823578667236688e+02 1.057358644114777535e+00
1.804409527771188095e+03 3.811386977096881878e+02 1.055903546097027856e+00
1.804430361283860975e+03 3.812634297492685391e+02 1.056125028541827326e+00
1.804451194795603442e+03 3.817070125339154174e+02 1.055323486722778759e+00
1.804472028306647417e+03 3.819073368061227711e+02 1.055858837583393051e+00
1.804492861816760069e+03 3.813569617618623511e+02 1.055287508365032823e+00
1.804513695326407060e+03 3.816496243068434069e+02 1.056369429387995940e+00
1.804534528835353967e+03 3.811344325468347165e+02 1.061017516858955068e+00
1.804555362343371144e+03 3.817335831905384111e+02 1.056589742341470961e+00
1.804576195850690056e+03 3.811275825512180973e+02 1.058070542657310709e+00
1.804597029357541942e+03 3.806342544680145465e+02 1.063648332607770142e+00
1.804617862863463415e+03 3.819961187922778549e+02 1.056847571451887458e+00
1.804638696368686851e+03 3.820791443903956406e+02 1.057863948140002064e+00
1.804659529873443034e+03 3.822368671049474074e+02 1.060489435203550102e+00
1.804680363377270623e+03 3.813521600389044011e+02 1.058501123408828182e+00
1.804701196880398129e+03 3.809959214344539191e+02 1.056726082044945114e+00
1.804722030383060428e+03 3.812318335313649982e+02 1.068366516200996097e+00
1.804742863885024008e+03 3.813373324880394648e+02 1.055744404518932145e+00
1.804763697386054901e+03 3.813734330957084353e+02 1.056705719640303798e+00
1.804784530886621496e+03 3.829969553351799050e+02 1.057242963950142611e+00
1.804805364386722431e+03 3.817154371318031849e+02 1.056732907029063639e+00
1.804826197885890906e+03 3.819106964191276461e+02 1.058829193396160440e+00
1.804847031384362026e+03 3.804551151870672925e+02 1.056694043513823900e+00
1.804867864882367485e+03 3.811997109735121398e+02 1.057223062528845459e+00
1.804888698379674452e+03 3.819422485357677033e+02 1.057765002853612080e+00
1.804909531876514848e+03 3.833433255084355551e+02 1.060246939775457475e+00
1.804930365372424603e+03 3.808885690776073716e+02 1.055685630669761510e+00
1.804951198867868470e+03 3.816421518680883196e+02 1.055935834401835915e+00
1.804972032362613845e+03 3.817488385965452267e+02 1.055727580062559845e+00
1.804992865856894014e+03 3.822365510278496004e+02 1.056223393844390568e+00
1.805013699350475463e+03 3.816246741012423627e+02 1.055562257048320074e+00
1.805034532843357965e+03 3.816356942233559835e+02 1.055987933902730047e+00
1.805055366335775489e+03 3.816419717252963437e+02 1.055722950467121946e+00
1.805076199827494975e+03 3.815179656113069200e+02 1.056367059575107570e+00
1.805097033318514150e+03 3.809680478036618752e+02 1.057217706558286840e+00
1.805117866809069028e+03 3.805752547682233171e+02 1.070747008845648995e+00
1.805138700298924959e+03 3.813828976683157634e+02 1.056154375431471726e+00
1.805159533788315457e+03 3.820464991732125100e+02 1.056917334125487162e+00
1.805180367277007917e+03 3.818902990631724492e+02 1.056460493884582075e+00
1.805201200765234034e+03 3.820078956843935885e+02 1.056344151109760876e+00
1.805222034252761432e+03 3.814989983950675878e+02 1.057904853339168172e+00
1.805242867739823851e+03 3.811316847746276153e+02 1.055268304343891517e+00
1.805263701226187550e+03 3.808992901312179811e+02 1.064944988316419483e+00
1.805284534712086042e+03 3.812391185308532044e+02 1.055316426702213928e+00
1.805305368197284452e+03 3.806589904908995550e+02 1.059077022359495857e+00
1.805326201682018564e+03 3.807602621248324795e+02 1.055170075958517417e+00
1.805347035166053956e+03 3.810013546587773590e+02 1.056481368778450669e+00
1.805367868649624143e+03 3.816014720319300864e+02 1.056446671092732048e+00
1.805388702132727985e+03 3.809559112086397477e+02 1.056733978716780431e+00
1.805409535615133564e+03 3.814673840367822208e+02 1.055908457144116852e+00
1.805430369097073481e+03 3.821662157419834216e+02 1.057145144577939178e+00
1.805451202578314451e+03 3.808806908054463634e+02 1.057398103264293843e+00
1.805472036059090442e+03 3.828949175973329488e+02 1.058438448053773850e+00
1.805492869539400090e+03 3.811551069142115580e+02 1.056850447772777146e+00
1.805513703019012155e+03 3.803433025986494727e+02 1.057197917421204281e+00
1.805534536498158104e+03 3.807254573619946996e+02 1.054821260235409230e+00
1.805555369976605107e+03 3.815636909895649183e+02 1.057637814138368215e+00
1.805576203454819961e+03 3.826811272489971429e+02 1.056474090821746925e+00
1.805597036932103038e+03 3.821328377021465599e+02 1.056994310228377421e+00
1.805617870409153511e+03 3.818901143248594394e+02 1.058748466193339066e+00
1.805638703885505947e+03 3.817248129938955117e+02 1.058613681957475627e+00
1.805659537361392040e+03 3.810758789709327061e+02 1.056424836355080554e+00
1.805680370836812926e+03 3.806621802001217247e+02 1.055499689536724350e+00
1.805701204311534411e+03 3.825318765261029057e+02 1.055712449114411422e+00
1.805722037785791144e+03 3.818872246487863436e+02 1.057933474769400917e+00
1.805742871259581989e+03 3.822389470951034696e+02 1.055953615127156020e+00
1.805763704732906945e+03 3.809937428237070662e+02 1.056826590992126613e+00
1.805784538205533863e+03 3.819420699583159262e+02 1.055836087448835503e+00
1.805805371677694893e+03 3.818169501552836778e+02 1.057015794865186598e+00
1.805826205149390489e+03 3.825848084806117413e+02 1.056601306797210871e+00
1.805847038620620424e+03 3.805619574875857438e+02 1.056070791086098248e+00
1.805867872091151412e+03 3.806403355935507875e+02 1.055705335235483933e+00
1.805888705561216511e+03 3.813748213037264350e+02 1.056007745714390600e+00
1.805909539030816404e+03 3.815143239246924054e+02 1.061222093302851999e+00
1.805930372499950863e+03 3.825552298314149198e+02 1.064172046192724430e+00
1.805951205968386603e+03 3.816400483132160844e+02 1.055696753349489869e+00
1.805972039436589966e+03 3.814589400028160640e+02 1.056345561743902151e+00
1.805992872904093929e+03 3.824036442154973088e+02 1.058647858197578673e+00
1.806013706371133139e+03 3.809263832637294627e+02 1.060489884842218178e+00
1.806034539837706006e+03 3.818804386780479376e+02 1.064164876844254648e+00
1.806055373303581064e+03 3.818587043620953523e+02 1.059230317444979530e+00
1.806076206769222608e+03 3.807604761242129143e+02 1.057276620742152007e+00
1.806097040234165888e+03 3.810124375874107159e+02 1.056225538252680840e+00
1.806117873698643052e+03 3.812475506701009067e+02 1.058660132096908013e+00
1.806138707162655010e+03 3.826783291709322725e+02 1.059202687701189083e+00
1.806159540626200851e+03 3.820306619456113140e+02 1.056620373769804777e+00
1.806180374089281941e+03 3.814702879988604991e+02 1.056720836366034755e+00
1.806201207551896914e+03 3.814237518634972730e+02 1.068175528432158350e+00
1.806222041013813396e+03 3.816228505166630498e+02 1.056393860720467925e+00
1.806242874475497956e+03 3.811457471811868913e+02 1.062958001549671572e+00
1.806263707936484025e+03 3.820159928288544506e+02 1.061466219008294187e+00
1.806284541397003977e+03 3.811078025282996009e+02 1.055634363199540848e+00
1.806305374857057586e+03 3.808839548515529145e+02 1.057245951949889795e+00
1.806326208316645989e+03 3.820204995215590884e+02 1.058292754338993724e+00
1.806347041775768503e+03 3.810893683896831021e+02 1.055673096342012451e+00
1.806367875234424901e+03 3.819004123837926841e+02 1.059262279263760487e+00
1.806388708692616547e+03 3.819729008585334213e+02 1.058003278514491274e+00
1.806409542150109019e+03 3.805926162718206456e+02 1.057649141711269669e+00
1.806430375607369115e+03 3.814115607633297600e+02 1.057410335301655069e+00
1.806451209063930492e+03 3.807354652467974461e+02 1.060536027996872077e+00
1.806472042520259492e+03 3.814204056886117087e+02 1.058837186968364819e+00
1.806492875975889092e+03 3.811117322781003054e+02 1.056156294238161930e+00
1.806513709431053940e+03 3.807924194311019619e+02 1.055820337068518633e+00
1.806534542885985957e+03 3.813530363386502700e+02 1.058236938251764458e+00
1.806555376340218118e+03 3.827554001686775678e+02 1.070341235144034897e+00
1.806576209793985527e+03 3.819843808206334757e+02 1.056219443607195663e+00
1.806597043247287047e+03 3.821609427485545893e+02 1.064311502817193000e+00
1.806617876700123588e+03 3.812612102687830884e+02 1.056425569829045230e+00
1.806638710152494014e+03 3.815936327994901944e+02 1.056328408304925137e+00
1.806659543604631608e+03 3.813440358202268499e+02 1.058160897472390616e+00
1.806680377056070938e+03 3.818829191081406975e+02 1.081829561792206240e+00
1.806701210507043925e+03 3.822521278001000837e+02 1.057816730530250826e+00
1.806722043957551932e+03 3.821925114152285232e+02 1.056376087405279662e+00
1.806742877407361448e+03 3.822490773278871643e+02 1.063189002638487146e+00
1.806763710856937905e+03 3.814912844681699085e+02 1.057992687120745900e+00
1.806784544306049156e+03 3.825053348078447470e+02 1.057844283782967576e+00
1.806805377754694064e+03 3.826925663049369177e+02 1.055776697690689492e+00
1.806826211202873992e+03 3.826541415408517537e+02 1.055938938994498200e+00
1.806847044650588032e+03 3.825729335203907908e+02 1.055801650828714688e+00
1.806867878097835955e+03 3.808933033601119860e+02 1.061524392051232502e+00
1.806888711544619127e+03 3.812504662611613639e+02 1.056037321630497017e+00
1.806909544990935956e+03 3.824621602244864675e+02 1.063289405180455338e+00
1.806930378436787123e+03 3.812134991923394978e+02 1.058068852655841718e+00
1.806951211882173084e+03 3.808356227145595199e+02 1.059450766855662973e+00
1.806972045327325532e+03 3.815057661867580805e+02 1.056167468396095765e+00
1.806992878771779942e+03 3.817294756822838053e+02 1.059672857851043926e+00
1.807013712215768464e+03 3.816124451137810070e+02 1.055937527817147004e+00
1.807034545659290870e+03 3.806960464467035195e+02 1.059201956150317203e+00
1.807055379102348525e+03 3.822274464525975759e+02 1.067746057851878705e+00
1.807076212544940063e+03 3.816373138689402253e+02 1.057301989475212478e+00
1.807097045987298998e+03 3.825398753699385566e+02 1.057199101397088725e+00
1.807117879428958986e+03 3.814994914314844436e+02 1.059199705221388621e+00
1.807138712870387053e+03 3.820277745016816198e+02 1.057620399871766148e+00
1.807159546311115946e+03 3.818869732716437966e+02 1.057388182245274200e+00
1.807180379751612008e+03 3.811305488770161105e+02 1.057256212563977726e+00
1.807201213191409579e+03 3.817193369697161529e+02 1.065008288158707517e+00
1.807222046630974546e+03 3.811977537277875285e+02 1.059158062173351400e+00
1.807242880069841021e+03 3.807320810052394791e+02 1.056679152034880387e+00
1.807263713508473984e+03 3.819311967008341639e+02 1.064053913815624197e+00
1.807284546946641967e+03 3.819694109725212456e+02 1.063909885480397444e+00
1.807305380384344062e+03 3.822250925361348664e+02 1.056816551807597149e+00
1.807326213821581405e+03 3.813750147771385173e+02 1.056347988030218454e+00
1.807347047258351949e+03 3.809810658819736773e+02 1.056725517994698826e+00
1.807367880694657515e+03 3.820854624466523433e+02 1.059669482956278053e+00
1.807388714130730023e+03 3.807056569267236341e+02 1.057544258399964798e+00
1.807409547566103583e+03 3.823345895747453937e+02 1.058752632182879072e+00
1.807430381001011938e+03 3.812473616382603154e+02 1.058423412174055889e+00
1.807451214435687007e+03 3.818717248103404245e+02 1.058657260692843716e+00
1.807472047869664038e+03 3.826554999907185675e+02 1.059709193537193173e+00
1.807492881303408012e+03 3.815630298135283169e+02 1.058550450189029934e+00
1.807513714736686552e+03 3.821848744433038405e+02 1.058183090679329474e+00
1.807534548169499431e+03 3.805629681431959170e+02 1.059042353434220596e+00
1.807555381601846875e+03 3.818471279809435828e+02 1.059165828163261214e+00
1.807576215033728431e+03 3.817836251844896651e+02 1.056514880583317550e+00
1.807597048465143871e+03 3.815540305716820626e+02 1.057593686167645153e+00
1.807617881896326935e+03 3.824101655564069233e+02 1.056385171581514015e+00
1.807638715326811507e+03 3.810396999569559853e+02 1.058860548118704559e+00
1.807659548757063021e+03 3.813902609741696210e+02 1.056870694594408855e+00
1.807680382186848874e+03 3.814541614563624421e+02 1.060861839326967981e+00
1.807701215615936462e+03 3.819734735774623573e+02 1.065211426697916242e+00
1.807722049044790992e+03 3.820456211591163651e+02 1.056988614752741196e+00
1.807742882473180543e+03 3.818593265533772865e+02 1.057280567029496243e+00
1.807763715901337036e+03 3.813156040817395365e+02 1.060445425896413774e+00
1.807784549328794583e+03 3.810457701863220450e+02 1.055690881492560962e+00
1.807805382755786923e+03 3.809236997073642783e+02 1.057446974198217982e+00
1.807826216182546887e+03 3.810942020358161244e+02 1.055428477774784213e+00
1.807847049608840052e+03 3.814738295949397866e+02 1.057841297473280484e+00
1.807867883034668012e+03 3.809380366582114448e+02 1.057343987484185455e+00
1.807888716460030992e+03 3.807011987647240403e+02 1.063489901596498255e+00
1.807909549884926946e+03 3.813342065791468940e+02 1.056162614988485737e+00
1.807930383309358149e+03 3.803742205587639660e+02 1.056569095242350986e+00
1.807951216733556066e+03 3.821108235596325358e+02 1.059892652852053363e+00
1.807972050157055492e+03 3.817084779488895379e+02 1.064072231074578267e+00
1.808013717003123929e+03 3.802296000737204622e+02 1.056011188754859553e+00
1.808034550425459429e+03 3.820906504702613233e+02 1.057283667673504901e+00
1.808055383847562098e+03 3.808730634213897588e+02 1.055674056183182996e+00
1.808076217268966047e+03 3.816715169385917648e+02 1.056878420995119416e+00
1.808097050690136939e+03 3.810438419047809475e+02 1.056582577956613367e+00
1.808117884110610021e+03 3.817054273844565842e+02 1.059078598192770393e+00
1.808138717530850499e+03 3.821267370477949044e+02 1.056375241049478442e+00
1.808159550950625089e+03 3.824282401120914301e+02 1.057000513186731716e+00
1.808180384370165939e+03 3.821503716925437288e+02 1.059040439856594018e+00
1.808201217789008979e+03 3.802514757070724727e+02 1.058255299872796540e+00
1.808222051207618961e+03 3.806106082004543509e+02 1.068546536804473313e+00
1.808242884625531133e+03 3.800328464048573665e+02 1.058665142959856365e+00
1.808263718043210019e+03 3.810008210413403731e+02 1.056668039696059047e+00
1.808284551460656076e+03 3.814759917538540321e+02 1.059116698876469087e+00
1.808305384877403412e+03 3.813961791116790323e+02 1.061143738781492152e+00
1.808326218293685088e+03 3.810492943558815568e+02 1.066826482562410083e+00
1.808347051709734387e+03 3.821741137410965052e+02 1.063920754109574318e+00
1.808367885125318026e+03 3.819312627596302150e+02 1.059509163072035909e+00
1.808388718540435548e+03 3.823294234598389494e+02 1.056536318554176068e+00
1.808409551955087409e+03 3.817386581461888682e+02 1.057703974466068786e+00
1.808430385369506439e+03 3.823612042498874644e+02 1.056772840763376964e+00
1.808451218783460490e+03 3.826923419079104747e+02 1.066379924071943597e+00
1.808472052196716049e+03 3.817017926020746472e+02 1.071660160966489528e+00
1.808492885609738096e+03 3.807129908919421837e+02 1.056797883182805320e+00
1.808513719022526857e+03 3.818125822666005433e+02 1.066930509261792448e+00
1.808534552434618035e+03 3.810983576370367700e+02 1.058623816707182641e+00
1.808555385846476383e+03 3.809218846201379733e+02 1.056956076645026998e+00
1.808576219257869070e+03 3.819041280379244085e+02 1.058544425237512687e+00
1.808597052668795413e+03 3.814057968853517195e+02 1.057317266796353072e+00
1.808617886079257005e+03 3.811740958653354028e+02 1.058730845002221921e+00
1.808638719489485084e+03 3.815208862976791124e+02 1.063829879989011351e+00
1.808659552899015125e+03 3.815258823656478739e+02 1.056208495729759500e+00
1.808680386308311881e+03 3.815115062123153393e+02 1.056197999204630644e+00
1.808701219717142976e+03 3.807582188897281981e+02 1.058148054490276824e+00
1.808722053125742150e+03 3.808625238919180447e+02 1.056402211254193091e+00
1.808742886533641922e+03 3.818374188093899306e+02 1.063829767932283010e+00
1.808763719941308864e+03 3.816619124778866876e+02 1.056329367550641773e+00
1.808784553348511054e+03 3.820046997070312500e+02 1.056734655571620607e+00
1.808805386755479503e+03 3.819219281982840926e+02 1.059325581075904132e+00
1.808826220161749461e+03 3.821088664188340545e+02 1.058475163986037249e+00
1.808847053567787043e+03 3.814009341495300873e+02 1.058208212377317547e+00
1.808867886973358054e+03 3.813398440263457587e+02 1.058238008416334530e+00
1.808888720378464996e+03 3.814917982234060219e+02 1.060543053270623259e+00
1.808909553783104911e+03 3.813366577822537238e+02 1.067985511095726592e+00
1.808930387187512451e+03 3.810518322082837699e+02 1.058025813042022367e+00
1.808951220600768011e+03 3.827107256285868857e+02 1.057094455360260588e+00
1.808972054004244001e+03 3.824884196272543022e+02 1.056769625815197733e+00
1.808992887407254557e+03 3.817959518522944791e+02 1.058303342729696395e+00
1.809013720810032964e+03 3.817783411125932389e+02 1.056698217602841439e+00
1.809034554212345029e+03 3.818656531752885712e+02 1.057707411984987855e+00
1.809055387614190977e+03 3.821260531560673712e+02 1.057598814800308151e+00
1.809076221015571946e+03 3.815523811090054664e+02 1.059039708193646456e+00
1.809097054416719857e+03 3.814271454026871879e+02 1.059508938044624315e+00
1.809117887817401879e+03 3.818906157680862634e+02 1.057212576076833610e+00
1.809138721217618468e+03 3.809367605661666403e+02 1.056613942935844985e+00
1.809159554617368940e+03 3.812293325294227202e+02 1.057471775192307062e+00
1.809180388016887946e+03 3.811480682299245473e+02 1.056961997865699443e+00
1.809201221415939926e+03 3.823430758493703365e+02 1.057195549465457463e+00
1.809222054814526928e+03 3.811745409627372396e+02 1.056858287117420137e+00
1.809242888212648495e+03 3.823603072869242965e+02 1.056470987801705563e+00
1.809263721610537004e+03 3.807307718036420283e+02 1.061002966949456505e+00
1.809284555007958943e+03 3.804104496413472134e+02 1.061235910059264986e+00
1.809305388404916584e+03 3.815820765564357657e+02 1.057759311527748824e+00
1.809326221801407883e+03 3.822372001410643065e+02 1.060261612493725636e+00
1.809347055197666577e+03 3.817902591978154874e+02 1.056615578853459025e+00
1.809367888593460975e+03 3.811526565719724431e+02 1.058088174844972418e+00
1.809388721988787893e+03 3.809705279037201535e+02 1.055751574591678121e+00
1.809409555383881980e+03 3.805775532117961006e+02 1.056998708693510425e+00
1.809430388778510860e+03 3.813207978332246739e+02 1.063936496617842842e+00
1.809451222172674079e+03 3.817223029821817022e+02 1.056857835933693979e+00
1.809472055566370955e+03 3.810120877990986514e+02 1.058005588325640067e+00
1.809492888959835909e+03 3.808939011398533694e+02 1.056609768513904202e+00
1.809513722352834975e+03 3.811437986643533691e+02 1.057448157895245267e+00
1.809534555745367925e+03 3.807033633432807846e+02 1.061780573804191885e+00
1.809555389137668953e+03 3.815307670302117344e+02 1.058306834622549930e+00
1.809576222529270126e+03 3.818776126106452011e+02 1.061048638389378462e+00
1.809597055920638923e+03 3.810965438772423681e+02 1.064212092836779977e+00
1.809617889311776025e+03 3.812559617744344109e+02 1.057354472632907605e+00
1.809638722702213954e+03 3.818573263948637191e+02 1.059213998538832913e+00
1.809659556092417915e+03 3.814662065201581527e+02 1.057136630763493068e+00
1.809680389482391092e+03 3.815110838468830821e+02 1.057588444792084248e+00
1.809701222871664868e+03 3.804194236347040032e+02 1.055944922365517735e+00
1.809722056260706040e+03 3.815716521714061855e+02 1.057185401023610138e+00
1.809742889649280414e+03 3.809518120098422287e+02 1.056722979764864734e+00
1.809763723037623095e+03 3.814822779173220511e+02 1.057498717431266888e+00
1.809784556425267056e+03 3.812817412738076541e+02 1.059498080415233412e+00
1.809805389812910562e+03 3.807573410916066337e+02 1.058834428629845892e+00
1.809826223199856031e+03 3.813408036218905863e+02 1.060026431024059246e+00
1.809847056586568442e+03 3.824455497053660338e+02 1.062154040391802168e+00
1.809867889972814964e+03 3.827703961266781221e+02 1.059198129568292401e+00
1.809888723358596962e+03 3.806934193823964279e+02 1.056947222948425580e+00
1.809909556744144993e+03 3.817930965893829693e+02 1.056797770380444756e+00
1.809930390128994532e+03 3.803532634540399044e+02 1.061066389611626581e+00
1.809951223513844980e+03 3.824057249779199310e+02 1.059378526619861649e+00
1.809972056897996481e+03 3.803887455971057534e+02 1.057758578978631236e+00
1.809992890281915152e+03 3.810817925017050811e+02 1.061843051890075218e+00
1.810013723665367479e+03 3.816769362067038287e+02 1.058101750865930057e+00
1.810034557048587885e+03 3.813318927244623069e+02 1.057178015151904349e+00
1.810055390431341948e+03 3.823925421927186221e+02 1.059080005184783957e+00
1.810076223813630577e+03 3.813761425478383558e+02 1.057575820297003588e+00
1.810097057195687057e+03 3.808877991930577878e+02 1.057514555540082446e+00
1.810117890577044591e+03 3.810519280333134589e+02 1.057136630763493068e+00
1.810138723958401897e+03 3.819553126956669757e+02 1.058543580615400437e+00
1.810159557339060484e+03 3.826887863591967971e+02 1.058234685270184716e+00
1.810180390719487150e+03 3.821336495655070848e+02 1.066429613018175182e+00
1.810201224099447018e+03 3.812728688769606720e+02 1.057779428255261056e+00
1.810222057479174509e+03 3.814599939116791347e+02 1.056664824429018212e+00
1.810242890858437022e+03 3.822465866332813675e+02 1.057003727432651363e+00
1.810263724237233419e+03 3.805869106822989920e+02 1.057368734523141729e+00
1.810284557615796984e+03 3.816985226574251442e+02 1.063304652531796402e+00
1.810305390993661604e+03 3.815091631167600781e+02 1.057173504670522846e+00
1.810326224371527132e+03 3.802532453535282002e+02 1.057940460985193232e+00
1.810347057748693032e+03 3.817361733786332820e+02 1.062611349666357619e+00
1.810367891125626556e+03 3.817199172659683200e+02 1.056902502188245885e+00
1.810388724502327477e+03 3.811699241664694000e+02 1.061064142637885066e+00
1.810409557878330588e+03 3.823213559850038905e+02 1.057808391163000739e+00
1.810430391254099959e+03 3.818190996860865312e+02 1.058828461587239200e+00
1.810451224629636044e+03 3.809119517926987442e+02 1.059913178972905046e+00
1.810472058004707606e+03 3.813017878401612393e+02 1.063897616121260548e+00
1.810492891379313050e+03 3.817392651927992233e+02 1.056504725603185646e+00
1.810513724753453062e+03 3.813854756836844899e+02 1.057310558331966188e+00
1.810534558127359105e+03 3.819210208635007575e+02 1.058222913363422890e+00
1.810555391500800852e+03 3.814467137672080526e+02 1.059481990666548690e+00
1.810576224874008858e+03 3.821255832703761826e+02 1.057014949021601646e+00
1.810597058246751430e+03 3.811874389636853948e+02 1.057876681883948011e+00
1.810617891619029024e+03 3.816123815320664789e+02 1.058521507585258759e+00
1.810638724991073559e+03 3.814399767933266503e+02 1.064038621183601707e+00
1.810659558362651978e+03 3.823107542951817663e+02 1.057966489866921656e+00
1.810680391733997112e+03 3.812441702915411383e+02 1.060130225405405247e+00
1.810701225104877494e+03 3.821617104707499948e+02 1.060345653461961302e+00
1.810722058475292442e+03 3.813019190419000211e+02 1.069874527695894084e+00
1.810742891845473878e+03 3.812147453519511373e+02 1.061772939212796141e+00
1.810763725215189424e+03 3.820936443629118457e+02 1.068474521045786663e+00
1.810784558584439992e+03 3.815889313428792207e+02 1.059668920472772058e+00
1.810805391953457956e+03 3.815349452459635700e+02 1.059533859539995460e+00
1.810826225322241953e+03 3.804244640828023307e+02 1.061670428278880030e+00
1.810847058690328140e+03 3.803084373669416323e+02 1.073542378506361805e+00
1.810867892058181496e+03 3.807593617199439109e+02 1.059636689669160914e+00
1.810888725425802477e+03 3.821482075404925922e+02 1.061597833772503163e+00
1.810909558792957569e+03 3.815117647244946966e+02 1.061025381591826022e+00
1.810930392159646999e+03 3.805481738133068461e+02 1.062499551211991689e+00
1.810951225526103599e+03 3.808672139036362978e+02 1.061262475918786974e+00
1.810972058892094992e+03 3.815136210629214588e+02 1.063655113175001388e+00
1.810992892257620042e+03 3.816090895922304185e+02 1.061598395233982473e+00
1.811013725622912034e+03 3.812531138357977625e+02 1.064001929173835848e+00
1.811034558987970968e+03 3.808760333837462326e+02 1.061956771656859422e+00
1.811055392352564922e+03 3.817202408558160869e+02 1.062610844832741375e+00
1.811076225716693443e+03 3.812329517643810277e+02 1.073268900461603392e+00
1.811097059080354938e+03 3.808616902781910767e+02 1.063182611535954392e+00
1.811117892444017571e+03 3.819413040523368181e+02 1.073619606085349787e+00
1.811138725806981483e+03 3.820061261695473718e+02 1.065785657121097074e+00
1.811159559169713020e+03 3.807237472959120623e+02 1.071869990834801500e+00
1.811180392531977986e+03 3.819044959136571151e+02 1.066955201542974629e+00
1.811201225894009895e+03 3.811178968937634295e+02 1.063258517412611015e+00
1.811222059255810564e+03 3.814255723882286020e+02 1.063733562875918803e+00
1.811242892616912059e+03 3.822826982967227991e+02 1.063704369056008181e+00
1.811263725978013554e+03 3.822021920231119338e+02 1.065724025387418950e+00
1.811284559338415875e+03 3.827328175687010230e+02 1.077647117077154437e+00
1.811305392698585592e+03 3.807758226195294924e+02 1.067146519422858209e+00
1.811326226058522934e+03 3.815669717971730961e+02 1.068838956822751873e+00
1.811347059417994387e+03 3.819120458085251926e+02 1.070714944511900857e+00
1.811367892776999952e+03 3.810372518670082513e+02 1.067176233458355217e+00
1.811388726135772458e+03 3.814600451753197490e+02 1.067114346902682920e+00
1.811409559494313044e+03 3.812620256732499797e+02 1.067439769680590400e+00
1.811430392852387968e+03 3.805987968986917735e+02 1.067056199314317944e+00
1.811451226209997003e+03 3.819818663330741515e+02 1.066986652648301170e+00
1.811472059567372980e+03 3.810344148127639983e+02 1.067444571813756182e+00
1.811492892924282387e+03 3.812615592299341643e+02 1.082557302460406268e+00
1.811513726280960555e+03 3.813842752329030077e+02 1.070996532299222981e+00
1.811534559637172606e+03 3.812458329782913324e+02 1.067923894692283993e+00
1.811555392993152054e+03 3.822493371184492048e+02 1.068333041408774609e+00
1.811576226348897990e+03 3.821471654945251544e+02 1.068971280842498706e+00
1.811597059703944979e+03 3.818221320557371428e+02 1.070757529745940850e+00
1.811617893058993104e+03 3.809127124552130113e+02 1.070781688459087500e+00
1.811638726413342511e+03 3.821840169088968651e+02 1.070197106148349064e+00
1.811659559767691462e+03 3.835476345398843137e+02 1.071140052913115426e+00
1.811680393121574980e+03 3.820131087387335356e+02 1.071516765643104829e+00
1.811701226474992609e+03 3.822264417285812215e+02 1.085211971162374223e+00
1.811722059828177407e+03 3.817899169154285346e+02 1.073809126002097436e+00
1.811742893180897454e+03 3.822678097306524592e+02 1.074273014431966100e+00
1.811763726533384443e+03 3.805191183762877927e+02 1.074227350373952561e+00
1.811784559885637464e+03 3.815191344874966717e+02 1.075148966913844983e+00
1.811805393237425051e+03 3.813913207691679759e+02 1.076593167736038525e+00
1.811826226588747886e+03 3.811827428671383586e+02 1.076264752985803375e+00
1.811847059939837891e+03 3.811562259299865900e+02 1.077213786849969157e+00
1.811867893290695065e+03 3.810425398676866848e+02 1.075845381543464763e+00
1.811888726641086123e+03 3.813393685401945277e+02 1.079514257993267279e+00
1.811909559991243896e+03 3.821897366509489871e+02 1.078219534005079971e+00
1.811930393340936462e+03 3.811368757686098547e+02 1.077365497151082430e+00
1.811951226690396425e+03 3.814523384606740706e+02 1.077977654160023446e+00
1.811972060039390954e+03 3.813906159498806687e+02 1.093073717575275383e+00
1.811992893388152424e+03 3.830998599214556180e+02 1.092371589743497129e+00
1.812013726736679928e+03 3.800999908045783968e+02 1.082713603998484153e+00
1.812034560084742452e+03 3.815145188826595017e+02 1.084026823845090082e+00
1.812055393432339997e+03 3.819884447822166180e+02 1.088388544778429390e+00
1.812076226779937542e+03 3.804467037736013708e+02 1.091234420542805506e+00
1.812097060127068971e+03 3.817860389218504906e+02 1.087912211726191458e+00
1.812117893473735421e+03 3.814402548868729923e+02 1.090320113886114051e+00
1.812138726820167903e+03 3.805331782376532601e+02 1.088078645247956722e+00
1.812159560166367555e+03 3.816220799916998203e+02 1.107448194080023818e+00
1.812180393512102455e+03 3.817631885968303322e+02 1.093204362190161039e+00
1.812201226857604070e+03 3.809835488363402192e+02 1.090588550996943518e+00
1.812222060202873536e+03 3.824822958704733651e+02 1.091969375767812389e+00
1.812242893547676431e+03 3.824872385431478961e+02 1.094070442125116616e+00
1.812263726892246950e+03 3.812509421235467926e+02 1.098279239979954802e+00
1.812284560236350899e+03 3.806164744664927753e+02 1.103558888895409540e+00
1.812305393580223154e+03 3.811117943936994834e+02 1.095660693321119483e+00
1.812326226923862123e+03 3.808671096174126092e+02 1.107507342449846721e+00
1.812347060267035886e+03 3.807818022954133426e+02 1.101062904858031599e+00
1.812367893609976591e+03 3.820483605320043807e+02 1.100967625366339853e+00
1.812388726952684010e+03 3.805996736762181172e+02 1.103290690225133375e+00
1.812409560295158599e+03 3.816549944034364330e+02 1.103473331687459646e+00
1.812430393637167981e+03 3.805782109579758412e+02 1.102780581731511944e+00
1.812451226978711475e+03 3.816441759795118855e+02 1.104606642724763166e+00
1.812472060320256332e+03 3.809226030225370891e+02 1.104217036315961353e+00
1.812513727002180531e+03 3.800740604233319004e+02 1.108269099953198111e+00
1.812534560342792020e+03 3.820465079436007159e+02 1.109757048678802205e+00
1.812555393682937847e+03 3.808095134665189221e+02 1.109107616600028212e+00
1.812576227022852436e+03 3.814156060174111076e+02 1.110603941297553243e+00
1.812597060362533512e+03 3.811742734044058238e+02 1.113399405650820739e+00
1.812617893701748926e+03 3.799765445598815745e+02 1.114423253099945832e+00
1.812638727040964568e+03 3.821559434913530708e+02 1.119490643634687865e+00
1.812659560379714094e+03 3.810272611514893129e+02 1.122584929619846017e+00
1.812680393717997958e+03 3.791471681052971121e+02 1.127458587951717828e+00
1.812701227056280914e+03 3.804971976047523299e+02 1.134334935513273912e+00
1.812722060394099572e+03 3.805380680328666472e+02 1.137622696683375345e+00
1.812742893731684944e+03 3.818075328234090762e+02 1.142685635717137993e+00
1.812763727069037941e+03 3.809781327822799426e+02 1.143442619168399066e+00
1.812784560406158107e+03 3.800493211067220614e+02 1.148226504503456535e+00
1.812805393743045443e+03 3.799838419475841533e+02 1.148810397481221379e+00
1.812826227079467117e+03 3.808515535055728947e+02 1.149635572326167532e+00
1.812847060415655051e+03 3.805199915539234894e+02 1.150771125080761292e+00
1.812867893751610154e+03 3.798579847525059563e+02 1.147817587110305571e+00
1.812888727087332882e+03 3.804401263235075135e+02 1.155623910840492430e+00
1.812909560422823461e+03 3.791991783497358597e+02 1.156344177947037144e+00
1.812930393757847924e+03 3.815945770194315969e+02 1.153403154025619770e+00
1.812951227092872614e+03 3.812561318508108457e+02 1.157181132909702592e+00
1.812972060427431416e+03 3.811678251668866437e+02 1.158899210650946809e+00
1.812992893761990445e+03 3.809616833526333153e+02 1.161426760439683292e+00
1.813013727096083130e+03 3.810336850602434993e+02 1.173374285055535760e+00
1.813034560429942530e+03 3.820141041913452113e+02 1.175810550565405954e+00
1.813055393763570009e+03 3.810576864608124765e+02 1.184797876801349625e+00
1.813076227096964885e+03 3.830301554867904201e+02 1.190120816549058880e+00
1.813097060430126476e+03 3.811428213560265590e+02 1.202190630844001795e+00
1.813117893763055463e+03 3.812159723646770431e+02 1.196305404862864297e+00
1.813138727095752074e+03 3.804808948230386818e+02 1.197546970983260239e+00
1.813159560428215400e+03 3.800789988848721919e+02 1.201523296773268523e+00
1.813180393760444986e+03 3.813045717886554371e+02 1.204782112651430426e+00
1.813201227092442423e+03 3.818843387303014083e+02 1.208399420060060070e+00
1.813222060424207484e+03 3.807976231005008572e+02 1.210609785465866173e+00
1.813242893755739487e+03 3.825276212985710913e+02 1.210625540635239750e+00
1.813263727087271491e+03 3.813200564048759702e+02 1.215158942936859665e+00
1.813284560418338060e+03 3.816138554195494521e+02 1.219358341292907655e+00
1.813305393749171571e+03 3.809633395410881462e+02 1.225351549813933572e+00
1.813326227080005083e+03 3.807422911320163621e+02 1.231179943124848464e+00
1.813347060410373160e+03 3.807974956272939835e+02 1.236188160474953612e+00
1.813367893740741010e+03 3.810403601417835944e+02 1.242136252443752475e+00
1.813388727070875120e+03 3.807469126141338620e+02 1.247862466432222650e+00
1.813409560400777082e+03 3.800237925394726517e+02 1.268411136342883605e+00
1.813430393730446440e+03 3.819765151112469539e+02 1.253165480799383946e+00
1.813451227060116025e+03 3.792247285515081785e+02 1.251906371768642501e+00
1.813472060389552553e+03 3.806444223843620875e+02 1.253399850664606241e+00
1.813492893718756022e+03 3.811086453331649864e+02 1.258875948183916460e+00
1.813513727047727116e+03 3.830481279336918305e+02 1.264173169472418534e+00
1.813534560376697982e+03 3.814847957126498841e+02 1.270603044416832583e+00
1.813555393705436018e+03 3.809092021253882194e+02 1.283017497810813534e+00
1.813576227033941450e+03 3.821605100473179846e+02 1.277712567480637107e+00
1.813597060362446882e+03 3.820205137916552758e+02 1.285442842106752748e+00
1.813617893690719029e+03 3.820315045903298596e+02 1.309927690344848683e+00
1.813638727018990494e+03 3.818481594172792484e+02 1.308304302031166211e+00
1.813659560346796980e+03 3.816549976389103449e+02 1.333374509572959665e+00
1.813680393674836978e+03 3.822812780766034848e+02 1.344068400785348727e+00
1.813701227002643463e+03 3.809839203870396886e+02 1.360897526991603712e+00
1.813722060330217573e+03 3.799932826438366646e+02 1.374482490947018798e+00
1.813742893657791456e+03 3.821521518866027236e+02 1.392342096686705943e+00
1.813763726985365565e+03 3.803214722987181631e+02 1.400856015220128814e+00
1.813784560312706390e+03 3.816000853923483191e+02 1.421533312981148933e+00
1.813805393640047441e+03 3.817001876381457350e+02 1.421332958152201398e+00
1.813826226967388948e+03 3.815863334134071465e+02 1.426006811406586028e+00
1.813847060294496941e+03 3.796620574454686903e+02 1.426374923223323377e+00
1.813867893621605390e+03 3.815752861452331217e+02 1.426964840761256736e+00
1.813888726948712929e+03 3.816756489993297237e+02 1.428329072557917190e+00
1.813909560275820468e+03 3.811141278284680993e+02 1.431939108257215487e+00
1.813930393602695858e+03 3.817994603421163902e+02 1.439104760095165636e+00
1.813951226929804534e+03 3.800897778620496865e+02 1.453572276199859514e+00
1.813972060256679924e+03 3.832481554932737708e+02 1.472548260764156014e+00
1.813992893583555542e+03 3.803984368475830706e+02 1.495441184889388708e+00
1.814013726910663991e+03 3.819097361955050474e+02 1.528513584774146228e+00
1.814034560237539608e+03 3.846117258031317760e+02 1.552755334100879958e+00
1.814055393564648966e+03 3.814172889405349451e+02 1.580153794710614346e+00
1.814076226891757415e+03 3.811801020898656134e+02 1.605160574560467790e+00
1.814097060218865408e+03 3.813761981511288468e+02 1.624214789609131238e+00
1.814117893545973857e+03 3.821596804784348933e+02 1.641698504234422984e+00
1.814138726873315136e+03 3.832922761599811565e+02 1.654997441961149729e+00
1.814159560200655960e+03 3.810643843150364773e+02 1.661510821463064502e+00
1.814180393528230070e+03 3.809589887795664254e+02 1.669177437092235206e+00
1.814201226855803952e+03 3.834367398660911022e+02 1.679659466176851135e+00
1.814222060183609983e+03 3.817262917431403366e+02 1.698550809925065019e+00
1.814242893511649072e+03 3.798924264821671386e+02 1.701787090629760968e+00
1.814263726839688388e+03 3.840723378162206245e+02 1.720645414287433672e+00
1.814284560167960990e+03 3.804895011519788568e+02 1.736496667223323520e+00
1.814305393496466422e+03 3.795883741944553549e+02 1.763521883005422008e+00
1.814326226825204458e+03 3.814138576248669779e+02 1.802651978962406476e+00
1.814347060154175551e+03 3.834910272608381092e+02 1.826451440311323449e+00
1.814367893483379476e+03 3.824126646779905059e+02 1.857742682990689120e+00
1.814388726813048606e+03 3.830214507202276764e+02 1.887543302632968878e+00
1.814409560142951022e+03 3.826953210537367340e+02 1.914214583602479980e+00
1.814430393473086042e+03 3.813099500619578066e+02 1.937682850731019313e+00
1.814451226803686495e+03 3.791326582241517826e+02 1.955499289285973941e+00
1.814472060134753065e+03 3.812184479362285856e+02 1.972151769206493377e+00
1.814492893466052465e+03 3.806914978591735235e+02 1.989117159995140716e+00
1.814513726798049902e+03 3.816973356578596395e+02 2.012826203629932476e+00
1.814534560130281079e+03 3.823073112085280627e+02 2.033321087701329688e+00
1.814555393463209839e+03 3.804623776700464077e+02 2.059198337786343647e+00
1.814576226796604487e+03 3.810873842426262854e+02 2.090576841885950277e+00
1.814597060130698083e+03 3.802358218750296146e+02 2.122015034657391830e+00
1.814617893465256429e+03 3.806221232731359123e+02 2.156297655546465908e+00
1.814638726800513950e+03 3.782707372248496540e+02 2.191719998289772597e+00
1.814659560136703021e+03 3.845985449847685231e+02 2.236727456499929545e+00
1.814680393473357071e+03 3.822672657159228038e+02 2.285923912023600124e+00
1.814701226810942899e+03 3.795350413821679467e+02 2.341825483463962243e+00
1.814722060149460049e+03 3.836015804045728146e+02 2.403132413101171760e+00
1.814742893488908067e+03 3.797531284486576624e+02 2.463789192867289035e+00
1.814763726829287862e+03 3.788828134368177416e+02 2.520127526038624666e+00
1.814784560170598979e+03 3.808029508055733459e+02 2.566230291782369388e+00
1.814805393512840965e+03 3.806335665460746895e+02 2.601753021687138290e+00
1.814826226856480389e+03 3.803165456144342897e+02 2.619940559499172483e+00
1.814847060201283057e+03 3.768738952910434818e+02 2.630067384676106013e+00
1.814867893547249878e+03 3.760653305982423262e+02 2.630594015013751896e+00
1.814888726894847423e+03 3.818415203046024544e+02 2.623268646386275549e+00
1.814909560243609121e+03 3.816430289232421273e+02 2.611902257992047449e+00
1.814930393594000407e+03 3.868121352370708337e+02 2.598457109717938085e+00
1.814951226946021507e+03 3.857854693318613499e+02 2.595370510309638057e+00
1.814972060299672421e+03 3.852406177164029941e+02 2.603613883794963169e+00
1.814992893654953605e+03 3.833625568279830986e+02 2.621695482112240683e+00
1.815013727012329582e+03 3.851471399009988090e+02 2.649971486783928132e+00
