1.816097106933593750e+03 1.135156737438105345e+01 9.137356817790969199e-01
1.816117919921875000e+03 1.094176256110928414e+01 9.119203032547418264e-01
1.816138732910156250e+03 1.030160339594980812e+01 9.121476355294260152e-01
1.816159606933593750e+03 1.052440523570461650e+01 9.147919572589238157e-01
1.816180419921875000e+03 1.212440393653324655e+01 9.132940208253538250e-01
1.816201232910156250e+03 1.035740011495583346e+01 9.177766314814441717e-01
1.816222106933593750e+03 9.824915021672644855e+00 9.123734085899070090e-01
1.816242919921875000e+03 9.790567516948543769e+00 9.136784716788367566e-01
1.816263732910156250e+03 1.067224376740314717e+01 9.114332286465459676e-01
1.816284606933593750e+03 1.112644367705815540e+01 9.116121689084248914e-01
1.816305419921875000e+03 1.001494965876444709e+01 9.142053606600957227e-01
1.816326232910156250e+03 1.105798973982067146e+01 9.116512021863319992e-01
1.816347106933593750e+03 1.025853668734670698e+01 9.113587061610942675e-01
1.816367919921875000e+03 1.014819129997658465e+01 9.114472234139674445e-01
1.816388732910156250e+03 1.043815438665391326e+01 9.122785782962254952e-01
1.816409606933593750e+03 9.625695443130183548e+00 9.141624591652904863e-01
1.816430419921875000e+03 1.080310543759492070e+01 9.115662683429317514e-01
1.816451232910156250e+03 1.107798411999057642e+01 9.117852560203023593e-01
1.816472106933593750e+03 1.002977062034434574e+01 9.116960851210567096e-01
1.816492919921875000e+03 1.063854155680302860e+01 9.118902037034842811e-01
1.816513732910156250e+03 1.142455961834252243e+01 9.124936391007794079e-01
1.816534606933593750e+03 1.101507428874477412e+01 9.122626688384090077e-01
1.816555419921875000e+03 1.024248962807219954e+01 9.138859961527372455e-01
1.816576232910156250e+03 1.012831117616631360e+01 9.113351611516947726e-01
1.816597106933593750e+03 1.080648130944651264e+01 9.125140842239164440e-01
1.816617919921875000e+03 1.053876518127219342e+01 9.120824184967885051e-01
1.816638732910156250e+03 9.877852539831794232e+00 9.111444241518769083e-01
1.816659606933593750e+03 1.084955190593221808e+01 9.152199679326310511e-01
1.816680419921875000e+03 1.061727744333245305e+01 9.116853957951830401e-01
1.816701232910156250e+03 1.034111395021258240e+01 9.121382257444466957e-01
1.816722106933593750e+03 1.145828758765233069e+01 9.122876599567868450e-01
1.816742919921875000e+03 1.087440726401167801e+01 9.148092235692334429e-01
1.816763732910156250e+03 1.025811301495386729e+01 9.129093427783609993e-01
1.816784606933593750e+03 1.037906912318580233e+01 9.134819599911363497e-01
1.816805419921875000e+03 9.892923806309392276e+00 9.111915888334469749e-01
1.816826232910156250e+03 1.027903750118039383e+01 9.203828600167452967e-01
1.816847106933593750e+03 9.720078000773680671e+00 9.113731925798889133e-01
1.816867919921875000e+03 1.109479641970866304e+01 9.135574836768090012e-01
1.816888732910156250e+03 1.053383997116871740e+01 9.120984617964968955e-01
1.816909606933593750e+03 1.089943921882875877e+01 9.173765829165948515e-01
1.816930419921875000e+03 1.111062016456125257e+01 9.148206256709645601e-01
1.816951232910156250e+03 1.047206669805170343e+01 9.112158897933516633e-01
1.816972106933593750e+03 1.053925188264300239e+01 9.128044796192668064e-01
1.816992919921875000e+03 1.027332779892685544e+01 9.151859389483734120e-01
1.817013732910156250e+03 1.139902713509007448e+01 9.123976127455309948e-01
1.817034606933593750e+03 1.072593150619617575e+01 9.117332189305848988e-01
1.817055419921875000e+03 9.884095149379110268e+00 9.131560762771477879e-01
1.817076232910156250e+03 1.206534331216046319e+01 9.129702897706007958e-01
1.817097106933593750e+03 1.037649608306771931e+01 9.115971305161759686e-01
1.817117919921875000e+03 1.099412607307020551e+01 9.115376937467393192e-01
1.817138732910156250e+03 1.152332047506257950e+01 9.197238133863903098e-01
1.817159606933593750e+03 1.132522580694900860e+01 9.120681720714898244e-01
1.817180419921875000e+03 9.677299593279416356e+00 9.113186465807522341e-01
1.817201232910156250e+03 1.029584355234091042e+01 9.127049594779931274e-01
1.817222106933593750e+03 1.045353719102826595e+01 9.144588165562346216e-01
1.817242919921875000e+03 1.093180171154654268e+01 9.136289236631911503e-01
1.817263732910156250e+03 1.050173502513498036e+01 9.114197568450111975e-01
1.817284606933593750e+03 1.055751201577942489e+01 9.116858207554845439e-01
1.817305419921875000e+03 1.128606143071526624e+01 9.152522698743901231e-01
1.817326232910156250e+03 1.095119918076285792e+01 9.137482062033855934e-01
1.817347106933593750e+03 1.064052182162372340e+01 9.149041824512903487e-01
1.817367919921875000e+03 1.106910592386045700e+01 9.135123985818821568e-01
1.817388732910156250e+03 1.019581018449312459e+01 9.110767146889280355e-01
1.817409606933593750e+03 1.059091675301225877e+01 9.114522261642029610e-01
1.817430419921875000e+03 1.068338759803463844e+01 9.134524339152676475e-01
1.817451232910156250e+03 1.087090350289575547e+01 9.116234148483272071e-01
1.817472106933593750e+03 1.163137635695673922e+01 9.135267856013689070e-01
1.817492919921875000e+03 1.169292944105155563e+01 9.129338918152234417e-01
1.817513732910156250e+03 1.043917544235936568e+01 9.117413254061867978e-01
1.817534545898437500e+03 1.054242498359216107e+01 9.129010508002749491e-01
1.817555419921875000e+03 1.120068834658519030e+01 9.133535717081621153e-01
1.817576232910156250e+03 1.010714753495467555e+01 9.118100314302031162e-01
1.817597045898437500e+03 1.058519664739398358e+01 9.119672317348456181e-01
1.817617858886718750e+03 1.050674698755494774e+01 9.120160204145359994e-01
1.817638732910156250e+03 1.044473221530127027e+01 9.116567922425856674e-01
1.817659545898437500e+03 1.075152922014529899e+01 9.116419507313784365e-01
1.817680358886718750e+03 1.064351727898190170e+01 9.120839868969853326e-01
1.817701232910156250e+03 1.023188301752138152e+01 9.137086754050423032e-01
1.817722045898437500e+03 1.074412900158908712e+01 9.116981772068685208e-01
1.817742858886718750e+03 1.025082985335961183e+01 9.159884906320591158e-01
1.817763732910156250e+03 1.075962582291742287e+01 9.131305867258563413e-01
1.817784545898437500e+03 1.119901290296802543e+01 9.120153341886456655e-01
1.817805358886718750e+03 1.178098236567163504e+01 9.122033081044048641e-01
1.817826232910156250e+03 1.123613798713576983e+01 9.136975529826971698e-01
1.817847045898437500e+03 1.158693604262396626e+01 9.134510309950943929e-01
1.817867858886718750e+03 1.108467785184448751e+01 9.117239683078725010e-01
1.817888732910156250e+03 1.187099674192810639e+01 9.127591287746222859e-01
1.817909545898437500e+03 1.066680383274545640e+01 9.129754800334639597e-01
1.817930358886718750e+03 1.072622611601642362e+01 9.127274895940299393e-01
1.817951232910156250e+03 9.975582648865145785e+00 9.114360733947073356e-01
1.817972045898437500e+03 1.111946273169327348e+01 9.137656553104080981e-01
1.817992858886718750e+03 1.059699467672954576e+01 9.120855879694044210e-01
1.818013732910156250e+03 1.038456664788327188e+01 9.143970561936317631e-01
1.818034545898437500e+03 9.904126165356826661e+00 9.141771293558378364e-01
1.818055358886718750e+03 9.506271469138285468e+00 9.139652363470314178e-01
1.818076232910156250e+03 1.101699216814779092e+01 9.121417870980957909e-01
1.818097045898437500e+03 1.041510648106732795e+01 9.157051910593186905e-01
1.818117858886718750e+03 1.053789590666825937e+01 9.121774978847303483e-01
1.818138732910156250e+03 1.006391408391966991e+01 9.211309630922723812e-01
1.818159545898437500e+03 1.047517727102359686e+01 9.125106223023744523e-01
1.818180358886718750e+03 1.002992534741860275e+01 9.128919099497535550e-01
1.818201232910156250e+03 1.052847382986586844e+01 9.135388887914849265e-01
1.818222045898437500e+03 1.159581923319225183e+01 9.127857714445072324e-01
1.818242858886718750e+03 1.084447094030494263e+01 9.124908956308673824e-01
1.818263732910156250e+03 1.023756820936374545e+01 9.143966976780303346e-01
1.818284545898437500e+03 1.100959660686224240e+01 9.139293345423306070e-01
1.818305358886718750e+03 1.081861425299245028e+01 9.157956963483196988e-01
1.818326232910156250e+03 1.072101039248923371e+01 9.134293343971526813e-01
1.818347045898437500e+03 1.066178924696401786e+01 9.124118540269333666e-01
1.818367858886718750e+03 1.032015461444595239e+01 9.119183424021767292e-01
1.818388732910156250e+03 1.093047464589973217e+01 9.160371952730013145e-01
1.818409545898437500e+03 1.011082580084664961e+01 9.183523147811374354e-01
1.818430358886718750e+03 1.084187280260746178e+01 9.212910693989662114e-01
1.818451232910156250e+03 1.062232934134514650e+01 9.130724574435271634e-01
1.818472045898437500e+03 1.090563716429891095e+01 9.137759289278547525e-01
1.818492858886718750e+03 1.110074425621123950e+01 9.126756694956656979e-01
1.818513732910156250e+03 1.069599957191681305e+01 9.127637651774777039e-01
1.818534545898437500e+03 1.040689514610983224e+01 9.119535717439795075e-01
1.818555358886718750e+03 1.103342558868563295e+01 9.212407338622300434e-01
1.818576232910156250e+03 1.205888756240971205e+01 9.156680555929067600e-01
1.818597045898437500e+03 1.082154157623465274e+01 9.126319776748194057e-01
1.818617858886718750e+03 1.040940357675423122e+01 9.166903420483117904e-01
1.818638732910156250e+03 1.068683252503112513e+01 9.161421763636454774e-01
1.818659545898437500e+03 1.122794878592160828e+01 9.135613004748733834e-01
1.818680358886718750e+03 1.144428791909528798e+01 9.136332946956131629e-01
1.818701232910156250e+03 1.077519111995161971e+01 9.141730543265226272e-01
1.818722045898437500e+03 1.047728983964364957e+01 9.133890719762156607e-01
1.818742858886718750e+03 1.095892042030828684e+01 9.146310065378400189e-01
1.818763732910156250e+03 1.220564119496044242e+01 9.137583821717175647e-01
1.818784545898437500e+03 1.104101571254337344e+01 9.145951308674918900e-01
1.818805358886718750e+03 1.100358900192260592e+01 9.133340590246710189e-01
1.818826232910156250e+03 1.152004206814729770e+01 9.206916196587360268e-01
1.818847045898437500e+03 1.075199760447306119e+01 9.129381682421628952e-01
1.818867858886718750e+03 1.235987157519574353e+01 9.132539156044789941e-01
1.818888732910156250e+03 1.090233660447512598e+01 9.125931169734786685e-01
1.818909545898437500e+03 1.018565607327104594e+01 9.165792459648284263e-01
1.818930358886718750e+03 1.241689517301261247e+01 9.185565121936944966e-01
1.818951232910156250e+03 1.039867562300698189e+01 9.145857788493511054e-01
1.818972045898437500e+03 1.199203287128377404e+01 9.148619326666675988e-01
1.818992858886718750e+03 1.198345227446939809e+01 9.142542580851449330e-01
1.819013732910156250e+03 1.148159185068853816e+01 9.128572391776040851e-01
1.819034545898437500e+03 1.179084256378960660e+01 9.177374690464737972e-01
1.819055358886718750e+03 1.156481208412000328e+01 9.138742236693826460e-01
1.819076232910156250e+03 1.100226826550104953e+01 9.133827746947775772e-01
1.819097045898437500e+03 1.096564591779208087e+01 9.126027180065449107e-01
1.819117858886718750e+03 1.169527392953998834e+01 9.141776509582788535e-01
1.819138732910156250e+03 1.186190080492134769e+01 9.127840410005924054e-01
1.819159545898437500e+03 1.144634903097668754e+01 9.127948807083859917e-01
1.819180358886718750e+03 1.066312379625249385e+01 9.135151389840151515e-01
1.819201232910156250e+03 1.156351655673558199e+01 9.133632626351659844e-01
1.819222045898437500e+03 1.077644581784419664e+01 9.164737946446951389e-01
1.819242858886718750e+03 1.085601948893693169e+01 9.136575959497730270e-01
1.819263732910156250e+03 1.150808717952845406e+01 9.127060043652380772e-01
1.819284545898437500e+03 1.091238439021993401e+01 9.144292568398159071e-01
1.819305358886718750e+03 1.092919647810447259e+01 9.143743390636962509e-01
1.819326232910156250e+03 1.064608052524660842e+01 9.129739458078908187e-01
1.819347045898437500e+03 1.123780254121305866e+01 9.124907976496464679e-01
1.819367858886718750e+03 1.154387798335540083e+01 9.142306572545034760e-01
1.819388732910156250e+03 1.083112227370716063e+01 9.188877456584380043e-01
1.819409545898437500e+03 9.646117499992566735e+00 9.134198399342964292e-01
1.819430358886718750e+03 1.079484576775983662e+01 9.170747339959620659e-01
1.819451232910156250e+03 1.127609023664239096e+01 9.160704118494070736e-01
1.819472045898437500e+03 1.209672349132970659e+01 9.136001526145173246e-01
1.819492858886718750e+03 1.193729255655793864e+01 9.128693838917011361e-01
1.819513732910156250e+03 1.059694120417858443e+01 9.128454207791968367e-01
1.819534545898437500e+03 1.061961075590650161e+01 9.125118960297520232e-01
1.819555358886718750e+03 1.120432386833995864e+01 9.125624844308306560e-01
1.819576232910156250e+03 1.114945406888311119e+01 9.139354324051345291e-01
1.819597045898437500e+03 1.109283081135710169e+01 9.138476779564905783e-01
1.819617858886718750e+03 1.090214280755587062e+01 9.124400746251514205e-01
1.819638732910156250e+03 1.116670435603395539e+01 9.131200773823171524e-01
1.819659545898437500e+03 1.010020704419458681e+01 9.137690798623911981e-01
1.819680358886718750e+03 1.083230992908378454e+01 9.139402584923081996e-01
1.819701232910156250e+03 1.096703262170386495e+01 9.169345630419045712e-01
1.819722045898437500e+03 1.090153029974864118e+01 9.128798961212979401e-01
1.819742858886718750e+03 1.085635338695374585e+01 9.141667950461154213e-01
1.819763732910156250e+03 1.111732386833013386e+01 9.162740119296146624e-01
1.819784545898437500e+03 1.165416429810009546e+01 9.148902405638067448e-01
1.819805358886718750e+03 1.036306387956763686e+01 9.123801701393087216e-01
1.819826232910156250e+03 1.087378854856839361e+01 9.126265568695770547e-01
1.819847045898437500e+03 1.237433172772598233e+01 9.131671726584896787e-01
1.819867858886718750e+03 1.124226204767711401e+01 9.156586494381815378e-01
1.819888732910156250e+03 1.032661776093191897e+01 9.141796069647819545e-01
1.819909545898437500e+03 1.099815346948280137e+01 9.132641623459075708e-01
1.819930358886718750e+03 1.176402688368382776e+01 9.141119267068609222e-01
1.819951232910156250e+03 1.223077485394471253e+01 9.130388053928476522e-01
1.819972045898437500e+03 1.122430674578440346e+01 9.179679708274618433e-01
1.819992858886718750e+03 1.137912728593245504e+01 9.124500038873163410e-01
1.820013732910156250e+03 1.128021582684789692e+01 9.161777962810199183e-01
1.820034545898437500e+03 1.148204124498386669e+01 9.134349135715592594e-01
1.820055358886718750e+03 1.082530148504723577e+01 9.136390683407131785e-01
1.820076232910156250e+03 1.109979352343562375e+01 9.134827756150454281e-01
1.820097045898437500e+03 1.099401093233601046e+01 9.135478274327236692e-01
1.820117858886718750e+03 1.170632403069986971e+01 9.149144432841620489e-01
1.820138732910156250e+03 1.077889684817087712e+01 9.186156894836464692e-01
1.820159545898437500e+03 1.132606005574682939e+01 9.130765047453108796e-01
1.820180358886718750e+03 9.701437393615288229e+00 9.127363055750052911e-01
1.820201232910156250e+03 1.153457978750247648e+01 9.126238791105281134e-01
1.820222045898437500e+03 1.120063455986971945e+01 9.155279947914352068e-01
1.820242858886718750e+03 1.171428502935596150e+01 9.137611544511402561e-01
1.820263732910156250e+03 1.049394602564192347e+01 9.126116658171764540e-01
1.820284545898437500e+03 1.163315043241484759e+01 9.130911923833581190e-01
1.820305358886718750e+03 1.134725211004523260e+01 9.153354291039867974e-01
1.820326232910156250e+03 1.175809918104980056e+01 9.152333186717822588e-01
1.820347045898437500e+03 1.089642517255275500e+01 9.152623965589040678e-01
1.820367858886718750e+03 1.169522679945468546e+01 9.128940645870495807e-01
1.820388732910156250e+03 1.153472621681840238e+01 9.181433978227224735e-01
1.820409545898437500e+03 1.210990984162670969e+01 9.139684318979912625e-01
1.820430358886718750e+03 1.065464164614460607e+01 9.153275498142422473e-01
1.820451232910156250e+03 1.108610856774021691e+01 9.211198008754615252e-01
1.820472045898437500e+03 1.199881680857696864e+01 9.155194010072126298e-01
1.820492858886718750e+03 1.104841825675716116e+01 9.128991899916956143e-01
1.820513732910156250e+03 1.157094211677476103e+01 9.160392774444184871e-01
1.820534545898437500e+03 1.110282041816905974e+01 9.122077839795899035e-01
1.820555358886718750e+03 1.118317115778978277e+01 9.123076850255494863e-01
1.820576232910156250e+03 1.075162727304274490e+01 9.139878006106370023e-01
1.820597045898437500e+03 1.231306274514907884e+01 9.150715988058035766e-01
1.820617858886718750e+03 1.143048936936146198e+01 9.130851541607601929e-01
1.820638732910156250e+03 1.207124276974010613e+01 9.158380657614103582e-01
1.820659545898437500e+03 1.238957955210047857e+01 9.128734973872643099e-01
1.820680358886718750e+03 1.045933728192155954e+01 9.138169244035955208e-01
1.820701232910156250e+03 1.106556868668014282e+01 9.137404436898085569e-01
1.820722045898437500e+03 1.082239397016754090e+01 9.134060711564712109e-01
1.820742858886718750e+03 1.212556339688916118e+01 9.132779985276975321e-01
1.820763732910156250e+03 1.176829994320963912e+01 9.144809775691763454e-01
1.820784545898437500e+03 1.092698258859065596e+01 9.125380560372691185e-01
1.820805358886718750e+03 1.146638068505797214e+01 9.148909897827882665e-01
1.820826232910156250e+03 1.092187821074515419e+01 9.160422054899665101e-01
1.820847045898437500e+03 1.036141634884668505e+01 9.121069244417194799e-01
1.820867858886718750e+03 9.976167761072145979e+00 9.139322693476892301e-01
1.820888732910156250e+03 1.095419190086235872e+01 9.154741846546042838e-01
1.820909545898437500e+03 1.169592827385504563e+01 9.159949977479969752e-01
1.820930358886718750e+03 1.103555460487091899e+01 9.135182056147505003e-01
1.820951232910156250e+03 1.086117475609204774e+01 9.186708403240158027e-01
1.820972045898437500e+03 1.136989813350930056e+01 9.161557088424125972e-01
1.820992858886718750e+03 1.144691979782854041e+01 9.128728444526982289e-01
1.821013732910156250e+03 1.165695373480365404e+01 9.134176865372383158e-01
1.821034545898437500e+03 1.156445427247536450e+01 9.138627119254353337e-01
1.821055358886718750e+03 1.017016259860363547e+01 9.126474888372401173e-01
1.821076232910156250e+03 1.157000316628014147e+01 9.131737977865929112e-01
1.821097045898437500e+03 1.182211080033375339e+01 9.127330077550538379e-01
1.821117858886718750e+03 1.118625749428833593e+01 9.129936620423352300e-01
1.821159545898437500e+03 1.064957514422622609e+01 9.134842111113565810e-01
1.821180358886718750e+03 1.241921329202018320e+01 9.129850770455659736e-01
1.821201232910156250e+03 1.050409315804393273e+01 9.138195008279171860e-01
1.821222045898437500e+03 1.162144569643029257e+01 9.135961076325342933e-01
1.821242858886718750e+03 1.122881393292518659e+01 9.144933940196264821e-01
1.821263732910156250e+03 1.152276974382356656e+01 9.145047022936912962e-01
1.821284545898437500e+03 1.057794619638812605e+01 9.127231795278948345e-01
1.821305358886718750e+03 1.217165544436887714e+01 9.143665492722653498e-01
1.821326232910156250e+03 1.120101083366130190e+01 9.131065651914632708e-01
1.821347045898437500e+03 1.153515205317566483e+01 9.125593819304672616e-01
1.821367858886718750e+03 1.224808100151398627e+01 9.187784073778119120e-01
1.821388732910156250e+03 1.124456230147504954e+01 9.127532189593763334e-01
1.821409545898437500e+03 1.094220595704650556e+01 9.138464387028972791e-01
1.821430358886718750e+03 1.052672778881957605e+01 9.122888359925500623e-01
1.821451232910156250e+03 1.154770316750320802e+01 9.129411715223906265e-01
1.821472045898437500e+03 9.861607434614763079e+00 9.129037930375836218e-01
1.821492858886718750e+03 1.164555286722458050e+01 9.128828016540878609e-01
1.821513732910156250e+03 1.120060405646730395e+01 9.138527980127321149e-01
1.821534545898437500e+03 1.094723890042519976e+01 9.204498525300789380e-01
1.821555358886718750e+03 1.122193419612238507e+01 9.140714335208810493e-01
1.821576232910156250e+03 1.116211332743343654e+01 9.129226946635362605e-01
1.821597045898437500e+03 9.885706888532483916e+00 9.119647154361126828e-01
1.821617858886718750e+03 1.168757412780903060e+01 9.188521983597647269e-01
1.821638732910156250e+03 1.111824537518049283e+01 9.156761923270084758e-01
1.821659545898437500e+03 1.077543685920658412e+01 9.144179150411676504e-01
1.821680358886718750e+03 1.201043845281715150e+01 9.141753363451771142e-01
1.821701232910156250e+03 1.119684471724823993e+01 9.132364893534438144e-01
1.821722045898437500e+03 1.115120402084112250e+01 9.158032461875703634e-01
1.821742858886718750e+03 1.175603764558505659e+01 9.128173433075436050e-01
1.821763732910156250e+03 1.290132503645725848e+01 9.137849957069832385e-01
1.821784545898437500e+03 1.161508024199452471e+01 9.153636246843956936e-01
1.821805358886718750e+03 1.218338913019702474e+01 9.143416801634421942e-01
1.821826232910156250e+03 1.115127624398590633e+01 9.129165573909339138e-01
1.821847045898437500e+03 1.140841812495922092e+01 9.129170144232943152e-01
1.821867858886718750e+03 1.225853096847627377e+01 9.161775035202200934e-01
1.821888732910156250e+03 1.113591569797823411e+01 9.133837861781425316e-01
1.821909545898437500e+03 1.102939206880036416e+01 9.140237653301236387e-01
1.821930358886718750e+03 1.234096840544952656e+01 9.150606232243414517e-01
1.821951232910156250e+03 1.101158096873845160e+01 9.131798027872867207e-01
1.821972045898437500e+03 1.156602526949735221e+01 9.139354324051345291e-01
1.821992858886718750e+03 9.943533677623312528e+00 9.132293425363625650e-01
1.822013732910156250e+03 1.080357820343592223e+01 9.135144865080625509e-01
1.822034545898437500e+03 1.152467375363721835e+01 9.135582992332905716e-01
1.822055358886718750e+03 1.051394645931211791e+01 9.128799940607560393e-01
1.822076232910156250e+03 1.136909896943666176e+01 9.136136901255645926e-01
1.822097045898437500e+03 1.092113842553973768e+01 9.131327734374156124e-01
1.822117858886718750e+03 1.146903695876618023e+01 9.132509786191762569e-01
1.822138732910156250e+03 1.206160311038480160e+01 9.131316637635473743e-01
1.822159545898437500e+03 1.135760681295858454e+01 9.192007684707749204e-01
1.822180358886718750e+03 1.181972118389662718e+01 9.153576014520619086e-01
1.822201232910156250e+03 1.024975971307922329e+01 9.166426799988151020e-01
1.822222045898437500e+03 1.224905887844508356e+01 9.133334064193566748e-01
1.822242858886718750e+03 1.103804253829300741e+01 9.133446964255488298e-01
1.822263732910156250e+03 1.070850521033954372e+01 9.191287239753592742e-01
1.822284545898437500e+03 9.262989150661816495e+00 9.130867208385676781e-01
1.822305358886718750e+03 1.164165140911884500e+01 9.163876816997713615e-01
1.822326232910156250e+03 1.086238789139201799e+01 9.138399489000565978e-01
1.822347045898437500e+03 1.183872446942482703e+01 9.186595184509910306e-01
1.822367858886718750e+03 1.108933942419663943e+01 9.128209999574159461e-01
1.822388732910156250e+03 1.166714251749312581e+01 9.132750616198426208e-01
1.822409545898437500e+03 1.119692234257050600e+01 9.145414287783439899e-01
1.822430358886718750e+03 1.106256573124415965e+01 9.162168952717287818e-01
1.822451232910156250e+03 1.231557280221059258e+01 9.133499171904719827e-01
1.822472045898437500e+03 1.193107495132075435e+01 9.148057703332427293e-01
1.822492858886718750e+03 1.130075273207071085e+01 9.146399345059731401e-01
1.822513732910156250e+03 1.216853141211455736e+01 9.158405714180001267e-01
1.822534545898437500e+03 1.198456985331010571e+01 9.139188017743834491e-01
1.822555358886718750e+03 1.153889380704308998e+01 9.192579266702040064e-01
1.822576232910156250e+03 1.174892296804135405e+01 9.129343161943647145e-01
1.822597045898437500e+03 1.078765105441058481e+01 9.151043293575923387e-01
1.822617858886718750e+03 1.109266343694849155e+01 9.136894964807842356e-01
1.822638732910156250e+03 1.268696499068441064e+01 9.133856133710593905e-01
1.822659545898437500e+03 1.095654876454954874e+01 9.137677426579060569e-01
1.822680358886718750e+03 1.215712080172234977e+01 9.148217984505108147e-01
1.822701232910156250e+03 1.158406260369021012e+01 9.151354955710432337e-01
1.822722045898437500e+03 1.191464801713036259e+01 9.128300435732051854e-01
1.822742858886718750e+03 1.152581526082778929e+01 9.140751503615131002e-01
1.822763732910156250e+03 1.221466859512261394e+01 9.181585886649479278e-01
1.822784545898437500e+03 1.112162227608193099e+01 9.142257023065998300e-01
1.822805358886718750e+03 1.152808571855131525e+01 9.131552603614332408e-01
1.822826232910156250e+03 1.266589732195983586e+01 9.158059471925305006e-01
1.822847045898437500e+03 1.195382082460525375e+01 9.129633367307131708e-01
1.822867858886718750e+03 1.113123136691228687e+01 9.140172441804923498e-01
1.822888732910156250e+03 1.074861366518613615e+01 9.142930481820922273e-01
1.822909545898437500e+03 1.153122178138780640e+01 9.129754800334639597e-01
1.822930358886718750e+03 1.213535389282582955e+01 9.142483579346011302e-01
1.822951232910156250e+03 1.151017436690831275e+01 9.159380914535877327e-01
1.822972045898437500e+03 1.041216352475901630e+01 9.160709323738303045e-01
1.822992858886718750e+03 1.136100506387171905e+01 9.153202239674755880e-01
1.823013732910156250e+03 1.216734671478865870e+01 9.140692816588703584e-01
1.823034545898437500e+03 1.147208429693248988e+01 9.137501631291735649e-01
1.823055358886718750e+03 1.196420140565053281e+01 9.173708652809111630e-01
1.823076232910156250e+03 1.161275145621653770e+01 9.151875997224282466e-01
1.823097045898437500e+03 1.191825764879677685e+01 9.137659814587689722e-01
1.823117858886718750e+03 1.177322923576445390e+01 9.150688630648780020e-01
1.823138732910156250e+03 1.092256185702818883e+01 9.146366109659747057e-01
1.823159545898437500e+03 1.156398349109802837e+01 9.147643304845479717e-01
1.823180358886718750e+03 1.089757873033702928e+01 9.133182005835208672e-01
1.823201232910156250e+03 1.141660543737656397e+01 9.133195384461870736e-01
1.823222045898437500e+03 1.116513025869761933e+01 9.134117809828906642e-01
1.823242858886718750e+03 1.156545306792981087e+01 9.133783045774607201e-01
1.823263732910156250e+03 1.269032946326620603e+01 9.141879525455067768e-01
1.823284545898437500e+03 1.075169817065030387e+01 9.135651498789920666e-01
1.823305358886718750e+03 1.152437849963396488e+01 9.139974848130425489e-01
1.823326232910156250e+03 1.198247503819514037e+01 9.149411860569666155e-01
1.823347045898437500e+03 1.178666053051191653e+01 9.154044513874201039e-01
1.823367858886718750e+03 1.165039103084343886e+01 9.135941177557930226e-01
1.823388732910156250e+03 9.891424160905339491e+00 9.128903755837305400e-01
1.823409545898437500e+03 1.281356869313604463e+01 9.148857452370329213e-01
1.823430358886718750e+03 1.159652737794573163e+01 9.138953553318516221e-01
1.823451232910156250e+03 1.160677794239417260e+01 9.143533162526897851e-01
1.823472045898437500e+03 1.116436767396347740e+01 9.159470717555675545e-01
1.823492858886718750e+03 1.237271342893870596e+01 9.147323371159860050e-01
1.823513732910156250e+03 1.149604432734482096e+01 9.155616855538291077e-01
1.823534545898437500e+03 1.233187743025753669e+01 9.148473711862409319e-01
1.823555358886718750e+03 1.255228791302295832e+01 9.135898443992906959e-01
1.823576232910156250e+03 1.125571005916167877e+01 9.137800383424916628e-01
1.823597045898437500e+03 1.178431283511968353e+01 9.138203813763362549e-01
1.823617858886718750e+03 1.087956888437405034e+01 9.148216681417465912e-01
1.823638732910156250e+03 1.097185365821481895e+01 9.143886473361465539e-01
1.823659545898437500e+03 1.171944891280419832e+01 9.178476456643283043e-01
1.823680358886718750e+03 1.172804465737529789e+01 9.140384051415788580e-01
1.823701232910156250e+03 1.197651915486072305e+01 9.147887971630771498e-01
1.823722045898437500e+03 1.074143845960871957e+01 9.155318684784022887e-01
1.823742858886718750e+03 1.141689939283776312e+01 9.134193505263199508e-01
1.823763732910156250e+03 1.271560322424612188e+01 9.155657869532971560e-01
1.823784545898437500e+03 1.213872098332255156e+01 9.158162955474458133e-01
1.823805358886718750e+03 1.202111854287429971e+01 9.134310636185953847e-01
1.823826232910156250e+03 1.173482458953276186e+01 9.138842677921027446e-01
1.823847045898437500e+03 1.127007818585787824e+01 9.128372588125196474e-01
1.823867858886718750e+03 1.106556055454233523e+01 9.157919214053538148e-01
1.823888732910156250e+03 1.082431377541446516e+01 9.130845013775470420e-01
1.823909545898437500e+03 1.178981621349599607e+01 9.134113241980905684e-01
1.823930358886718750e+03 1.148785068596642667e+01 9.161300099741144232e-01
1.823951232910156250e+03 1.148794935721765853e+01 9.140357967290881902e-01
1.823972045898437500e+03 1.145040051711886342e+01 9.135795360677532173e-01
1.823992858886718750e+03 1.119331632146777800e+01 9.145010197875196312e-01
1.824013732910156250e+03 1.262340161300209118e+01 9.164326253414165624e-01
1.824034545898437500e+03 1.204502958927834833e+01 9.152728161816435781e-01
1.824055358886718750e+03 1.254210434246105521e+01 9.139598560574184738e-01
1.824076232910156250e+03 1.079807614422890794e+01 9.161017078546553893e-01
1.824097045898437500e+03 1.179481314264429948e+01 9.141554173902050051e-01
1.824117858886718750e+03 1.229121165192390386e+01 9.141542437557503842e-01
1.824138732910156250e+03 1.155520138291880272e+01 9.139736817074558539e-01
1.824159545898437500e+03 1.222780668069757048e+01 9.148014049030519512e-01
1.824180358886718750e+03 1.199452217569259282e+01 9.163505413687209611e-01
1.824201232910156250e+03 1.152518709364177774e+01 9.162538133362316817e-01
1.824222045898437500e+03 1.220582966572049877e+01 9.203490543068202356e-01
1.824242858886718750e+03 1.136314814235725379e+01 9.142592454755212872e-01
1.824263732910156250e+03 1.109145157212464028e+01 9.135493606945133127e-01
1.824284545898437500e+03 1.173028285440482144e+01 9.199246611016395070e-01
1.824305358886718750e+03 1.144086523864614868e+01 9.137646116348711045e-01
1.824326232910156250e+03 1.075522491566566075e+01 9.140406222863433072e-01
1.824347045898437500e+03 1.060955512179278237e+01 9.145571682488532472e-01
1.824367858886718750e+03 1.186390354432738015e+01 9.144043242523324233e-01
1.824388732910156250e+03 1.227243913267387576e+01 9.139548018171121946e-01
1.824409545898437500e+03 1.276234047009657324e+01 9.141795743647078698e-01
1.824430358886718750e+03 1.270241666589200769e+01 9.159321045366857206e-01
1.824451232910156250e+03 1.152244953458193422e+01 9.155592442358989613e-01
1.824472045898437500e+03 1.214082203616938749e+01 9.142344712421645037e-01
1.824492858886718750e+03 1.214213955431522329e+01 9.144449330598070080e-01
1.824513732910156250e+03 1.253094584150538537e+01 9.154943353424577213e-01
1.824534545898437500e+03 1.264261792162541376e+01 9.153806523105962878e-01
1.824555358886718750e+03 1.256569753345182683e+01 9.158079648054957556e-01
1.824576171875000000e+03 1.237969156937000648e+01 9.148752560553288227e-01
1.824596984863281250e+03 1.199387205982714377e+01 9.143749909260788789e-01
1.824617858886718750e+03 1.167423951190522047e+01 9.144322226317773694e-01
1.824638671875000000e+03 1.227795493611193400e+01 9.211256570118727671e-01
1.824659484863281250e+03 1.143293189909003793e+01 9.139825834893712253e-01
1.824680358886718750e+03 1.223753376875936461e+01 9.146494814703662879e-01
1.824701171875000000e+03 1.180264449043446184e+01 9.151200591465773471e-01
1.824721984863281250e+03 1.153131858024438117e+01 9.177609147514156351e-01
1.824742858886718750e+03 1.178708592510240649e+01 9.207957464346091525e-01
1.824763671875000000e+03 1.124747696317209744e+01 9.167481118924744043e-01
1.824784484863281250e+03 1.184582437254201359e+01 9.159553686954493568e-01
1.824805358886718750e+03 1.232567909252660421e+01 9.143025987686028699e-01
1.824826171875000000e+03 1.337779466941271167e+01 9.152440316850447566e-01
1.824846984863281250e+03 1.261013536744426666e+01 9.184113105292611712e-01
1.824867858886718750e+03 1.171775568350499874e+01 9.156472577719453332e-01
1.824888671875000000e+03 1.207257159730068530e+01 9.146035378265692239e-01
1.824909484863281250e+03 1.186419074527920969e+01 9.147812715300452924e-01
1.824930358886718750e+03 1.191509400676457631e+01 9.146831068448887381e-01
1.824951171875000000e+03 1.253465688665220412e+01 9.143801406225647854e-01
1.824971984863281250e+03 1.240327216097695739e+01 9.155656241997001121e-01
1.824992858886718750e+03 1.215569887979545705e+01 9.136202467756781020e-01
1.825013671875000000e+03 1.242939983815125871e+01 9.142622444161132567e-01
1.825034484863281250e+03 1.162792975579430355e+01 9.158667990482775023e-01
1.825055358886718750e+03 1.152637195401547743e+01 9.155366535984981180e-01
1.825076171875000000e+03 1.220578138816596514e+01 9.151125688045907980e-01
1.825096984863281250e+03 1.195972727649014899e+01 9.174227775069674351e-01
1.825117858886718750e+03 1.236126853518427460e+01 9.140872462908748997e-01
1.825138671875000000e+03 1.300995666036757115e+01 9.149994246163148937e-01
1.825159484863281250e+03 1.238940927281720583e+01 9.153701688000079884e-01
1.825180358886718750e+03 1.254062488391333829e+01 9.160240189222620399e-01
1.825201171875000000e+03 1.264020493638619946e+01 9.144673225379437165e-01
1.825221984863281250e+03 1.265274985337306290e+01 9.146445287913792521e-01
1.825242858886718750e+03 1.286365913980241871e+01 9.139320410853881693e-01
1.825263671875000000e+03 1.152792434696045909e+01 9.139399650147618237e-01
1.825284484863281250e+03 1.135830610171949751e+01 9.233344858095801078e-01
1.825305358886718750e+03 1.169493583013486848e+01 9.137100126959717405e-01
1.825326171875000000e+03 1.301604611500645348e+01 9.178261179395932334e-01
1.825346984863281250e+03 1.186571252287771649e+01 9.152632431576790406e-01
1.825367858886718750e+03 1.154863701107131746e+01 9.141506576411366769e-01
1.825388671875000000e+03 1.198042681508831819e+01 9.156765503416481877e-01
1.825409484863281250e+03 1.179151992629853929e+01 9.141983518148723009e-01
1.825430358886718750e+03 1.181687009701779267e+01 9.153886288143100458e-01
1.825451171875000000e+03 1.282562021583042977e+01 9.150613397351596845e-01
1.825471984863281250e+03 1.116496082710543369e+01 9.142647869884749090e-01
1.825492858886718750e+03 1.158701496020495192e+01 9.142757069303991679e-01
1.825513671875000000e+03 1.219913978353014983e+01 9.149687423474142101e-01
1.825534484863281250e+03 1.284500380073232328e+01 9.165371709445907511e-01
1.825555358886718750e+03 1.199642512205635114e+01 9.156971522210407555e-01
1.825576171875000000e+03 1.216575554057341968e+01 9.163452401304050809e-01
1.825596984863281250e+03 1.169961715701472471e+01 9.159682857424663593e-01
1.825617858886718750e+03 1.201968160390345020e+01 9.149635308194774552e-01
1.825638671875000000e+03 1.170452923556271507e+01 9.146130200016323597e-01
1.825659484863281250e+03 1.198603971659749590e+01 9.161601003490537076e-01
1.825680358886718750e+03 1.170156556855134333e+01 9.144787940814573801e-01
1.825701171875000000e+03 1.303297047567409983e+01 9.175982437753874565e-01
1.825721984863281250e+03 1.116443005991044757e+01 9.173132321221666441e-01
1.825742858886718750e+03 1.120925833725846665e+01 9.151101588554372279e-01
1.825763671875000000e+03 1.214099056442810998e+01 9.145855181645485832e-01
1.825784484863281250e+03 1.314486038793248746e+01 9.151833012422097013e-01
1.825805358886718750e+03 1.145047964800222573e+01 9.200315632796111087e-01
1.825826171875000000e+03 1.130843231694395890e+01 9.139102580777795914e-01
1.825846984863281250e+03 1.226411760298275055e+01 9.161307256485593520e-01
1.825867858886718750e+03 1.278988887974552213e+01 9.145661621103852168e-01
1.825888671875000000e+03 1.099515351187431733e+01 9.150968714542494498e-01
1.825909484863281250e+03 1.145581823968243107e+01 9.182666700944290827e-01
1.825930358886718750e+03 1.214308404085319637e+01 9.168222613206713500e-01
1.825951171875000000e+03 1.130669569458448187e+01 9.158880799729960387e-01
1.825971984863281250e+03 1.155265350947465564e+01 9.175999651405009061e-01
1.825992858886718750e+03 1.089044599115615952e+01 9.153233822286049870e-01
1.826013671875000000e+03 1.258256777869158860e+01 9.157421622975805420e-01
1.826034484863281250e+03 1.162338716837467700e+01 9.183385875041586432e-01
1.826055358886718750e+03 1.227546564550628361e+01 9.160422054899665101e-01
1.826076171875000000e+03 1.236850341230852912e+01 9.191427312681721418e-01
1.826096984863281250e+03 1.158753765599704444e+01 9.163601355564070516e-01
1.826117858886718750e+03 1.197249862624444638e+01 9.166411193986777617e-01
1.826159484863281250e+03 1.135624647902564632e+01 9.184155939013586289e-01
1.826180358886718750e+03 1.289964600840733588e+01 9.187032480087157227e-01
1.826201171875000000e+03 1.161900973605397702e+01 9.186170196311141956e-01
1.826221984863281250e+03 1.214193167616758551e+01 9.174152734806934051e-01
1.826242858886718750e+03 1.107909661629817144e+01 9.186139051364574648e-01
1.826263671875000000e+03 1.164823075891342441e+01 9.175402026502499364e-01
1.826284484863281250e+03 1.129935541662746701e+01 9.199405352406786474e-01
1.826305358886718750e+03 1.175345072914824840e+01 9.179058621556094311e-01
1.826326171875000000e+03 1.015415229642153072e+01 9.179518353141599141e-01
1.826346984863281250e+03 1.222153317464184497e+01 9.185691331088055023e-01
1.826367858886718750e+03 1.152959429556718440e+01 9.187341299437994380e-01
1.826388671875000000e+03 1.154949707712126461e+01 9.192125051579052020e-01
1.826409484863281250e+03 1.145107309729745459e+01 9.199274147984569661e-01
1.826430358886718750e+03 1.240644032360138915e+01 9.211981923664096517e-01
1.826451171875000000e+03 1.252184202679297798e+01 9.206646554749067235e-01
1.826471984863281250e+03 1.288465522923184281e+01 9.216303743272730165e-01
1.826492858886718750e+03 1.275807197505108803e+01 9.209771714275440946e-01
1.826513671875000000e+03 1.193280344502745116e+01 9.214610447341685662e-01
1.826534484863281250e+03 1.240554312243645896e+01 9.216286604899265322e-01
1.826555358886718750e+03 1.233492308317727293e+01 9.221400510292122599e-01
1.826576171875000000e+03 1.195837330078123451e+01 9.217721267457184009e-01
1.826596984863281250e+03 1.267502140556917389e+01 9.233318713815823475e-01
1.826617858886718750e+03 1.235977104988334219e+01 9.239105123353515969e-01
1.826638671875000000e+03 1.321419157980059289e+01 9.322714918855555810e-01
1.826659484863281250e+03 1.164799030883853703e+01 9.248138717308114209e-01
1.826680358886718750e+03 1.104501444594817272e+01 9.246297507706161545e-01
1.829055297851562500e+03 1.034158946525156964e+01 9.194102231143380655e-01
1.829076110839843750e+03 1.031400142216468296e+01 9.197295812013298599e-01
1.829096984863281250e+03 9.475475797423206004e+00 9.243494865192789511e-01
1.829117797851562500e+03 1.063962736754893612e+01 9.206093650987113852e-01
1.829138610839843750e+03 1.074599580617985595e+01 9.200422204218978717e-01
1.829159484863281250e+03 9.818609902786906929e+00 9.205294989563297392e-01
1.829180297851562500e+03 1.014248773861826258e+01 9.204458052715798200e-01
1.829201110839843750e+03 1.064097907540908849e+01 9.254984363313940587e-01
1.829221984863281250e+03 1.032710572955912731e+01 9.222436588035225480e-01
1.829242797851562500e+03 1.086568342222889783e+01 9.199715700110525640e-01
1.829263610839843750e+03 1.078833910802728546e+01 9.200385924724252540e-01
1.829284484863281250e+03 1.086581447386986810e+01 9.249984071047702150e-01
1.829305297851562500e+03 1.013064180667828751e+01 9.206370754447054106e-01
1.829326110839843750e+03 9.800349576579307609e+00 9.235538131863975098e-01
1.829346984863281250e+03 9.556770221602368665e+00 9.206732012320927305e-01
1.829367797851562500e+03 1.018730514039418011e+01 9.198134696568088797e-01
1.829388610839843750e+03 1.124359358786575669e+01 9.219602448442517639e-01
1.829409484863281250e+03 9.860991898394090072e+00 9.198907089623428179e-01
1.829430297851562500e+03 1.134651481339381185e+01 9.206672774770240375e-01
1.829451110839843750e+03 1.095466218297242200e+01 9.207523428280947053e-01
1.829471984863281250e+03 1.057111218598891789e+01 9.215701294146924072e-01
1.829492797851562500e+03 1.054920314427688233e+01 9.225309592120206625e-01
1.829513610839843750e+03 9.937458924451448183e+00 9.204143331822497442e-01
1.829534484863281250e+03 8.955709524755787854e+00 9.227660447314509629e-01
1.829555297851562500e+03 1.038017548042746618e+01 9.224983952412694199e-01
1.829576110839843750e+03 1.164260004470028953e+01 9.210862487021602707e-01
1.829596984863281250e+03 1.086411313721923122e+01 9.205880638218106871e-01
1.829617797851562500e+03 1.011086283598680957e+01 9.203901779475501810e-01
1.829638610839843750e+03 1.058351138106930023e+01 9.219926662029271913e-01
1.829659484863281250e+03 9.966550884326139226e+00 9.221109637846522933e-01
1.829680297851562500e+03 1.114534184767758340e+01 9.214717176860944825e-01
1.829701110839843750e+03 1.103674649551646780e+01 9.227035484497096984e-01
1.829721984863281250e+03 1.060238380866668884e+01 9.221206919541160563e-01
1.829742797851562500e+03 1.030569841682501497e+01 9.254012152732881136e-01
1.829763610839843750e+03 1.132682302897513615e+01 9.219923106408696167e-01
1.829784484863281250e+03 1.052060605566648199e+01 9.206071961462458653e-01
1.829805297851562500e+03 1.072302009903918929e+01 9.256184108790665999e-01
1.829826110839843750e+03 9.447578924637220155e+00 9.212780652371416190e-01
1.829846984863281250e+03 1.086628318798504900e+01 9.223869001636988418e-01
1.829867797851562500e+03 1.134523697949963861e+01 9.218877047940257086e-01
1.829888610839843750e+03 1.029983460673723528e+01 9.207915712325417390e-01
1.829909484863281250e+03 1.087787030194829541e+01 9.215717463451511549e-01
1.829930297851562500e+03 1.021010698581535969e+01 9.227883292035184981e-01
1.829951110839843750e+03 9.859538070812240207e+00 9.222449514034214424e-01
1.829971984863281250e+03 1.134434713233696890e+01 9.236887852952587741e-01
1.829992797851562500e+03 1.076124303809971927e+01 9.211432251977252905e-01
1.830013610839843750e+03 1.021665437703824963e+01 9.222702536816191898e-01
1.830034484863281250e+03 9.996441298128909025e+00 9.219088467349034755e-01
1.830055297851562500e+03 1.022395296494003070e+01 9.258290531999165962e-01
1.830076110839843750e+03 9.482876573611061843e+00 9.205816862919712351e-01
1.830096984863281250e+03 1.036417778279721702e+01 9.216433735181027709e-01
1.830117797851562500e+03 9.653381395966066592e+00 9.252855929682115566e-01
1.830138610839843750e+03 1.148266695648786317e+01 9.232234467923864374e-01
1.830159484863281250e+03 1.081855491537751845e+01 9.232470437009506758e-01
1.830180297851562500e+03 1.035723443978926817e+01 9.240147601719823633e-01
1.830201110839843750e+03 1.098000865799483527e+01 9.215546714163029840e-01
1.830221984863281250e+03 1.001714510665056146e+01 9.209828343153392272e-01
1.830242797851562500e+03 1.093092112884921718e+01 9.229190862263694228e-01
1.830263610839843750e+03 1.056270252303946933e+01 9.216159521248856734e-01
1.830284484863281250e+03 1.055651029881292224e+01 9.223480304125620810e-01
1.830305297851562500e+03 9.805162191466148869e+00 9.202805647951923795e-01
1.830326110839843750e+03 1.170218996970299763e+01 9.215350089851099824e-01
1.830346984863281250e+03 1.096349416204647476e+01 9.250078793782927633e-01
1.830367797851562500e+03 1.097455517381081158e+01 9.212606613701693759e-01
1.830388610839843750e+03 1.199750462088490544e+01 9.222599131154026741e-01
1.830409484863281250e+03 1.133756132346957912e+01 9.217734200068451456e-01
1.830430297851562500e+03 9.771008893397697292e+00 9.212903253847078977e-01
1.830451110839843750e+03 1.030346365603816494e+01 9.218772629532275831e-01
1.830471984863281250e+03 1.026284075474205260e+01 9.225328005926960451e-01
1.830492797851562500e+03 1.044484800174951111e+01 9.245946498612088726e-01
1.830513610839843750e+03 1.075444137501287400e+01 9.239286726900407531e-01
1.830534484863281250e+03 1.117556815675193960e+01 9.230570892272518257e-01
1.830555297851562500e+03 9.428468123564178072e+00 9.320296588893716150e-01
1.830576110839843750e+03 1.060559828918256287e+01 9.239113832663720105e-01
1.830596984863281250e+03 1.038809760682142702e+01 9.213108987749673018e-01
1.830617797851562500e+03 1.128197730164986012e+01 9.219127905907057441e-01
1.830638610839843750e+03 1.075100824754117923e+01 9.215550918255469570e-01
1.830659484863281250e+03 1.039888929205624812e+01 9.207484587367237294e-01
1.830680297851562500e+03 1.085496469617731741e+01 9.205740785209234334e-01
1.830701110839843750e+03 9.204381672937872239e+00 9.203703934962083055e-01
1.830721984863281250e+03 9.855858037704788188e+00 9.241213182055827424e-01
1.830742797851562500e+03 1.088610552584765756e+01 9.203111671217898415e-01
1.830763610839843750e+03 1.051606748688941195e+01 9.213983305587035710e-01
1.830784484863281250e+03 1.046826818019678029e+01 9.219347077770204679e-01
1.830805297851562500e+03 1.072331294986807038e+01 9.204280295015278002e-01
1.830826110839843750e+03 1.096675619314993355e+01 9.203254478592977073e-01
1.830846984863281250e+03 1.158158799941463890e+01 9.217623948975394166e-01
1.830867797851562500e+03 1.185209064822538672e+01 9.202398572661779630e-01
1.830888610839843750e+03 9.544609487859391450e+00 9.199841067247461757e-01
1.830909484863281250e+03 1.164755516586580697e+01 9.206730070112193465e-01
1.830930297851562500e+03 1.084280490762312787e+01 9.211993893783241294e-01
1.830951110839843750e+03 1.133319019838877040e+01 9.200115119690672749e-01
1.830971984863281250e+03 1.106531253681285598e+01 9.199538174730643725e-01
1.830992797851562500e+03 1.027637455952035950e+01 9.202995415958853398e-01
1.831013610839843750e+03 1.093801740036917991e+01 9.196408241344736778e-01
1.831034484863281250e+03 1.131684839240366180e+01 9.216570192375926895e-01
1.831055297851562500e+03 1.134860916802895048e+01 9.206411218623558046e-01
1.831076110839843750e+03 1.073067553266451313e+01 9.197646409611649476e-01
1.831096984863281250e+03 1.113993554636545547e+01 9.207023338990986128e-01
1.831117797851562500e+03 1.117161668115332063e+01 9.191551171687070143e-01
1.831138610839843750e+03 9.900603516746752319e+00 9.188536254675946369e-01
1.831159484863281250e+03 1.073798599094593520e+01 9.247781655074488460e-01
1.831180297851562500e+03 9.787702185587384918e+00 9.197714777826436761e-01
1.831201110839843750e+03 1.069348609143854922e+01 9.208993760040452559e-01
1.831221984863281250e+03 1.071443509545845885e+01 9.188479818918642295e-01
1.831242797851562500e+03 1.133215819814309633e+01 9.199786320568331677e-01
1.831263610839843750e+03 1.177105589436337674e+01 9.193218890628809259e-01
1.831284484863281250e+03 1.109969266584129066e+01 9.209234207987697651e-01
1.831305297851562500e+03 1.104094333770807523e+01 9.242973184604659220e-01
1.831326110839843750e+03 1.033806768901282425e+01 9.211646430484121684e-01
1.831346984863281250e+03 1.165585874390594157e+01 9.192195081926533007e-01
1.831367797851562500e+03 1.117619308051230753e+01 9.267880401666144241e-01
1.831388610839843750e+03 1.060332864584800205e+01 9.185768872611392855e-01
1.831409484863281250e+03 1.049147652416749388e+01 9.200605219131806622e-01
1.831430297851562500e+03 1.120412437420332807e+01 9.193350829814815883e-01
1.831451110839843750e+03 9.925244613814674821e+00 9.177717606228196212e-01
1.831471984863281250e+03 1.070138718100682951e+01 9.181857238174863101e-01
1.831492797851562500e+03 1.101083679196574394e+01 9.194644835677510120e-01
1.831513610839843750e+03 1.136362746914682731e+01 9.194546948815851550e-01
1.831534484863281250e+03 9.314552083781501679e+00 9.177132108791832277e-01
1.831555297851562500e+03 1.049474313634834033e+01 9.187394822744792133e-01
1.831576110839843750e+03 1.121179040729318110e+01 9.181545313064746194e-01
1.831596984863281250e+03 1.122468728584223996e+01 9.195241209935156590e-01
1.831617797851562500e+03 1.027798557499143506e+01 9.180707184992896730e-01
1.831638610839843750e+03 1.223510337066509202e+01 9.179136219109801376e-01
1.831659484863281250e+03 9.678720267188863247e+00 9.210801011126613647e-01
1.831680297851562500e+03 1.023254293676570192e+01 9.181750451270771496e-01
1.831701110839843750e+03 1.107932317702136160e+01 9.198251985260600394e-01
1.831721984863281250e+03 1.051268354645080727e+01 9.188208662975169139e-01
1.831742797851562500e+03 1.096237891825217048e+01 9.191600779668740451e-01
1.831763610839843750e+03 1.032629166439585866e+01 9.168833382610256377e-01
1.831784484863281250e+03 1.060306289858929141e+01 9.220270581029731405e-01
1.831805297851562500e+03 1.024084752828236589e+01 9.186135482666037966e-01
1.831826110839843750e+03 9.877234692668865890e+00 9.211930160807649814e-01
1.831846984863281250e+03 1.111252607386036217e+01 9.184581669380106339e-01
1.831867797851562500e+03 1.124611391789921377e+01 9.246134091906902386e-01
1.831888610839843750e+03 1.021671142080403705e+01 9.184669928084021606e-01
1.831909484863281250e+03 1.206607729551438268e+01 9.178592697763530150e-01
1.831930297851562500e+03 1.175895643083354436e+01 9.179315437730909411e-01
1.831951110839843750e+03 1.151435208922686115e+01 9.179247581816778467e-01
1.831971923828125000e+03 1.087369836115021293e+01 9.172612487153130045e-01
1.831992736816406250e+03 1.130881572330189044e+01 9.171575980048041199e-01
1.832013610839843750e+03 1.050723688070077522e+01 9.205723950907493958e-01
1.832034423828125000e+03 1.191251806024212456e+01 9.172184901550181069e-01
1.832055236816406250e+03 1.115622897645036993e+01 9.174409363468735146e-01
1.832076110839843750e+03 1.106399280339724100e+01 9.173599496956486021e-01
1.832096923828125000e+03 1.096000575709637026e+01 9.184541109029529249e-01
1.832117736816406250e+03 1.174639558246458648e+01 9.189907472184107862e-01
1.832138610839843750e+03 1.101188794762637535e+01 9.170523431808647041e-01
1.832159423828125000e+03 1.174897979259139902e+01 9.164067065928070965e-01
1.832180236816406250e+03 1.128148686822893865e+01 9.182716032374718118e-01
1.832201110839843750e+03 1.310650414243859530e+01 9.208769810948992385e-01
1.832221923828125000e+03 1.032355620746280600e+01 9.187087302767569241e-01
1.832242736816406250e+03 1.050474747730913805e+01 9.178255334694378487e-01
1.832263610839843750e+03 1.095145127565506371e+01 9.179491406233344364e-01
1.832284423828125000e+03 1.088583936824403686e+01 9.163848848445891315e-01
1.832305236816406250e+03 1.099115221361490846e+01 9.165758644271606581e-01
1.832326110839843750e+03 1.135635973461056736e+01 9.171986697814917822e-01
1.832346923828125000e+03 1.203802357420370406e+01 9.173667394648451490e-01
1.832367736816406250e+03 1.192610139018883864e+01 9.172556928144511845e-01
1.832388610839843750e+03 1.098342580627268994e+01 9.162049250424757485e-01
1.832409423828125000e+03 1.129453337382432920e+01 9.200239833525252209e-01
1.832430236816406250e+03 1.141557248847787243e+01 9.174474006771932144e-01
1.832451110839843750e+03 1.178436581492347024e+01 9.185956072670928840e-01
1.832471923828125000e+03 1.129605259533660444e+01 9.173050449310374832e-01
1.832492736816406250e+03 1.071795968515724518e+01 9.157159310974988253e-01
1.832513610839843750e+03 1.181581213440997047e+01 9.163703475644638941e-01
1.832534423828125000e+03 1.147757133264805773e+01 9.157419670308768467e-01
1.832555236816406250e+03 1.215977038638389729e+01 9.179979035638212714e-01
1.832576110839843750e+03 1.137763310208499057e+01 9.164184790638411071e-01
1.832596923828125000e+03 1.110008740448962605e+01 9.158233245520218668e-01
1.832617736816406250e+03 1.135330977432263566e+01 9.177430220307228881e-01
1.832638610839843750e+03 1.092409346405596082e+01 9.161007969673220508e-01
1.832659423828125000e+03 1.506527947727542660e+01 9.184233493500079115e-01
1.832680236816406250e+03 1.172484260413623858e+01 9.181038290430297844e-01
1.832701110839843750e+03 1.218057436365634594e+01 9.168202134336527198e-01
1.832721923828125000e+03 1.152958289816110415e+01 9.168052604691641072e-01
1.832742736816406250e+03 1.049003942431190950e+01 9.170135723053924881e-01
1.832763610839843750e+03 1.179508964506442936e+01 9.227185996207896146e-01
1.832784423828125000e+03 1.113715564508978240e+01 9.162303290656003130e-01
1.832805236816406250e+03 1.124489279008216513e+01 9.168381241635842338e-01
1.832826110839843750e+03 9.759546711985535694e+00 9.157833300978398539e-01
1.832846923828125000e+03 1.194367104919235878e+01 9.179663150836223640e-01
1.832867736816406250e+03 1.109569419028144210e+01 9.161664761286368863e-01
1.832888610839843750e+03 1.076916913711496804e+01 9.198777174019853176e-01
1.832909423828125000e+03 1.179937194869710737e+01 9.153757687025894096e-01
1.832930236816406250e+03 1.168180654178039468e+01 9.161273749861118532e-01
1.832951110839843750e+03 1.150276720333055103e+01 9.163528179647194571e-01
1.832971923828125000e+03 1.154449292770865299e+01 9.158672220684175302e-01
1.832992736816406250e+03 1.134000439232630875e+01 9.158215998475603969e-01
1.833013610839843750e+03 1.143223659242302936e+01 9.152812494769427820e-01
1.833034423828125000e+03 1.109289678807318680e+01 9.201027273273874041e-01
1.833055236816406250e+03 1.113326019085387841e+01 9.154044513874201039e-01
1.833076110839843750e+03 1.078163013141080917e+01 9.174310611010597638e-01
1.833096923828125000e+03 1.086387531738955126e+01 9.160588951708792393e-01
1.833117736816406250e+03 1.043397657082205576e+01 9.153563316845115816e-01
1.833138610839843750e+03 1.138619297169403666e+01 9.164798755777563422e-01
1.833159423828125000e+03 1.252837770644693194e+01 9.166560100167172598e-01
1.833180236816406250e+03 1.208184420546580640e+01 9.208514787143322611e-01
1.833201110839843750e+03 1.109822396603074246e+01 9.167285089150534194e-01
1.833221923828125000e+03 1.116153099438765928e+01 9.156026987217685820e-01
1.833242736816406250e+03 1.116711856587228802e+01 9.166089314283017986e-01
1.833263610839843750e+03 1.095541782517797813e+01 9.171238033915461996e-01
1.833284423828125000e+03 1.154953098750617535e+01 9.170372640074876402e-01
1.833305236816406250e+03 1.101917579316243767e+01 9.162278895292917946e-01
1.833326110839843750e+03 1.226971796107201662e+01 9.162917056616574074e-01
1.833346923828125000e+03 1.133848922338590981e+01 9.159208464239199099e-01
1.833367736816406250e+03 1.230431696143449827e+01 9.155856426750713650e-01
1.833388610839843750e+03 1.199579735067478303e+01 9.173231736131587377e-01
1.833409423828125000e+03 1.173509744285506962e+01 9.177250964870514727e-01
1.833430236816406250e+03 1.164254818700258021e+01 9.159646741935096870e-01
1.833451110839843750e+03 1.239214062775966063e+01 9.156471926763023461e-01
1.833471923828125000e+03 1.259717535365645169e+01 9.220741832662413540e-01
1.833492736816406250e+03 1.214542744491650517e+01 9.155039710558233734e-01
1.833513610839843750e+03 1.119877612546945933e+01 9.191669192851305015e-01
1.833534423828125000e+03 1.098816851276048112e+01 9.163843319768565365e-01
1.833555236816406250e+03 1.078743622249828782e+01 9.153909078026047919e-01
1.833576110839843750e+03 1.014840688443987027e+01 9.201928972592384737e-01
1.833596923828125000e+03 1.172045943360810760e+01 9.167466815069725827e-01
1.833617736816406250e+03 1.157222961256668015e+01 9.154065349980680111e-01
1.833638610839843750e+03 1.197316074919654660e+01 9.192582832899003353e-01
1.833659423828125000e+03 1.074830757466599174e+01 9.231040326670608698e-01
1.833680236816406250e+03 1.087794568174914644e+01 9.169514314899600560e-01
1.833701110839843750e+03 1.127847083169926812e+01 9.173670968197266129e-01
1.833721923828125000e+03 1.160758293310048828e+01 9.160071008606917031e-01
1.833742736816406250e+03 1.165055181052926869e+01 9.164682664887174868e-01
1.833763610839843750e+03 1.113402859698157243e+01 9.155535803532306449e-01
1.833784423828125000e+03 1.110542769187365231e+01 9.161803660662474202e-01
1.833805236816406250e+03 1.188991860833409220e+01 9.165016950642612681e-01
1.833826110839843750e+03 1.192870238597138410e+01 9.159500000958723520e-01
1.833846923828125000e+03 1.102726878577957947e+01 9.155993461269912315e-01
1.833867736816406250e+03 1.295304595127679370e+01 9.200299436423177157e-01
1.833888610839843750e+03 1.139938405514187991e+01 9.162103572039371757e-01
1.833909423828125000e+03 1.156282436331906638e+01 9.162795412575811538e-01
1.833930236816406250e+03 1.077843618178776808e+01 9.162328987034876748e-01
1.833951110839843750e+03 1.080454084193700481e+01 9.152555586170157964e-01
1.833971923828125000e+03 1.169055766492660098e+01 9.157225377856813564e-01
1.833992736816406250e+03 1.102884210564533696e+01 9.161456896225362856e-01
1.834013610839843750e+03 1.092878356097620340e+01 9.164826396249007301e-01
1.834034423828125000e+03 1.129856586958833198e+01 9.154848948492506633e-01
1.834055236816406250e+03 1.095724054395975244e+01 9.150618282649413127e-01
1.834076110839843750e+03 1.122076848995779486e+01 9.154242780528446533e-01
1.834096923828125000e+03 1.077220508127959775e+01 9.167712903282593251e-01
1.834117736816406250e+03 1.072280977229719490e+01 9.174339847046468766e-01
1.834138610839843750e+03 1.065102326475309091e+01 9.212018804521867610e-01
1.834159423828125000e+03 1.125153700038166171e+01 9.193156324210430830e-01
1.834180236816406250e+03 1.150054418916232635e+01 9.209033241830015815e-01
1.834201110839843750e+03 1.007111660448097901e+01 9.162724507015598263e-01
1.834221923828125000e+03 1.147221583829943725e+01 9.209344235910240650e-01
1.834242736816406250e+03 1.178535742437578016e+01 9.177348062000023621e-01
1.834284423828125000e+03 1.225980382962478998e+01 9.165240017817208873e-01
1.834305236816406250e+03 1.134244468481166734e+01 9.169589393121319043e-01
1.834326110839843750e+03 1.257951809185406056e+01 9.231497792383622780e-01
1.834346923828125000e+03 1.211554633519508606e+01 9.162827612626116558e-01
1.834367736816406250e+03 1.156433849396942115e+01 9.159138832444500000e-01
1.834388610839843750e+03 1.155951894326852702e+01 9.164376984360399492e-01
1.834409423828125000e+03 1.184968518710232566e+01 9.160750640259482935e-01
1.834430236816406250e+03 1.201760492933662583e+01 9.154020422066962981e-01
1.834451049804687500e+03 1.117433708792956715e+01 9.184695561886886406e-01
1.834471862792968750e+03 1.220076718616641465e+01 9.174145912934430491e-01
1.834492736816406250e+03 1.147075072602595647e+01 9.156691947400337206e-01
1.834513549804687500e+03 1.134216509236561876e+01 9.163878443073683044e-01
1.834534362792968750e+03 1.146109110629915939e+01 9.172974749631114255e-01
1.834555236816406250e+03 1.194548455438137680e+01 9.159046423077086274e-01
1.834576049804687500e+03 1.225833738789816074e+01 9.161419811822009152e-01
1.834596862792968750e+03 1.216349392444218402e+01 9.233725716990279775e-01
1.834617736816406250e+03 1.158540734962435081e+01 9.168775200370372636e-01
1.834638549804687500e+03 1.222480513444480188e+01 9.179477770418301708e-01
1.834659362792968750e+03 1.181520158713793123e+01 9.154883129701028022e-01
1.834680236816406250e+03 1.208912196813285611e+01 9.160830344832914252e-01
1.834701049804687500e+03 1.153296763792252833e+01 9.180826644017843208e-01
1.834721862792968750e+03 1.217124140232530749e+01 9.170775937413937484e-01
1.834742736816406250e+03 1.096822026117547999e+01 9.150515690847552674e-01
1.834763549804687500e+03 1.272963680007882914e+01 9.157583692888350280e-01
1.834784362792968750e+03 1.181717169650020516e+01 9.161631906559233318e-01
1.834805236816406250e+03 1.215438705572659472e+01 9.167258106282929475e-01
1.834826049804687500e+03 1.181648402188672797e+01 9.153130608606101504e-01
1.834846862792968750e+03 1.210998751593757028e+01 9.160115581495376080e-01
1.834867736816406250e+03 1.083505698186217181e+01 9.152496323593889427e-01
1.834888549804687500e+03 1.343717382225644386e+01 9.168610727907534619e-01
1.834909362792968750e+03 1.166213411641991193e+01 9.182528766261947029e-01
1.834930236816406250e+03 1.177748338198896505e+01 9.166816941387783135e-01
1.834951049804687500e+03 1.184867738450400054e+01 9.172876956416795569e-01
1.834971862792968750e+03 1.189852911585813899e+01 9.158035390680113741e-01
1.834992736816406250e+03 1.166343112677653338e+01 9.193536578825495242e-01
1.835013549804687500e+03 1.211290319996736820e+01 9.182540125667018049e-01
1.835034362792968750e+03 1.177270001502837360e+01 9.166246028843624272e-01
1.835055236816406250e+03 1.196396882986437049e+01 9.158669617483544689e-01
1.835076049804687500e+03 1.182191014455288780e+01 9.170388564319030822e-01
1.835096862792968750e+03 1.222469801605776141e+01 9.185246184657385182e-01
1.835117736816406250e+03 1.109989211319559388e+01 9.186430706676590452e-01
1.835138549804687500e+03 1.158547073639180347e+01 9.261638961184446295e-01
1.835159362792968750e+03 1.090581659071297693e+01 9.176166589667293927e-01
1.835180236816406250e+03 1.151368048468335026e+01 9.170515632297018271e-01
1.835201049804687500e+03 1.055174169561247766e+01 9.151044596261062036e-01
1.835221862792968750e+03 1.132745131350604062e+01 9.159865384882637240e-01
1.835242736816406250e+03 1.148928873999420297e+01 9.159115079421479289e-01
1.835263549804687500e+03 1.143239285410961159e+01 9.162047624024144410e-01
1.835284362792968750e+03 1.101240882513482866e+01 9.160194966248638160e-01
1.835305236816406250e+03 1.091603292396437475e+01 9.155451495664332917e-01
1.835326049804687500e+03 1.141492631613969344e+01 9.194691833965962235e-01
1.835346862792968750e+03 1.272240720803520730e+01 9.213423078919229514e-01
1.835367736816406250e+03 1.215851869236939997e+01 9.170219245939568165e-01
1.835388549804687500e+03 1.105720878695427345e+01 9.175491347915788465e-01
1.835409362792968750e+03 1.068800165132108226e+01 9.158905204144102141e-01
1.835430236816406250e+03 1.126677483258492174e+01 9.165795385973092291e-01
1.835451049804687500e+03 1.160370137653648115e+01 9.153963447946219523e-01
1.835471862792968750e+03 1.147580051263269141e+01 9.162288978717535448e-01
1.835492736816406250e+03 1.219709085709641272e+01 9.175148024131530855e-01
1.835513549804687500e+03 1.136679784137098359e+01 9.182731610666110544e-01
1.835534362792968750e+03 1.119359707150169392e+01 9.159814628949247695e-01
1.835555236816406250e+03 1.156533018419859893e+01 9.172446783851841978e-01
1.835576049804687500e+03 1.185820336243310535e+01 9.224895756347025744e-01
1.835596862792968750e+03 1.195546823069880737e+01 9.192407115003264906e-01
1.835617736816406250e+03 1.123781881093808899e+01 9.156517493601277202e-01
1.835638549804687500e+03 1.173851214866876802e+01 9.181370682309493159e-01
1.835659362792968750e+03 1.149641880959332063e+01 9.160088902858268822e-01
1.835680236816406250e+03 1.188546860902843072e+01 9.172912694921651067e-01
1.835701049804687500e+03 1.210012946713493598e+01 9.161564244967823623e-01
1.835721862792968750e+03 1.241467150530298902e+01 9.157403723512388405e-01
1.835742736816406250e+03 1.075432984317780161e+01 9.192993584692774611e-01
1.835763549804687500e+03 1.124068959984390936e+01 9.180715625083734066e-01
1.835784362792968750e+03 1.223889973111062091e+01 9.177153866713688712e-01
1.835805236816406250e+03 1.130578033913952929e+01 9.163342798042427573e-01
1.835826049804687500e+03 1.175030659064702654e+01 9.169874749758268884e-01
1.835846862792968750e+03 1.264484706900850064e+01 9.186624381450656518e-01
1.835867736816406250e+03 1.252703323326221074e+01 9.160080118411974004e-01
1.835888549804687500e+03 1.142952096149627650e+01 9.158544012173979176e-01
1.835909362792968750e+03 1.197339878142021163e+01 9.160106797074665241e-01
1.835930236816406250e+03 1.164588472848621770e+01 9.209741296334392757e-01
1.835951049804687500e+03 1.175567320891791923e+01 9.164276822991300753e-01
1.835971862792968750e+03 1.096522815967021458e+01 9.170084048981110847e-01
1.835992736816406250e+03 1.076404488353869837e+01 9.203941930707054686e-01
1.836013549804687500e+03 1.089936242554181334e+01 9.164591286989578478e-01
1.836034362792968750e+03 1.254281526709469397e+01 9.173498136787476831e-01
1.836055236816406250e+03 1.245061540215044893e+01 9.220144845213690266e-01
1.836076049804687500e+03 1.070894270958129013e+01 9.162101620370173283e-01
1.836096862792968750e+03 1.320081736629842872e+01 9.170189996766560103e-01
1.836117736816406250e+03 1.132204322179346079e+01 9.192228475839551161e-01
1.836138549804687500e+03 1.152373459595941796e+01 9.242303468648979115e-01
1.836159362792968750e+03 1.176727749970761217e+01 9.205400208346965485e-01
1.836180236816406250e+03 1.200518344263207027e+01 9.187012367542496394e-01
1.836201049804687500e+03 1.192168435573981711e+01 9.198247125261607149e-01
1.836221862792968750e+03 1.143481862123453219e+01 9.172672594473536556e-01
1.836242736816406250e+03 1.218052514735703795e+01 9.162307844449918415e-01
1.836263549804687500e+03 1.169774635493664583e+01 9.176003873616392914e-01
1.836284362792968750e+03 1.235746978865272006e+01 9.198074431630617331e-01
1.836305236816406250e+03 1.206426317644948476e+01 9.185335734798094620e-01
1.836326049804687500e+03 1.197347111345003157e+01 9.172451007698662062e-01
1.836346862792968750e+03 1.283566731808096328e+01 9.161654026586500965e-01
1.836367736816406250e+03 1.210974688374357555e+01 9.210773185060305845e-01
1.836388549804687500e+03 1.220124260196569743e+01 9.158410269911890778e-01
1.836409362792968750e+03 1.184245574991202155e+01 9.237628615313754343e-01
1.836430236816406250e+03 1.095814168434522351e+01 9.155087563217316760e-01
1.836451049804687500e+03 1.209450481392523713e+01 9.165654921328389992e-01
1.836471862792968750e+03 1.116752651909956384e+01 9.169192219102587638e-01
1.836492736816406250e+03 1.242284571427991580e+01 9.166420622615784053e-01
1.836513549804687500e+03 1.037581927385648406e+01 9.174484726471650031e-01
1.836534362792968750e+03 1.111894789585202936e+01 9.155055335943803607e-01
1.836555236816406250e+03 1.174651544154627913e+01 9.178361188156930472e-01
1.836576049804687500e+03 1.133052488971999772e+01 9.161680375372813767e-01
1.836596862792968750e+03 1.131475203654363071e+01 9.184164375935077729e-01
1.836617675781250000e+03 1.169354372244931994e+01 9.198209541182676974e-01
1.836638488769531250e+03 1.215876305545507208e+01 9.218709913263611888e-01
1.836659362792968750e+03 1.290898996789282016e+01 9.180467613024718698e-01
1.836680175781250000e+03 1.193279634550618340e+01 9.164096659851148630e-01
1.836700988769531250e+03 1.203616584190200811e+01 9.159329505164481855e-01
1.836721862792968750e+03 1.104150723971989478e+01 9.167157326195620737e-01
1.836742675781250000e+03 1.149443865674968279e+01 9.157062650688052585e-01
1.836763488769531250e+03 1.148237704700053108e+01 9.222063988326485440e-01
1.836784362792968750e+03 1.181695308262426458e+01 9.188388677682119976e-01
1.836805175781250000e+03 1.155438582237330714e+01 9.232317751819238971e-01
1.836825988769531250e+03 1.152858965333336094e+01 9.174074445393740618e-01
1.836846862792968750e+03 1.159114988794162926e+01 9.177410736190232399e-01
1.836867675781250000e+03 1.142624593601724570e+01 9.161814395187019011e-01
1.836888488769531250e+03 1.129438807142377676e+01 9.220812292085046602e-01
1.836909362792968750e+03 1.177374089515416955e+01 9.173088786248697613e-01
1.836930175781250000e+03 1.108131263021534174e+01 9.155465492777241643e-01
1.836950988769531250e+03 1.237774365779706010e+01 9.191822877480512188e-01
1.836971862792968750e+03 1.137934690872548948e+01 9.170085348961356519e-01
1.836992675781250000e+03 1.297036931274248062e+01 9.165337567353494252e-01
1.837013488769531250e+03 1.166638725787164965e+01 9.182520976947490254e-01
1.837034362792968750e+03 1.131730772520085715e+01 9.156967942144557115e-01
1.837055175781250000e+03 1.205511348518828996e+01 9.175385786152115974e-01
1.837075988769531250e+03 1.288396240403344173e+01 9.184536890742786008e-01
1.837096862792968750e+03 1.226714428694494075e+01 9.177584792836277483e-01
1.837117675781250000e+03 1.091441931687352351e+01 9.168858085572517691e-01
1.837138488769531250e+03 1.167487304459546493e+01 9.157969980491826867e-01
1.837159362792968750e+03 1.265180757897112862e+01 9.188213203930056805e-01
1.837180175781250000e+03 1.249242571420849934e+01 9.172579021825669754e-01
1.837200988769531250e+03 1.206701256968592695e+01 9.206875087237472721e-01
1.837221862792968750e+03 1.213147924915413256e+01 9.208483070490950384e-01
1.837242675781250000e+03 1.156188432648707121e+01 9.169654720424481598e-01
1.837263488769531250e+03 1.228857756994892902e+01 9.183961887680118785e-01
1.837284362792968750e+03 1.238415355183193967e+01 9.163029266933490069e-01
1.837305175781250000e+03 1.243132924289653651e+01 9.202691979575553516e-01
1.837325988769531250e+03 1.100539469390984948e+01 9.160033918592797031e-01
1.837346862792968750e+03 1.146690962603110542e+01 9.159806494959416012e-01
1.837367675781250000e+03 1.142985800464597546e+01 9.191377703763808915e-01
1.837388488769531250e+03 1.267567461030375320e+01 9.166567903044424703e-01
1.837409362792968750e+03 1.238145421475641328e+01 9.181617371627681656e-01
1.837430175781250000e+03 1.284084057992402528e+01 9.188015345957109004e-01
1.837450988769531250e+03 1.306697467059978379e+01 9.165030607972591836e-01
1.837471862792968750e+03 1.274222149132511639e+01 9.228684842611940553e-01
1.837492675781250000e+03 1.241782698934546225e+01 9.182883497622198465e-01
1.837513488769531250e+03 1.249406347597937383e+01 9.182577773880505889e-01
1.837534362792968750e+03 1.163725278895826243e+01 9.181211629103116501e-01
1.837555175781250000e+03 1.061510229465878297e+01 9.174627004936100061e-01
1.837575988769531250e+03 1.212467390556767199e+01 9.161635484802559404e-01
1.837596862792968750e+03 1.141736455875577505e+01 9.212866376529926793e-01
1.837617675781250000e+03 1.084391079618609766e+01 9.162082103655320164e-01
1.837638488769531250e+03 1.299400368491317792e+01 9.163734371623121211e-01
1.837659362792968750e+03 1.183160535718482009e+01 9.216202529397966581e-01
1.837680175781250000e+03 1.230793686451491453e+01 9.177081123608695767e-01
1.837700988769531250e+03 1.289270401858095738e+01 9.174295018420037806e-01
1.837721862792968750e+03 1.265637074103524462e+01 9.177877369424477516e-01
1.837742675781250000e+03 1.244619018116705966e+01 9.174033513733329537e-01
1.837763488769531250e+03 1.300795407605677312e+01 9.185684193341709936e-01
1.837784362792968750e+03 1.336930010737037833e+01 9.183326811421795854e-01
1.837805175781250000e+03 1.245723568994318065e+01 9.173436085618523750e-01
1.837825988769531250e+03 1.122155633634195482e+01 9.215488503455205871e-01
1.837846862792968750e+03 1.250817573146111172e+01 9.167661540634378659e-01
1.837867675781250000e+03 1.290801692932211253e+01 9.183283324777605783e-01
1.837888488769531250e+03 1.316554197541154636e+01 9.179001478168266059e-01
1.837909362792968750e+03 1.239850444666260643e+01 9.178547889908299506e-01
1.837930175781250000e+03 1.175913698591907952e+01 9.173382480867637856e-01
1.837950988769531250e+03 1.222223292054565036e+01 9.172195299004942681e-01
1.837971862792968750e+03 1.108713564656116723e+01 9.163707053079058751e-01
1.837992675781250000e+03 1.197576626966527868e+01 9.170306342924452458e-01
1.838013488769531250e+03 1.238282018152527897e+01 9.166623498352592936e-01
1.838034362792968750e+03 1.177693583660844823e+01 9.187083085649921932e-01
1.838055175781250000e+03 1.235576048540768745e+01 9.174681901744575763e-01
1.838075988769531250e+03 1.277123593497745979e+01 9.181875089967755921e-01
1.838096862792968750e+03 1.160847020435631016e+01 9.184844496110964318e-01
1.838117675781250000e+03 1.126723697755315179e+01 9.163116107018135503e-01
1.838138488769531250e+03 1.238185640830299050e+01 9.169613119011611468e-01
1.838159362792968750e+03 1.223348756991775232e+01 9.171423255934149088e-01
1.838180175781250000e+03 1.341077593922227784e+01 9.178921606700524150e-01
1.838200988769531250e+03 1.143551723084916105e+01 9.183199271650307471e-01
1.838221862792968750e+03 1.325096965079204203e+01 9.182019850497349367e-01
1.838242675781250000e+03 1.161273733114453677e+01 9.230146960228188258e-01
1.838263488769531250e+03 1.137245047286473287e+01 9.206848867792462032e-01
1.838284362792968750e+03 1.188504228196106638e+01 9.179710875136462001e-01
1.838305175781250000e+03 1.161805944252119893e+01 9.162931367574023156e-01
1.838325988769531250e+03 1.265259949214444646e+01 9.175233775078801557e-01
1.838346862792968750e+03 1.225021455346803023e+01 9.186939053700468039e-01
1.838367675781250000e+03 1.268050047250036627e+01 9.189216051276581920e-01
1.838388488769531250e+03 1.196842613107633468e+01 9.172446783851841978e-01
1.838409362792968750e+03 1.161363943092560191e+01 9.173219065663760219e-01
1.838430175781250000e+03 1.136992090849760295e+01 9.185469733921509672e-01
1.838450988769531250e+03 1.249943929754352467e+01 9.165903984477533628e-01
1.838471862792968750e+03 1.451596680598938249e+01 9.191140679682440195e-01
1.838492675781250000e+03 1.202885680097318577e+01 9.172318118047415592e-01
1.838513488769531250e+03 1.256396757814500731e+01 9.178412490929624967e-01
1.838534362792968750e+03 1.229776865370522643e+01 9.172988395113015336e-01
1.838555175781250000e+03 1.174881295376866142e+01 9.170225745743122436e-01
1.838575988769531250e+03 1.196692753630900263e+01 9.170451286072972552e-01
1.838596862792968750e+03 1.201135514139264870e+01 9.221499404833572999e-01
1.838617614746093750e+03 1.245192068511193995e+01 9.167454136634120010e-01
1.838638488769531250e+03 1.200798420268452560e+01 9.180471833181232943e-01
1.838659301757812500e+03 1.196255672782801760e+01 9.224619209369923079e-01
1.838680114746093750e+03 1.288080655417890696e+01 9.182309040147628165e-01
1.838700988769531250e+03 1.126626590538998229e+01 9.163655667977896879e-01
1.838742614746093750e+03 1.226711452352314780e+01 9.193493140475083036e-01
1.838763488769531250e+03 1.256130769056208329e+01 9.254089443829818240e-01
1.838784301757812500e+03 1.206994029163701576e+01 9.173621588126729121e-01
1.838805114746093750e+03 1.180174421816001207e+01 9.187967340429582519e-01
1.838825988769531250e+03 1.173539958460077415e+01 9.171540236334443374e-01
1.838846801757812500e+03 1.270396342752528618e+01 9.196428009276564897e-01
1.838867614746093750e+03 1.187655013271401927e+01 9.164667055915810545e-01
1.838888488769531250e+03 1.191401957806666978e+01 9.198817671599343049e-01
1.838909301757812500e+03 1.182829433344040382e+01 9.169775298453290979e-01
1.838930114746093750e+03 1.247056126991545710e+01 9.167422603013113402e-01
1.838950988769531250e+03 1.299379984675581667e+01 9.185303289195796417e-01
1.838971801757812500e+03 1.247177979994966357e+01 9.180862351576809521e-01
1.838992614746093750e+03 1.148883325232843333e+01 9.164261863731828495e-01
1.839013488769531250e+03 1.188419020798449921e+01 9.182806580823802411e-01
1.839034301757812500e+03 1.272742409520761164e+01 9.189399613681704659e-01
1.839055114746093750e+03 1.254725562577988640e+01 9.166317557420567974e-01
1.839075988769531250e+03 1.175649187180720645e+01 9.166695349099339696e-01
1.839096801757812500e+03 1.192222511752358294e+01 9.197625024188936793e-01
1.839117614746093750e+03 1.226558560873763781e+01 9.215075843672786426e-01
1.839138488769531250e+03 1.141338166475970617e+01 9.170232570531896554e-01
1.839159301757812500e+03 1.275924819171069657e+01 9.182033482537265145e-01
1.839180114746093750e+03 1.157241472740619237e+01 9.172756094259598703e-01
1.839200988769531250e+03 1.219756063585519890e+01 9.187967340429582519e-01
1.839221801757812500e+03 1.258328349283858039e+01 9.191238927067997277e-01
1.839242614746093750e+03 1.163658858991525769e+01 9.196553745290885207e-01
1.839263488769531250e+03 1.321649923607836818e+01 9.203655039836098339e-01
1.839284301757812500e+03 1.239518045808365621e+01 9.174243692622257029e-01
1.839305114746093750e+03 1.302723723461082272e+01 9.172386999965174148e-01
1.839325988769531250e+03 1.256560114654893034e+01 9.186898503757792156e-01
1.839346801757812500e+03 1.179234505833229463e+01 9.168628605492066264e-01
1.839367614746093750e+03 1.248415737908330847e+01 9.171197414551595095e-01
1.839388488769531250e+03 1.205253707466509638e+01 9.174222252647019626e-01
1.839409301757812500e+03 1.151452658532571505e+01 9.176822945880311888e-01
1.839430114746093750e+03 1.120606259692290863e+01 9.234567423976344225e-01
1.839450988769531250e+03 1.327007660553535295e+01 9.185262407573717702e-01
1.839471801757812500e+03 1.145826320242648677e+01 9.174811833710295739e-01
1.839492614746093750e+03 1.201698557969498715e+01 9.199727038293952219e-01
1.839534301757812500e+03 1.191865777678481919e+01 9.209747444649727388e-01
1.839555114746093750e+03 1.284561241676873955e+01 9.202462371649755557e-01
1.839575988769531250e+03 1.145404952158265743e+01 9.196893677609888629e-01
1.839596801757812500e+03 1.139991204149402648e+01 9.200789849956775290e-01
1.839617614746093750e+03 1.202264293106566839e+01 9.199538174730643725e-01
1.839638488769531250e+03 1.305784370049788734e+01 9.216798478805618977e-01
1.839659301757812500e+03 1.247054729549746810e+01 9.198278229210794521e-01
1.839680114746093750e+03 1.171369978376494814e+01 9.203162188365778817e-01
1.839700988769531250e+03 1.239989139904327686e+01 9.214358172654569801e-01
1.839721801757812500e+03 1.227540662162918572e+01 9.211849604283753878e-01
1.839742614746093750e+03 1.146822467606905072e+01 9.202296234275044728e-01
1.839763488769531250e+03 1.286122572365919758e+01 9.213993008982095390e-01
1.839784301757812500e+03 1.141496307915760688e+01 9.214127561673627342e-01
1.839805114746093750e+03 1.180539945633749532e+01 9.217415405911612014e-01
1.839825988769531250e+03 1.245453210989913906e+01 9.231747984577665100e-01
1.839846801757812500e+03 1.227677872651878666e+01 9.226048699914264350e-01
1.839867614746093750e+03 1.240919429933280682e+01 9.236227375787018357e-01
1.839888488769531250e+03 1.229534136185846904e+01 9.224142340202027279e-01
1.839909301757812500e+03 1.287126831421529438e+01 9.230217993611783411e-01
1.839930114746093750e+03 1.279409550814160212e+01 9.264090618438949321e-01
1.839950988769531250e+03 1.193316173966234572e+01 9.242348612318613821e-01
1.839971801757812500e+03 1.246782683053347895e+01 9.235440033041866226e-01
1.839992614746093750e+03 1.234083435706240550e+01 9.238584485228809040e-01
1.840013488769531250e+03 1.124869542495179076e+01 9.246042229686547431e-01
1.840034301757812500e+03 1.293642619500402802e+01 9.266902147246766086e-01
1.840055114746093750e+03 1.236143742183166516e+01 9.263572027998204783e-01
1.840075988769531250e+03 1.284991532301109451e+01 9.271516917597295571e-01
