1.382516237477497043e+03 2.693360126544383775e+02 5.323947745665749132e-01
1.383703748369104005e+03 3.086947146086768043e+02 5.572991474635874409e-01
1.383724581845359808e+03 3.136230212551502063e+02 5.605655892999734657e-01
1.383745415320217944e+03 3.178721339445376657e+02 5.630603489402274953e-01
1.383766248793680006e+03 3.113409379579571237e+02 5.589595477270734580e-01
1.383787082265743493e+03 3.111017620039701796e+02 5.598691771320081223e-01
1.383807915736409541e+03 3.120802581566875347e+02 5.597905496184609753e-01
1.383828749206144948e+03 3.073512580817151161e+02 5.573686356438860567e-01
1.383849582674483827e+03 3.042394097316819739e+02 5.556050622922283910e-01
1.383870416140960970e+03 3.034400317568437799e+02 5.541710934665329269e-01
1.383891249606971996e+03 3.047079995810457831e+02 5.555773300301246609e-01
1.383912083071119469e+03 2.987202576255400572e+02 5.508372772073685253e-01
1.383932916534336073e+03 2.962037393731481529e+02 5.498538494998320703e-01
1.383953749995690032e+03 2.939375283352503061e+02 5.474465516970131729e-01
1.383974583456577875e+03 2.968478721667936497e+02 5.494774611990497215e-01
1.383995416915603073e+03 3.045946797043568495e+02 5.550268236757738283e-01
1.384016250373697858e+03 3.126140584717149409e+02 5.600819004999528783e-01
1.384037083830860411e+03 3.262459136242464410e+02 5.686999477118811486e-01
1.384057917286161000e+03 3.228409430157295787e+02 5.666285111633887484e-01
1.384078750740529813e+03 3.174863484032217684e+02 5.630741632866643753e-01
1.384099584193967985e+03 3.098575046065677725e+02 5.581949851401597495e-01
1.384120417646009173e+03 3.051060857798178176e+02 5.545681032439199187e-01
1.384141251096653377e+03 2.967411815279789948e+02 5.499713435076931667e-01
1.384162084546365350e+03 2.964711910788504952e+02 5.493363711649651426e-01
1.384182917995145544e+03 2.914570184305593443e+02 5.459525093500271486e-01
1.384203751442529210e+03 2.886150670429042862e+02 5.438071988155050995e-01
1.384224584888516802e+03 2.871359066028926463e+02 5.424046502063101238e-01
1.384245418333573070e+03 2.848501543662928839e+02 5.429212974834880523e-01
1.384266251777697562e+03 2.836261947935346939e+02 5.405540563087325445e-01
1.384349585542088789e+03 2.779920166473467589e+02 5.360112286893217171e-01
1.384370418980625800e+03 2.764944533080205815e+02 5.374109150007000402e-01
1.384391252418230579e+03 2.755621916903285182e+02 5.358025483809466527e-01
1.384412085854438374e+03 2.762718964937055262e+02 5.365327548900729049e-01
1.384432919289250094e+03 2.761098669943494883e+02 5.368089147624125479e-01
1.384453752723595471e+03 2.780478128374718381e+02 5.383035043398625152e-01
1.384474586156543864e+03 2.760069895509415119e+02 5.365362820582353365e-01
1.384495419588561163e+03 2.744965188102292473e+02 5.350639932008058874e-01
1.384516253019181477e+03 2.724371534447951717e+02 5.344226849344642094e-01
1.384537086448870014e+03 2.741829409521118919e+02 5.348816605732918950e-01
1.384557919877628137e+03 2.744212797562225887e+02 5.362910747580628135e-01
1.384578753305454939e+03 2.748236981147410916e+02 5.352941739073676652e-01
1.384599586732349962e+03 2.745136629931553216e+02 5.350217162831875095e-01
1.384620420157848002e+03 2.748745921958806093e+02 5.355303215735134348e-01
1.384641253582880381e+03 2.746202583840408238e+02 5.355678840817978958e-01
1.384662087006514867e+03 2.726759463311924492e+02 5.348219279708368301e-01
1.384682920428754187e+03 2.733011121653677833e+02 5.345067447418793138e-01
1.384703753850527391e+03 2.747728952196586079e+02 5.359290175142003010e-01
1.384724587271368819e+03 2.734683515887320482e+02 5.345296881239485209e-01
1.384745420690814171e+03 2.750006799259271020e+02 5.375650033900276625e-01
1.384766254109326383e+03 2.734841162070718497e+02 5.342483058004690033e-01
1.384787087526908181e+03 2.740093608329628410e+02 5.345586516920725062e-01
1.384807920943558656e+03 2.738099866171798453e+02 5.358991548038600783e-01
1.384828754359276900e+03 2.741990333248811567e+02 5.349469297593889561e-01
1.384849587774065185e+03 2.761048819656678006e+02 5.358208476530638142e-01
1.384870421187921465e+03 2.752520043110785082e+02 5.356657011843947158e-01
1.384891254600845969e+03 2.762148997390971203e+02 5.369847378471059862e-01
1.384912088012375079e+03 2.765921583082210873e+02 5.366193165632536788e-01
1.384932921423438074e+03 2.784511453627730475e+02 5.376114319466428482e-01
1.384953754833104085e+03 2.790233569355935401e+02 5.381858442159442868e-01
1.384974588242303980e+03 2.799771313304247542e+02 5.385030524788060324e-01
1.384995421650106437e+03 2.807216718994292819e+02 5.396407246599371765e-01
1.385016255056978025e+03 2.811467401513074265e+02 5.401031842371492031e-01
1.385037088463383952e+03 2.816466247996054335e+02 5.397337176175894813e-01
1.385057921868393350e+03 2.829217577023684953e+02 5.410747013820386142e-01
1.385078755272470971e+03 2.822286978826384711e+02 5.403106172262982509e-01
1.385099588676083840e+03 2.820685353718183705e+02 5.393215331080244423e-01
1.385120422078298361e+03 2.824841938875719620e+02 5.401335869786095811e-01
1.385141255479582014e+03 2.824339890084596618e+02 5.396356714362988694e-01
1.385162088880400006e+03 2.835873452465949640e+02 5.412229285396870093e-01
1.385203755678776815e+03 2.818525814293969347e+02 5.397028229818258138e-01
1.385224589076336088e+03 2.810425383417137937e+02 5.389596315723891307e-01
1.385245422473427880e+03 2.794235755417614655e+02 5.381656871482336513e-01
1.385266255869124052e+03 2.806266522447231182e+02 5.401867738661717544e-01
1.385287089264354108e+03 2.814323055453824054e+02 5.399344482635898279e-01
1.385307922658652842e+03 2.805036346758205354e+02 5.387393148473411664e-01
1.385328756052021163e+03 2.815059578130990303e+02 5.412764488612051839e-01
1.385349589444456342e+03 2.810115897799728941e+02 5.386058697776922033e-01
1.385370422835961108e+03 2.827521253172584466e+02 5.403689709833788823e-01
1.385391256226535006e+03 2.830445908068795688e+02 5.398551255171751828e-01
1.385412089616177127e+03 2.854107996141251533e+02 5.412914247936834178e-01
1.385432923005354041e+03 2.836408778010100491e+02 5.405291907908680304e-01
1.385453756393133972e+03 2.838202837823249070e+02 5.405917107801468946e-01
1.385474589780447332e+03 2.846417588762788000e+02 5.421137218133398328e-01
1.385495423166364162e+03 2.854057498301213514e+02 5.428931094387384748e-01
1.385516256551814877e+03 2.860034184737590408e+02 5.426125490104170002e-01
1.385537089936336088e+03 2.864111695156232145e+02 5.432374961509468525e-01
1.385557923319925067e+03 2.844997910461314063e+02 5.415113085695727468e-01
1.385578756703047929e+03 2.835157899735074807e+02 5.402433205703124353e-01
1.385599590084773354e+03 2.818279142658670935e+02 5.387456487935743388e-01
1.385620423466033117e+03 2.809679476442616988e+02 5.383855189971319399e-01
1.385641256845896805e+03 2.808964664371131335e+02 5.381884468592141868e-01
1.385662090225294833e+03 2.809316591783364743e+02 5.387833190226859470e-01
1.385682923603761083e+03 2.804644676515277411e+02 5.379517763569592326e-01
1.385703756981762126e+03 2.797355569262063000e+02 5.370705607868208054e-01
1.385724590358365504e+03 2.798463690470179586e+02 5.384573926477860262e-01
1.385745423734502992e+03 2.789408228724103651e+02 5.371843597781906787e-01
1.385766257109709841e+03 2.778706749314113154e+02 5.368753096609588660e-01
1.385787090483986503e+03 2.798804891024959716e+02 5.375671378056365857e-01
1.385807923857331389e+03 2.796855357784802436e+02 5.387012266221924417e-01
1.385828757229743587e+03 2.787868695322161443e+02 5.366328952314245448e-01
1.385849590601690579e+03 2.799003098455133909e+02 5.378004864287951881e-01
1.385974590815212196e+03 2.780171344761986347e+02 5.361713055131420713e-01
1.385995424181106046e+03 2.778895469853144959e+02 5.363538387216333359e-01
1.386016257546534007e+03 2.794794029664423647e+02 5.376783651666543484e-01
1.386037090911031100e+03 2.788132752644120842e+02 5.366949528689435311e-01
1.386057924274596189e+03 2.798173655745355859e+02 5.374198432414813986e-01
1.386078757637229955e+03 2.791918060783661417e+02 5.369166635371900309e-01
1.386099590998931944e+03 2.779603190955446621e+02 5.361592159474911634e-01
1.386120424360169181e+03 2.800599404305091866e+02 5.375677476371111263e-01
1.386141257720475096e+03 2.797174024370515326e+02 5.377971060908727230e-01
1.386162091080315349e+03 2.837326698323657297e+02 5.404004341703290137e-01
1.386182924438759528e+03 2.863237289963737453e+02 5.422595764974765808e-01
1.386203757796736454e+03 2.872487986884631255e+02 5.425939020728862694e-01
1.386224591153782058e+03 2.868086316279456014e+02 5.422833459660070243e-01
1.386245424510362000e+03 2.868686789384099711e+02 5.421908452703079195e-01
1.386266257866011529e+03 2.877671983857860596e+02 5.428106777707415453e-01
1.386287091220729053e+03 2.903774353349344892e+02 5.457708929713511736e-01
1.386307924574516164e+03 2.915340742786937085e+02 5.464024545757543150e-01
1.386328757927836477e+03 2.955840367932962067e+02 5.491087932318188258e-01
1.386349591280225013e+03 2.962075019754164487e+02 5.488064310259381795e-01
1.386370424631683363e+03 2.993123553950817382e+02 5.507115800229864799e-01
1.386391257982676052e+03 2.978008920329022544e+02 5.500177814036828483e-01
1.386412091332272666e+03 2.943717475946084505e+02 5.474309275441971989e-01
1.386432924681867917e+03 2.933293269359012356e+02 5.505943251691832740e-01
1.386453758030066183e+03 2.935155434058606261e+02 5.471260039730155844e-01
1.386474591377798788e+03 2.941549399975696133e+02 5.472199305886028542e-01
1.386495424724600070e+03 2.963429340475771028e+02 5.488580444434488781e-01
1.386516258070936601e+03 2.961467315105958278e+02 5.483592192164155055e-01
1.386537091416340900e+03 2.982820414995992451e+02 5.498709765731711885e-01
1.386557924760813421e+03 2.995654114564459292e+02 5.509579692896013903e-01
1.386578758104355074e+03 3.005123626688737204e+02 5.513404009991424992e-01
1.386599591447431067e+03 3.017430682295726001e+02 5.545923661868014110e-01
1.386620424789577100e+03 3.040159929434128117e+02 5.536237913847611436e-01
1.386641258131257018e+03 3.043699532852288030e+02 5.540257119295682875e-01
1.386662091472005159e+03 3.079906944250850529e+02 5.562411564756183369e-01
1.386682924811821522e+03 3.137368823788257828e+02 5.606155353457421553e-01
1.386703758151171542e+03 3.167913032233144008e+02 5.626587908517152181e-01
1.386724591489125942e+03 3.179055485177322566e+02 5.642439774837058053e-01
1.386745424827080114e+03 3.174349452854661990e+02 5.624390145196752622e-01
1.386766258163636849e+03 3.193955277860520141e+02 5.635419572934043941e-01
1.386787091500194492e+03 3.161291032871864672e+02 5.617344998630674491e-01
1.386807924835354470e+03 3.147815754975824802e+02 5.626047884504412622e-01
1.386828758170047877e+03 3.140526085029103456e+02 5.601614181727049280e-01
1.386849591503811098e+03 3.163532113369690819e+02 5.627372294433935496e-01
1.386870424836642997e+03 3.172744241378002812e+02 5.632188230674386453e-01
1.386891258169009461e+03 3.193033767363049265e+02 5.634875899744838934e-01
1.386912091500909355e+03 3.177593765470953144e+02 5.628735308728581854e-01
1.386932924831412038e+03 3.166876402172276244e+02 5.624808732065794681e-01
1.386953758161450423e+03 3.159130427154036624e+02 5.653042827154478589e-01
1.386974591491023602e+03 3.171202889919376275e+02 5.621496540030175293e-01
1.386995424819664095e+03 3.183815515101483697e+02 5.642656589172452275e-01
1.387016258147374174e+03 3.195776422580286180e+02 5.636618060126697971e-01
1.387037091474151566e+03 3.216025519564030333e+02 5.656196393765341446e-01
1.387057924800462843e+03 3.238895251315601627e+02 5.666201220592125276e-01
1.387078758126309822e+03 3.286566496257568701e+02 5.702370371601570564e-01
1.387099591451226388e+03 3.289479004224821779e+02 5.698013366445875416e-01
1.387120424775211177e+03 3.313631707367208037e+02 5.714971440545091319e-01
1.387141258098264188e+03 3.386161781450649073e+02 5.760780646038481390e-01
1.387162091421316518e+03 3.393218635263937131e+02 5.765099519596840194e-01
1.387182924742971863e+03 3.420564314766899088e+02 5.796497445779759117e-01
1.387203758064162002e+03 3.458698326026276959e+02 5.818863502731186355e-01
1.387224591384421501e+03 3.473717338073946053e+02 5.824819266499260406e-01
1.387245424704215566e+03 3.514999390597162119e+02 5.863283252652186084e-01
1.387266258023077626e+03 3.496738170293681947e+02 5.834224127691876038e-01
1.387287091341007454e+03 3.574344535752346701e+02 5.888861404835645796e-01
1.387307924658472075e+03 3.607198523542901398e+02 5.900691782675762109e-01
1.387328757975471035e+03 3.655433024651936762e+02 5.930060192754725845e-01
1.387349591291539582e+03 3.621899033096042899e+02 5.912165046381890887e-01
1.387370424606676806e+03 3.572573123214500015e+02 5.887282478055997359e-01
1.387391257921347915e+03 3.616363319351436303e+02 5.906319562310600180e-01
1.387412091235087019e+03 3.571413857809737351e+02 5.882083883162771976e-01
1.387432924547894800e+03 3.475913083421115175e+02 5.817649283204776589e-01
1.387453757860237602e+03 3.442351024025793436e+02 5.794551856837636405e-01
1.387474591172114970e+03 3.480286682781876380e+02 5.855227210297145879e-01
1.387495424483061470e+03 3.440569374487837422e+02 5.801342766810586582e-01
1.387516257793075511e+03 3.422335177891954459e+02 5.781185046681677209e-01
1.387537091102622981e+03 3.461843413839760046e+02 5.802937116647378657e-01
1.387557924411240947e+03 3.478538531260855962e+02 5.818536218553246320e-01
1.387578757719393025e+03 3.468761728496282899e+02 5.819434541371654168e-01
1.387599591026614007e+03 3.472354436669899655e+02 5.839834308935590856e-01
1.387620424332902985e+03 3.440844417667231028e+02 5.791108515028218218e-01
1.387641257638726074e+03 3.421196717878547702e+02 5.782086853081617184e-01
1.387662090944083047e+03 3.422224157345720528e+02 5.783799872099882888e-01
1.387682924248510062e+03 3.366921724710923058e+02 5.750262233725262906e-01
1.387703757552005527e+03 3.352935330170990369e+02 5.747340219491048341e-01
1.387724590855035785e+03 3.364933686430854323e+02 5.750223881053303510e-01
1.387787090759466537e+03 3.306095630813549064e+02 5.709447883011309344e-01
1.387807924059703055e+03 3.304497746817751249e+02 5.706185081672534576e-01
1.387828757359006886e+03 3.317022477039545265e+02 5.716751750094155593e-01
1.387849590657845965e+03 3.315437511084614925e+02 5.718915582563104394e-01
1.387870423955752813e+03 3.290583173450248751e+02 5.694917495069619084e-01
1.387891257253194453e+03 3.284879086603584710e+02 5.718593522312630517e-01
1.387912090549704999e+03 3.260203340184926901e+02 5.679544271266178113e-01
1.387932923845748974e+03 3.300269676769323155e+02 5.701596826108689120e-01
1.387953757140861853e+03 3.317163845103045787e+02 5.718196133333645070e-01
1.387974590435043865e+03 3.259991951639307217e+02 5.682969206484081992e-01
1.387995423729225877e+03 3.214962998487367258e+02 5.649579176801952096e-01
1.388016257022010905e+03 3.180462175925335941e+02 5.627672567191647213e-01
1.388037090314329816e+03 3.188078402705323811e+02 5.631127993143675292e-01
1.388057923606183977e+03 3.159156668972822786e+02 5.610783679014783587e-01
1.388078756897107496e+03 3.108933646445140653e+02 5.584787103596042801e-01
1.388099590187098784e+03 3.055861758911371453e+02 5.541273969585088777e-01
1.388120423476623500e+03 3.046191984214223680e+02 5.550994954837573658e-01
1.388141256765682101e+03 3.010844183333533124e+02 5.520659809864382206e-01
1.388162090053811426e+03 3.022170842741413708e+02 5.524547125522216717e-01
1.388182923341475089e+03 3.029586683007793795e+02 5.537151625806754351e-01
1.388203756628206065e+03 3.034558938426886812e+02 5.533644518901416065e-01
1.388224589914006174e+03 3.000147856893568701e+02 5.508287017077364567e-01
1.388245423199340166e+03 2.985143816529284209e+02 5.501408472480813217e-01
1.388266256484208952e+03 2.970147703532712740e+02 5.490661322224409391e-01
1.388287089768145961e+03 2.974169127019848702e+02 5.492261753150095016e-01
1.388307923051617990e+03 2.986424208782482879e+02 5.494012250054793878e-01
1.388328756334158925e+03 2.967514125284459396e+02 5.482015596725950957e-01
1.388349589615768991e+03 2.970595092968128483e+02 5.482202876833279781e-01
1.388370422897377466e+03 2.988775660805369512e+02 5.499397504924997682e-01
1.388391256177589185e+03 2.985758610766404786e+02 5.494757798318004038e-01
1.388412089457335469e+03 2.995899298405244622e+02 5.513361577198436780e-01
1.388432922736617002e+03 3.000775299901081894e+02 5.505329952382307379e-01
1.388453756014966530e+03 2.993151208604301132e+02 5.499686069632482299e-01
1.388474589292849487e+03 2.980681996582946454e+02 5.488640715749728560e-01
1.388495422570267692e+03 2.996565323904646334e+02 5.507295733078095834e-01
1.388516255846289823e+03 2.993451957272350796e+02 5.512469872459380138e-01
1.388537089122311045e+03 2.971494174697368180e+02 5.482937801100129516e-01
1.388557922397400489e+03 2.962070415387336766e+02 5.482901383356509895e-01
1.388578755671559520e+03 2.980821926626267100e+02 5.503376736967501293e-01
1.388599588945252435e+03 2.984561037740741654e+02 5.495374717935048725e-01
1.388620422218479007e+03 2.978637836019597103e+02 5.495688439060203434e-01
1.388641255490775620e+03 2.984080995953721640e+02 5.489550134991534325e-01
1.388662088762141138e+03 3.012252811436232491e+02 5.513775891070480384e-01
1.388682922033040086e+03 3.020248221858719262e+02 5.524232885347758470e-01
1.388703755303472917e+03 3.009693551068157831e+02 5.508727951265359746e-01
1.388724588572974881e+03 3.016731989624819334e+02 5.515625464679817513e-01
1.388745421842011183e+03 3.006311501487328428e+02 5.517313993090205981e-01
1.388766255110580914e+03 3.019679976472861540e+02 5.525609205931238943e-01
1.388787088377755481e+03 3.025654438912218893e+02 5.519530094521868380e-01
1.388807921644930047e+03 3.034999496507984986e+02 5.526792950364637358e-01
1.388828754911171927e+03 3.026371172491606103e+02 5.521404188860506990e-01
1.388849588176482484e+03 3.024282210164875551e+02 5.517080368950815217e-01
1.388870421441793496e+03 3.022380551896303018e+02 5.515279645617149340e-01
1.388891254696394526e+03 3.011090982295037293e+02 5.519233387808688551e-01
1.388912087959843120e+03 3.005878842848270551e+02 5.506246628256901143e-01
1.388932921222826508e+03 2.998429600748879693e+02 5.504471056123754202e-01
1.388953754484878118e+03 3.004769837756188622e+02 5.507624737941261284e-01
1.388974587746462930e+03 3.001083945480842203e+02 5.521305681811070620e-01
1.388995421007117329e+03 3.007419566695954813e+02 5.507827380004695073e-01
1.389016254267306977e+03 3.003704340419877212e+02 5.503491810450573674e-01
1.389037087527030053e+03 2.999851355971360931e+02 5.507034084423784170e-01
1.389057920785820897e+03 2.989312740930095629e+02 5.495981536565609504e-01
1.389078754044146990e+03 2.970614707937002095e+02 5.494176610238228342e-01
1.389099587301542215e+03 2.993388734716753561e+02 5.496401769361495271e-01
1.389120420558470869e+03 2.989100594294229722e+02 5.497672032643549089e-01
1.389162087070467805e+03 2.978776326318766792e+02 5.486361890874310587e-01
1.389182920325533814e+03 2.963277711735522075e+02 5.485415542009380863e-01
1.389203753579668955e+03 2.971856710442733061e+02 5.488501167642670930e-01
1.389224586833338435e+03 2.990627764888076854e+02 5.498034949823323858e-01
1.389245420086077047e+03 2.988057597356669248e+02 5.501251912687662449e-01
1.389266253338349543e+03 2.985545841783454080e+02 5.494925390367013662e-01
1.389287086590156832e+03 2.978755508755804158e+02 5.486549022623460337e-01
1.389307919841032344e+03 2.979677896929932785e+02 5.512635033871753354e-01
1.389328753091442195e+03 2.983608861974088313e+02 5.488671122648580702e-01
1.389349586340921178e+03 2.983808778248350677e+02 5.504235533264945079e-01
1.389370419589933590e+03 2.994118747341607332e+02 5.503957224299166340e-01
1.389391252838481023e+03 2.995309989584561094e+02 5.499024380504464737e-01
1.389432919333247810e+03 3.007345097418684645e+02 5.511175441120805818e-01
1.389453752579467164e+03 3.006031413383221320e+02 5.507035166760265721e-01
1.389474585825219947e+03 2.995375796445349010e+02 5.496749860457064152e-01
1.389495419070507069e+03 3.006043691084190073e+02 5.508637332703275602e-01
1.389516252314864005e+03 3.003088188555929037e+02 5.509297326330723221e-01
1.389537085558754825e+03 3.011608453320357057e+02 5.510693060632132489e-01
1.389557918801714095e+03 3.007856798296678562e+02 5.545865893919197376e-01
1.389578752044208159e+03 3.005344123595144197e+02 5.504068766158117798e-01
1.389599585286236106e+03 3.006026915340227674e+02 5.504436405117021369e-01
1.389620418527332959e+03 3.022243533255119701e+02 5.520176368587528248e-01
1.389641251767965059e+03 3.025467885086851538e+02 5.517246202595735838e-01
1.389662085008129907e+03 3.004016005831828124e+02 5.509703291331145003e-01
1.389682918247363887e+03 3.003346762280189068e+02 5.501326401034147828e-01
1.389703751486132205e+03 2.992479640980328099e+02 5.496430506688634310e-01
1.389724584723969201e+03 2.996425303382883385e+02 5.501371093557926306e-01
1.389745417961340536e+03 2.994343918515284031e+02 5.499215687836137567e-01
1.389766251198247119e+03 3.031301391439743611e+02 5.521895348468759401e-01
1.389787084434221924e+03 3.048273122376309061e+02 5.531937001555050637e-01
1.389807917669730614e+03 3.074021066320794944e+02 5.550233603192126219e-01
1.389828750904307071e+03 3.095007487211638022e+02 5.581605471902713056e-01
1.389849584138884893e+03 3.139793481254865242e+02 5.596120928600220035e-01
1.389870417372066186e+03 3.196417964340568574e+02 5.629571805173316790e-01
1.389891250605247023e+03 3.263124327383499121e+02 5.672982394140860807e-01
1.389912083837496539e+03 3.311241701092917538e+02 5.708090044902607296e-01
1.389932917069279483e+03 3.380398447562739648e+02 5.750021229580374316e-01
1.389953750300131560e+03 3.418796753051675523e+02 5.774080625236079900e-01
1.389995416760439184e+03 3.390225662483812243e+02 5.760071341135701850e-01
1.390016249989428616e+03 3.379443201308175730e+02 5.748194452504730156e-01
1.390057916446010495e+03 3.410218572524987621e+02 5.777134332478756074e-01
1.390078749673138191e+03 3.442210564275362117e+02 5.785216182421480946e-01
1.390099582899798861e+03 3.469851050339433982e+02 5.801577529456255489e-01
1.390120416125995007e+03 3.495618695682896941e+02 5.823439455761285632e-01
1.390141249351259830e+03 3.466225557269390833e+02 5.801443967628023834e-01
1.390162082576057855e+03 3.432320433577788776e+02 5.782224469924597265e-01
1.390182915799925013e+03 3.410104342411214589e+02 5.766589675878148746e-01
1.390203749023792170e+03 3.410112593211524086e+02 5.768862417578435320e-01
1.390224582246728460e+03 3.353602312971929678e+02 5.731352620261682684e-01
1.390287081911346377e+03 3.275028499422016353e+02 5.679451917881197520e-01
1.390307915131953450e+03 3.251077319214290355e+02 5.667576193278411889e-01
1.390328748351630566e+03 3.226915926657519549e+02 5.650212158169574117e-01
1.390349581570841110e+03 3.195986841291005476e+02 5.636094860463752854e-01
1.390370414789586448e+03 3.184536123932294913e+02 5.620288199997124368e-01
1.390391248007400918e+03 3.163886439922968634e+02 5.605219127666140055e-01
1.390412081224748363e+03 3.183707884156172554e+02 5.627352699358464383e-01
1.390432914441631056e+03 3.188854447262596068e+02 5.626355378783478578e-01
1.390453747657581971e+03 3.179158122726686315e+02 5.615517517912343992e-01
1.390474580873533341e+03 3.188206918394425884e+02 5.621664594834043793e-01
1.390495414088086818e+03 3.195229082600641846e+02 5.624916023051393932e-01
1.390516247302642114e+03 3.192879078462000280e+02 5.623738094350300143e-01
1.390537080516264496e+03 3.191096047974197063e+02 5.623366860563182579e-01
1.390557913729421671e+03 3.199476512771466332e+02 5.629298104512450163e-01
1.390578746941646841e+03 3.193316329314547488e+02 5.627966469454704912e-01
1.390599580153873376e+03 3.221345843999717431e+02 5.643800470373633305e-01
1.390620413365169043e+03 3.262180298407554346e+02 5.679749962044777778e-01
1.390641246575531568e+03 3.240332310121804653e+02 5.658826841688359144e-01
1.390662079785894093e+03 3.222892065558550598e+02 5.644412715947634274e-01
1.390682912995326205e+03 3.240339491728273629e+02 5.655335115239018551e-01
1.390703746204292656e+03 3.235576785705785028e+02 5.653356233404596143e-01
1.390724579412327785e+03 3.234125568255032590e+02 5.652168940837771771e-01
1.390745412620362913e+03 3.269043157163019941e+02 5.682242583550325410e-01
1.390766245827466491e+03 3.322836694427267048e+02 5.709140427003442930e-01
1.390787079033638520e+03 3.362261804705214558e+02 5.737008334683246780e-01
1.390807912239811003e+03 3.394641513272779889e+02 5.757906412215385572e-01
1.390828745445051936e+03 3.375040232019289874e+02 5.743874282654565233e-01
1.390849578649827890e+03 3.394548651033618398e+02 5.752884120757466579e-01
1.390870411854137501e+03 3.365386017266707199e+02 5.735249642340650711e-01
1.390891245057515334e+03 3.371493463955421248e+02 5.738581348982975117e-01
1.390912078260427961e+03 3.384785234604009929e+02 5.748381614983694154e-01
1.390932911462874927e+03 3.372167687902663147e+02 5.738999136832784176e-01
1.390953744664856004e+03 3.394357236204852484e+02 5.752194566306306767e-01
1.390974577865906667e+03 3.481587122121653124e+02 5.812689121820225902e-01
1.390995411066491215e+03 3.574921863604034797e+02 5.870162950996412610e-01
1.391016244266610101e+03 3.608161894920365285e+02 5.888685539571365535e-01
1.391037077466261962e+03 3.656045991069613592e+02 5.921803104095046955e-01
1.391057910664984320e+03 3.563607741921094885e+02 5.865932101714166347e-01
1.391078743863241016e+03 3.563247783478659017e+02 5.862560169423619572e-01
1.391099577061031596e+03 3.463111366216107285e+02 5.807045787401502457e-01
1.391120410258355605e+03 3.449139295380741146e+02 5.789909321448797330e-01
1.391141243454748974e+03 3.530704141897863337e+02 5.841518659480733344e-01
1.391162076650677136e+03 3.521997193911203681e+02 5.837898313096753222e-01
1.391182909846139410e+03 3.496915558005010212e+02 5.818498059809965595e-01
1.391203743041136022e+03 3.485897068507699146e+02 5.812942395756136582e-01
1.391224576235666973e+03 3.452681017780997195e+02 5.792064089369792779e-01
1.391245409429265919e+03 3.384685259425505706e+02 5.748463269834621636e-01
1.391266242622399659e+03 3.344840302572850987e+02 5.721258051230875274e-01
1.391287075815067965e+03 3.319846706574440418e+02 5.704992328274222091e-01
1.391307909006805403e+03 3.307910094912696763e+02 5.702649972023087210e-01
1.391328742198541931e+03 3.302136334222213918e+02 5.699067697490755036e-01
1.391349575389348502e+03 3.279143592774455556e+02 5.687619386195472693e-01
1.391370408579687592e+03 3.265392401175648729e+02 5.670833092614064874e-01
1.391391241769561475e+03 3.256076032985364463e+02 5.668057841278406617e-01
1.391412074958970152e+03 3.249705287548468959e+02 5.663580775329073447e-01
1.391432908147447506e+03 3.259363074184080347e+02 5.672076902132510146e-01
1.391453741335459654e+03 3.264538139414736975e+02 5.669691511488220703e-01
1.391474574523005685e+03 3.262891841839914946e+02 5.666822878937732844e-01
1.391495407710085601e+03 3.260150406052272274e+02 5.670108856471518521e-01
1.391516240896699401e+03 3.265054042611908471e+02 5.687952631451345109e-01
1.391537074082382787e+03 3.293126155280035050e+02 5.702816157927482754e-01
1.391578740452819602e+03 3.244353730488610950e+02 5.659614131600012588e-01
1.391599573637106005e+03 3.239159618378259893e+02 5.654485300775436984e-01
1.391620406820925837e+03 3.199647754624254503e+02 5.625951209703957678e-01
1.391641240003814801e+03 3.185909503543746268e+02 5.621247364354888809e-01
1.391662073186704674e+03 3.176834880643058341e+02 5.632941679723223460e-01
1.391682906368662998e+03 3.165770595426899945e+02 5.613941076862324353e-01
1.391703739550155660e+03 3.164548772686230791e+02 5.604584255283184824e-01
1.391724572731647640e+03 3.147008151015617159e+02 5.592280701049532343e-01
1.391745405911742637e+03 3.141924374076164668e+02 5.589469113381365650e-01
1.391766239091838088e+03 3.151379585055279904e+02 5.594426886665566645e-01
1.391787072271467878e+03 3.148985824743251101e+02 5.604643810858068731e-01
1.391807905450165890e+03 3.182893335505278287e+02 5.616180340241296864e-01
1.391849571806631957e+03 3.185262777687472067e+02 5.635825442603294988e-01
1.391870404983932985e+03 3.189843337566973673e+02 5.625476287174741019e-01
1.391891238160769490e+03 3.185914233560216076e+02 5.621097058367467980e-01
1.391912071337139423e+03 3.196875377118058736e+02 5.626125223148724652e-01
1.391932904513043923e+03 3.211361829945528825e+02 5.633675454922251191e-01
1.391953737688017100e+03 3.220418742253756363e+02 5.644052610596190789e-01
1.391974570862989822e+03 3.220966492058009294e+02 5.639277194135851046e-01
1.391995404037030994e+03 3.220733908859496637e+02 5.639226988530906537e-01
1.392016237211073530e+03 3.226369768441845167e+02 5.646414789003940671e-01
1.392037070384184517e+03 3.195747071714465051e+02 5.624646599582366902e-01
1.392057903556829842e+03 3.163441823806353455e+02 5.609064577061789736e-01
1.392078736729009051e+03 3.161840120117882975e+02 5.628994212366660310e-01
1.392099569900721917e+03 3.160494295051540234e+02 5.597930518150819879e-01
1.392120403071969577e+03 3.179432639155286893e+02 5.613158265148950887e-01
1.392141236242751802e+03 3.190290673993234236e+02 5.623533799559725654e-01
1.392162069413068366e+03 3.194735690938985044e+02 5.627367528070505998e-01
1.392182902582919951e+03 3.191736307348069204e+02 5.620862180646652995e-01
1.392203735751839076e+03 3.214332258019265964e+02 5.650812897395134371e-01
1.392224568920757974e+03 3.203219774975250402e+02 5.626017425499952873e-01
1.392245402089211893e+03 3.212409327851087255e+02 5.633296411391404135e-01
1.392307901590850179e+03 3.218461612829814271e+02 5.638694781635770203e-01
1.392349567923100039e+03 3.249610350582761384e+02 5.661151532584247636e-01
1.392370401088294329e+03 3.230299789446218597e+02 5.650646764314396497e-01
1.392391234253489529e+03 3.230423792203493463e+02 5.644907955284238499e-01
1.392412067417752496e+03 3.235155351767971297e+02 5.656191124794076597e-01
1.392432900582015463e+03 3.227611653748265326e+02 5.642607734050554269e-01
1.392453733745346653e+03 3.219882152383186735e+02 5.636399956013543600e-01
1.392474566908212637e+03 3.219277271839602577e+02 5.635715186438280400e-01
1.392495400071079075e+03 3.214058780370467616e+02 5.640233129272280710e-01
1.392516233233014191e+03 3.196284499524323337e+02 5.624468301439415896e-01
1.392537066394948397e+03 3.181194247594642661e+02 5.627208382173780610e-01
1.392557899555952190e+03 3.182990940539925191e+02 5.610631233595165801e-01
1.392578732716955074e+03 3.182422726745669479e+02 5.614417240561879741e-01
1.392599565877027089e+03 3.181606437092182773e+02 5.617635197101202849e-01
1.392620399037099105e+03 3.175783517540972980e+02 5.614167485262778756e-01
1.392641232196705460e+03 3.181688597455178638e+02 5.617054785167386877e-01
1.392662065355380946e+03 3.182303785496993669e+02 5.617854560218850102e-01
1.392682898514055069e+03 3.183766615220679341e+02 5.615167501300158959e-01
1.392703731672264894e+03 3.169816231767180739e+02 5.615612249513818321e-01
1.392724564830009058e+03 3.181193342098454195e+02 5.612839428550511212e-01
1.392787064300912334e+03 3.141442422920192143e+02 5.584864746802213897e-01
1.392807897456792944e+03 3.131090021993518917e+02 5.578697420984051192e-01
1.392828730612673553e+03 3.132291502774871219e+02 5.580819192558662545e-01
1.392849563767623522e+03 3.121683885625701009e+02 5.578452477339136406e-01
1.392870396922573946e+03 3.121046025437223648e+02 5.569840559689226422e-01
1.392891230077058026e+03 3.097267571803085389e+02 5.569750667877958472e-01
1.392912063231076900e+03 3.094414124951588292e+02 5.558092567866544931e-01
1.392932896384630112e+03 3.083360878137087866e+02 5.545539963937736738e-01
1.392953729537715844e+03 3.081175117438319830e+02 5.547688115657887220e-01
1.392974562690803396e+03 3.078860381091587328e+02 5.548322784174688493e-01
1.392995395842960079e+03 3.071186452053242988e+02 5.549541692025004025e-01
1.393016228995115853e+03 3.085562102734733685e+02 5.547553276177515924e-01
1.393037062146806420e+03 3.093411631723125197e+02 5.552985090082871444e-01
1.393057895298496078e+03 3.098543017608050150e+02 5.557338623830466728e-01
1.393078728449254868e+03 3.081766395794036839e+02 5.542582879537265583e-01
1.393099561600013658e+03 3.082105451885994398e+02 5.544165365835442838e-01
1.393120394750307469e+03 3.069048147328757636e+02 5.536027429223326912e-01
1.393141227900135164e+03 3.067722048961567225e+02 5.539158571429722011e-01
1.393162061049496970e+03 3.050473545223756560e+02 5.527293606048773178e-01
1.393182894198859003e+03 3.041580275627472361e+02 5.524859459845858911e-01
1.393203727347754921e+03 3.044489243083477845e+02 5.519942595642949312e-01
1.393224560496185404e+03 3.062886356732262243e+02 5.536032274227936645e-01
1.393245393644151136e+03 3.062883723222112735e+02 5.539574721828087744e-01
1.393266226792115958e+03 3.054666643348441539e+02 5.527057707701152900e-01
1.393287059939614664e+03 3.039473624014078155e+02 5.525860806548680282e-01
1.393307893086647937e+03 3.050588070051269369e+02 5.531244148639234970e-01
1.393328726233682119e+03 3.043657104095417480e+02 5.524164370524194956e-01
1.393349559380249502e+03 3.045779260835646483e+02 5.526789445345385854e-01
1.393370392526352589e+03 3.038593123961699689e+02 5.517461994940775494e-01
1.393391225672454993e+03 3.056475553063980328e+02 5.529926896120818114e-01
1.393412058818090827e+03 3.059710131037952010e+02 5.537372293571217741e-01
1.393432891963727343e+03 3.066358990464724457e+02 5.533302518986690233e-01
1.393453725108899107e+03 3.088771837244358949e+02 5.548678628746517294e-01
1.393474558253604073e+03 3.075035051999402640e+02 5.540732085026324194e-01
1.393495391397844514e+03 3.067112579297655088e+02 5.538707953164114794e-01
1.393516224542549935e+03 3.046328605276032135e+02 5.527627351312608406e-01
1.393537057686322896e+03 3.074032873431513053e+02 5.542700902853447964e-01
1.393557890830096994e+03 3.056904212972077062e+02 5.528722530437331084e-01
1.393578723973404976e+03 3.051514730524122569e+02 5.540603530936862864e-01
1.393599557116713640e+03 3.062626470890583050e+02 5.532320834886036431e-01
1.393620390260022532e+03 3.085159092041434974e+02 5.559009925130049545e-01
1.393641223402865990e+03 3.085188423532562183e+02 5.546772378321449537e-01
1.393662056545242649e+03 3.163507908666910566e+02 5.600937663493712471e-01
1.393682889687618626e+03 3.192151936107604797e+02 5.617256132298140692e-01
1.393703722829530534e+03 3.195321591926352198e+02 5.620202296695516742e-01
1.396724529312657978e+03 2.890545362674667444e+02 5.410730214434984475e-01
1.396745362421001573e+03 2.900355308716538048e+02 5.421072348071253044e-01
1.396766195527480932e+03 2.923394218547940682e+02 5.449929139787772492e-01
1.396787028632098099e+03 2.929599774549989775e+02 5.450083072711673360e-01
1.396807861734388098e+03 2.921470947509149028e+02 5.435775527229576021e-01
1.396828694835279521e+03 2.941836599014794160e+02 5.445716306581380728e-01
1.396849527933843092e+03 2.942240174397718420e+02 5.448865161211721153e-01
1.396870361030543336e+03 2.962697698622878875e+02 5.459102294958512180e-01
1.396891194125381844e+03 2.988837720648580785e+02 5.478398666901348468e-01
1.396912027217892046e+03 2.994117606180631697e+02 5.480874653560365850e-01
1.396932860309005491e+03 2.999335328585626144e+02 5.494595082700203248e-01
1.396953693397790175e+03 3.014455861120608233e+02 5.498229272774458609e-01
1.396974526485178103e+03 3.069418785759894490e+02 5.528971563785980425e-01
1.396995359570237497e+03 3.063739663414370966e+02 5.523413349190537946e-01
1.397037025735234010e+03 3.043380109910789315e+02 5.515828623268493880e-01
1.397057858814705014e+03 3.076445668500581405e+02 5.532857887493428661e-01
1.397078691892780171e+03 3.067851119550040266e+02 5.526736869789857787e-01
1.397099524968992000e+03 3.060399249904714338e+02 5.530434273521929178e-01
1.397120358043341184e+03 3.074208775294443399e+02 5.540537908034179893e-01
1.397141191115827951e+03 3.071252889626431966e+02 5.530564141720546445e-01
1.397162024186452072e+03 3.089780837219955743e+02 5.541939756170620734e-01
1.397182857255213094e+03 3.101968481792741841e+02 5.551444307331192540e-01
1.397203690322577586e+03 3.130041413957318355e+02 5.582652159554858384e-01
1.397224523388544640e+03 3.126637425880218757e+02 5.568450017142499986e-01
1.397245356452183842e+03 3.107342234900917788e+02 5.558863297533029879e-01
1.397266189514426060e+03 3.096861966985869117e+02 5.556791333667171484e-01
1.397287022574805178e+03 3.076678213906852193e+02 5.534584505842623514e-01
1.397307855633788222e+03 3.082824037439021936e+02 5.541126065906636367e-01
1.397328688691373372e+03 3.068718727529532657e+02 5.527165548195045464e-01
1.397349521746630217e+03 3.066457999265508647e+02 5.526777042951720453e-01
1.397370354800957102e+03 3.053607841079834770e+02 5.522390511870657326e-01
1.397391187853419524e+03 3.074033729663880763e+02 5.532364199644178582e-01
1.397412020904020210e+03 3.086440963064994207e+02 5.544055705796598899e-01
1.397432853953223457e+03 3.090479192088343439e+02 5.541350877937758490e-01
1.397453687001030175e+03 3.091297386437216801e+02 5.544282817932143503e-01
1.397474520047439910e+03 3.092762093713018885e+02 5.545187680066882008e-01
1.397495353091986544e+03 3.111963432799806810e+02 5.557268372057565520e-01
1.397516186135136650e+03 3.127016232877110724e+02 5.567982768285604234e-01
1.397537019176889999e+03 3.166093854860083638e+02 5.591374132470010583e-01
1.397557852217246364e+03 3.199191789789633731e+02 5.626421589822919733e-01
1.397578685256205972e+03 3.215930813030822719e+02 5.627073064900868227e-01
1.397599518293302026e+03 3.196315853965496672e+02 5.622785715210976143e-01
1.397620351329001096e+03 3.185925841023595808e+02 5.604628922023677795e-01
1.397641184363304092e+03 3.180987431777714960e+02 5.601944297218056645e-01
1.397662017396675083e+03 3.191853032307458875e+02 5.608013253433031808e-01
1.397682850428182974e+03 3.175503957057158573e+02 5.599585180160467912e-01
1.397703683458295018e+03 3.169135354792344401e+02 5.594750767697246330e-01
1.397724516487009623e+03 3.163482815714112917e+02 5.593593126366918078e-01
1.397745349514326790e+03 3.136757694976738549e+02 5.570533962047272691e-01
1.397766182540712634e+03 3.124483044762511668e+02 5.562841779945641996e-01
1.397787015565235833e+03 3.115034588248520890e+02 5.557466790807484847e-01
1.397807848588829074e+03 3.099569637294742961e+02 5.544112955058067005e-01
1.397828681610558533e+03 3.112807299074550542e+02 5.552865138545320933e-01
1.397849514631356215e+03 3.120541508821849561e+02 5.563342673518799630e-01
1.397870347650758049e+03 3.140477109634342128e+02 5.572767136846452640e-01
1.397891180668761990e+03 3.144100454647503398e+02 5.599332368170861773e-01
1.397912013685835063e+03 3.141569486536117779e+02 5.586082349913210621e-01
1.397932846701046401e+03 3.167559444456147730e+02 5.588940433473486014e-01
1.397953679715325961e+03 3.172584138705509531e+02 5.594891927082726868e-01
1.397974512728672835e+03 3.224113247832073057e+02 5.657074926086833599e-01
1.397995345740157973e+03 3.264566373395985011e+02 5.656441395508849945e-01
1.398016178750710878e+03 3.271764501987260019e+02 5.660412368613660927e-01
1.398037011759869074e+03 3.257198853927926052e+02 5.648416152428350490e-01
1.398057844768094128e+03 3.266362369148824882e+02 5.653274786352846526e-01
1.398078677774922198e+03 3.265366851228360474e+02 5.652048457828193762e-01
1.398099510780354194e+03 3.266776584066688542e+02 5.661820856002437452e-01
1.398120343784853958e+03 3.253412497447136502e+02 5.647693790844519057e-01
1.398141176787957193e+03 3.245053985172045827e+02 5.641709516673387714e-01
1.398162009790128650e+03 3.256701531118965818e+02 5.651237437523891627e-01
1.398182842790903578e+03 3.252659119744714076e+02 5.651758444429080264e-01
1.398203675790282887e+03 3.263312186850552621e+02 5.657770542599173114e-01
1.398224508789194488e+03 3.285356646071570026e+02 5.670093876736005400e-01
1.398245341786243898e+03 3.293732667104353027e+02 5.672136537180971771e-01
1.398266174782363123e+03 3.306367156912655787e+02 5.685153498091299884e-01
1.398287007777548979e+03 3.343913660432087340e+02 5.704048291026015960e-01
1.398307840771339215e+03 3.369293116513629229e+02 5.719711796078957855e-01
1.398328673764196992e+03 3.401545545465557439e+02 5.742458155474995385e-01
1.398349506755659149e+03 3.416856424989627499e+02 5.749823494980242922e-01
1.398370339746189075e+03 3.401474912343184656e+02 5.772040480723558131e-01
1.398391172735789041e+03 3.414617228799081090e+02 5.759284588274374839e-01
1.398412005723991115e+03 3.423213581559239174e+02 5.757467738353931885e-01
1.398432838711261866e+03 3.375008002967340985e+02 5.736755085045224245e-01
1.398453671697601521e+03 3.347398637611452727e+02 5.708658068764305149e-01
1.398474504682543511e+03 3.318948270967341614e+02 5.724717377678866237e-01
1.398495337666554406e+03 3.283149429984615608e+02 5.662649833515780440e-01
1.398516170649168089e+03 3.253022271231046147e+02 5.650604834717324332e-01
1.398557836612068058e+03 3.229306364627442463e+02 5.631018174254743824e-01
1.398578669591423022e+03 3.216419086647100016e+02 5.663666809993251894e-01
1.398599502570312779e+03 3.190605900215421684e+02 5.603226535555833054e-01
1.398620335547804643e+03 3.173187142919570647e+02 5.590272035325959399e-01
1.398641168524365185e+03 3.163024696166983176e+02 5.587939723844799200e-01
1.398662001499993949e+03 3.167136149451877714e+02 5.590438363300720415e-01
1.398682834474225956e+03 3.169197395927284333e+02 5.589398732254949875e-01
1.398745333391801069e+03 3.129339808494327144e+02 5.598489756530592443e-01
1.398766166361842807e+03 3.126150242337745908e+02 5.572093801861073281e-01
1.398786999331417974e+03 3.123013732898172066e+02 5.558803787605997027e-01
1.398807832299596157e+03 3.099067874050574005e+02 5.546292019148186814e-01
1.398828665267310043e+03 3.081147477159313439e+02 5.527657274176625002e-01
1.398849498233625127e+03 3.048001167018114757e+02 5.513345631032572358e-01
1.398870331199010479e+03 3.040758941567156057e+02 5.525336288557143316e-01
1.398891164163464055e+03 3.028467222135921588e+02 5.491618977582267691e-01
1.398911997126519964e+03 3.015785535495180625e+02 5.489298770292292406e-01
1.398932830089111121e+03 2.994145003274210239e+02 5.478370650986100765e-01
1.398953663050770047e+03 3.016402381690473362e+02 5.487865282904799136e-01
1.398974496011031988e+03 3.017058867028866871e+02 5.497647638545922755e-01
1.398995328970829632e+03 3.022291735475233168e+02 5.489349261317673090e-01
1.399016161929230066e+03 3.012409859769891796e+02 5.481238411050548542e-01
1.399036994886697812e+03 3.014767146532476545e+02 5.487683355270399632e-01
1.399057827843700579e+03 3.025931870686684988e+02 5.519750116953409114e-01
1.399078660799305908e+03 3.042713163113105566e+02 5.508307306234916378e-01
1.399099493753980823e+03 3.063148186164460753e+02 5.529326228283172329e-01
1.399120326707723962e+03 3.062793198259495853e+02 5.548200046074298619e-01
1.399141159660536459e+03 3.052420857343219609e+02 5.511102708201044420e-01
1.399161992612417180e+03 3.046145126532678091e+02 5.526385274757382726e-01
1.399182825563366350e+03 3.059223712229455145e+02 5.514362579767533301e-01
1.399203658513849405e+03 3.053050266623897642e+02 5.519316812873125144e-01
1.399224491462935930e+03 3.060485922859311927e+02 5.570866989209072306e-01
1.399245324411092042e+03 3.041591727028993546e+02 5.504561201861568609e-01
1.399266157358315922e+03 3.040143758183716614e+02 5.507452391627770671e-01
1.399286990304608480e+03 3.043423606037248987e+02 5.501397908897915912e-01
1.399307823249968806e+03 3.052824480106336296e+02 5.515082951351593099e-01
1.399328656194400082e+03 3.047889031219053209e+02 5.505093924910415826e-01
1.399349489138363879e+03 3.038535152817623270e+02 5.499939939864553207e-01
1.399370322080932056e+03 3.033966194789840642e+02 5.519781702275834423e-01
1.399391155023034116e+03 3.051960272870637709e+02 5.512689365758804971e-01
1.399411987963738056e+03 3.056004178210391728e+02 5.515493623719632810e-01
1.399432820903976790e+03 3.054724017168966270e+02 5.515463364693957704e-01
1.399453653842819222e+03 3.088009381889446558e+02 5.531693758647732162e-01
1.399474486781195992e+03 3.068224095985344206e+02 5.517177060835001257e-01
1.399495319718640985e+03 3.060464795118642201e+02 5.526533842565228838e-01
1.399516152655154656e+03 3.029691818714516671e+02 5.493297524420370781e-01
1.399536985590736094e+03 3.000708607204173290e+02 5.481880772833002125e-01
1.399557818525388484e+03 2.979484850740097386e+02 5.457609272997422378e-01
1.399578651459108642e+03 2.999352566760006198e+02 5.472297607694389665e-01
1.399599484391897022e+03 3.009456710947373494e+02 5.476991438019171987e-01
1.399620317324219059e+03 2.992313817922004660e+02 5.471180784324947144e-01
1.399641150255144566e+03 3.002770282484196969e+02 5.474439930683742128e-01
1.399661983185605550e+03 3.033999153249820893e+02 5.499862452434335358e-01
1.399682816115134528e+03 3.029510847410176098e+02 5.492554219620299216e-01
1.399703649043732185e+03 3.034214225582715585e+02 5.492590030770935217e-01
1.399724481971397836e+03 3.037459038214474845e+02 5.497736269916158047e-01
1.399745314898599190e+03 3.044415139390188756e+02 5.502018417279733731e-01
1.399766147824403106e+03 3.062549518106514483e+02 5.516356206304150467e-01
1.399786980749740906e+03 3.094135617893676340e+02 5.533757885862030657e-01
1.399807813673681494e+03 3.128716920311192098e+02 5.560070246537445193e-01
1.399828646597155966e+03 3.163105197863391709e+02 5.586355233745179394e-01
1.399849479520165914e+03 3.202987060027692792e+02 5.623990339157602936e-01
1.399870312441778879e+03 3.231768866079599434e+02 5.634728072915652364e-01
1.399891145362926181e+03 3.257908951833157971e+02 5.641751248257653728e-01
1.399911978282675591e+03 3.294786901317899606e+02 5.667581451665338887e-01
1.399932811201960476e+03 3.308514308263918906e+02 5.689961382880678320e-01
1.399953644120314038e+03 3.301500829157500334e+02 5.692647166387417856e-01
1.399974477038201030e+03 3.295618670032362729e+02 5.670471248890520677e-01
1.399995309954691038e+03 3.278395945352334024e+02 5.668477409563410507e-01
1.400016142870716067e+03 3.277507728074845090e+02 5.654709295276675318e-01
1.400036975785809545e+03 3.262141937437078809e+02 5.646580518803249182e-01
1.400057808699972156e+03 3.245097552066117146e+02 5.667580399988343398e-01
1.400078641613667969e+03 3.230882662940565524e+02 5.636278342782552464e-01
1.400099474525967480e+03 3.211346003619145790e+02 5.613861712319134778e-01
1.400120307437801785e+03 3.206501586359017324e+02 5.606101129994230936e-01
1.400141140348704084e+03 3.187717148962753981e+02 5.601633866838430231e-01
1.400161973259139813e+03 3.181295488522438291e+02 5.589345679229164032e-01
1.400182806168180377e+03 3.144572799843332405e+02 5.595272773318287207e-01
1.400203639076754826e+03 3.120690888925433342e+02 5.548380526543155167e-01
1.400224471984397951e+03 3.086971212088444645e+02 5.529380935143163311e-01
1.400245304891574960e+03 3.056456556583450492e+02 5.507159904614750134e-01
1.400266137797355441e+03 3.030529310916264762e+02 5.493668325379079675e-01
1.400286970702669805e+03 3.012762491369092572e+02 5.485015386161679052e-01
1.400307803607053074e+03 3.001522527537516112e+02 5.473884352145675924e-01
1.400328636510970682e+03 3.001484306390325401e+02 5.470288468988845354e-01
1.400349469413956967e+03 2.985383127789032756e+02 5.460267163611718377e-01
1.400370302316011475e+03 2.970024304432266149e+02 5.448351555188268858e-01
1.400391135217134888e+03 2.963378127755943297e+02 5.446547807330802682e-01
1.400411968117327888e+03 2.961319387766005775e+02 5.452281132415152110e-01
1.400432801017054544e+03 2.950298664480214370e+02 5.432566421548626900e-01
1.400453633915849878e+03 2.940167400454138829e+02 5.427833899388211369e-01
1.400474466814179777e+03 2.932557174308799972e+02 5.425823950273362950e-01
1.400495299711577900e+03 2.929142017781834397e+02 5.419850391913179077e-01
1.400516132608045609e+03 2.933512051150938760e+02 5.421644332332363758e-01
1.400536965503580632e+03 2.940445624294535492e+02 5.427672197411999022e-01
1.400557798398650903e+03 2.945468310659506983e+02 5.436913327104921922e-01
1.400578631292789396e+03 2.951252492805133443e+02 5.445044501344334931e-01
1.400599464185997022e+03 2.961405114460665686e+02 5.440127264192620160e-01
1.400620297078273325e+03 2.940306557497160043e+02 5.432777897502689690e-01
1.400641129970083966e+03 2.955924205102145947e+02 5.436823430117699862e-01
1.400682795751376489e+03 2.965381850193368223e+02 5.448008850757058985e-01
1.400745294417493824e+03 2.963531291771957967e+02 5.444250816056122044e-01
1.400766127304647853e+03 2.967799169729044024e+02 5.456478519613791045e-01
1.400786960190871014e+03 2.973747356186203774e+02 5.453137865024026976e-01
1.400807793076626922e+03 2.986785878840606756e+02 5.473221449490590640e-01
1.400828625961452417e+03 2.978408145115060961e+02 5.453231318620590518e-01
1.400849458845348181e+03 2.975908691820918079e+02 5.452254348811219620e-01
1.400870291728776010e+03 2.984750395976876121e+02 5.457016209641020188e-01
1.400891124611272971e+03 2.993600100046724037e+02 5.465140377608060929e-01
1.400911957492839065e+03 2.995603582048470344e+02 5.468116996097407423e-01
1.400932790373939042e+03 3.008796375353996950e+02 5.472593319386069854e-01
1.400953623254108606e+03 3.014206174039961184e+02 5.475934622520609585e-01
1.400974456133345939e+03 3.006960476244354936e+02 5.473034951110793411e-01
1.400995289012118064e+03 2.999837983253556786e+02 5.465783540793874851e-01
1.401016121889958413e+03 3.003081355209171761e+02 5.470622695718404538e-01
1.401036954767334009e+03 2.989638045014723957e+02 5.461795199250285560e-01
1.401057787643776919e+03 2.988714993974313074e+02 5.457354252730570732e-01
1.401078620519290325e+03 2.965040610165571593e+02 5.454148554450090058e-01
1.401099453394336933e+03 2.972843028738258226e+02 5.464522771563968817e-01
1.401120286268451537e+03 2.980853725257817928e+02 5.453056706653973684e-01
1.401141119141635954e+03 2.981470097903232386e+02 5.457498419827395697e-01
1.401161952014354029e+03 2.994218015191165136e+02 5.468354892081692675e-01
1.401182784886140780e+03 3.003947251704954056e+02 5.469086772903417604e-01
1.401203617757462780e+03 3.005697579271503628e+02 5.469428973964193252e-01
1.401224450627853003e+03 3.008722503605064844e+02 5.472759139668257333e-01
1.401245283497312357e+03 3.010981470638315045e+02 5.482153950862390657e-01
1.401266116366305596e+03 3.013292035110496840e+02 5.477533915478700610e-01
1.401286949234367057e+03 2.998818018880932073e+02 5.468499041657417514e-01
1.401307782101962857e+03 3.008528912533041080e+02 5.475843461268770085e-01
1.401328614968627789e+03 3.008111875527512211e+02 5.470361199771006655e-01
1.401349447834827060e+03 3.008446362848650324e+02 5.476165376160440079e-01
1.401370280699628893e+03 3.000496908977875705e+02 5.469446137943956288e-01
1.401391113564431180e+03 2.976694826982125051e+02 5.451409777893518882e-01
1.401411946427836028e+03 2.964126715014839988e+02 5.456902340654565808e-01
1.401432779291240877e+03 2.955621628971330210e+02 5.440503332365095313e-01
1.401453612153250106e+03 2.949546333998554815e+02 5.443122489053460189e-01
1.401474445014791854e+03 2.933567455678590932e+02 5.421127047878354643e-01
1.401495277875404099e+03 2.918226746006073995e+02 5.416210381534428686e-01
1.401516110735548864e+03 2.906193481429489225e+02 5.424415443938603865e-01
1.401536943594763216e+03 2.916161928150229414e+02 5.408501492498247742e-01
1.401557776453511906e+03 2.908572436159261656e+02 5.402479819613590362e-01
1.401578609311328819e+03 2.905596937698203988e+02 5.404621970625036464e-01
1.401599442168680980e+03 2.922508984491300339e+02 5.418506334363588639e-01
1.401620275025100909e+03 2.900074012548395785e+02 5.395038014667773441e-01
1.401641107880589971e+03 2.901928728483255213e+02 5.397473007583443172e-01
1.401661940735613371e+03 2.914928961269359320e+02 5.404968253103319409e-01
1.401682773589704993e+03 2.929705069775808397e+02 5.426285865118576357e-01
1.401703606443331864e+03 2.930849389608589490e+02 5.423083233946703885e-01
1.401724439296026958e+03 2.912000587587352243e+02 5.402459960481974521e-01
1.401745272148256390e+03 2.914460418098124705e+02 5.404904567465330656e-01
1.401766104999554955e+03 2.914835624218308681e+02 5.406538928034390068e-01
1.401786937850386039e+03 2.900259108416299796e+02 5.397136735781764560e-01
1.401807770700288529e+03 2.890685447294609958e+02 5.391660950120650275e-01
1.401828603549257878e+03 2.891803878320678223e+02 5.396443695787599415e-01
1.401849436397762020e+03 2.876993365035570491e+02 5.380318228481548726e-01
1.401870269245334384e+03 2.865019480593306866e+02 5.375311842455351430e-01
1.401891102092441088e+03 2.854897984802083784e+02 5.365845491636747067e-01
1.401911934939083494e+03 2.862380503602398107e+02 5.373119735085105653e-01
1.401932767784327552e+03 2.869487128581255320e+02 5.377448189777116472e-01
1.401953600629572065e+03 2.877677941843696772e+02 5.384660268035830200e-01
1.401974433473420049e+03 2.881564817242872323e+02 5.385172477464176266e-01
1.401995266317268033e+03 2.888603878675220358e+02 5.394033101013169240e-01
1.402016099159718124e+03 2.896932074290288028e+02 5.390985725606829426e-01
1.402036932001702098e+03 2.904910430958984193e+02 5.398138863326116255e-01
1.402057764843221321e+03 2.887914380614619176e+02 5.386820570195745006e-01
1.402078597683810131e+03 2.907969242242175483e+02 5.399246232530399148e-01
1.402099430523931915e+03 2.919171192864463933e+02 5.406548298891574733e-01
1.402120263363122831e+03 2.915859122553638372e+02 5.404717917355349455e-01
1.402141096201382425e+03 2.909222967936175337e+02 5.402077382127705718e-01
1.402161929039176357e+03 2.919760461457336760e+02 5.407204494117814342e-01
1.402182761876504173e+03 2.921928827625380336e+02 5.414295197037143348e-01
1.402203594712901122e+03 2.913531259162248830e+02 5.405523747521221445e-01
1.402224427548831954e+03 2.910945506957104385e+02 5.431144848103054423e-01
1.402245260383832374e+03 2.908377722116819086e+02 5.401556016886657208e-01
1.402266093217901471e+03 2.918875564210133575e+02 5.408689389560340510e-01
1.402286926051504452e+03 2.919170359626816662e+02 5.428489443107908929e-01
1.402307758884641999e+03 2.918712796048969835e+02 5.417503848547595702e-01
1.402328591716847541e+03 2.924216690391479005e+02 5.413293858250708412e-01
1.402349424548121988e+03 2.959420962237132358e+02 5.462852022364000915e-01
1.402370257378931910e+03 2.966247344525443168e+02 5.440815013742281714e-01
1.402391090209274807e+03 2.949137412710210810e+02 5.428937681828732709e-01
1.402411923038686837e+03 2.945276712920288560e+02 5.423147805185651871e-01
1.402432755867167089e+03 2.935703805507256448e+02 5.430958276690587283e-01
1.402453588695647795e+03 2.944711588960223594e+02 5.429828285203385230e-01
1.402474421522732428e+03 2.962213669597427383e+02 5.437029533202881737e-01
1.402495254349350489e+03 2.942456322014709826e+02 5.437349635270407600e-01
1.402516087175502435e+03 2.941639108536580238e+02 5.421805389573067790e-01
1.402536920000723967e+03 2.908459581561965592e+02 5.397267326580551527e-01
1.402557752818028803e+03 2.913541267798333365e+02 5.399892828902176367e-01
1.402578585641852897e+03 2.906591193935437900e+02 5.398282403553553710e-01
1.402599418465210420e+03 2.903230791021489381e+02 5.405815118045774748e-01
1.402620251287637529e+03 2.903692487480457203e+02 5.408167835146633351e-01
1.402641084109599888e+03 2.904398803320383422e+02 5.401756293296634537e-01
1.402661916930630014e+03 2.909740388685612515e+02 5.422109901110832020e-01
1.402745248208231487e+03 2.897175336871520699e+02 5.391724239446837874e-01
1.402766081026001530e+03 2.913385765221912607e+02 5.403211798337520522e-01
1.402786913843306593e+03 2.921750893469251764e+02 5.406876819854137262e-01
1.402807746659680106e+03 2.924384450951749272e+02 5.410516775079309282e-01
1.402828579475587958e+03 2.929258265188000223e+02 5.419240547864234703e-01
1.402849412290564942e+03 2.933101937608630578e+02 5.428369760128534116e-01
1.402870245105076492e+03 2.938961802023308110e+02 5.424683824458058634e-01
1.402891077918655355e+03 2.933809766871645479e+02 5.416721808324034271e-01
1.402911910731769467e+03 2.927939850520392042e+02 5.413194209679198510e-01
1.402932743543953165e+03 2.937317590495117088e+02 5.419304339995608677e-01
1.402953576355669611e+03 2.944993773933872490e+02 5.420696856104813000e-01
1.402974409166455189e+03 2.924789391674360104e+02 5.420386217176299537e-01
1.402995241976775105e+03 2.936629694337487990e+02 5.417813552580862391e-01
1.403016074786628906e+03 2.933298707510373333e+02 5.421002529425172911e-01
1.403036907595552520e+03 2.913789707696094524e+02 5.405137526432547412e-01
1.403057740404009564e+03 2.938264592859149502e+02 5.417111604707395278e-01
1.403078573211535513e+03 2.925038340413145761e+02 5.412185784044538650e-01
1.403099406018595801e+03 2.920425708746721511e+02 5.407320236378475586e-01
1.403120238824725220e+03 2.922482849556536735e+02 5.412630417466114396e-01
1.403141071630388069e+03 2.915252945628995462e+02 5.401841532656393996e-01
1.403161904435586166e+03 2.911656313774547016e+02 5.407484200340324509e-01
1.403182737239852031e+03 2.908244868663478542e+02 5.401862221618530802e-01
1.403203570043653599e+03 2.901938754405206282e+02 5.398935187401365798e-01
1.403224402846522480e+03 2.894296012639948117e+02 5.388040614164784081e-01
1.403245235648926609e+03 2.902912674306001577e+02 5.403383332889338808e-01
1.403266068450399416e+03 2.886655495940356104e+02 5.380605425095064120e-01
1.403286901251406562e+03 2.893765365663376770e+02 5.388295043290491915e-01
1.403307734051947591e+03 2.895041236440096668e+02 5.400364963684369801e-01
1.403328566851557071e+03 2.892872288468412307e+02 5.385204575406338234e-01
1.403349399650700889e+03 2.885753401721818250e+02 5.382447328624287985e-01
1.403370232448914066e+03 2.890543933479575003e+02 5.384229376667373224e-01
1.403391065246661128e+03 2.884568992498516877e+02 5.383884251260068199e-01
1.403411898043942529e+03 2.887569396138595152e+02 5.381013622253931761e-01
1.403432730840293516e+03 2.902659658452728877e+02 5.395504222195496302e-01
1.403453563636177478e+03 2.898140385276678330e+02 5.396327996378433856e-01
1.403474396431130572e+03 2.902710146149502748e+02 5.394011829514592238e-01
1.403495229225618004e+03 2.912042663182422189e+02 5.419647209837277213e-01
1.403516062019174115e+03 2.900197573999783458e+02 5.391687205608147737e-01
1.403536894812265473e+03 2.910361216484306510e+02 5.397481842028141186e-01
1.403557727604890488e+03 2.910450943362550333e+02 5.402798107400982319e-01
1.403578560396583498e+03 2.909596508902563983e+02 5.395522726046979578e-01
1.403599393187811984e+03 2.905872380516570388e+02 5.395597845508722790e-01
1.403641058768404946e+03 2.911309540915681282e+02 5.399150740546062588e-01
1.403661891557770559e+03 2.910747122002990181e+02 5.399634254838139302e-01
1.403682724346204395e+03 2.907580275480521550e+02 5.430774717090209869e-01
1.403703557134172570e+03 2.905337155823932562e+02 5.393547426930627164e-01
1.403724389921675538e+03 2.908577656661751121e+02 5.445110180460767113e-01
1.403745222708247184e+03 2.908193109225909438e+02 5.393991386696653789e-01
1.403766055494352486e+03 2.890954265104778074e+02 5.396991508476499666e-01
1.403786888279526920e+03 2.896100923874654995e+02 5.392082957047722447e-01
1.403807721064235466e+03 2.902203033701819663e+02 5.392916924687521929e-01
1.403828553848478805e+03 2.900928208478505326e+02 5.392874372801237381e-01
1.403849386631789912e+03 2.909078140892885358e+02 5.402538293299429251e-01
1.403870219414636495e+03 2.918303598228426381e+02 5.419719795377618832e-01
1.403891052197016961e+03 2.916907340326540634e+02 5.403988348588305568e-01
1.403911884978465423e+03 2.917005552391906917e+02 5.398975483521617491e-01
1.403932717759450043e+03 2.924939983821152509e+02 5.407037765792229722e-01
1.403953550539501066e+03 2.923691350355638292e+02 5.404872862214257223e-01
1.403974383319088474e+03 2.925787920429318660e+02 5.409469560912864017e-01
1.403995216098208857e+03 2.922695568029780588e+02 5.407925362719470108e-01
1.404016048876399054e+03 2.935749472576960102e+02 5.419500936022242366e-01
1.404036881654121999e+03 2.936326860950042601e+02 5.414021622584651583e-01
1.404057714431380191e+03 2.947068985275037676e+02 5.423620388296054307e-01
1.404078547208172949e+03 2.958644984527725796e+02 5.428922860074458789e-01
1.404099379983569179e+03 2.964288827539791100e+02 5.438610949973373687e-01
1.404120212758964044e+03 2.963254377352857318e+02 5.436234403628643630e-01
1.404141045533428041e+03 2.956950656325989826e+02 5.427791346703632058e-01
1.404161878307427060e+03 2.965614650293156274e+02 5.435187757981140289e-01
1.404182711080959962e+03 2.975500960883035191e+02 5.439086025047987771e-01
1.404203543853560859e+03 2.985006765463665488e+02 5.445583593989771209e-01
1.404224376625697914e+03 2.997666956824206181e+02 5.454538954474448254e-01
1.404245209397367944e+03 3.027814514790908902e+02 5.474029717190141975e-01
1.404266042168106651e+03 3.052233086818189918e+02 5.493929254430481857e-01
1.404286874938380151e+03 3.059308009133413293e+02 5.506593555812939744e-01
1.404307707707721875e+03 3.067714684965584411e+02 5.498850951676149679e-01
1.404328540476598391e+03 3.074579473140615278e+02 5.507260558697868458e-01
1.404349373245008337e+03 3.071563132506777265e+02 5.502413003624616605e-01
1.404370206012953531e+03 3.063061413063629743e+02 5.504864383901486580e-01
1.404391038779967403e+03 3.101122288956997863e+02 5.525827907654897730e-01
1.404411871546515613e+03 3.103618489870081021e+02 5.524753462352727240e-01
1.404432704312597480e+03 3.105752130297425992e+02 5.539646273950372679e-01
1.404453537077748933e+03 3.102428202975926297e+02 5.524777736767328973e-01
1.404474369842434044e+03 3.094267940323480275e+02 5.563393296081846628e-01
1.404495202606653947e+03 3.075928817130902644e+02 5.507188315227781183e-01
1.404516035369942074e+03 3.058892966548006598e+02 5.500642153792609790e-01
1.404536868132764539e+03 3.050269763317380693e+02 5.489060153195134406e-01
1.404557700895122480e+03 3.052773589728687966e+02 5.491142748769392012e-01
1.404578533656547961e+03 3.042572377557343088e+02 5.519293594373415601e-01
1.404599366417507554e+03 3.050646558557385220e+02 5.487850891833989664e-01
1.404641031937565003e+03 3.045383914906464611e+02 5.487612483320726264e-01
1.404661864697128522e+03 3.063394711083110451e+02 5.500260715374136744e-01
1.404682697455295056e+03 3.077976322610521152e+02 5.508958683739778595e-01
1.404745195727465216e+03 3.134733059458176854e+02 5.557033478001566218e-01
1.404766028483768423e+03 3.134076888931620601e+02 5.544568777850955588e-01
1.404786861239139853e+03 3.154601726804875170e+02 5.558077822431077841e-01
1.404807693994512647e+03 3.140775240594724096e+02 5.545948112306969824e-01
1.404828526748488002e+03 3.144207946911787417e+02 5.552029699480421909e-01
1.404849359502462903e+03 3.171706691067916495e+02 5.568682556514583659e-01
1.404870192255507391e+03 3.159346385107281208e+02 5.563729428930569432e-01
1.404891025008086217e+03 3.184851567469282827e+02 5.578425498155822337e-01
1.404911857760198018e+03 3.232316164598855153e+02 5.608312437104533421e-01
1.404932690511845067e+03 3.215884847984188468e+02 5.595863433192638237e-01
1.404953523262560793e+03 3.199603694353673404e+02 5.586092486598925877e-01
1.404974356012810404e+03 3.245499692726939998e+02 5.630012768769903087e-01
1.404995188762595035e+03 3.244279707093512002e+02 5.631604820445108572e-01
1.405016021511447434e+03 3.222705328174444617e+02 5.602700749604691000e-01
1.405036854259834399e+03 3.200648526424796501e+02 5.585589898238066953e-01
1.405057687007757067e+03 3.197311217902997100e+02 5.585005355634315993e-01
1.405078519755212483e+03 3.188183962292310980e+02 5.584251309366120575e-01
1.405099352501736576e+03 3.188153530787162708e+02 5.580503314692382144e-01
1.405120185247796599e+03 3.192615113805272244e+02 5.583116312458996644e-01
1.405141017993389596e+03 3.194164198827821224e+02 5.583509704546566477e-01
1.405161850738516932e+03 3.176142537047948622e+02 5.572412028296429565e-01
1.405182683482713401e+03 3.190631598253181096e+02 5.580870991618194221e-01
1.405203516226444208e+03 3.173576095441743519e+02 5.569109879156193266e-01
1.405224348969708899e+03 3.166800653736067375e+02 5.565951947863893023e-01
1.405245181712508838e+03 3.130830817877117624e+02 5.552902170840118279e-01
1.405266014454842662e+03 3.110314464397781080e+02 5.528376182943645079e-01
1.405286847196245162e+03 3.090150393992985869e+02 5.512276321855552608e-01
1.405307679937181092e+03 3.059876579639382044e+02 5.497290388138401651e-01
1.405328512677652952e+03 3.069568822622457560e+02 5.506765117213551219e-01
1.405349345417192126e+03 3.071312665583720900e+02 5.499702597293434359e-01
1.405370178156731527e+03 3.071698195347984210e+02 5.504074180753937284e-01
1.405391010895340514e+03 3.069902853756548211e+02 5.511290892520468443e-01
1.405411843633483841e+03 3.091353599992180534e+02 5.524776657906722566e-01
1.405432676370694935e+03 3.089613446503432215e+02 5.513064808791011684e-01
1.405453509107906484e+03 3.091472478211949237e+02 5.514537682492628434e-01
1.405474341844187165e+03 3.106338416988728568e+02 5.522959827449668291e-01
1.405495174580000821e+03 3.130558570874168254e+02 5.538796196523008142e-01
1.405516007315349952e+03 3.145811304786838605e+02 5.553269260230727644e-01
1.405536840050232968e+03 3.167545954589161852e+02 5.569597366888754397e-01
1.405557672784185343e+03 3.187821381759650876e+02 5.579211580676407545e-01
1.405578505518136353e+03 3.186495631877329515e+02 5.578579357887146761e-01
1.405599338251156951e+03 3.180064982289046043e+02 5.573301896182669690e-01
1.405620170983712342e+03 3.188352880148509030e+02 5.579048390187689721e-01
1.405641003715801617e+03 3.183619525033806781e+02 5.575783310160631334e-01
1.405661836446958660e+03 3.191990258885945195e+02 5.580130806828776935e-01
1.405682669178117521e+03 3.203927969784899119e+02 5.590641468635811906e-01
1.405703501908344151e+03 3.203628200442810225e+02 5.600112589061936319e-01
1.405724334638105120e+03 3.189301051001921792e+02 5.575221259597480383e-01
1.405745167367399063e+03 3.185847481333627229e+02 5.577251910954903469e-01
1.405766000096229618e+03 3.162147413102956648e+02 5.570415190917824555e-01
1.405786832824128396e+03 3.132932146380894096e+02 5.551277884722747302e-01
1.405807665552026492e+03 3.112702104568879804e+02 5.527690162182652411e-01
1.405828498278992356e+03 3.093577707143774660e+02 5.520074330344287850e-01
1.405849331005494605e+03 3.070270192447432578e+02 5.515509293506972721e-01
1.405870163731530511e+03 3.040370942405394317e+02 5.487946198034281409e-01
1.405890996457099845e+03 3.032502843204480314e+02 5.475522888158049772e-01
1.405911829182204201e+03 3.019517597475862658e+02 5.468676702825626679e-01
1.405932661906377007e+03 3.017394522827036099e+02 5.466937445945393437e-01
1.405953494630550949e+03 3.026932675846772440e+02 5.476864108543096910e-01
1.405974327353791978e+03 3.010544266221904763e+02 5.460569803195373106e-01
1.405995160076567572e+03 3.005232091006452038e+02 5.455061811784007730e-01
1.406015992798878415e+03 2.997527493932424250e+02 5.447802615992911601e-01
1.406036825520724051e+03 3.006965598670850000e+02 5.453842279867501253e-01
1.406057658242102207e+03 2.996553544520274386e+02 5.446520448351965804e-01
1.406078490963015611e+03 2.991026488075377188e+02 5.444681609944843625e-01
1.406099323683463808e+03 3.007985987285111378e+02 5.469918807331999311e-01
1.406120156402980001e+03 2.990722765010751800e+02 5.446253417501893956e-01
