1.871077636718750000e+03 1.710135133272102621e+02 9.505836814413110014e-01
1.871098449707031250e+03 1.716483528234303151e+02 9.480023537497936914e-01
1.871119323730468750e+03 1.695895854231945350e+02 9.471305514904584388e-01
1.871140136718750000e+03 1.722917580461879936e+02 9.466154718547920011e-01
1.871160949707031250e+03 1.709662278004223310e+02 9.443276374396907258e-01
1.871181823730468750e+03 1.669061625622443046e+02 9.417606493937897838e-01
1.871202636718750000e+03 1.684001991396119422e+02 9.423447359130843193e-01
1.871223449707031250e+03 1.684596793878835967e+02 9.393996701329094812e-01
1.871244323730468750e+03 1.691014539555243914e+02 9.397829868527785013e-01
1.871265136718750000e+03 1.684765993490616438e+02 9.384722754214808171e-01
1.871285949707031250e+03 1.696066624558779097e+02 9.385273390737278731e-01
1.871306823730468750e+03 1.672860001141063719e+02 9.380179563849240232e-01
1.871327636718750000e+03 1.686638955812338452e+02 9.383827503962068883e-01
1.871348449707031250e+03 1.667051196688750849e+02 9.356382958455532473e-01
1.871369323730468750e+03 1.688260026734147061e+02 9.352215418254993251e-01
1.871390136718750000e+03 1.663721991238867588e+02 9.400150894414863734e-01
1.871410949707031250e+03 1.687076146512585808e+02 9.340459773777358699e-01
1.871431823730468750e+03 1.662624189310309362e+02 9.320031506378718689e-01
1.871452636718750000e+03 1.667756357062806103e+02 9.410616612050306529e-01
1.871473449707031250e+03 1.662391433269509946e+02 9.332466278219624378e-01
1.871494323730468750e+03 1.648203209845136143e+02 9.310782472587699754e-01
1.871515197753906250e+03 1.664980466117941944e+02 9.344214756356902241e-01
1.871536010742187500e+03 1.652818623259685751e+02 9.305694628066931706e-01
1.871556823730468750e+03 1.661980580339742630e+02 9.319987378521178423e-01
1.871577697753906250e+03 1.650154359227684040e+02 9.319468700650884729e-01
1.871598510742187500e+03 1.655575543004574968e+02 9.286485845610977785e-01
1.871619323730468750e+03 1.652589428452737934e+02 9.280880544996295001e-01
1.871640197753906250e+03 1.653786315219224434e+02 9.275314269692399582e-01
1.871661010742187500e+03 1.637653392347380930e+02 9.267725405713596043e-01
1.871681823730468750e+03 1.670899403997568129e+02 9.306233608315956918e-01
1.871702697753906250e+03 1.648002432444767464e+02 9.286622878046946195e-01
1.871723510742187500e+03 1.662823236011390691e+02 9.266181736088335841e-01
1.871744323730468750e+03 1.653247066402574319e+02 9.257273597967213830e-01
1.871765197753906250e+03 1.641876959754112306e+02 9.259121959162806004e-01
1.871786010742187500e+03 1.632581856609417343e+02 9.256855396097776190e-01
1.871806823730468750e+03 1.642890628131514461e+02 9.245017823511069155e-01
1.871827697753906250e+03 1.630295194609296061e+02 9.242433417330383483e-01
1.871848510742187500e+03 1.641702115458862465e+02 9.249064823509554056e-01
1.871869323730468750e+03 1.656047994295511216e+02 9.257116814722621267e-01
1.871890197753906250e+03 1.617915366824572629e+02 9.283912341063551565e-01
1.871911010742187500e+03 1.650471357447935361e+02 9.264732060497852251e-01
1.871931823730468750e+03 1.625199506187942973e+02 9.331438584667303138e-01
1.871952697753906250e+03 1.635111492086983844e+02 9.245669291930490585e-01
1.871973510742187500e+03 1.653171427649441227e+02 9.238279959616056969e-01
1.871994323730468750e+03 1.640132866481062592e+02 9.238134145069544223e-01
1.872015197753906250e+03 1.638318411357545870e+02 9.237499889533800079e-01
1.872036010742187500e+03 1.636805446894637441e+02 9.271478023329994267e-01
1.872056823730468750e+03 1.625355024277131690e+02 9.255201076031731589e-01
1.872077697753906250e+03 1.633436033039953372e+02 9.258256088767813363e-01
1.872098510742187500e+03 1.634428590115865347e+02 9.260442175184603331e-01
1.872119323730468750e+03 1.636903744696935235e+02 9.227098144177140471e-01
1.872140197753906250e+03 1.645493596340153601e+02 9.274286669936414595e-01
1.872161010742187500e+03 1.634571931157333324e+02 9.264832100867737008e-01
1.872181823730468750e+03 1.633279195519206439e+02 9.229701697611637501e-01
1.872202697753906250e+03 1.646669304734911918e+02 9.235684955456785472e-01
1.872223510742187500e+03 1.628688781778150201e+02 9.224588840388263655e-01
1.872244323730468750e+03 1.626594517327919220e+02 9.235500699541639991e-01
1.872265197753906250e+03 1.633688462144426978e+02 9.229549289519057842e-01
1.872286010742187500e+03 1.610021347344438993e+02 9.276766789213922726e-01
1.872306823730468750e+03 1.622024496025882740e+02 9.231542343231795567e-01
1.872327697753906250e+03 1.603112316246456146e+02 9.231352839223148088e-01
1.872348510742187500e+03 1.631671060021803612e+02 9.239591864431773161e-01
1.872369323730468750e+03 1.641623765580659153e+02 9.300799463118880617e-01
1.872390197753906250e+03 1.630615573089545194e+02 9.228437473834103510e-01
1.872411010742187500e+03 1.620776560961980124e+02 9.233878378899385009e-01
1.872431823730468750e+03 1.630246325185205762e+02 9.239273824457144846e-01
1.872452697753906250e+03 1.619649608770477300e+02 9.230961874027591163e-01
1.872473510742187500e+03 1.633524008636071017e+02 9.236273839818864850e-01
1.872494323730468750e+03 1.641856960680857753e+02 9.265629168504674329e-01
1.872515197753906250e+03 1.606667171862996497e+02 9.233620820980925625e-01
1.872536010742187500e+03 1.625396934012321992e+02 9.237694106688770779e-01
1.872556823730468750e+03 1.623998777767129127e+02 9.234866585854706322e-01
1.872577697753906250e+03 1.622721592655408642e+02 9.234159489680989763e-01
1.872598510742187500e+03 1.603277605372439325e+02 9.231169142527156923e-01
1.872619323730468750e+03 1.612085820984148654e+02 9.263064990913869590e-01
1.872640197753906250e+03 1.610510542435043817e+02 9.228079972252567487e-01
1.872661010742187500e+03 1.607971575975711573e+02 9.237088535730730854e-01
1.872681823730468750e+03 1.615174632569064670e+02 9.229082362620197877e-01
1.872702697753906250e+03 1.607428941644129736e+02 9.236320303616970540e-01
1.872723510742187500e+03 1.616636276513910673e+02 9.230455305724941661e-01
1.872744323730468750e+03 1.633021983523959477e+02 9.240717173565909937e-01
1.872765197753906250e+03 1.602080223936185632e+02 9.240324991959495415e-01
1.872786010742187500e+03 1.607465163610024774e+02 9.223128103540183531e-01
1.872806823730468750e+03 1.629776703886688836e+02 9.233491393800991043e-01
1.872827697753906250e+03 1.637902259211959972e+02 9.231298602266153619e-01
1.872848510742187500e+03 1.622554277100358036e+02 9.280568415728561726e-01
1.872869384765625000e+03 1.608393034813261409e+02 9.257402370719978180e-01
1.872890197753906250e+03 1.607562228409100840e+02 9.228762345825683999e-01
1.872911071777343750e+03 1.623812949866371582e+02 9.235013742834253803e-01
1.872931884765625000e+03 1.620195890304542843e+02 9.241368300182397633e-01
1.872952697753906250e+03 1.608550336764189410e+02 9.264074533563764202e-01
1.872973571777343750e+03 1.602671339919710931e+02 9.255449017493783126e-01
1.872994384765625000e+03 1.613908029046550325e+02 9.249282963772549326e-01
1.873015197753906250e+03 1.600564950553095400e+02 9.229025851884025133e-01
1.873036071777343750e+03 1.608128164570909178e+02 9.238773518324512324e-01
1.873056884765625000e+03 1.600701017367528891e+02 9.227038068409840754e-01
1.873077697753906250e+03 1.611809561773423241e+02 9.248207679003080939e-01
1.873098571777343750e+03 1.634762504520935238e+02 9.253361271679537703e-01
1.873119384765625000e+03 1.602972973766002269e+02 9.228292149658607890e-01
1.873140197753906250e+03 1.594031582081276781e+02 9.232051434397593459e-01
1.873161071777343750e+03 1.604194806804460711e+02 9.271053711632821770e-01
1.873181884765625000e+03 1.611560118942098825e+02 9.231071320123621637e-01
1.873202697753906250e+03 1.620259925031737680e+02 9.234022646925174049e-01
1.873223571777343750e+03 1.602277339771028721e+02 9.289267817635213920e-01
1.873244384765625000e+03 1.639728114015092331e+02 9.222418814757034067e-01
1.873265197753906250e+03 1.589915527980989793e+02 9.223370444835818915e-01
1.873286071777343750e+03 1.627069196874207648e+02 9.292561468024231885e-01
1.873306884765625000e+03 1.595289848361996690e+02 9.232817439415114125e-01
1.873327697753906250e+03 1.621284713404628519e+02 9.257584259181316222e-01
1.873348571777343750e+03 1.608402749882369562e+02 9.229763047616438287e-01
1.873369384765625000e+03 1.616629559613330684e+02 9.227930443996412713e-01
1.873390197753906250e+03 1.613916197465771347e+02 9.229327453751203780e-01
1.873411071777343750e+03 1.615043250617332831e+02 9.274073938063904787e-01
1.873431884765625000e+03 1.624965809770587555e+02 9.246341664931412296e-01
1.873452697753906250e+03 1.599882405507742931e+02 9.250371332705419336e-01
1.873473571777343750e+03 1.618016204566977194e+02 9.263516049378425210e-01
1.873494384765625000e+03 1.614689509442025042e+02 9.241745926150496393e-01
1.873515197753906250e+03 1.628166111086517560e+02 9.255740742708996605e-01
1.873536071777343750e+03 1.590456798379820214e+02 9.236194463623037532e-01
1.873556884765625000e+03 1.601733425065867777e+02 9.228115174016684463e-01
1.873577697753906250e+03 1.618770808828313648e+02 9.255200110013045434e-01
1.873598571777343750e+03 1.584722860378319353e+02 9.228612182757921500e-01
1.873619384765625000e+03 1.617693174057329770e+02 9.266416519091166260e-01
1.873640197753906250e+03 1.609044719784805579e+02 9.232021412679146666e-01
1.873661071777343750e+03 1.635807172485406511e+02 9.237436009909373302e-01
1.873681884765625000e+03 1.599096256595405805e+02 9.243407813000382722e-01
1.873702697753906250e+03 1.620933401369673277e+02 9.232666051132137897e-01
1.873723571777343750e+03 1.586780133064638676e+02 9.244347288528491635e-01
1.873744384765625000e+03 1.638820979375697959e+02 9.242799392011459281e-01
1.873765197753906250e+03 1.599787741362724489e+02 9.226433736110986050e-01
1.873786071777343750e+03 1.629405980416787543e+02 9.245168042468665526e-01
1.873806884765625000e+03 1.609387627666312994e+02 9.239528321823129442e-01
1.873827697753906250e+03 1.622304728572555916e+02 9.244506222611973412e-01
1.873848571777343750e+03 1.627834563395225302e+02 9.241627899538074065e-01
1.873869384765625000e+03 1.589436837351017004e+02 9.231312807214262506e-01
1.873890197753906250e+03 1.603100947904040368e+02 9.234839800450472813e-01
1.873911071777343750e+03 1.596135685011681176e+02 9.245133872705644240e-01
1.873931884765625000e+03 1.624770254626146198e+02 9.232871021879983653e-01
1.873952697753906250e+03 1.585727369512946723e+02 9.252837248569424355e-01
1.873973571777343750e+03 1.620972019905597961e+02 9.284046843438922281e-01
1.873994384765625000e+03 1.603345403340569817e+02 9.247435214188791663e-01
1.874015197753906250e+03 1.622948057654929244e+02 9.245861081160077211e-01
1.874036071777343750e+03 1.620209389385154566e+02 9.237266307347387073e-01
1.874056884765625000e+03 1.608800685725026369e+02 9.240893262852930556e-01
1.874077697753906250e+03 1.607292602706810669e+02 9.235758205035859980e-01
1.874098571777343750e+03 1.602746091410684528e+02 9.235796281680077602e-01
1.874119384765625000e+03 1.603774600410258984e+02 9.239652826219179049e-01
1.874140197753906250e+03 1.616774130984540818e+02 9.248617249314760036e-01
1.874161071777343750e+03 1.593456261160768861e+02 9.242457601126510269e-01
1.874181884765625000e+03 1.602962821070474035e+02 9.241780753387458525e-01
1.874202697753906250e+03 1.607473037140998997e+02 9.229318412296777518e-01
1.874223571777343750e+03 1.581473782843675053e+02 9.255184975707133610e-01
1.874244384765625000e+03 1.592467057525895768e+02 9.250732160923971215e-01
1.874265197753906250e+03 1.590241804687312879e+02 9.240950991028041850e-01
1.874286071777343750e+03 1.621856141285857120e+02 9.298377035922277267e-01
1.874306884765625000e+03 1.607739249452897923e+02 9.224695454457739752e-01
1.874327697753906250e+03 1.603441376339534372e+02 9.239464456222837851e-01
1.874348571777343750e+03 1.590181202304875683e+02 9.252134424824566272e-01
1.874369445800781250e+03 1.592617219496505356e+02 9.262756765721783525e-01
1.874390258789062500e+03 1.596723038435752642e+02 9.319522424483119849e-01
1.874411071777343750e+03 1.633663901282923803e+02 9.243960419298160591e-01
1.874431945800781250e+03 1.596422354026612425e+02 9.243418452756765324e-01
1.874452758789062500e+03 1.599324703967160701e+02 9.233043064680120926e-01
1.874473571777343750e+03 1.598084656619544432e+02 9.275630110032464515e-01
1.874494445800781250e+03 1.604945078655493376e+02 9.238492870528115519e-01
1.874515258789062500e+03 1.596341880388582410e+02 9.235477465610089087e-01
1.874536071777343750e+03 1.587552242796068640e+02 9.260856031558629686e-01
1.874556945800781250e+03 1.607351335690286760e+02 9.226301947006725346e-01
1.874577758789062500e+03 1.602867727814215186e+02 9.238573194733791238e-01
1.874598571777343750e+03 1.608164821090149417e+02 9.243498411746210452e-01
1.874619445800781250e+03 1.601099287995697580e+02 9.238255764883749332e-01
1.874640258789062500e+03 1.624988211249936398e+02 9.278876890691855062e-01
1.874661071777343750e+03 1.585882976724693378e+02 9.233075342521873674e-01
1.874681945800781250e+03 1.598785383296942086e+02 9.231790274459247270e-01
1.874702758789062500e+03 1.609233494754347191e+02 9.238088012997035525e-01
1.874723571777343750e+03 1.594032092670669272e+02 9.255254206904190983e-01
1.874744445800781250e+03 1.590224040393164557e+02 9.304081664072217928e-01
1.874765258789062500e+03 1.578080240244023855e+02 9.240388206567343721e-01
1.874786071777343750e+03 1.613386403734438090e+02 9.239341562083265291e-01
1.874806945800781250e+03 1.603600325732560350e+02 9.239758298837920103e-01
1.874827758789062500e+03 1.615779791765558002e+02 9.235764658715419628e-01
1.874848571777343750e+03 1.600616890224905546e+02 9.234368300072423041e-01
1.874869445800781250e+03 1.605032679467965693e+02 9.232756432495207166e-01
1.874890258789062500e+03 1.593179583812997748e+02 9.246034493878957372e-01
1.874911071777343750e+03 1.582888443271442327e+02 9.242073232503840163e-01
1.874931945800781250e+03 1.566286741146674899e+02 9.233529479792942363e-01
1.874952758789062500e+03 1.601162829008311803e+02 9.233114075783031005e-01
1.874973571777343750e+03 1.611392221094009471e+02 9.240805541136702939e-01
1.874994445800781250e+03 1.591961271986127429e+02 9.250823976572528640e-01
1.875015258789062500e+03 1.596437162388962179e+02 9.239967950315337575e-01
1.875036071777343750e+03 1.591142754189726816e+02 9.255674413059316041e-01
1.875056945800781250e+03 1.612189318251103884e+02 9.241031293867425500e-01
1.875077758789062500e+03 1.598618723420084109e+02 9.235607510336079073e-01
1.875098571777343750e+03 1.605663960500853591e+02 9.243423933838608164e-01
1.875119445800781250e+03 1.566692569346246557e+02 9.225812566579520979e-01
1.875140258789062500e+03 1.595391876570411398e+02 9.231882601313825543e-01
1.875161071777343750e+03 1.600071980284370170e+02 9.260046966919731615e-01
1.875181945800781250e+03 1.576277123465952741e+02 9.251150961743834777e-01
1.875202758789062500e+03 1.607739387800181703e+02 9.259470859511602647e-01
1.875223571777343750e+03 1.602284515462769718e+02 9.230873735077769204e-01
1.875244445800781250e+03 1.592508403070094118e+02 9.231523941820568568e-01
1.875265258789062500e+03 1.565407240190299945e+02 9.223820536506990297e-01
1.875286071777343750e+03 1.597753337701970793e+02 9.271513381761555816e-01
1.875306945800781250e+03 1.598764683341376553e+02 9.294248899243524598e-01
1.875327758789062500e+03 1.598289280955382026e+02 9.250969268947365487e-01
1.875348571777343750e+03 1.584641804081162775e+02 9.237588610501568098e-01
1.875369445800781250e+03 1.602231175141704682e+02 9.234471251216865850e-01
1.875390258789062500e+03 1.595037072381378778e+02 9.251774617672136047e-01
1.875411071777343750e+03 1.581981080094931826e+02 9.236048616151659729e-01
1.875431945800781250e+03 1.593048719537303270e+02 9.289707658723820316e-01
1.875452758789062500e+03 1.579871468875185769e+02 9.241109983523060345e-01
1.875473571777343750e+03 1.608882401612844149e+02 9.236107342622860150e-01
1.875494445800781250e+03 1.575735564328218459e+02 9.253338726735627073e-01
1.875515258789062500e+03 1.585760981343286176e+02 9.247612464635482921e-01
1.875536071777343750e+03 1.610667722741132195e+02 9.250410315717892962e-01
1.875556945800781250e+03 1.596539162546563375e+02 9.243317213366548657e-01
1.875577758789062500e+03 1.586478070931187574e+02 9.254992735667703085e-01
1.875598571777343750e+03 1.589176479411861180e+02 9.234562583089570564e-01
1.875619445800781250e+03 1.604638985208205497e+02 9.247280842395463329e-01
1.875640258789062500e+03 1.571966404485714293e+02 9.232190888841985688e-01
1.875661071777343750e+03 1.601067295896199880e+02 9.281694215361590006e-01
1.875681945800781250e+03 1.584263348290862439e+02 9.238044461528372997e-01
1.875702758789062500e+03 1.570219279713292337e+02 9.234355068023909485e-01
1.875723571777343750e+03 1.582915981304309412e+02 9.234240174317801531e-01
1.875744445800781250e+03 1.580470105888914532e+02 9.247700121782682636e-01
1.875765258789062500e+03 1.601565176703466875e+02 9.243618348933514417e-01
1.875786071777343750e+03 1.572394647664671083e+02 9.235530387258008567e-01
1.875806945800781250e+03 1.565094696999827306e+02 9.231129755413434168e-01
1.875827758789062500e+03 1.560568245008318797e+02 9.243457787507364243e-01
1.875848571777343750e+03 1.599025531825951418e+02 9.237674427063302662e-01
1.875869445800781250e+03 1.578012557676406971e+02 9.243268850209145349e-01
1.875890258789062500e+03 1.578751675070980980e+02 9.249888702960208375e-01
1.875911071777343750e+03 1.562767689644847451e+02 9.235228342559542725e-01
1.875931945800781250e+03 1.586385409319486541e+02 9.238722873318114814e-01
1.875952758789062500e+03 1.581449809910846227e+02 9.242277672167329428e-01
1.875973571777343750e+03 1.580543689842244248e+02 9.226231529507807894e-01
1.875994445800781250e+03 1.574473455489754770e+02 9.295983472119180302e-01
1.876015319824218750e+03 1.563848547418634212e+02 9.236707815495984741e-01
1.876036132812500000e+03 1.577048253257435135e+02 9.230863403717191051e-01
1.876056945800781250e+03 1.584245933001061815e+02 9.240125347067519312e-01
1.876077819824218750e+03 1.581649731331600321e+02 9.290396091734776096e-01
1.876098632812500000e+03 1.555863731666441367e+02 9.238853517514211688e-01
1.876119445800781250e+03 1.574266032661334407e+02 9.239478003508273529e-01
1.876140319824218750e+03 1.561080249521589565e+02 9.256854108303026463e-01
1.876161132812500000e+03 1.574239431994557208e+02 9.259037307004075457e-01
1.876181945800781250e+03 1.563678388298895072e+02 9.233020470123752821e-01
1.876202819824218750e+03 1.558266350196621488e+02 9.230738780769228713e-01
1.876223632812500000e+03 1.569321235455132353e+02 9.229065247976628861e-01
1.876244445800781250e+03 1.555343686310054920e+02 9.230079155124801815e-01
1.876265319824218750e+03 1.583138816831630891e+02 9.231187221801770981e-01
1.876286132812500000e+03 1.560540218563102144e+02 9.242080971627085750e-01
1.876306945800781250e+03 1.576707051718901198e+02 9.257748760535128296e-01
1.876327819824218750e+03 1.556599969689086436e+02 9.270572801565301058e-01
1.876348632812500000e+03 1.592135390185460153e+02 9.244274429394236936e-01
1.876369445800781250e+03 1.553532823859866312e+02 9.229904473968678635e-01
1.876390319824218750e+03 1.559424241118098848e+02 9.266166619718566588e-01
1.876411132812500000e+03 1.556305726681431167e+02 9.238231247490373832e-01
1.876431945800781250e+03 1.545217149866094530e+02 9.271933493897361878e-01
1.876452819824218750e+03 1.572656001771488832e+02 9.232581801993376969e-01
1.876473632812500000e+03 1.565169188322891500e+02 9.241548891810480448e-01
1.876494445800781250e+03 1.571040088605568315e+02 9.242534021506352282e-01
1.876515319824218750e+03 1.559823967728379159e+02 9.287631464421800542e-01
1.876536132812500000e+03 1.583054772507985888e+02 9.237368258309838209e-01
1.876556945800781250e+03 1.551127361697745641e+02 9.230691643153468018e-01
1.876577819824218750e+03 1.557858041111995533e+02 9.234531601354130093e-01
1.876598632812500000e+03 1.536467754308069118e+02 9.224024411436335669e-01
1.876619445800781250e+03 1.583800081968704205e+02 9.245505220339632624e-01
1.876640319824218750e+03 1.577590404791490357e+02 9.241842023208013401e-01
1.876661132812500000e+03 1.556480107985241830e+02 9.250535317988753947e-01
1.876681945800781250e+03 1.575069874662203233e+02 9.229819876730743777e-01
1.876702819824218750e+03 1.556210426356655887e+02 9.236782347556908856e-01
1.876744445800781250e+03 1.567882707914222351e+02 9.241180287648633751e-01
1.876765319824218750e+03 1.583720344845230841e+02 9.248599848584688754e-01
1.876786132812500000e+03 1.571308423859766776e+02 9.239697982839423229e-01
1.876806945800781250e+03 1.598679728150931965e+02 9.237426653765677953e-01
1.876827819824218750e+03 1.584595345420720207e+02 9.235087643152223302e-01
1.876848632812500000e+03 1.581244825271763830e+02 9.235279006729469886e-01
1.876869445800781250e+03 1.570375310082996521e+02 9.229054914591560133e-01
1.876890319824218750e+03 1.568476766821074193e+02 9.243241444307624954e-01
1.876911132812500000e+03 1.570833853929682107e+02 9.227493471728805963e-01
1.876931945800781250e+03 1.584776422270625460e+02 9.237782825791249763e-01
1.876952819824218750e+03 1.600043758017450557e+02 9.240371435387000343e-01
1.876973632812500000e+03 1.562915742127026988e+02 9.234883044317568901e-01
1.876994445800781250e+03 1.588839206686611760e+02 9.238350930465279998e-01
1.877015319824218750e+03 1.566395274265125579e+02 9.242239622225469908e-01
1.877036132812500000e+03 1.579033650472694603e+02 9.226730900712681871e-01
1.877056945800781250e+03 1.563658369955319927e+02 9.251012759569247068e-01
1.877077819824218750e+03 1.598416260677856826e+02 9.239200280186488090e-01
1.877098632812500000e+03 1.550306420322388306e+02 9.223765609051811643e-01
1.877119445800781250e+03 1.564314290060034693e+02 9.248934323551465386e-01
1.877140319824218750e+03 1.565752778986570775e+02 9.236297071747134879e-01
1.877161132812500000e+03 1.560910058998764498e+02 9.228146823194557369e-01
1.877181945800781250e+03 1.576659592389806335e+02 9.273233567319836279e-01
1.877202819824218750e+03 1.549243183422646553e+02 9.248576325323474290e-01
1.877223632812500000e+03 1.553595558964590566e+02 9.257711739937400930e-01
1.877244445800781250e+03 1.570495017518152849e+02 9.234462860257458550e-01
1.877265319824218750e+03 1.562007638777877787e+02 9.236131865654160222e-01
1.877286132812500000e+03 1.562430552248148956e+02 9.243763754565545998e-01
1.877306945800781250e+03 1.569766710120809137e+02 9.224436993980242860e-01
1.877327819824218750e+03 1.564479649975279187e+02 9.235399373356204533e-01
1.877348632812500000e+03 1.550112050414419116e+02 9.274410707718772073e-01
1.877369445800781250e+03 1.593070988287114744e+02 9.263312721890688550e-01
1.877390319824218750e+03 1.532475269735251402e+02 9.241358625531300719e-01
1.877411132812500000e+03 1.563168119404701883e+02 9.232376824824474193e-01
1.877431945800781250e+03 1.553617382910755680e+02 9.237207910877874850e-01
1.877452819824218750e+03 1.571992778326342943e+02 9.236288037115306659e-01
1.877473632812500000e+03 1.553575092145867416e+02 9.287922499687374378e-01
1.877494445800781250e+03 1.575121502572248744e+02 9.251646410847116364e-01
1.877515319824218750e+03 1.567285046042256624e+02 9.252684577372743968e-01
1.877536132812500000e+03 1.555434395739716251e+02 9.245756967500516899e-01
1.877556945800781250e+03 1.573557343830356956e+02 9.235767562869751091e-01
1.877577819824218750e+03 1.555008097365676747e+02 9.229859269434186331e-01
1.877598632812500000e+03 1.575716183724252630e+02 9.244201247296368606e-01
1.877619445800781250e+03 1.561387170216208915e+02 9.251313322500246406e-01
1.877640319824218750e+03 1.574347881123012769e+02 9.255233276596904757e-01
1.877661132812500000e+03 1.554283981233145369e+02 9.224068675286782870e-01
1.877681945800781250e+03 1.555129281413064177e+02 9.253330352885328347e-01
1.877702819824218750e+03 1.544744641956249041e+02 9.273635605043406560e-01
1.877723632812500000e+03 1.561237290408513729e+02 9.246004839889906401e-01
1.877744445800781250e+03 1.558374739916525584e+02 9.228330902995838247e-01
1.877765319824218750e+03 1.549496737016336851e+02 9.232281920467964031e-01
1.877786132812500000e+03 1.551276647656450507e+02 9.253283008281477651e-01
1.877806945800781250e+03 1.563592539486116664e+02 9.259489205383834021e-01
1.877827819824218750e+03 1.557915924793760780e+02 9.222726126070462938e-01
1.877848693847656250e+03 1.543124673470017001e+02 9.239080608214049750e-01
1.877869506835937500e+03 1.577383858728377675e+02 9.255116066001379815e-01
1.877890319824218750e+03 1.556845749022497216e+02 9.245489747819337634e-01
1.877911193847656250e+03 1.569586097088335066e+02 9.244115491325534117e-01
1.877932006835937500e+03 1.549103080151788276e+02 9.248772887722195302e-01
1.877952819824218750e+03 1.537978560493785096e+02 9.225677215198921921e-01
1.877973693847656250e+03 1.565507874132088659e+02 9.254084935200226347e-01
1.877994506835937500e+03 1.555433663716536898e+02 9.295885049381708010e-01
1.878015319824218750e+03 1.569395082196519411e+02 9.235901798339981594e-01
1.878036193847656250e+03 1.537602771144002531e+02 9.230930880207105504e-01
1.878057006835937500e+03 1.563165185768801564e+02 9.233995213581519534e-01
1.878077819824218750e+03 1.547761389979654609e+02 9.231280523209676181e-01
1.878098693847656250e+03 1.538202033334187888e+02 9.229453064469608226e-01
1.878119506835937500e+03 1.577910401084041894e+02 9.234506428617548224e-01
1.878140319824218750e+03 1.546152975171632136e+02 9.252107689411757097e-01
1.878161193847656250e+03 1.548979266866986961e+02 9.250816244763578888e-01
1.878182006835937500e+03 1.549011136094914605e+02 9.295626965267804742e-01
1.878202819824218750e+03 1.568387100915221595e+02 9.256376002121859958e-01
1.878223693847656250e+03 1.541600524336551814e+02 9.234064926389329298e-01
1.878244506835937500e+03 1.566140509975172108e+02 9.244816345755003661e-01
1.878265319824218750e+03 1.570544297303827932e+02 9.231986548625528144e-01
1.878286193847656250e+03 1.540177476331710409e+02 9.242520478700295694e-01
1.878307006835937500e+03 1.565818597987553744e+02 9.247371403196280593e-01
1.878327819824218750e+03 1.549246996833852563e+02 9.271652564095700377e-01
1.878348693847656250e+03 1.555771714516879172e+02 9.242934492658891887e-01
1.878369506835937500e+03 1.540760039795641489e+02 9.233246413199341918e-01
1.878390319824218750e+03 1.545050529024672983e+02 9.233454921475006127e-01
1.878411193847656250e+03 1.557166727466564282e+02 9.246235622772842611e-01
1.878432006835937500e+03 1.562070263933894125e+02 9.242078714383474836e-01
1.878452819824218750e+03 1.572590288444365001e+02 9.234235978734064432e-01
1.878473693847656250e+03 1.554854411919899633e+02 9.233018856224753934e-01
1.878494506835937500e+03 1.564267289374002416e+02 9.242863557004313835e-01
1.878515319824218750e+03 1.548045486597718252e+02 9.243966867251340869e-01
1.878536193847656250e+03 1.563755721578559701e+02 9.239035771145954756e-01
1.878557006835937500e+03 1.569521718751181822e+02 9.255553344123589321e-01
1.878577819824218750e+03 1.559105123677693427e+02 9.281390461998733077e-01
1.878598693847656250e+03 1.576058546890522223e+02 9.266223225572253197e-01
1.878619506835937500e+03 1.546673920501026203e+02 9.236617795451719237e-01
1.878640319824218750e+03 1.557023402937958849e+02 9.241432475111589495e-01
1.878661193847656250e+03 1.566806223095604196e+02 9.278944660392156596e-01
1.878682006835937500e+03 1.559354473762993507e+02 9.260215608340097715e-01
1.878702819824218750e+03 1.563007164177307686e+02 9.237195328164830022e-01
1.878723693847656250e+03 1.557309525888128974e+02 9.240443680254697423e-01
1.878744506835937500e+03 1.569014033784111462e+02 9.237834766397624575e-01
1.878765319824218750e+03 1.552962135210300403e+02 9.233455567004151820e-01
1.878786193847656250e+03 1.567011171821944231e+02 9.252291936712401244e-01
1.878807006835937500e+03 1.557731515401602564e+02 9.250058496135608044e-01
1.878827819824218750e+03 1.554713235917274119e+02 9.238137048478990421e-01
1.878848693847656250e+03 1.560340311260831356e+02 9.241346048469732954e-01
1.878869506835937500e+03 1.531044004701919619e+02 9.239093188359532860e-01
1.878890319824218750e+03 1.563431922630433633e+02 9.233123759072930925e-01
1.878911193847656250e+03 1.556843982660295467e+02 9.281467846198689919e-01
1.878932006835937500e+03 1.576499538223380341e+02 9.246330706223651053e-01
1.878952819824218750e+03 1.544204896818759210e+02 9.303465038232023865e-01
1.878973693847656250e+03 1.576004577848689223e+02 9.237601837918316683e-01
1.878994506835937500e+03 1.559297740025203041e+02 9.241393131740520683e-01
1.879015319824218750e+03 1.572910165846039376e+02 9.239120929132630389e-01
1.879036193847656250e+03 1.567238564628935080e+02 9.248869556221906985e-01
1.879057006835937500e+03 1.539891123673369009e+02 9.248744853668287025e-01
1.879077819824218750e+03 1.563280490797240248e+02 9.243466815131425873e-01
1.879098693847656250e+03 1.551000751111783416e+02 9.246016765962153938e-01
1.879119506835937500e+03 1.569658555327052341e+02 9.232973021375403544e-01
1.879140319824218750e+03 1.550405988400308388e+02 9.238275443270835829e-01
1.879161193847656250e+03 1.561533901680635381e+02 9.238521903454134376e-01
1.879182006835937500e+03 1.563359766038712735e+02 9.246239168274998921e-01
1.879202819824218750e+03 1.552242129288253238e+02 9.242413102892734766e-01
1.879223693847656250e+03 1.563811130405853760e+02 9.325285704687272803e-01
1.879244506835937500e+03 1.549496437148409882e+02 9.244876628359958159e-01
1.879265319824218750e+03 1.576511052041739447e+02 9.264442226832789729e-01
1.879286193847656250e+03 1.559718979410400834e+02 9.253596702026289922e-01
1.879307006835937500e+03 1.557848224711773071e+02 9.258105116456948336e-01
1.879327819824218750e+03 1.565921350000002406e+02 9.250510188801915890e-01
1.879348693847656250e+03 1.581007351868057924e+02 9.243946233785331756e-01
1.879369506835937500e+03 1.567457858681605956e+02 9.244618409731668596e-01
1.879390319824218750e+03 1.561441998005097389e+02 9.281923147637524130e-01
1.879411193847656250e+03 1.558240462595183828e+02 9.309300685968833200e-01
1.879432006835937500e+03 1.569127518053346364e+02 9.253749358174457873e-01
1.879452819824218750e+03 1.580192471469028419e+02 9.241485040173844645e-01
1.879473693847656250e+03 1.571643349300459818e+02 9.246699749677240732e-01
1.879494506835937500e+03 1.578257560548195784e+02 9.247905726095833057e-01
1.879515319824218750e+03 1.573365038934112192e+02 9.242909987676132255e-01
1.879536193847656250e+03 1.548239393239915955e+02 9.237831862893173263e-01
1.879557006835937500e+03 1.585127278878606774e+02 9.257269412822695109e-01
1.879577819824218750e+03 1.573246433274129004e+02 9.273151293662857952e-01
1.879598693847656250e+03 1.575828655622922270e+02 9.279344523666240852e-01
1.879619506835937500e+03 1.579616418307578272e+02 9.251421561421521167e-01
1.879640319824218750e+03 1.558652883129845463e+02 9.238582227130909263e-01
1.879661193847656250e+03 1.578292734832452027e+02 9.279121630119266939e-01
1.879682006835937500e+03 1.581180484661734624e+02 9.286879286939315747e-01
1.879702819824218750e+03 1.572994465121090855e+02 9.321494642241725526e-01
1.879723693847656250e+03 1.573579249664389579e+02 9.247324350364197754e-01
1.879744506835937500e+03 1.552305863042343788e+02 9.246123455275476744e-01
1.879765319824218750e+03 1.581193222596012902e+02 9.250339115215748809e-01
1.879786193847656250e+03 1.569190580361974128e+02 9.244285068153182960e-01
1.879807006835937500e+03 1.584000393325058837e+02 9.252936129202903315e-01
1.879827819824218750e+03 1.580561046887214331e+02 9.247677885305611856e-01
1.879848693847656250e+03 1.606282402719376137e+02 9.274289562027949740e-01
1.879869506835937500e+03 1.575539759085322089e+02 9.256053065253380119e-01
1.879890319824218750e+03 1.605303187464602388e+02 9.313909487978522250e-01
1.879911193847656250e+03 1.596861879765866661e+02 9.259732526145924014e-01
1.879932006835937500e+03 1.590572817620421802e+02 9.278723684379203140e-01
1.879952819824218750e+03 1.604259751530146332e+02 9.270880123977596199e-01
1.879973693847656250e+03 1.614990744346592919e+02 9.264870379694586378e-01
1.879994567871093750e+03 1.577370826966927098e+02 9.258869931636634076e-01
1.880015380859375000e+03 1.568389834207601723e+02 9.257188285032031949e-01
1.880036193847656250e+03 1.586412356734913942e+02 9.254833015613037617e-01
1.880057067871093750e+03 1.590359490538801879e+02 9.258164668728606772e-01
1.880077880859375000e+03 1.585820221449843928e+02 9.322442552384921921e-01
1.880098693847656250e+03 1.564449304865759416e+02 9.281311150551688760e-01
1.880119567871093750e+03 1.605728146815712591e+02 9.263090407773633128e-01
1.880140380859375000e+03 1.616766000624791388e+02 9.262091054395905632e-01
1.880161193847656250e+03 1.583303503734178150e+02 9.293690304285462389e-01
1.880182067871093750e+03 1.572352215737158758e+02 9.268736369971184441e-01
1.880202880859375000e+03 1.591101632271411859e+02 9.257944162454618819e-01
1.880223693847656250e+03 1.596205750693313519e+02 9.258042666636273621e-01
1.880244567871093750e+03 1.619920880550076845e+02 9.267200908480746069e-01
1.880265380859375000e+03 1.588477734340404481e+02 9.299220903126030890e-01
1.880286193847656250e+03 1.599976346309214534e+02 9.258718003683423792e-01
1.880307067871093750e+03 1.600077867043523554e+02 9.285599097386317835e-01
1.880327880859375000e+03 1.604500992724374555e+02 9.265397903721419581e-01
1.880348693847656250e+03 1.620040294488165102e+02 9.271655778443629314e-01
1.880369567871093750e+03 1.594219054109882165e+02 9.271955350779047533e-01
1.880390380859375000e+03 1.602839205103465190e+02 9.260540652794947425e-01
1.880411193847656250e+03 1.580939433059671444e+02 9.256486435574421412e-01
1.880432067871093750e+03 1.607958746896315461e+02 9.300658153502786574e-01
1.880452880859375000e+03 1.609066131075424266e+02 9.259902138821145545e-01
1.880473693847656250e+03 1.590549748437490791e+02 9.268037002827943516e-01
1.880494567871093750e+03 1.624511254515066412e+02 9.277430162529304303e-01
1.880515380859375000e+03 1.616678607307868560e+02 9.268319649972357466e-01
1.880536193847656250e+03 1.601259796375491646e+02 9.339733868203450307e-01
1.880557067871093750e+03 1.622024230842040708e+02 9.261264720714030840e-01
1.880577880859375000e+03 1.602439716378181345e+02 9.274560771937375714e-01
1.880598693847656250e+03 1.630079360925577987e+02 9.303458951851215630e-01
1.880619567871093750e+03 1.610640199319428234e+02 9.276431711440144001e-01
1.880640380859375000e+03 1.647614409505534923e+02 9.271162684444632651e-01
1.880661193847656250e+03 1.638026561817001436e+02 9.284587401352221159e-01
1.880682067871093750e+03 1.611624666134818540e+02 9.277629968343938938e-01
1.880702880859375000e+03 1.624380917310519123e+02 9.262295373980679036e-01
1.880723693847656250e+03 1.626742615121692097e+02 9.287694677928420850e-01
1.880744567871093750e+03 1.618336154046481568e+02 9.258551588212741157e-01
1.880765380859375000e+03 1.645826316949642489e+02 9.275948509906580819e-01
1.880786193847656250e+03 1.643137019514795441e+02 9.273137474187934659e-01
1.880807067871093750e+03 1.657311390540623393e+02 9.304872166669213573e-01
1.880827880859375000e+03 1.629891040739898358e+02 9.278361696312198426e-01
1.880848693847656250e+03 1.638489167126112704e+02 9.270438425175515640e-01
1.880869567871093750e+03 1.636869210723961885e+02 9.280384087547693950e-01
1.880890380859375000e+03 1.635717368040657504e+02 9.292694241677295075e-01
1.880911193847656250e+03 1.649903214626170609e+02 9.308590919791946972e-01
1.880932067871093750e+03 1.639728967529944441e+02 9.282484698130156753e-01
1.880952880859375000e+03 1.660309047892864669e+02 9.277749143075313398e-01
1.880973693847656250e+03 1.634040637045861502e+02 9.302907637368795779e-01
1.880994567871093750e+03 1.639090561565730297e+02 9.287021127115064889e-01
1.881015380859375000e+03 1.655276782460194340e+02 9.304128750184138541e-01
1.881036193847656250e+03 1.654803919788800215e+02 9.294371708673178079e-01
1.881057067871093750e+03 1.670480596570099294e+02 9.278290710305635569e-01
1.881077880859375000e+03 1.643873833162780613e+02 9.278315443048302802e-01
1.881098693847656250e+03 1.653437170502711808e+02 9.308875857235291429e-01
1.881119567871093750e+03 1.654034764602128291e+02 9.290058618366755505e-01
1.881140380859375000e+03 1.642519895395009542e+02 9.285008847772165952e-01
1.881161193847656250e+03 1.660067317888131413e+02 9.294361447895228556e-01
1.881182067871093750e+03 1.657771159800584257e+02 9.284589969248195906e-01
1.881202880859375000e+03 1.653424796256522882e+02 9.289118632667539011e-01
1.881223693847656250e+03 1.661215192064684629e+02 9.309610571414577151e-01
1.881244567871093750e+03 1.666687744709863068e+02 9.309793040457249313e-01
1.881265380859375000e+03 1.676403460449156739e+02 9.292407525182020400e-01
1.881286193847656250e+03 1.671993421471074441e+02 9.382220348822480904e-01
1.881307067871093750e+03 1.654047825042044337e+02 9.293220506988414398e-01
1.881327880859375000e+03 1.683221063481379645e+02 9.285086843755174790e-01
1.881348693847656250e+03 1.641204638714654607e+02 9.329570051305907663e-01
1.881369567871093750e+03 1.660536624414498590e+02 9.309460431923757273e-01
1.881390380859375000e+03 1.672212315714205317e+02 9.299407742212754124e-01
1.881411193847656250e+03 1.671796643211177695e+02 9.277228103719997732e-01
1.881432067871093750e+03 1.662196856432920242e+02 9.294454435781563939e-01
1.881452880859375000e+03 1.658620774718460495e+02 9.287269181762888293e-01
1.881473693847656250e+03 1.666073466254559037e+02 9.287170024878361740e-01
1.881494567871093750e+03 1.659475795937987925e+02 9.279232756389746983e-01
1.881515380859375000e+03 1.660385114707193281e+02 9.291511078174783389e-01
1.881536193847656250e+03 1.670903443575436427e+02 9.292024902029575317e-01
1.881557067871093750e+03 1.679738483802074711e+02 9.291762220350381352e-01
1.881577880859375000e+03 1.663747815446163258e+02 9.302565492021684923e-01
1.881598693847656250e+03 1.658422554421622692e+02 9.283454568974157661e-01
1.881619567871093750e+03 1.674582947434984987e+02 9.295886011172458385e-01
1.881640380859375000e+03 1.681589652173998957e+02 9.286974596074456523e-01
1.881661193847656250e+03 1.694280940280914365e+02 9.318578694724346523e-01
1.881682067871093750e+03 1.695069920403032597e+02 9.297825099577665675e-01
1.881702880859375000e+03 1.664628074077597546e+02 9.286375768910992701e-01
1.881723693847656250e+03 1.692996599876077823e+02 9.299160331844474880e-01
1.881744567871093750e+03 1.687506374219748579e+02 9.305420482344737287e-01
1.881765380859375000e+03 1.692488142172613834e+02 9.322213975790066831e-01
1.881786193847656250e+03 1.711868283929576648e+02 9.303936240154059290e-01
1.881807067871093750e+03 1.680720997872367946e+02 9.291275004755227274e-01
1.881827880859375000e+03 1.689283718635037701e+02 9.303405775933738520e-01
1.881848693847656250e+03 1.708029949384326471e+02 9.300643734033487986e-01
1.881869567871093750e+03 1.682808543415693805e+02 9.290399620383940071e-01
1.881890380859375000e+03 1.689610107016144411e+02 9.296957384273401015e-01
1.881911193847656250e+03 1.704515862008934732e+02 9.305509836802613455e-01
1.881932067871093750e+03 1.708428435268107819e+02 9.304608566500280897e-01
1.881952880859375000e+03 1.714449487675511818e+02 9.316422884304462748e-01
1.881973693847656250e+03 1.690613542506338831e+02 9.316094671193393406e-01
1.881994567871093750e+03 1.733446385442895803e+02 9.350942898702119255e-01
1.882015380859375000e+03 1.700890763634915288e+02 9.329418635802649851e-01
1.882036193847656250e+03 1.706404068726691321e+02 9.316579629176465760e-01
1.882057067871093750e+03 1.719292588661727450e+02 9.364250378034383315e-01
1.882077880859375000e+03 1.692418519218349786e+02 9.304236054378834941e-01
1.882098693847656250e+03 1.712791817563845882e+02 9.302412996220998931e-01
1.882119567871093750e+03 1.708485299687735619e+02 9.313317512625288730e-01
1.882140380859375000e+03 1.727980529003476136e+02 9.303760062759003358e-01
1.882161193847656250e+03 1.738670988223882148e+02 9.337773800860970086e-01
1.882182067871093750e+03 1.703532822976086436e+02 9.386061500529094825e-01
1.882202880859375000e+03 1.724697324486202490e+02 9.304481087676429452e-01
1.882223693847656250e+03 1.727164914154579662e+02 9.307149771085651002e-01
1.882244567871093750e+03 1.713538487568172854e+02 9.410266981664971997e-01
1.882265380859375000e+03 1.722775011421527438e+02 9.303288531571966002e-01
1.882286193847656250e+03 1.712917920775394691e+02 9.329176493666940795e-01
1.882307067871093750e+03 1.712803653740285199e+02 9.327219000545334815e-01
1.882327880859375000e+03 1.715641367531351307e+02 9.320548873935301515e-01
1.882348693847656250e+03 1.733589166010248732e+02 9.311698187802081028e-01
1.882369567871093750e+03 1.725275943009589810e+02 9.385577592447398310e-01
1.882390380859375000e+03 1.735884862941977929e+02 9.317939360249126723e-01
1.882411193847656250e+03 1.736534589419900954e+02 9.316485582569722368e-01
1.882432067871093750e+03 1.725803502244567369e+02 9.303500595429797793e-01
1.882452880859375000e+03 1.715494887686434993e+02 9.343166345847665477e-01
1.882473693847656250e+03 1.744908371385261319e+02 9.348031992520068334e-01
1.882494567871093750e+03 1.719812712546181785e+02 9.301428761506823628e-01
1.882515380859375000e+03 1.734613506031942052e+02 9.319924703813677880e-01
1.882536193847656250e+03 1.752942295556477745e+02 9.315342872439840161e-01
1.882557067871093750e+03 1.743416099914929589e+02 9.319888889505871798e-01
1.882577880859375000e+03 1.750993084046240824e+02 9.330255543070239410e-01
1.882598693847656250e+03 1.747185451800939404e+02 9.313749818332144326e-01
1.882619567871093750e+03 1.754139292058135595e+02 9.318102156431801175e-01
1.882640380859375000e+03 1.741957727088952765e+02 9.314505905094616622e-01
1.882661193847656250e+03 1.747692291609499193e+02 9.322230919422290762e-01
1.882682067871093750e+03 1.755240365640684956e+02 9.319227898954929312e-01
1.882702880859375000e+03 1.743814731963336158e+02 9.317423127217802081e-01
1.882723693847656250e+03 1.740949395220666247e+02 9.315911685764135530e-01
1.882744567871093750e+03 1.766660053445367282e+02 9.328384855858620206e-01
1.882765380859375000e+03 1.743134274801031722e+02 9.325141250624622291e-01
1.882786193847656250e+03 1.748441014251796730e+02 9.363314975873534562e-01
1.882807067871093750e+03 1.744193340587048908e+02 9.317767605593920699e-01
1.882827880859375000e+03 1.776523641482138771e+02 9.326535522401470102e-01
1.882848693847656250e+03 1.767312026550928294e+02 9.340820950609296514e-01
1.882869567871093750e+03 1.755309439323915797e+02 9.315573537147566752e-01
1.882890380859375000e+03 1.770367668538618773e+02 9.326461707599627005e-01
1.882911254882812500e+03 1.759598643288686333e+02 9.342337932227257058e-01
1.882932067871093750e+03 1.762994445520583042e+02 9.336698173913314802e-01
1.882952941894531250e+03 1.770602984742013462e+02 9.319998570388881021e-01
1.882994567871093750e+03 1.752716699624171781e+02 9.379056053125087722e-01
1.883015441894531250e+03 1.794397133113081679e+02 9.322433920923022255e-01
1.883036254882812500e+03 1.762727177154723961e+02 9.319274908539725288e-01
1.883057067871093750e+03 1.799775312050044533e+02 9.339489440706958412e-01
1.883077941894531250e+03 1.796434532722004462e+02 9.326253680923936029e-01
1.883098754882812500e+03 1.791426091195486094e+02 9.325265251150673951e-01
1.883119567871093750e+03 1.795466027419450938e+02 9.322932934169677610e-01
1.883140441894531250e+03 1.788877428635468050e+02 9.324239001274090555e-01
1.883161254882812500e+03 1.796255355665223021e+02 9.334194707007313907e-01
1.883182067871093750e+03 1.815136814559739378e+02 9.327851628526230288e-01
1.883202941894531250e+03 1.819696609453511940e+02 9.342215115330432251e-01
1.883223754882812500e+03 1.796440033516960568e+02 9.326785721474594171e-01
1.883244567871093750e+03 1.804103415745068730e+02 9.343286279507011516e-01
1.883265441894531250e+03 1.804056539751639150e+02 9.380642146800730607e-01
1.883286254882812500e+03 1.820719340864409332e+02 9.328325432392441385e-01
1.883307067871093750e+03 1.806056651976874150e+02 9.337850079491298860e-01
1.883327941894531250e+03 1.825976887922409162e+02 9.334073698674463238e-01
1.883348754882812500e+03 1.820734709418921113e+02 9.328264730611417477e-01
1.883369567871093750e+03 1.827364577528918232e+02 9.332308203450530026e-01
1.883390441894531250e+03 1.839811352464462288e+02 9.325662169583419647e-01
1.883411254882812500e+03 1.826029837206512809e+02 9.338985568018978167e-01
1.883432067871093750e+03 1.830221881401292023e+02 9.337489106913676729e-01
1.883452941894531250e+03 1.844930981775039811e+02 9.342294228737330064e-01
1.883473754882812500e+03 1.841275469415520263e+02 9.353080874822339297e-01
1.883494567871093750e+03 1.827859762336069878e+02 9.326050123448569318e-01
1.883515441894531250e+03 1.835556515535483300e+02 9.332159706531388821e-01
1.883536254882812500e+03 1.839944668947121613e+02 9.328452265891551409e-01
1.883557067871093750e+03 1.867461265830104367e+02 9.386801603017485007e-01
1.883577941894531250e+03 1.848171241583342237e+02 9.355654784325971862e-01
1.883598754882812500e+03 1.874128548284446651e+02 9.341358542202852222e-01
1.883619567871093750e+03 1.860909099525415513e+02 9.354432114287678512e-01
1.883640441894531250e+03 1.845715690358952372e+02 9.331578470058475849e-01
1.883661254882812500e+03 1.866528640930155802e+02 9.360499293793775877e-01
1.883682067871093750e+03 1.854664074279583303e+02 9.356493804140271209e-01
1.886994567871093750e+03 1.945580268826676331e+02 9.781897758022102263e-01
1.887015441894531250e+03 1.948386466926287426e+02 9.670194427464675613e-01
1.887036254882812500e+03 1.940372928321956181e+02 9.653230781506604297e-01
1.887057067871093750e+03 1.932391283565184779e+02 9.657450801912662586e-01
1.887077941894531250e+03 1.930704089933103944e+02 9.689012224854067767e-01
1.887098754882812500e+03 1.911106193944540905e+02 9.640157753179927624e-01
1.887119567871093750e+03 1.900085441928917476e+02 9.648264524322435198e-01
1.887140441894531250e+03 1.909583296238271828e+02 9.624453863527691055e-01
1.887161254882812500e+03 1.925346079872618645e+02 9.628614688196387439e-01
1.887182067871093750e+03 1.908257242946560837e+02 9.627630060209426688e-01
1.887202941894531250e+03 1.929419129537556614e+02 9.609872758580700891e-01
1.887223754882812500e+03 1.893614274387744842e+02 9.608552478850836964e-01
1.887244567871093750e+03 1.900846084499737856e+02 9.599403852589167840e-01
1.887265441894531250e+03 1.897602664242957644e+02 9.607148261380207277e-01
1.887286254882812500e+03 1.913867361449250950e+02 9.594210312328024237e-01
1.887307067871093750e+03 1.885401220539281155e+02 9.595677918304561516e-01
1.887327941894531250e+03 1.901982661716235157e+02 9.575211497229437763e-01
1.887348754882812500e+03 1.888971522563075496e+02 9.613514450574262016e-01
1.887369567871093750e+03 1.868350227315658287e+02 9.563471626335777742e-01
1.887390441894531250e+03 1.913043296789074077e+02 9.585719571671501571e-01
1.887411254882812500e+03 1.911918586215458049e+02 9.557448480274141067e-01
1.887432128906250000e+03 1.885599107915888908e+02 9.544832213971817803e-01
1.887452941894531250e+03 1.888543545988872836e+02 9.556460262103597669e-01
1.887473815917968750e+03 1.887711887973528064e+02 9.542099140533319979e-01
1.887494628906250000e+03 1.897150607431901221e+02 9.562427931869301734e-01
1.887515441894531250e+03 1.864955471668396285e+02 9.524329440224883481e-01
1.887536315917968750e+03 1.898060980774100699e+02 9.529727126234748269e-01
1.887557128906250000e+03 1.873604639472223994e+02 9.518672273535180306e-01
1.887577941894531250e+03 1.878043108120681666e+02 9.511770761335915925e-01
1.887598815917968750e+03 1.870024705417693553e+02 9.520807330195492080e-01
1.887619628906250000e+03 1.875718521495826678e+02 9.502999070752867761e-01
1.887640441894531250e+03 1.862999443367633319e+02 9.546981398868310542e-01
1.887661315917968750e+03 1.864603783490244098e+02 9.501662999709868940e-01
1.887682128906250000e+03 1.852883396578073985e+02 9.521851517861497083e-01
1.887702941894531250e+03 1.884307345403632894e+02 9.498231321626976476e-01
1.887723815917968750e+03 1.868582163592236896e+02 9.493030463570547584e-01
1.887744628906250000e+03 1.855630112584618416e+02 9.501304173043468859e-01
1.887765441894531250e+03 1.873287318682656633e+02 9.490088713525726138e-01
1.887786315917968750e+03 1.882415935172467414e+02 9.500248943379894229e-01
1.887807128906250000e+03 1.857660653570190732e+02 9.494733743635656031e-01
1.887827941894531250e+03 1.863008706102576753e+02 9.479989271137749807e-01
1.887848815917968750e+03 1.865722748317905086e+02 9.472803488304798458e-01
1.887869628906250000e+03 1.831637123307417880e+02 9.500014292555648554e-01
1.887890441894531250e+03 1.819293957827675570e+02 9.470020674750408984e-01
1.887911315917968750e+03 1.850594719940814343e+02 9.472456467871510633e-01
1.887932128906250000e+03 1.846165187159361949e+02 9.556125947435248902e-01
1.887952941894531250e+03 1.840961893876829265e+02 9.465334550110897638e-01
1.887973815917968750e+03 1.837868580734917145e+02 9.560952728354116248e-01
1.887994628906250000e+03 1.853373650848874377e+02 9.457283051332062707e-01
1.888015441894531250e+03 1.839310486118399695e+02 9.459504426109189845e-01
1.888036315917968750e+03 1.826222255605470082e+02 9.448323251933409272e-01
1.888057128906250000e+03 1.827535243304656376e+02 9.474797272337714960e-01
1.888077941894531250e+03 1.847675000462644448e+02 9.449316155955456153e-01
1.888098815917968750e+03 1.836424023606794549e+02 9.462587333991746563e-01
1.888119628906250000e+03 1.818047304262280477e+02 9.438833672980253553e-01
1.888140441894531250e+03 1.803465663179119645e+02 9.448648133539389038e-01
1.888161315917968750e+03 1.820939395005723895e+02 9.435391462116489159e-01
1.888182128906250000e+03 1.810287045467620430e+02 9.440741506524986670e-01
1.888202941894531250e+03 1.830354893734015036e+02 9.429298512953966371e-01
1.888223815917968750e+03 1.794662693547934680e+02 9.425690620072023629e-01
1.888244628906250000e+03 1.821620088930286272e+02 9.426521193181300884e-01
1.888265441894531250e+03 1.801692681647362519e+02 9.426730168648929098e-01
1.888286315917968750e+03 1.802046598391692100e+02 9.437721881405517488e-01
1.888307128906250000e+03 1.788342795136593111e+02 9.422065530498484609e-01
1.888327941894531250e+03 1.797839579420327425e+02 9.427251796727602606e-01
1.888348815917968750e+03 1.776778110352508691e+02 9.427243577357455884e-01
1.888369628906250000e+03 1.778469066158918963e+02 9.411952625179746956e-01
1.888390441894531250e+03 1.786967278947450382e+02 9.407994067447277287e-01
1.888411315917968750e+03 1.772875995702731871e+02 9.400969775374987680e-01
1.888432128906250000e+03 1.756156033601611171e+02 9.501310132687929011e-01
1.888452941894531250e+03 1.772358843139296312e+02 9.399409940644388728e-01
1.888473815917968750e+03 1.774945225075712472e+02 9.430897961335213964e-01
1.888494628906250000e+03 1.754905414612026959e+02 9.396313282168776704e-01
1.888515441894531250e+03 1.744274890760339360e+02 9.407827124705444577e-01
1.888536315917968750e+03 1.739904931176448883e+02 9.394394839876659686e-01
1.888557128906250000e+03 1.769210378601655975e+02 9.394568048670782767e-01
1.888577941894531250e+03 1.760232209769864369e+02 9.400860722175058415e-01
1.888598815917968750e+03 1.754344038298170858e+02 9.396119171892250987e-01
1.888619628906250000e+03 1.751937811542239558e+02 9.384900904860373760e-01
1.888640441894531250e+03 1.765632184429468055e+02 9.397304704468093517e-01
1.888661315917968750e+03 1.746396078843244482e+02 9.388660333291838356e-01
1.888682128906250000e+03 1.740363023095480628e+02 9.405375861425251394e-01
1.888702941894531250e+03 1.746864933586321911e+02 9.387779744192282783e-01
1.888723815917968750e+03 1.763855370023868545e+02 9.396780779676690010e-01
1.888744628906250000e+03 1.758288376343349171e+02 9.385036182770767343e-01
1.888765441894531250e+03 1.734144386829910900e+02 9.381002729640165461e-01
1.888786315917968750e+03 1.738692837408193554e+02 9.380127776013773566e-01
1.888807128906250000e+03 1.732708277225629558e+02 9.373749013723424728e-01
1.888827941894531250e+03 1.762940366084802406e+02 9.413737691127381790e-01
1.888848815917968750e+03 1.717356250410451821e+02 9.384811036062576939e-01
1.888869628906250000e+03 1.721227019751589467e+02 9.366916350320948492e-01
1.888890441894531250e+03 1.745675105766582078e+02 9.373596404226697265e-01
1.888911315917968750e+03 1.721445298212454418e+02 9.377917789355151301e-01
1.888932128906250000e+03 1.725028130578311618e+02 9.400280246209439250e-01
1.888952941894531250e+03 1.717467799720323853e+02 9.377653064439631647e-01
1.888973815917968750e+03 1.725502448434201881e+02 9.481782272878170881e-01
1.888994628906250000e+03 1.721150476916009211e+02 9.359238090214301309e-01
1.889015441894531250e+03 1.697171164087337161e+02 9.393888201683613381e-01
1.889036315917968750e+03 1.695156094571861445e+02 9.350317251463620138e-01
1.889057128906250000e+03 1.728995574257359635e+02 9.367923609020614162e-01
1.889077941894531250e+03 1.717641032492997510e+02 9.354343864331499114e-01
1.889098815917968750e+03 1.691818697849053024e+02 9.375475553531052997e-01
1.889119628906250000e+03 1.701397830875271779e+02 9.374234804078813710e-01
1.889140441894531250e+03 1.697120979952648838e+02 9.367073204736756642e-01
1.889161315917968750e+03 1.719658282670806670e+02 9.362629676399545353e-01
1.889182128906250000e+03 1.714121009622291183e+02 9.353545435190639967e-01
1.889202941894531250e+03 1.679466530848485490e+02 9.344553463178069119e-01
1.889223815917968750e+03 1.690401796633282459e+02 9.375998443841805363e-01
1.889244628906250000e+03 1.694289355801281260e+02 9.344118117413831026e-01
1.889265441894531250e+03 1.676653350873454258e+02 9.389579879819919261e-01
1.889286315917968750e+03 1.685842897279245278e+02 9.339702278064504481e-01
1.889307128906250000e+03 1.691379928317687984e+02 9.410356924055836014e-01
1.889327941894531250e+03 1.676716181617371149e+02 9.344180948787511598e-01
1.889348815917968750e+03 1.667586564398271207e+02 9.334809622210145097e-01
1.889369628906250000e+03 1.673537219470171351e+02 9.337382823203755899e-01
1.889390441894531250e+03 1.669339851709463574e+02 9.352228483548185034e-01
1.889411315917968750e+03 1.688975046486337419e+02 9.345316305894815212e-01
1.889432128906250000e+03 1.682277115644245669e+02 9.342389610542776168e-01
1.889452941894531250e+03 1.679703112270436520e+02 9.407816037321669045e-01
1.889473815917968750e+03 1.659609302215544631e+02 9.340718533509306809e-01
1.889494628906250000e+03 1.663966688931749900e+02 9.335758734232522116e-01
1.889515441894531250e+03 1.677721921790674742e+02 9.342896489485068567e-01
1.889536315917968750e+03 1.687045531184665208e+02 9.381369969809967291e-01
1.889557128906250000e+03 1.654380343555049535e+02 9.338505922338808940e-01
1.889577941894531250e+03 1.662770571234218266e+02 9.323055046091707210e-01
1.889598815917968750e+03 1.646414995512967607e+02 9.323854488038429977e-01
1.889619628906250000e+03 1.670050693684706005e+02 9.332017275008176460e-01
1.889640441894531250e+03 1.681711401928842520e+02 9.348085552197890058e-01
1.889661315917968750e+03 1.663089277597513558e+02 9.330295789390445904e-01
1.889682128906250000e+03 1.650505904704622822e+02 9.316696386397926855e-01
1.889702941894531250e+03 1.643014231376539271e+02 9.325474578194453690e-01
1.889723815917968750e+03 1.649687456593386230e+02 9.311546161625883222e-01
1.889744628906250000e+03 1.648614237446705317e+02 9.343180699691187030e-01
1.889765441894531250e+03 1.630072913939193313e+02 9.321278191905330024e-01
1.889786315917968750e+03 1.641230192844541023e+02 9.326733317626705322e-01
1.889807128906250000e+03 1.655678047501865819e+02 9.370693489230997875e-01
1.889827941894531250e+03 1.642853518907775765e+02 9.314356484434739292e-01
1.889848815917968750e+03 1.632601444455048920e+02 9.317001227807544250e-01
1.889869628906250000e+03 1.655848397291212848e+02 9.373105175538887224e-01
1.889890441894531250e+03 1.633048062033120971e+02 9.342026580277010828e-01
1.889911315917968750e+03 1.649403551764504243e+02 9.317704596109139814e-01
1.889932128906250000e+03 1.641453422595090785e+02 9.314397119412513026e-01
1.889952941894531250e+03 1.638993566362709089e+02 9.388528599368989314e-01
1.889973815917968750e+03 1.631893507734872912e+02 9.306828916232058324e-01
1.889994628906250000e+03 1.609438914268578174e+02 9.307046983459489331e-01
1.890015441894531250e+03 1.635664890612181637e+02 9.307664652763311119e-01
1.890036315917968750e+03 1.650059433708720462e+02 9.309502368784308146e-01
1.890057128906250000e+03 1.632611497660848272e+02 9.306553523005307582e-01
1.890077941894531250e+03 1.618053871708952443e+02 9.300225239251397324e-01
1.890098815917968750e+03 1.644507351508784438e+02 9.309970064022886627e-01
1.890119628906250000e+03 1.627790797547434920e+02 9.299164498135736867e-01
1.890140441894531250e+03 1.628948486461572429e+02 9.346256698110092520e-01
1.890161315917968750e+03 1.622953786036575821e+02 9.319930139901939636e-01
1.890182128906250000e+03 1.609775392593850825e+02 9.300852974363169601e-01
1.890202941894531250e+03 1.654136055251734376e+02 9.318065695451418495e-01
1.890223815917968750e+03 1.642865301264976381e+02 9.328832756042416685e-01
1.890244628906250000e+03 1.643378408639183306e+02 9.313758457841976313e-01
1.890265441894531250e+03 1.630719898011222426e+02 9.302958253308574177e-01
1.890286315917968750e+03 1.603531411656654484e+02 9.320404026704437461e-01
1.890307128906250000e+03 1.605380643338343987e+02 9.298827663486519679e-01
1.890327941894531250e+03 1.645492434260483776e+02 9.303356443786710006e-01
1.890348815917968750e+03 1.637573254831153804e+02 9.309140296991798014e-01
1.890369628906250000e+03 1.635563973358440819e+02 9.305645308053827058e-01
1.890390441894531250e+03 1.608995203691853533e+02 9.308278439040326147e-01
1.890411315917968750e+03 1.632928832810393374e+02 9.320430246458338841e-01
1.890432128906250000e+03 1.613120304921843911e+02 9.302256653393106145e-01
1.890452941894531250e+03 1.632117303158879338e+02 9.307457166558334993e-01
1.890473815917968750e+03 1.623426751880656411e+02 9.301884687865029644e-01
1.890494628906250000e+03 1.624712846102049468e+02 9.302157015506876681e-01
1.890515441894531250e+03 1.617957242946417864e+02 9.309206565826294577e-01
1.890536315917968750e+03 1.628878658230861731e+02 9.294363371791957151e-01
1.890557128906250000e+03 1.624467911975207812e+02 9.346389665568994864e-01
1.890577941894531250e+03 1.610201411611522531e+02 9.395067671531593945e-01
1.890598815917968750e+03 1.629422489938919512e+02 9.306596433648688382e-01
1.890619628906250000e+03 1.620959236555487735e+02 9.315577696098199523e-01
1.890640441894531250e+03 1.620747472721264444e+02 9.302794231035620420e-01
1.890661315917968750e+03 1.622186543640325169e+02 9.292568523676710823e-01
1.890682128906250000e+03 1.638262504800499926e+02 9.384856764462987666e-01
1.890702941894531250e+03 1.603114175454593635e+02 9.317298382603560469e-01
1.890723815917968750e+03 1.635396705816635006e+02 9.341541986260126773e-01
1.890744628906250000e+03 1.622641367317594074e+02 9.296419469107577438e-01
1.890765441894531250e+03 1.637702123356909851e+02 9.307168663391882646e-01
1.890786315917968750e+03 1.623620831639983635e+02 9.303580999042597721e-01
1.890807128906250000e+03 1.634723594190055564e+02 9.303959623448443406e-01
1.890827941894531250e+03 1.605090946100595772e+02 9.295930894630114460e-01
1.890848815917968750e+03 1.610312741259836287e+02 9.296531029757314490e-01
1.890869628906250000e+03 1.606254020955271926e+02 9.291304835015675723e-01
1.890890441894531250e+03 1.637604223419582752e+02 9.308710018301070699e-01
1.890911315917968750e+03 1.624872091626859003e+02 9.298502675390374339e-01
1.890932128906250000e+03 1.614780322554074985e+02 9.292292707818479158e-01
1.890952941894531250e+03 1.639099760617803554e+02 9.299094632389325321e-01
1.890973815917968750e+03 1.625332026719542569e+02 9.302465216703107442e-01
1.890994628906250000e+03 1.649610492364338654e+02 9.311262266100023277e-01
1.891015441894531250e+03 1.628554277536793222e+02 9.300283240035174259e-01
1.891036315917968750e+03 1.616801599206611968e+02 9.297445904809530370e-01
1.891057128906250000e+03 1.619916807362641862e+02 9.299115463974140239e-01
1.891077941894531250e+03 1.619035825049521407e+02 9.302715742792134757e-01
1.891098815917968750e+03 1.620488791579554402e+02 9.325692209421251322e-01
1.891119628906250000e+03 1.638788591367191430e+02 9.298018377182117877e-01
1.891140441894531250e+03 1.626473583011235462e+02 9.312854465676669857e-01
1.891161315917968750e+03 1.634384257453536691e+02 9.343869020348285481e-01
1.891182128906250000e+03 1.616570016053681513e+02 9.303742124509828404e-01
1.891202941894531250e+03 1.633877638546895525e+02 9.329601995190999197e-01
1.891223815917968750e+03 1.607754022705466070e+02 9.299213852520954449e-01
1.891244628906250000e+03 1.631801488599806191e+02 9.316865921676306117e-01
1.891265441894531250e+03 1.623848443135117634e+02 9.305012131159856592e-01
1.891286315917968750e+03 1.610902875438850117e+02 9.302109919414283112e-01
1.891307128906250000e+03 1.615333018070617470e+02 9.289665953314463209e-01
1.891327941894531250e+03 1.629203702088544787e+02 9.299994193864876690e-01
1.891348815917968750e+03 1.600903323940545420e+02 9.291770559565439846e-01
1.891369628906250000e+03 1.620305296616852786e+02 9.306116719825467953e-01
1.891390441894531250e+03 1.638699455562277478e+02 9.291672092202374333e-01
1.891411315917968750e+03 1.625583438314240823e+02 9.305314472896598632e-01
1.891432128906250000e+03 1.615954340341169200e+02 9.305219031333147317e-01
1.891452941894531250e+03 1.625403396245115744e+02 9.316757163550573040e-01
1.891494628906250000e+03 1.622943459670198934e+02 9.299962468738093291e-01
1.891515441894531250e+03 1.622155393780087422e+02 9.302323932391119987e-01
1.891536315917968750e+03 1.630639426667169118e+02 9.302979076241822964e-01
1.891557128906250000e+03 1.619386106658405140e+02 9.308390497893292981e-01
1.891577941894531250e+03 1.618365158378911985e+02 9.327730537904836972e-01
1.891598815917968750e+03 1.620434668593010201e+02 9.295014267326185964e-01
1.891619628906250000e+03 1.607230187023696999e+02 9.288789133937361830e-01
1.891640441894531250e+03 1.622193592982175403e+02 9.292647739043653488e-01
1.891661315917968750e+03 1.610002473955510993e+02 9.293176572511500089e-01
1.891682128906250000e+03 1.642921070939295589e+02 9.305470444082849513e-01
1.891702941894531250e+03 1.627743373976445866e+02 9.300723521483222900e-01
1.891723815917968750e+03 1.626201036391990442e+02 9.294355355552961218e-01
1.891744628906250000e+03 1.623857295207491234e+02 9.292406883748176583e-01
1.891765441894531250e+03 1.595077817438454986e+02 9.357499636854673675e-01
1.891786315917968750e+03 1.600083560068240160e+02 9.287938543262592717e-01
1.891807128906250000e+03 1.635439775703603971e+02 9.307637756664332018e-01
1.891827941894531250e+03 1.627788111875881896e+02 9.301396080052157789e-01
1.891848815917968750e+03 1.612680443422545693e+02 9.286769535814441978e-01
1.891869628906250000e+03 1.622488030659677634e+02 9.297183696846957890e-01
1.891890441894531250e+03 1.626111054945888554e+02 9.287299987569721527e-01
1.891911315917968750e+03 1.611910102965051124e+02 9.295513470109593168e-01
1.891932128906250000e+03 1.630657269399935672e+02 9.298553315308214495e-01
1.891952941894531250e+03 1.642743707056733626e+02 9.295890178931225378e-01
1.891973815917968750e+03 1.615370815757842990e+02 9.297949784926684558e-01
1.891994628906250000e+03 1.607299372455700848e+02 9.277620973962461548e-01
1.892015441894531250e+03 1.616834866487808711e+02 9.308935404857577867e-01
1.892036315917968750e+03 1.610167004694746993e+02 9.290323914525981941e-01
1.892057128906250000e+03 1.631564570301962931e+02 9.281341976133890004e-01
1.892077941894531250e+03 1.605201875512530023e+02 9.280370599976079937e-01
1.892098815917968750e+03 1.592324338918919580e+02 9.281636419504420976e-01
1.892119628906250000e+03 1.620445844175475543e+02 9.278102482337646784e-01
1.892140441894531250e+03 1.584646567004756434e+02 9.303702083650301491e-01
1.892161315917968750e+03 1.611943793375985194e+02 9.356356202403849354e-01
1.892182128906250000e+03 1.601878397132275325e+02 9.281074496578246569e-01
1.892202941894531250e+03 1.595157861095028977e+02 9.364297479857192075e-01
1.892223815917968750e+03 1.623993082055212938e+02 9.277262155274408340e-01
1.892244628906250000e+03 1.612554949694140021e+02 9.289137240815797947e-01
1.892265441894531250e+03 1.606399271492565788e+02 9.312521326437475100e-01
1.892286315917968750e+03 1.603159015564746426e+02 9.298219022650483501e-01
1.892307128906250000e+03 1.609266923429119061e+02 9.272981280551175765e-01
1.892327941894531250e+03 1.601609693793857332e+02 9.272584999704867048e-01
1.892348815917968750e+03 1.604256740755799910e+02 9.306948037289067832e-01
1.892369628906250000e+03 1.574377265502473335e+02 9.283139636919972570e-01
1.892390441894531250e+03 1.605953673615404966e+02 9.270024996603438705e-01
1.892411315917968750e+03 1.616411953474656400e+02 9.276612905526330222e-01
1.892432128906250000e+03 1.598290366077806652e+02 9.282636558150835215e-01
1.892452941894531250e+03 1.603074178658604296e+02 9.279634213041664248e-01
1.892473815917968750e+03 1.604355045521432714e+02 9.268844083898842845e-01
1.892494628906250000e+03 1.592280694555968807e+02 9.267397397432687312e-01
1.892536315917968750e+03 1.590350278865599023e+02 9.278727859846832571e-01
1.892557128906250000e+03 1.629336716852602365e+02 9.270600126669411578e-01
1.892577941894531250e+03 1.577787747578077528e+02 9.300090009499865085e-01
1.892598815917968750e+03 1.582031147304909382e+02 9.260565111124059445e-01
1.892619628906250000e+03 1.576113943575138308e+02 9.273929007664268864e-01
1.892640441894531250e+03 1.584026367980357293e+02 9.307084768450899492e-01
1.892661315917968750e+03 1.587800215312821024e+02 9.291142210820775293e-01
1.892682128906250000e+03 1.601407868681397417e+02 9.287920574456486333e-01
1.892702941894531250e+03 1.597199697401504181e+02 9.282877987995182822e-01
1.892723815917968750e+03 1.582875791009409738e+02 9.268599716171999070e-01
1.892744628906250000e+03 1.591129826686973558e+02 9.367066523364895314e-01
1.892765441894531250e+03 1.608269851363372709e+02 9.281892645065655811e-01
1.892786315917968750e+03 1.577062914570869623e+02 9.274405887628676126e-01
1.892807128906250000e+03 1.569771135055930245e+02 9.341605153988651322e-01
1.892827941894531250e+03 1.590448331040054768e+02 9.282873172301684406e-01
1.892848815917968750e+03 1.578495344955657913e+02 9.273815889681047420e-01
1.892869628906250000e+03 1.579756179967320691e+02 9.286475897041580607e-01
1.892890441894531250e+03 1.570552732286481330e+02 9.279572229268395755e-01
1.892911315917968750e+03 1.581395904231055454e+02 9.260187287094766573e-01
1.892932128906250000e+03 1.580374579961742825e+02 9.318299171190906893e-01
1.892952941894531250e+03 1.576718380746545733e+02 9.259170239515120970e-01
1.892973815917968750e+03 1.581945926631262864e+02 9.295835356724232446e-01
1.892994628906250000e+03 1.581438065037666831e+02 9.259240728377413632e-01
1.893015441894531250e+03 1.564795679850823831e+02 9.260090736743796791e-01
1.893036315917968750e+03 1.583170259772401209e+02 9.273217176922959881e-01
1.893057128906250000e+03 1.580472227895447475e+02 9.262251936335970104e-01
1.893077941894531250e+03 1.577130680736219119e+02 9.283860979260499802e-01
1.893098815917968750e+03 1.575808709238194183e+02 9.295315651789682887e-01
1.893119628906250000e+03 1.572260382058133530e+02 9.263624467432852727e-01
1.893140441894531250e+03 1.570899862003227554e+02 9.264017271181421709e-01
1.893161315917968750e+03 1.554453926982534995e+02 9.265159234985815839e-01
1.893182128906250000e+03 1.571783634977321071e+02 9.255487979119654263e-01
1.893202941894531250e+03 1.563113222555423647e+02 9.256000582923310516e-01
1.893223815917968750e+03 1.577030104776331996e+02 9.259076253530643674e-01
1.893244628906250000e+03 1.560937321302088492e+02 9.261171077783811878e-01
1.893265441894531250e+03 1.557167683891071590e+02 9.254362533869062712e-01
1.893286315917968750e+03 1.580875230153412474e+02 9.291199306030011318e-01
1.893307128906250000e+03 1.586214320247569844e+02 9.261782796791941941e-01
1.893327941894531250e+03 1.579115704331817653e+02 9.254178327793249892e-01
1.893348815917968750e+03 1.562603597488341052e+02 9.256875356893498052e-01
1.893369628906250000e+03 1.553583936795629938e+02 9.255167909332480125e-01
1.893390441894531250e+03 1.561399608683413476e+02 9.255274493156850912e-01
1.893411315917968750e+03 1.560206240201399908e+02 9.263236472932162568e-01
1.893432128906250000e+03 1.575442048264892492e+02 9.284407004882542225e-01
1.893452941894531250e+03 1.555858463982885098e+02 9.257864328231275586e-01
1.893473815917968750e+03 1.568771520712609515e+02 9.257496695624783944e-01
1.893494628906250000e+03 1.565864218689923462e+02 9.266480842163391518e-01
1.893515441894531250e+03 1.573710553700634023e+02 9.260100069988342897e-01
1.893536315917968750e+03 1.551953604779016587e+02 9.248302097686010859e-01
1.893557128906250000e+03 1.561003455244762677e+02 9.259840988499408176e-01
1.893577941894531250e+03 1.582411865462639184e+02 9.252887494235099153e-01
1.893598815917968750e+03 1.578238040138678855e+02 9.275701758989416401e-01
1.893619628906250000e+03 1.576563107225087208e+02 9.260055978371011243e-01
1.893640441894531250e+03 1.581642163380232091e+02 9.256616829062693785e-01
1.893661315917968750e+03 1.570909690346998389e+02 9.245086163768653220e-01
1.893682128906250000e+03 1.558114398692125917e+02 9.293753476581552153e-01
1.893702941894531250e+03 1.560107217115388210e+02 9.254443686431278460e-01
1.893723815917968750e+03 1.562788287556041382e+02 9.281870169422242745e-01
1.893744628906250000e+03 1.550106128908042251e+02 9.248197689256688614e-01
1.893765441894531250e+03 1.576663341747689628e+02 9.247753618015712718e-01
1.893786315917968750e+03 1.567250151222123407e+02 9.246612727657205211e-01
1.893807128906250000e+03 1.558171320540143938e+02 9.258273793248532613e-01
1.893827941894531250e+03 1.596853970617515870e+02 9.293843584545087300e-01
1.893848815917968750e+03 1.571002254471341075e+02 9.288501013492541647e-01
1.893869628906250000e+03 1.574288000926770792e+02 9.253179300207520219e-01
1.893890441894531250e+03 1.568702035929983651e+02 9.245449454676217815e-01
1.893911315917968750e+03 1.559156068106915995e+02 9.259739606813103263e-01
1.893932128906250000e+03 1.564642866761894595e+02 9.251874798150637735e-01
1.893952941894531250e+03 1.551376452002411952e+02 9.235561365642909193e-01
1.893973815917968750e+03 1.573013742394841472e+02 9.248911767816524465e-01
1.893994628906250000e+03 1.566958308917618012e+02 9.274677094136511979e-01
1.894015441894531250e+03 1.566933184734234885e+02 9.269255314516552380e-01
1.894036315917968750e+03 1.561982327589069826e+02 9.274608650588269665e-01
1.894057128906250000e+03 1.570600706986747639e+02 9.240257584069583308e-01
1.894077941894531250e+03 1.577777982804235819e+02 9.259580934199768132e-01
1.894098815917968750e+03 1.573732269541862081e+02 9.279800571588419089e-01
1.894119628906250000e+03 1.574757186313183865e+02 9.289469614564098698e-01
1.894140441894531250e+03 1.586948256919547191e+02 9.251269833291324574e-01
1.894161315917968750e+03 1.553211915050547987e+02 9.233401987931463273e-01
1.894182128906250000e+03 1.572835140438940869e+02 9.250103924141710454e-01
1.894202941894531250e+03 1.590886433114838212e+02 9.260670667382400190e-01
1.894223815917968750e+03 1.550612062001129914e+02 9.242922562609611203e-01
1.894244628906250000e+03 1.564439793044632552e+02 9.238271572116032448e-01
1.894265441894531250e+03 1.563432386909499883e+02 9.242125793921754928e-01
1.894286315917968750e+03 1.579018672496801230e+02 9.258828087322006350e-01
1.894307128906250000e+03 1.562220107209177513e+02 9.274070403203056312e-01
1.894327941894531250e+03 1.567312871331870952e+02 9.251551059895577467e-01
1.894348815917968750e+03 1.591401347184657595e+02 9.245438494910911409e-01
1.894369628906250000e+03 1.568371434002813487e+02 9.237227914129996220e-01
1.894390441894531250e+03 1.592224554985575935e+02 9.264267550222802239e-01
1.894411315917968750e+03 1.579708301510117110e+02 9.258325618897482734e-01
1.894432128906250000e+03 1.563666884432285826e+02 9.243149230912889314e-01
1.894452941894531250e+03 1.543256514427131378e+02 9.251654141962278866e-01
1.894473815917968750e+03 1.556353675786039616e+02 9.244635173207351730e-01
1.894494628906250000e+03 1.566890720131653154e+02 9.264000542778203506e-01
1.894515441894531250e+03 1.546534772488017211e+02 9.248973634843742353e-01
1.894536315917968750e+03 1.569696687037175025e+02 9.249291341287153578e-01
1.894557128906250000e+03 1.577481703942788442e+02 9.260286732903851847e-01
1.894577941894531250e+03 1.568031493210375800e+02 9.271067855668931879e-01
1.894598815917968750e+03 1.558789628867754118e+02 9.271579276660556479e-01
1.894619628906250000e+03 1.574667449672616613e+02 9.245327607142986848e-01
1.894640441894531250e+03 1.561268479768708346e+02 9.243093773463265661e-01
1.894661315917968750e+03 1.576682360211991636e+02 9.243974604789221283e-01
1.894682128906250000e+03 1.558561505575377737e+02 9.247845463236223917e-01
1.894702941894531250e+03 1.567901770017149943e+02 9.236419361072866208e-01
1.894723815917968750e+03 1.572647549645273273e+02 9.241821707470422309e-01
1.894744628906250000e+03 1.584883713493675259e+02 9.252769931833276784e-01
1.894765441894531250e+03 1.577200115571039021e+02 9.243214038324847337e-01
1.894786315917968750e+03 1.585126721614383882e+02 9.247330473691512953e-01
1.894807128906250000e+03 1.571731891731232054e+02 9.249957651608415876e-01
1.894827941894531250e+03 1.558378223790816719e+02 9.245894603574943416e-01
1.894848815917968750e+03 1.564663033719492091e+02 9.248984590420015195e-01
1.894869628906250000e+03 1.543895317524735162e+02 9.238237699442307660e-01
1.894890441894531250e+03 1.581511201798219872e+02 9.243713459306343028e-01
1.894911315917968750e+03 1.555287663751304024e+02 9.233022406802179338e-01
1.894932128906250000e+03 1.579723540902566867e+02 9.234466087550440294e-01
1.894952941894531250e+03 1.577357041959941739e+02 9.243762464946934099e-01
1.894973815917968750e+03 1.564198918989272329e+02 9.249872593388894781e-01
1.894994628906250000e+03 1.584785590738285350e+02 9.244095825370461927e-01
1.895015441894531250e+03 1.583068671276287205e+02 9.244534269519533165e-01
1.895036315917968750e+03 1.575781761740916522e+02 9.261565916295867451e-01
1.895057128906250000e+03 1.566121010343252351e+02 9.264761332872220034e-01
1.895077941894531250e+03 1.559694947362862365e+02 9.275484561344088386e-01
1.895098815917968750e+03 1.559224375470778909e+02 9.227977272760541361e-01
1.895119628906250000e+03 1.578395214544289047e+02 9.242395690482069215e-01
1.895140441894531250e+03 1.586621440559945313e+02 9.261813043816640167e-01
1.895161315917968750e+03 1.583682830739731173e+02 9.254255939541403686e-01
1.895182128906250000e+03 1.568654656403072920e+02 9.236430654200701307e-01
1.895202941894531250e+03 1.577870651299898554e+02 9.242738450977673326e-01
1.895223815917968750e+03 1.565021039162442662e+02 9.235870821096939798e-01
1.895244628906250000e+03 1.587997492061072649e+02 9.301799463694476744e-01
1.895265441894531250e+03 1.586980811400328264e+02 9.239836354251507178e-01
1.895286315917968750e+03 1.580949981907141648e+02 9.247423289945866376e-01
1.895307128906250000e+03 1.574284746790520728e+02 9.237885416272905159e-01
1.895327941894531250e+03 1.589477943749044186e+02 9.244844391721714905e-01
1.895348815917968750e+03 1.605722167717060813e+02 9.246972735662932763e-01
1.895369628906250000e+03 1.563476768208632564e+02 9.231486816054684796e-01
1.895390441894531250e+03 1.572967268668556642e+02 9.231579145944209808e-01
1.895411315917968750e+03 1.589359439079781851e+02 9.328853521221189826e-01
1.895432128906250000e+03 1.564879048537000585e+02 9.237388261214731777e-01
1.895452941894531250e+03 1.578716072711910385e+02 9.272568929564656282e-01
1.895473815917968750e+03 1.572132246340562745e+02 9.257903601604597910e-01
1.895494628906250000e+03 1.599799532523061316e+02 9.242598510786774746e-01
1.895515441894531250e+03 1.588399424664766286e+02 9.243296256029409630e-01
1.895536315917968750e+03 1.581128592620261486e+02 9.244091634259873347e-01
1.895557128906250000e+03 1.575504041943619598e+02 9.229891235520787385e-01
1.895577941894531250e+03 1.590129198567629771e+02 9.250936409230788859e-01
1.895598815917968750e+03 1.597218265172770373e+02 9.233116980771066684e-01
1.895619628906250000e+03 1.579484546170775445e+02 9.251790723931571092e-01
1.895640441894531250e+03 1.591519405934630811e+02 9.229390097870732168e-01
1.895661315917968750e+03 1.581408542267721771e+02 9.232110509106900009e-01
1.895682128906250000e+03 1.562078450969990797e+02 9.229191508091086904e-01
1.895702941894531250e+03 1.566279718265637939e+02 9.243634791813700735e-01
1.895723815917968750e+03 1.577103408553294628e+02 9.229142102165052153e-01
1.895744628906250000e+03 1.575864834332600140e+02 9.238485128399102075e-01
1.895765441894531250e+03 1.553815635259290957e+02 9.233781553456973379e-01
1.895786315917968750e+03 1.581780673852233292e+02 9.228120341236812907e-01
1.895807128906250000e+03 1.576336397033601315e+02 9.289245680662361337e-01
1.895827941894531250e+03 1.597628220455843859e+02 9.264590844117787105e-01
1.895848815917968750e+03 1.567768904001636940e+02 9.233631472014692809e-01
1.895869628906250000e+03 1.574260918791378288e+02 9.227301946688563072e-01
1.895890441894531250e+03 1.584894917080919186e+02 9.244425949957985056e-01
1.895911315917968750e+03 1.593366979705950257e+02 9.330989851394480006e-01
1.895932128906250000e+03 1.597992463923833100e+02 9.248089090349628227e-01
1.895952941894531250e+03 1.590817353772825129e+02 9.237267275241560771e-01
1.895973815917968750e+03 1.615857502938847574e+02 9.234070735766223281e-01
1.895994628906250000e+03 1.587407633112195242e+02 9.227275785286785936e-01
1.896015441894531250e+03 1.594092103126700408e+02 9.235292237454191255e-01
1.896036315917968750e+03 1.604341052368828855e+02 9.242286700944096767e-01
1.896057128906250000e+03 1.600901097821294741e+02 9.277411852134910264e-01
1.896077941894531250e+03 1.588718196151389463e+02 9.248249571370446009e-01
1.896098815917968750e+03 1.598870409399158063e+02 9.257671178069061257e-01
1.896119628906250000e+03 1.591682613913808382e+02 9.227929798080763968e-01
1.896140441894531250e+03 1.598267078390661595e+02 9.232666051132137897e-01
1.896161315917968750e+03 1.601603598717400132e+02 9.266299449953893097e-01
1.896182128906250000e+03 1.594300764676988820e+02 9.229963562419215561e-01
1.896202941894531250e+03 1.602368508882889273e+02 9.234346676958931077e-01
1.896223815917968750e+03 1.600879268548062555e+02 9.235604928820871917e-01
1.896244628906250000e+03 1.601000865768320693e+02 9.237707333954460198e-01
1.896265441894531250e+03 1.610577223028691947e+02 9.237197586601767485e-01
1.896286315917968750e+03 1.602839523644651649e+02 9.236823323801726104e-01
1.896307128906250000e+03 1.597994927762787256e+02 9.230536345606877857e-01
1.896327941894531250e+03 1.612227959147930108e+02 9.229912223295219098e-01
1.896348815917968750e+03 1.566289272921572717e+02 9.238991579002607812e-01
1.896369628906250000e+03 1.610666622840531659e+02 9.225413936539180737e-01
1.896390441894531250e+03 1.608563553014315630e+02 9.245208659192504230e-01
1.896411315917968750e+03 1.595813262368626795e+02 9.225943070564956994e-01
1.896432128906250000e+03 1.639784604921997584e+02 9.253022125507098794e-01
1.896452941894531250e+03 1.614478553102061369e+02 9.248222180228643508e-01
1.896473815917968750e+03 1.603992548286022100e+02 9.227100082098604883e-01
1.896494628906250000e+03 1.615950575932191953e+02 9.250897750591264845e-01
1.896515441894531250e+03 1.601486433226624229e+02 9.230730063557058829e-01
1.896536315917968750e+03 1.602566256659311819e+02 9.228628329441586065e-01
1.896557128906250000e+03 1.624482370731358571e+02 9.230084967010324659e-01
1.896577941894531250e+03 1.597088160094729119e+02 9.268552771107791965e-01
1.896598815917968750e+03 1.600530244164941394e+02 9.238443836934780995e-01
1.896619628906250000e+03 1.592778972743974748e+02 9.221032393510820713e-01
1.896640441894531250e+03 1.608075764759311994e+02 9.224100661440666205e-01
1.896661315917968750e+03 1.610773387893767961e+02 9.252331877951014416e-01
1.896682128906250000e+03 1.613169539569400115e+02 9.272456116396357029e-01
1.896702941894531250e+03 1.621907423110771163e+02 9.332223576463624104e-01
1.896723815917968750e+03 1.632043141799163948e+02 9.269916974902641105e-01
1.896744628906250000e+03 1.595965058947692228e+02 9.219253009068958393e-01
1.896765441894531250e+03 1.613062538131330541e+02 9.225144512316165724e-01
1.896786315917968750e+03 1.636137359858041123e+02 9.233742500241194362e-01
1.896807128906250000e+03 1.619895575791323097e+02 9.230162458467596753e-01
1.896827941894531250e+03 1.625352369314766179e+02 9.231142346394292098e-01
1.896848815917968750e+03 1.632370679317214694e+02 9.238275443270835829e-01
1.896869628906250000e+03 1.634139378094528183e+02 9.256405300921353163e-01
1.896890441894531250e+03 1.633552196615544005e+02 9.227755722165248420e-01
1.896911315917968750e+03 1.647320232547313026e+02 9.237976714391239463e-01
1.896932128906250000e+03 1.634321871091387095e+02 9.229994559487901817e-01
1.896952941894531250e+03 1.639905769605343266e+02 9.231367689762944861e-01
1.896973815917968750e+03 1.659102448646717960e+02 9.251341348771003892e-01
1.896994628906250000e+03 1.655368477635175282e+02 9.244711253214954461e-01
1.897015441894531250e+03 1.649150365239567293e+02 9.233394887067171153e-01
1.897036315917968750e+03 1.645725498227452306e+02 9.244006199668347579e-01
1.897057128906250000e+03 1.660741599425073503e+02 9.244651936652636959e-01
1.897077941894531250e+03 1.643164538473173479e+02 9.236138319072627612e-01
1.897098754882812500e+03 1.634852721360541352e+02 9.253591226969976047e-01
1.897119567871093750e+03 1.655939947212286256e+02 9.247450683453998233e-01
1.897140441894531250e+03 1.657429395333584523e+02 9.262981339996858576e-01
1.897161254882812500e+03 1.660891031783743301e+02 9.243410069919426597e-01
1.897182067871093750e+03 1.646486898913591688e+02 9.235678824408399823e-01
1.897202941894531250e+03 1.685631154896068438e+02 9.241939731607768937e-01
1.897223754882812500e+03 1.672892624571863962e+02 9.244947548568420714e-01
1.897244567871093750e+03 1.645339224573270371e+02 9.256810645125141956e-01
1.897265441894531250e+03 1.682408993681571303e+02 9.229124664716247262e-01
1.897286254882812500e+03 1.679434747446319136e+02 9.279867371092330730e-01
1.897307067871093750e+03 1.681564144482599374e+02 9.277602985173348804e-01
1.897327941894531250e+03 1.671511873049558687e+02 9.226603960917938441e-01
1.897348754882812500e+03 1.657696190396059706e+02 9.231060666135886272e-01
1.897369567871093750e+03 1.669172317622658284e+02 9.245411740135152101e-01
1.897390441894531250e+03 1.685395529675544140e+02 9.242642040796688052e-01
1.897411254882812500e+03 1.686229923535619832e+02 9.263244194374244955e-01
1.897432067871093750e+03 1.689197665473916743e+02 9.233281595266472630e-01
1.897452941894531250e+03 1.710609288971235742e+02 9.251367442119180495e-01
1.897473754882812500e+03 1.693516253953795569e+02 9.250545949547250846e-01
1.897494567871093750e+03 1.701234175417037306e+02 9.248754842823676547e-01
1.897515441894531250e+03 1.700065139550655715e+02 9.233104715259806694e-01
1.897536254882812500e+03 1.694295561886422092e+02 9.235038268769535375e-01
1.897557067871093750e+03 1.724130937046923009e+02 9.313500549023124853e-01
1.897577941894531250e+03 1.707611145066641711e+02 9.246718765491104275e-01
1.897598754882812500e+03 1.716126144459314276e+02 9.235206398756370394e-01
1.897619567871093750e+03 1.705326737837974065e+02 9.242558527485918995e-01
1.897640441894531250e+03 1.715139450644149122e+02 9.253689133370370801e-01
1.897661254882812500e+03 1.726556137232913954e+02 9.232677671642669504e-01
1.897682067871093750e+03 1.730292623264798522e+02 9.241533735148785844e-01
1.897702941894531250e+03 1.711289150271745996e+02 9.281235370560235731e-01
1.897723754882812500e+03 1.717427942486880852e+02 9.239019642650980746e-01
1.897744567871093750e+03 1.724316548891630703e+02 9.236814934979001857e-01
1.897765441894531250e+03 1.759876152151583426e+02 9.234465442091934761e-01
