1.438870085888312587e+03 1.576879783290050682e+03 1.155242068202599448e+00
1.438890919920913802e+03 1.573223599484427723e+03 1.154657607665950936e+00
1.438911753951652372e+03 1.576395566710409867e+03 1.155375020711540079e+00
1.438932587981460074e+03 1.577133843274620858e+03 1.155627469709531230e+00
1.438953422009403994e+03 1.572793616636621209e+03 1.153859735066618875e+00
1.438974256035951385e+03 1.578409113810391773e+03 1.155457508581853254e+00
1.438995090061102474e+03 1.579163273362459222e+03 1.155271167382067921e+00
1.439015924084856124e+03 1.576207363433716182e+03 1.154662718139163990e+00
1.439036758107213473e+03 1.576226634082931241e+03 1.154689096080621535e+00
1.439057592127708176e+03 1.578781750498182646e+03 1.155015802234038436e+00
1.439078426147269965e+03 1.575597707317005643e+03 1.154015159761892395e+00
1.439099260164970474e+03 1.576482005757165780e+03 1.154137718214065744e+00
1.439120094181273544e+03 1.575581212809671115e+03 1.154359922284772910e+00
1.439140928196179175e+03 1.576355091804205586e+03 1.154388527370104445e+00
1.439161762209688504e+03 1.576605531027319103e+03 1.154057150280119792e+00
1.439182596221800850e+03 1.577500433803234955e+03 1.154954338987686624e+00
1.439203430232050550e+03 1.576673840079635056e+03 1.153780594210362054e+00
1.439224264241369383e+03 1.576145488796407108e+03 1.153431162727617698e+00
1.439245098248824888e+03 1.577029674641440579e+03 1.155476079147648161e+00
1.439265932255349071e+03 1.577634553040127457e+03 1.153495910868777674e+00
1.439286766260010609e+03 1.575286636358483065e+03 1.153436278634779821e+00
1.439307600263275162e+03 1.577053805744814781e+03 1.153736940436053571e+00
1.439328434265608394e+03 1.574388385839295324e+03 1.152815227717302937e+00
1.439349268266078980e+03 1.576929461728538854e+03 1.153807508909641344e+00
1.439370102265152582e+03 1.573043112050816489e+03 1.152890453934454884e+00
1.439390936262830564e+03 1.576913958978714390e+03 1.153192136717473337e+00
1.439411770259110199e+03 1.571977567761390901e+03 1.152316439030173445e+00
1.439432604253991940e+03 1.573437698430662067e+03 1.153107264105802665e+00
1.439453438247478061e+03 1.573766009092656759e+03 1.152520428060677782e+00
1.439474272239567199e+03 1.574946511828447228e+03 1.152964951487874146e+00
1.439495106230257988e+03 1.575009891724283762e+03 1.153374782894217798e+00
1.439515940219552931e+03 1.575456101434354196e+03 1.153141741127126085e+00
1.439536774207451344e+03 1.574714473515798090e+03 1.152771847619017853e+00
1.439557608193953001e+03 1.576703241112730666e+03 1.153197667176357744e+00
1.439578442179522881e+03 1.575311363088051621e+03 1.153790719583568158e+00
1.439599276163229206e+03 1.576494864397191805e+03 1.153093927890033177e+00
1.439620110145538547e+03 1.575032887872235506e+03 1.152504912922414748e+00
1.439640944126917020e+03 1.573616032905822976e+03 1.152253745491957249e+00
1.439661778106433530e+03 1.576825905531429498e+03 1.153651849574582666e+00
1.439682612085017809e+03 1.576197862320972035e+03 1.152426713446239814e+00
1.439703446061739896e+03 1.577040522318038711e+03 1.153088913846533670e+00
1.439724280037531571e+03 1.576150215046480298e+03 1.152927160478394830e+00
1.439745114011925125e+03 1.574508001329514855e+03 1.152201756926383824e+00
1.439765947984921013e+03 1.577592818081452151e+03 1.153024659792177831e+00
1.439786781956521054e+03 1.577869093168720383e+03 1.152771227152850742e+00
1.439807615927189090e+03 1.578699492917808584e+03 1.153136365467495983e+00
1.439828449895994936e+03 1.578365760859373495e+03 1.153853639553925836e+00
1.439849283863869914e+03 1.578391534108528276e+03 1.152519807459157386e+00
1.439870117830346999e+03 1.577557190345071604e+03 1.152520066043164926e+00
1.439890951795428464e+03 1.576823715769911132e+03 1.152532219426071203e+00
1.439911785759111808e+03 1.576433772799815415e+03 1.152540080269314204e+00
1.439932619721398623e+03 1.577457876954877065e+03 1.152831307410562722e+00
1.439953453682753207e+03 1.576163778901362775e+03 1.154351712391101570e+00
1.439974287642710806e+03 1.577681451358035019e+03 1.152535684409634831e+00
1.439995121601272558e+03 1.577650423053592021e+03 1.153639552986955419e+00
1.440015955558435962e+03 1.576731763620028005e+03 1.152194618014807270e+00
1.440036789514204429e+03 1.577446184503005725e+03 1.152528857864897338e+00
1.440057623469041118e+03 1.576876451088184240e+03 1.151980533577771304e+00
1.440078457422479005e+03 1.579415572599944198e+03 1.152798320531051912e+00
1.440099291374521499e+03 1.576544808379059305e+03 1.151911974689677320e+00
1.440120125325631989e+03 1.576826016235568204e+03 1.152580004250780998e+00
1.440140959275345494e+03 1.575988126106369236e+03 1.151894071093035432e+00
1.440161793223661789e+03 1.577729282451392464e+03 1.152398938942592599e+00
1.440182627170581554e+03 1.573724906142635746e+03 1.151456122486266720e+00
1.440203461116570907e+03 1.576247651369338200e+03 1.152221207649432477e+00
1.440224295061162138e+03 1.576994854277795412e+03 1.152459607523255603e+00
1.440245129004356386e+03 1.577190934733594077e+03 1.152933829570078395e+00
1.440265962946619993e+03 1.577782599550588657e+03 1.152199377294106375e+00
1.440286796887485934e+03 1.579853782558181592e+03 1.153115844690217884e+00
1.440307630826955119e+03 1.577152534343181287e+03 1.152399042387051153e+00
1.440328464765492527e+03 1.577253553497542498e+03 1.152442695119793470e+00
1.440349298702633860e+03 1.574556455970693150e+03 1.151494738216859215e+00
1.440370132638842961e+03 1.575894273937176195e+03 1.152118311667773121e+00
1.440390966573190553e+03 1.577104017197489611e+03 1.153457258784393424e+00
1.440411800507071803e+03 1.577262555016846136e+03 1.152268643275358162e+00
1.440432634439090634e+03 1.574807634466432773e+03 1.152013543873881662e+00
1.440453468370177006e+03 1.574123020634218847e+03 1.152334439514823838e+00
1.440474302299867531e+03 1.575124644517757361e+03 1.151550278411151762e+00
1.440495136228626507e+03 1.575626909375220521e+03 1.152238019844953998e+00
1.440515970155987816e+03 1.576167280442172341e+03 1.153427958814607468e+00
1.440536804082418939e+03 1.572942148615127280e+03 1.151360975253596930e+00
1.440557638007453079e+03 1.574652586078906097e+03 1.151592255289443534e+00
1.440578471931090007e+03 1.574223320496700126e+03 1.151673461454214564e+00
1.440599305853795158e+03 1.575590016606469817e+03 1.152095185966754753e+00
1.440620139775103553e+03 1.574491928113430959e+03 1.151687383414796928e+00
1.440640973695481080e+03 1.573835903757500091e+03 1.152561180162395615e+00
1.440661807614460486e+03 1.575635720769885666e+03 1.151573156258334674e+00
1.440682641532043817e+03 1.573816305113551607e+03 1.151884549991885942e+00
1.440703475448695372e+03 1.573674157240127897e+03 1.151539926294738114e+00
1.440724309364416513e+03 1.574312683972011882e+03 1.151877978316382611e+00
1.440745143278739988e+03 1.574872624111452978e+03 1.152059073764737374e+00
1.440765977191666479e+03 1.574154930365738664e+03 1.151892673979858728e+00
1.440786811103660966e+03 1.573501158522231435e+03 1.151461713047541968e+00
1.440807645014725495e+03 1.573645147403396095e+03 1.151164650999559447e+00
1.440828478924392130e+03 1.573253082740419131e+03 1.151277779690290881e+00
1.440849312832661553e+03 1.572687440840704994e+03 1.151325461268134287e+00
1.440870146740000109e+03 1.572061889888736459e+03 1.150785575905183933e+00
1.440890980646408025e+03 1.574129087199778496e+03 1.153067254995759905e+00
1.440911814551418956e+03 1.573597148707885481e+03 1.151435364701813624e+00
1.440932648455031995e+03 1.571536508702083438e+03 1.150496369506598615e+00
1.440953482357714165e+03 1.574631941382639752e+03 1.151657831394589104e+00
1.440974316259464103e+03 1.572236119886603774e+03 1.150856480725907405e+00
1.440995150159817513e+03 1.576199761077358289e+03 1.152431264883933215e+00
1.441015984058773938e+03 1.572124242003461632e+03 1.150616764451474427e+00
1.441057651853893503e+03 1.572394204418672871e+03 1.151733857737471389e+00
1.441078485749591437e+03 1.569737490331459639e+03 1.149709451294249618e+00
1.441140987430629139e+03 1.571409712234041990e+03 1.151132962618016675e+00
1.441182655211778183e+03 1.572020001039178624e+03 1.151795492838330492e+00
1.441203489100955494e+03 1.570806517415189091e+03 1.152157784666721474e+00
1.441224322988736958e+03 1.573584471435782007e+03 1.151139952777168629e+00
1.441245156875587554e+03 1.574000177477967100e+03 1.150886881966158848e+00
1.441286824646026616e+03 1.570256789713068429e+03 1.152064454451129150e+00
1.441307658529150558e+03 1.568519175525712399e+03 1.149902706591636070e+00
1.441328492411343632e+03 1.571585947716815326e+03 1.151036597653557925e+00
1.441349326292604928e+03 1.572914045492097330e+03 1.150533204237380591e+00
1.441370160172934902e+03 1.570588543532344602e+03 1.150617127067821155e+00
1.441390994051868347e+03 1.572443120415309295e+03 1.150639764462075387e+00
1.441411827929870924e+03 1.574333524104490607e+03 1.151290774539726502e+00
1.441432661806476062e+03 1.572507090036214777e+03 1.150602000688881965e+00
1.441453495682149423e+03 1.571046394007245226e+03 1.150922202330487920e+00
1.441474329556891917e+03 1.571203539153533939e+03 1.150373578552475351e+00
1.441495163430236971e+03 1.571223782404389567e+03 1.152004127240072728e+00
1.441515997302651158e+03 1.569355444747651518e+03 1.150386324552260087e+00
1.441536831173667451e+03 1.574018029818441846e+03 1.152402404326897001e+00
1.441557665044219448e+03 1.573996709117094497e+03 1.151202448091694031e+00
1.441578498912908344e+03 1.568687078207758532e+03 1.151436348246180685e+00
1.441599332781132034e+03 1.572934312254882116e+03 1.150670171428071153e+00
1.441620166647957376e+03 1.570553052796226439e+03 1.150632512256108297e+00
1.441641000513851850e+03 1.571572574144235659e+03 1.151325461268134287e+00
1.441661834378350022e+03 1.570899617328365139e+03 1.150681152962753417e+00
1.441682668241915962e+03 1.572518563062826843e+03 1.150287254365289780e+00
1.441703502104551490e+03 1.567017345992551327e+03 1.150271657287565308e+00
1.441724335966255467e+03 1.573186190240958467e+03 1.152207757716390946e+00
1.441745169826562915e+03 1.574322893424005770e+03 1.152502275328138204e+00
1.441766003685938358e+03 1.572518039298947315e+03 1.150651212494181896e+00
1.441786837543916590e+03 1.572533523844745105e+03 1.150792257407816432e+00
1.441807671401430071e+03 1.569964770643019392e+03 1.149763470664743492e+00
1.441828505257545658e+03 1.573018724139037204e+03 1.150828720118515891e+00
1.441849339112263806e+03 1.571576000234560070e+03 1.151336436552612197e+00
1.441870172966516975e+03 1.573724525364771125e+03 1.151114114866261140e+00
1.441891006819373615e+03 1.569879506216547043e+03 1.150166773105983697e+00
1.441911840670833499e+03 1.572417716340116840e+03 1.150912517822321179e+00
1.441932674521826812e+03 1.572571616646396706e+03 1.151222951200579381e+00
1.441953508371423595e+03 1.572149643107897418e+03 1.150552268726322991e+00
1.441974342220089511e+03 1.570938207741500037e+03 1.150546207496427220e+00
1.441995176067357988e+03 1.572523327504987492e+03 1.150805464915166887e+00
1.442016009914160350e+03 1.568966052431887192e+03 1.149936554029328484e+00
1.442036843759566182e+03 1.570640544673762406e+03 1.150706171822565738e+00
1.442057677603575030e+03 1.573125290329636982e+03 1.150721296832162288e+00
1.442078511447119126e+03 1.571931739047866358e+03 1.150627487486596046e+00
1.442099345289264420e+03 1.571651783437891254e+03 1.150349847818920690e+00
1.442120179130478846e+03 1.573421953378593798e+03 1.151955024973795538e+00
1.442141012970762404e+03 1.571172679098056506e+03 1.150284404416712647e+00
1.442161846809648523e+03 1.571808532644825164e+03 1.150639298250209386e+00
1.442182680647603547e+03 1.570565259158642903e+03 1.150661002802326749e+00
1.442203514484626794e+03 1.572389013650593824e+03 1.150921218346746544e+00
1.442224348320720082e+03 1.571222415405226911e+03 1.150626192439350826e+00
1.442245182155416387e+03 1.573011839562486102e+03 1.150972384385844149e+00
1.442266015989181142e+03 1.572919684476704333e+03 1.150759574649748984e+00
1.442286849822013664e+03 1.572964964253661265e+03 1.151039135039754635e+00
1.442307683653914864e+03 1.572350899958155878e+03 1.150851508726049355e+00
1.442328517484419535e+03 1.570185790871117661e+03 1.152915218055034607e+00
1.442349351313991974e+03 1.570943541426006504e+03 1.151163822556244387e+00
1.442370185142634000e+03 1.572256803794308553e+03 1.151448150713056506e+00
1.442391018970344930e+03 1.569886260989454740e+03 1.150143970931304382e+00
1.442411852796659559e+03 1.570503842483072503e+03 1.150527142907048939e+00
1.442432686622507390e+03 1.571038680012562963e+03 1.150350210519405669e+00
1.442453520446492803e+03 1.570897345185901941e+03 1.151325098874881325e+00
1.442474354270012554e+03 1.570943803867648285e+03 1.150385495548437831e+00
1.442495188092600074e+03 1.571792654777919097e+03 1.151420714967841707e+00
1.442516021913791519e+03 1.570068308382641590e+03 1.150427463116541427e+00
1.442536855734051187e+03 1.570397094133134487e+03 1.150834210142500869e+00
1.442557689553380442e+03 1.570270484912299025e+03 1.150816082605283786e+00
1.442578523371779056e+03 1.572019888691566848e+03 1.150622618101390771e+00
1.442599357188778868e+03 1.569111655558655684e+03 1.150016529544955590e+00
1.442620191004848493e+03 1.570211216720867014e+03 1.150620338807618603e+00
1.442641024819985887e+03 1.570344610213449414e+03 1.150766256303348278e+00
1.442661858634191958e+03 1.571244740194456881e+03 1.151522016913574475e+00
1.442682692447467161e+03 1.569129375667685281e+03 1.150211080584601753e+00
1.442703526259344471e+03 1.571735092401686643e+03 1.150891284123482627e+00
1.442724360070292505e+03 1.572113160960962659e+03 1.151805739160047803e+00
1.442745193880308307e+03 1.569494224394655475e+03 1.150944574786443297e+00
1.442766027689392558e+03 1.570173898068872177e+03 1.150561904461965712e+00
1.442786861497079826e+03 1.570417554911375419e+03 1.150861867034847164e+00
1.442807695304300523e+03 1.571342546133058704e+03 1.150670637627428272e+00
1.442828529110125601e+03 1.571163572623976961e+03 1.150489427245232843e+00
1.442849362915018901e+03 1.571846649802954062e+03 1.151496756966082780e+00
1.442870196718980424e+03 1.572283365868971487e+03 1.150966170008523415e+00
1.442891030521545417e+03 1.571100365206708375e+03 1.150617386079427540e+00
1.442911864323645659e+03 1.571480353862878701e+03 1.150784591804619339e+00
1.442932698124347553e+03 1.570147577217195249e+03 1.150717981778577315e+00
1.442953531924118579e+03 1.571890752030792328e+03 1.150866735407775954e+00
1.442974365722958510e+03 1.569988134344864875e+03 1.149876374358425712e+00
1.442995199520866663e+03 1.571683178710794891e+03 1.151350621435105692e+00
1.443016033317377605e+03 1.571865973711858715e+03 1.151035199499589767e+00
1.443036867112956998e+03 1.573453922937507286e+03 1.151099305701955622e+00
1.443057700908072547e+03 1.572029663721008546e+03 1.150502327384070211e+00
1.443078534701790431e+03 1.570273839800700443e+03 1.150331142681743746e+00
1.443099368494110877e+03 1.571806150927490989e+03 1.150816186192021862e+00
1.443120202285965661e+03 1.570959896005145310e+03 1.150304198459224825e+00
1.443141036076423006e+03 1.570938322511281967e+03 1.151057621541787146e+00
1.443161869866414463e+03 1.570395708874793172e+03 1.150339122195745079e+00
1.443182703655010528e+03 1.570806654158202036e+03 1.150003779446569396e+00
1.443203537442674133e+03 1.570292290164719589e+03 1.150144696462007232e+00
1.443224371229406643e+03 1.569999142375271276e+03 1.151928687911711213e+00
1.443245205014743533e+03 1.570128543265811686e+03 1.150205846690648848e+00
1.443266038799612943e+03 1.571352547322191867e+03 1.150904076179208868e+00
1.443286872583085369e+03 1.571652987251743525e+03 1.150138373964784133e+00
1.443307706365626927e+03 1.570323759081673870e+03 1.153147943780175044e+00
1.443328540147236481e+03 1.570292276568387479e+03 1.151449807189954377e+00
1.443349373927915622e+03 1.569851749598936749e+03 1.150498752661289537e+00
1.443370207707662985e+03 1.572279413696433494e+03 1.150512118959156060e+00
1.443391041486014501e+03 1.571274248101707144e+03 1.150585268195596589e+00
1.443411875263434013e+03 1.571108387467725152e+03 1.150268185484012218e+00
1.443432709040386953e+03 1.573312456288513431e+03 1.150839803724908350e+00
1.443453542815944502e+03 1.572767663803133701e+03 1.150362956778107737e+00
1.443474376590569136e+03 1.573060427894410395e+03 1.150247924451275772e+00
1.443495210363797469e+03 1.574870756341613060e+03 1.151202810523556996e+00
1.443516044136560595e+03 1.575405345762628713e+03 1.151283733523975616e+00
1.443536877908391034e+03 1.573911450750017138e+03 1.150527971808808170e+00
1.443557711678826081e+03 1.576435219984847663e+03 1.151508714100458741e+00
1.443578545448330487e+03 1.575680010635239341e+03 1.151103862388188181e+00
1.443599379216901525e+03 1.572099921729193966e+03 1.150162575466867398e+00
1.443620212984541467e+03 1.572948552652489752e+03 1.150158740573296257e+00
1.443641046751250087e+03 1.571860996098166197e+03 1.150859588214910634e+00
1.443661880516562633e+03 1.572067710511949144e+03 1.150398137791814879e+00
1.443682714281409062e+03 1.572640802017761644e+03 1.150389070623154097e+00
1.443703548044858053e+03 1.571633150995142159e+03 1.150016788691830882e+00
1.443724381807376631e+03 1.572780808321565246e+03 1.150272849098309180e+00
1.443745215568964340e+03 1.572727392119023534e+03 1.150151018924474799e+00
1.443766049329619818e+03 1.572322484290470129e+03 1.151470875297603946e+00
1.443786883089343519e+03 1.573823873914845535e+03 1.150067684006211177e+00
1.443807716848136351e+03 1.573115889541752040e+03 1.150350935920032569e+00
1.443828550605532200e+03 1.573039974864928581e+03 1.150301089469859983e+00
1.443849384362462388e+03 1.574005560328533875e+03 1.150680065173899980e+00
1.443870218117995591e+03 1.571082926756630968e+03 1.151759164235921507e+00
1.443891051872597927e+03 1.572316466872189721e+03 1.150295752351856216e+00
1.443911885626268941e+03 1.573572237127419612e+03 1.150683173139324111e+00
1.443932719379008176e+03 1.572971629169276412e+03 1.150456684074662617e+00
1.443953553130815635e+03 1.571099732794086549e+03 1.149800899104750362e+00
1.443974386881692453e+03 1.572706077197368359e+03 1.150445700397321191e+00
1.443995220631171833e+03 1.571193446407866077e+03 1.149511704231400255e+00
1.444016054380185551e+03 1.569578609092482338e+03 1.149419559280877356e+00
1.444078555620243606e+03 1.571625449773573109e+03 1.150848867342387782e+00
1.444099389365067054e+03 1.570846346675304630e+03 1.149870983433169735e+00
1.444120223108957816e+03 1.569092931182560733e+03 1.151856658921995402e+00
1.444141056851452504e+03 1.570569879734802498e+03 1.150713060978302504e+00
1.444161890593481985e+03 1.568652963351473772e+03 1.149289133288149634e+00
1.444182724334114027e+03 1.574478117763632781e+03 1.151648877655596648e+00
1.444203558074279954e+03 1.569040552069983505e+03 1.150127283598816996e+00
1.444224391813050488e+03 1.570084827440219669e+03 1.149821738234449775e+00
1.444245225550888790e+03 1.571121220950480392e+03 1.149855121525734880e+00
1.444266059287795542e+03 1.568173174698306866e+03 1.149371383769168586e+00
1.444286893023770972e+03 1.567210423833846107e+03 1.148912552134446541e+00
1.444307726758815079e+03 1.568040398839773388e+03 1.149961018938257196e+00
1.444328560492461520e+03 1.568126306369107397e+03 1.149268751269011402e+00
1.444349394225643664e+03 1.572231604667876582e+03 1.150742896244350444e+00
1.444370227957428597e+03 1.569674838075115304e+03 1.150123500412132405e+00
1.444391061688280843e+03 1.568919019595701684e+03 1.149959826804334506e+00
1.444411895418669474e+03 1.570410031599420790e+03 1.150293109692028137e+00
1.444432729147660439e+03 1.570958092683767518e+03 1.150236368766393236e+00
1.444453562875719854e+03 1.568467730043299298e+03 1.150774595366981901e+00
1.444474396602381603e+03 1.567877808109930584e+03 1.149662739600374906e+00
1.444495230328578600e+03 1.570321536553330589e+03 1.149860357016106116e+00
1.444516064053843365e+03 1.569391622951990712e+03 1.149854188465542215e+00
1.444536897777711602e+03 1.570261102991428515e+03 1.149953606955127938e+00
1.444557731501114631e+03 1.569091086761710812e+03 1.149339334786080968e+00
1.444578565212410467e+03 1.568697988613627103e+03 1.149872279330971470e+00
1.444599398933484508e+03 1.566843809545623344e+03 1.150585164588068920e+00
1.444620232653627909e+03 1.567318322551024949e+03 1.149808623104834560e+00
1.444641066372839987e+03 1.569111163971347878e+03 1.149325851128055076e+00
1.444661900091120060e+03 1.568369580580852471e+03 1.150174857404821394e+00
1.444682733808468583e+03 1.570441809628200645e+03 1.150184755411279625e+00
1.444703567524886921e+03 1.569834521814214440e+03 1.151305218841671030e+00
1.444724401239906911e+03 1.568327997012865353e+03 1.149377710485451676e+00
1.444745234954462376e+03 1.569651743425608174e+03 1.149998078137326019e+00
1.444766068667621539e+03 1.567523953435648536e+03 1.149031764312664627e+00
1.444786902379848016e+03 1.567563630756870452e+03 1.149551733388502806e+00
1.444807736091608604e+03 1.568755970699834734e+03 1.149847605185999155e+00
1.444828569801973572e+03 1.568090758173115091e+03 1.149472451489285563e+00
1.444849403511406535e+03 1.570301097169628520e+03 1.150372024152596317e+00
1.444870237219907494e+03 1.570598541633886725e+03 1.150772316374225612e+00
1.444891070927011469e+03 1.567617890806473952e+03 1.149084570628392754e+00
1.444911904633651375e+03 1.568146916995937090e+03 1.150141690688972762e+00
1.444932738339358821e+03 1.567201569725194076e+03 1.149516578322468563e+00
1.444953572043669510e+03 1.568573134548149483e+03 1.149332644837063322e+00
1.444974405747049104e+03 1.567642692568596203e+03 1.148955455417896454e+00
1.444995239449962355e+03 1.569713789039707081e+03 1.150262589121897161e+00
1.445016073151478849e+03 1.571349870575016212e+03 1.149992843273947907e+00
1.445036906852064021e+03 1.570528015598403272e+03 1.149904728135797471e+00
1.445057740551718553e+03 1.570922683452322644e+03 1.149445901979096130e+00
1.445078574250441079e+03 1.570156845394591983e+03 1.149438382963416272e+00
1.445099407948232511e+03 1.569633643231333963e+03 1.149374028548244553e+00
1.445120241644627640e+03 1.571806287440079132e+03 1.151514149120493880e+00
1.445141075340556654e+03 1.570704993400993544e+03 1.150155683013855068e+00
1.445161909035086865e+03 1.570898815612594717e+03 1.150176982114958113e+00
1.445182742729153460e+03 1.570136685752846688e+03 1.149259467735899598e+00
1.445203576421822618e+03 1.570754507333413358e+03 1.150000928795480881e+00
1.445224410113560452e+03 1.569940522781933851e+03 1.149628417479211739e+00
1.445245243804366964e+03 1.571236580146540746e+03 1.150654579540772549e+00
1.445266077494242381e+03 1.570983136797917723e+03 1.151384736914997431e+00
1.445286911183186476e+03 1.570850778566214331e+03 1.150913346446528873e+00
1.445307744871199475e+03 1.569919550274421226e+03 1.151279229322197617e+00
1.445328578558280014e+03 1.569387259404217730e+03 1.149770832033128576e+00
1.445349412243963343e+03 1.569759243881276007e+03 1.150122412095849755e+00
1.445370245929182602e+03 1.569257774238708635e+03 1.149921159529578407e+00
1.445391079613003058e+03 1.566734558027502771e+03 1.149118908993286281e+00
1.445411913296359444e+03 1.566815337114416934e+03 1.149301165251911616e+00
1.445432746978319528e+03 1.570191128603388734e+03 1.152952544179483452e+00
1.445453580659346926e+03 1.571059222265050721e+03 1.149710799217287027e+00
1.445474414339443001e+03 1.569300189850431025e+03 1.150092612559390437e+00
1.445495248018607526e+03 1.569529737475250613e+03 1.150355599198853884e+00
1.445516081696840956e+03 1.570172175509625504e+03 1.149697060696913464e+00
1.445536915374143518e+03 1.569881222661133279e+03 1.149834749539327960e+00
1.445557749050048187e+03 1.572756628727971474e+03 1.150501394848763459e+00
1.445578582725488559e+03 1.570185151097076641e+03 1.149860253343260919e+00
1.445599416399531492e+03 1.568318728568203596e+03 1.148742790905203925e+00
1.445620250073108991e+03 1.569588542795845797e+03 1.149993413408739507e+00
1.445641083745289052e+03 1.568933516583439996e+03 1.149393578981273700e+00
1.445661917416536653e+03 1.568015179872953013e+03 1.148981082491606465e+00
1.445682751086854523e+03 1.569670249307908534e+03 1.149643401129427200e+00
1.445703584756240616e+03 1.568258426273708892e+03 1.149322376467468043e+00
1.445724418424695614e+03 1.568798377843110302e+03 1.149230008877308418e+00
1.445745252092219516e+03 1.567701787375208596e+03 1.149399750003817333e+00
1.445766085758811641e+03 1.569643130599629785e+03 1.149631372747482505e+00
1.445786919424006555e+03 1.570534893558294016e+03 1.149980196574988067e+00
1.445807753088736490e+03 1.569209623700939119e+03 1.150195378831293747e+00
1.445828586752068077e+03 1.566944023475337872e+03 1.149455806262616786e+00
1.445849420414934457e+03 1.570096228542741301e+03 1.149528607905593525e+00
1.445870254076404535e+03 1.568896409381093690e+03 1.149732469455344797e+00
1.445891087736943518e+03 1.567896836321595856e+03 1.148754465387110457e+00
1.445911921396550497e+03 1.569391895729634371e+03 1.149231668551386365e+00
1.445932755055226608e+03 1.567245732814569237e+03 1.149965061818009948e+00
1.445953588712971396e+03 1.569040143001117031e+03 1.149429204512092850e+00
1.445974422369784406e+03 1.566472214577821433e+03 1.148815845266927260e+00
1.445995256025201343e+03 1.567156748444803952e+03 1.149189812913748554e+00
1.446016089680150799e+03 1.566609673251666209e+03 1.148974909220443985e+00
1.446036923333704635e+03 1.566359198698415639e+03 1.148808477779150294e+00
1.446057756986792356e+03 1.567611673292981095e+03 1.149156306558723362e+00
1.446078590638484457e+03 1.568768192689280568e+03 1.151738618920749913e+00
1.446099424289243871e+03 1.566621098085188123e+03 1.149541829931476133e+00
1.446120257939071962e+03 1.568026533490395195e+03 1.149755020585185195e+00
1.446141091587968958e+03 1.565888568311224617e+03 1.148944976166420551e+00
1.446161925235934632e+03 1.566634032266982786e+03 1.149251688181126996e+00
1.446182758882969665e+03 1.567574724633836922e+03 1.149811007684982345e+00
1.446203592529072012e+03 1.564606266545191147e+03 1.149270670202257483e+00
1.446224426173777374e+03 1.567404092922326299e+03 1.149537785563233161e+00
1.446245259818018440e+03 1.566280258773545711e+03 1.149285554791865893e+00
1.446266093460862976e+03 1.566648752365469363e+03 1.149295097423862044e+00
1.446286927102775508e+03 1.569038289286581858e+03 1.151080509180577360e+00
1.446307760743754898e+03 1.567625661910587041e+03 1.149577036074491243e+00
1.446328594384269991e+03 1.566201161923131394e+03 1.149483444466327553e+00
1.446349428023388555e+03 1.567114803686915366e+03 1.149871087105047707e+00
1.446370261661109453e+03 1.565086637533741396e+03 1.149288199768454088e+00
1.446391095298364917e+03 1.566239609958717438e+03 1.149561170111103481e+00
1.446411928934689513e+03 1.565016450923466209e+03 1.148820047826820678e+00
1.446432762570082559e+03 1.565159249284618909e+03 1.149532081942810091e+00
1.446453596204078622e+03 1.565477476172999786e+03 1.149859164777820686e+00
1.446474429837142907e+03 1.566861357679898447e+03 1.149888970364112639e+00
1.446495263469741985e+03 1.567083806038413286e+03 1.149675960083655468e+00
1.446516097100943171e+03 1.563235575803827260e+03 1.148605490095065518e+00
1.446536930731213488e+03 1.567275935116352684e+03 1.149760463895085794e+00
1.446557764360552483e+03 1.567411096454619610e+03 1.149567962429425272e+00
1.446578597988961519e+03 1.565025590797454015e+03 1.149277101198423079e+00
1.446599431616439006e+03 1.566080698327909886e+03 1.150284767137832898e+00
1.446620265242518599e+03 1.566447957687894586e+03 1.149945987594002128e+00
1.446641098868131849e+03 1.564454720948160457e+03 1.149526378294087214e+00
1.446661932492348569e+03 1.564977421806071334e+03 1.150185480916255942e+00
1.446682766116100083e+03 1.560989508495031032e+03 1.148564701431721291e+00
1.446703599738454614e+03 1.563736012056073605e+03 1.149085504313517081e+00
1.446724433359877366e+03 1.566159967345378391e+03 1.152710316431842408e+00
1.446745266980369479e+03 1.565529835159834647e+03 1.149257756238367900e+00
1.446766100599929359e+03 1.565697885261303782e+03 1.149586317043066463e+00
1.446786934218559054e+03 1.566048276639075766e+03 1.149339075486456974e+00
1.446807767835791537e+03 1.564560190085015165e+03 1.149586783681966207e+00
1.446828601452557450e+03 1.565010613824018492e+03 1.149672745705630161e+00
1.446849435067927516e+03 1.565563237383687692e+03 1.149874819286426320e+00
1.446870268682830556e+03 1.565347792859443871e+03 1.149597775565711633e+00
1.446891102296336612e+03 1.563689650799108222e+03 1.149035706714756966e+00
1.446911935908912938e+03 1.563936153156867476e+03 1.148910995757896236e+00
1.446932769520557940e+03 1.563509492953208110e+03 1.149278034727133413e+00
1.446953603131270938e+03 1.566134600082800944e+03 1.149913177115237328e+00
1.446974436741052614e+03 1.565242205113813498e+03 1.149117819725566703e+00
1.446995270349902057e+03 1.565532620405571379e+03 1.149338712466884793e+00
1.447016103957354517e+03 1.563095626263703252e+03 1.148912448376075535e+00
1.447057771169932948e+03 1.563639938381879801e+03 1.149608041475425280e+00
1.447078604775058466e+03 1.566359970504530793e+03 1.149825315062018793e+00
1.447099438378787454e+03 1.565586906224164977e+03 1.149428011826596707e+00
1.447120271981582846e+03 1.564153658807790862e+03 1.148870684870764602e+00
1.447141105583448052e+03 1.567922290150136405e+03 1.149606693431903803e+00
1.447161939184381936e+03 1.566030225036941829e+03 1.149924062211963971e+00
1.447182772783919518e+03 1.567969426302377997e+03 1.149496304041897066e+00
1.447203606382990529e+03 1.566455652696556854e+03 1.149263150040129355e+00
1.447224439980665011e+03 1.567590422697146096e+03 1.149881246903738274e+00
1.447245273577874514e+03 1.565592888686604056e+03 1.149165487189698354e+00
1.447266107173686123e+03 1.566916716818199120e+03 1.149301268975189583e+00
1.447286940768565955e+03 1.567326320423434026e+03 1.149844391287806022e+00
1.447307774362514920e+03 1.568097899393560965e+03 1.149500711524613639e+00
1.447328607955532334e+03 1.567614772020350756e+03 1.149362101065031672e+00
1.447349441547619335e+03 1.566146985581249965e+03 1.148915768639302559e+00
1.447370275138774559e+03 1.566086708597320694e+03 1.149017239556657355e+00
1.447391108728532345e+03 1.565421418132185636e+03 1.149084311271279191e+00
1.447411942317824924e+03 1.564755783062007822e+03 1.148685558284033847e+00
1.447432775905720518e+03 1.565819580865898388e+03 1.149927016720439177e+00
1.447453609492684336e+03 1.564503200094769454e+03 1.148362864450029219e+00
1.447474443078717513e+03 1.567725333296257304e+03 1.149205943333825086e+00
1.447495276663819368e+03 1.565646027673800518e+03 1.148925885007167080e+00
1.447516110247989445e+03 1.565301960774786494e+03 1.149283998920441086e+00
1.447536943831228655e+03 1.566602386773283115e+03 1.149370191023672660e+00
1.447557777413534950e+03 1.566052367774833101e+03 1.149626032520331131e+00
1.447578610994446080e+03 1.567857406654376064e+03 1.150122308446626329e+00
1.447599444574425434e+03 1.563113058487486342e+03 1.148925885007167080e+00
1.447620278153939580e+03 1.564905635496952982e+03 1.149633394768764472e+00
1.447641111732056515e+03 1.565515461858961316e+03 1.149543541006064817e+00
1.447661945309241446e+03 1.565360442802895250e+03 1.149947179742271786e+00
1.447682778885495509e+03 1.564063807198928544e+03 1.148988137618035976e+00
1.447703612460352360e+03 1.566897516223135199e+03 1.150735592891350967e+00
1.447724446034742869e+03 1.567130993442176759e+03 1.150092716211290167e+00
1.447745279608202509e+03 1.564405985019806394e+03 1.149129127311618426e+00
1.447766113180266530e+03 1.566292423645997587e+03 1.151442663616311091e+00
1.447786946751398546e+03 1.565152805771815110e+03 1.150025133190005100e+00
1.447807780322064445e+03 1.567195194979331063e+03 1.149754398490984375e+00
1.447828613891333589e+03 1.565615157764804962e+03 1.150043014053641288e+00
1.447849447459671410e+03 1.564266706397219650e+03 1.149954073444985347e+00
1.447870281026612474e+03 1.564732188692101317e+03 1.149547222400332913e+00
1.447891114593087423e+03 1.564484224359827977e+03 1.149801624851933379e+00
1.447911948158630821e+03 1.565907924718966342e+03 1.150497923738478701e+00
1.447932781722777463e+03 1.563475804002542873e+03 1.149720649376128945e+00
1.447953615286458898e+03 1.565516485451234985e+03 1.150745641464342883e+00
1.447974448848743577e+03 1.564239447722419982e+03 1.150251292678381887e+00
1.447995282410096479e+03 1.565590568029361293e+03 1.150397878730844869e+00
1.448016115970517603e+03 1.564446395005398472e+03 1.150310260964318099e+00
1.448036949530007405e+03 1.564900290342246763e+03 1.151254067594982056e+00
1.448057783088566339e+03 1.564446967372144172e+03 1.150621530257199154e+00
1.448078616645728516e+03 1.563709300018137355e+03 1.150781846677543907e+00
1.448099450202424578e+03 1.562942445948655859e+03 1.150046331052847259e+00
1.448120283757723882e+03 1.562308819850489499e+03 1.151679516751430876e+00
1.448141117312092092e+03 1.562315847919331645e+03 1.151071654514567610e+00
1.448161950865994640e+03 1.562167212155008428e+03 1.150303939377098850e+00
1.448182784418499523e+03 1.561112257062369736e+03 1.150051254705903414e+00
1.448203617970073537e+03 1.561565451243898906e+03 1.150318966043958557e+00
1.448224451520716002e+03 1.562185542027529891e+03 1.151665698206080668e+00
1.448245285069961483e+03 1.560866018415001690e+03 1.151175834925959762e+00
1.448266118618742439e+03 1.562755611231670855e+03 1.151411189952476599e+00
1.448286952166591618e+03 1.563190573311925618e+03 1.151381993218788979e+00
1.448307785713043359e+03 1.560360495864066706e+03 1.150833951179693893e+00
1.448328619258562867e+03 1.558977505992087345e+03 1.149816036022563548e+00
1.448349452803616941e+03 1.562719277581030155e+03 1.152406955860599380e+00
1.448370286347274487e+03 1.562019699100110756e+03 1.151281093131967248e+00
1.448391119890000937e+03 1.562630580401616271e+03 1.152001126318619395e+00
1.448411953431796519e+03 1.564138546168678886e+03 1.152544269249407671e+00
1.448432786972660551e+03 1.562348538160362750e+03 1.151426305701032327e+00
1.448453620512128055e+03 1.559604200828057628e+03 1.150748852845456582e+00
1.448474454051128987e+03 1.562620219988316194e+03 1.151800874756051751e+00
1.448495287589198597e+03 1.560703458419418894e+03 1.151010032437745023e+00
1.448516121125871450e+03 1.560855868758149654e+03 1.151132237710194017e+00
1.448536954661612981e+03 1.561677983677984230e+03 1.151474809348704831e+00
1.448557788196889078e+03 1.559426668434271733e+03 1.151299834606934525e+00
1.448578621730767509e+03 1.561848299383874064e+03 1.151622792377548388e+00
1.448599455263715527e+03 1.560293666212504377e+03 1.151593704525486928e+00
1.448620288795731540e+03 1.562560183153239450e+03 1.152201653464212994e+00
1.448641122326816458e+03 1.560641719101496847e+03 1.151622637106267222e+00
1.448661955856969598e+03 1.561090024408095132e+03 1.151728268497203445e+00
1.448682789386192098e+03 1.560543986033942701e+03 1.152065540932831755e+00
1.448703622914482366e+03 1.563108779375778568e+03 1.152526013459322929e+00
1.448724456441842449e+03 1.563537112191026381e+03 1.152741185849738059e+00
1.448745289968270527e+03 1.560926524226511447e+03 1.151617150840894999e+00
1.448766123493768646e+03 1.561776768557353535e+03 1.151722782735009609e+00
1.448786957017868644e+03 1.562086365891578680e+03 1.152099117886033586e+00
1.448807790541502982e+03 1.561225662434421793e+03 1.151796217328719285e+00
1.448828624064205997e+03 1.561746300094637263e+03 1.151947160138157678e+00
1.448849457585977461e+03 1.561062005749185573e+03 1.151761648279420180e+00
1.448870291106352397e+03 1.561227567261743388e+03 1.152663002402896320e+00
1.448891124626261444e+03 1.561736887037230645e+03 1.152116397477479959e+00
1.448911958145238941e+03 1.563975694995228878e+03 1.152641283837624986e+00
1.448932791662819454e+03 1.563097574043948725e+03 1.152701370868147279e+00
1.448953625179934534e+03 1.562165842518069667e+03 1.152164561677305965e+00
1.448974458696118518e+03 1.562621323176738770e+03 1.152965778637019545e+00
1.448995292210905518e+03 1.561806327356763177e+03 1.152404524930063179e+00
1.449016125725225947e+03 1.560066412242820206e+03 1.151702288524344198e+00
1.449036959238615964e+03 1.562906778067176447e+03 1.153667194292119946e+00
1.449057792751074430e+03 1.559859915157173191e+03 1.152037861198558222e+00
1.449078626262601574e+03 1.562348728433116321e+03 1.152466899950919554e+00
1.449099459773197395e+03 1.559391378712145979e+03 1.152006248576384007e+00
1.449120293282863031e+03 1.560918519395306703e+03 1.152766935586051922e+00
1.449141126792061641e+03 1.562240339977070334e+03 1.152905343490342238e+00
1.449161960299863495e+03 1.561763430493332180e+03 1.152328853187609692e+00
1.449182793807199459e+03 1.564215762489849567e+03 1.153377986954942758e+00
1.449203627313604557e+03 1.562728053827161602e+03 1.152820604874414290e+00
1.449224460818611988e+03 1.561867572858583344e+03 1.153087880020420508e+00
1.449245294323620101e+03 1.561854485027619376e+03 1.152966967662876430e+00
1.449266127827231458e+03 1.561397680321689450e+03 1.152859588513419853e+00
1.449286961329911492e+03 1.561202250725464637e+03 1.152842268359089983e+00
1.449307794832125637e+03 1.564032119936706522e+03 1.153167740357986082e+00
1.449328628333408460e+03 1.561284280172244280e+03 1.152616255269161893e+00
1.449349461834224940e+03 1.563200576779415087e+03 1.153680937199220935e+00
1.449370295333644663e+03 1.563714960593594242e+03 1.153544792532525065e+00
1.449391128832598952e+03 1.562171556176200056e+03 1.152577625399439754e+00
1.449411962331087580e+03 1.563665616199876922e+03 1.153144480636336455e+00
1.449432795828179906e+03 1.564789597543922355e+03 1.153311009898448258e+00
1.449453629324806570e+03 1.562808273319629052e+03 1.152807834085322058e+00
1.449474462820965982e+03 1.563887931828506908e+03 1.154241931724317327e+00
1.449495296316194526e+03 1.563409278545992038e+03 1.154584406688516696e+00
1.449516129810491975e+03 1.564230891785602353e+03 1.153679955568428506e+00
1.449536963304789424e+03 1.561800189645670343e+03 1.153758741699033141e+00
1.449557796797690571e+03 1.562441876298837542e+03 1.152656435165607673e+00
1.449578630290124920e+03 1.563638015673301879e+03 1.153091291643076444e+00
1.449599463782094972e+03 1.561944609865127859e+03 1.152303352294404837e+00
1.449620297273599590e+03 1.562039705244535753e+03 1.152800440405921112e+00
1.449641130764171521e+03 1.562256320350969190e+03 1.152986663956286684e+00
1.449661964254278473e+03 1.560735136968233064e+03 1.152034291240486397e+00
1.449682797743919537e+03 1.562399951242981842e+03 1.152555698364569947e+00
1.449703631233094484e+03 1.562998027868630743e+03 1.152771951030013176e+00
1.449724464721338336e+03 1.563121216524770944e+03 1.152908548855691384e+00
1.449745298209582415e+03 1.563525811580737809e+03 1.152950269491795465e+00
1.449766131697361971e+03 1.561880210848720480e+03 1.152715694078341180e+00
1.449786965184675410e+03 1.560537431183882290e+03 1.152373077536627433e+00
1.449807798671056389e+03 1.560955724047005560e+03 1.153114087226320361e+00
1.449828632157903485e+03 1.560849800295472278e+03 1.152700284985748391e+00
1.451953656521544872e+03 1.557068685860021105e+03 1.147973414482089005e+00
1.451974490142162495e+03 1.560158745186665328e+03 1.148609641531747716e+00
1.451995323761382451e+03 1.558307340357547446e+03 1.147536982187624899e+00
1.452016157379205652e+03 1.561035720825359249e+03 1.149294734390398975e+00
1.452036990995165525e+03 1.557660662899743102e+03 1.147372472071852556e+00
1.452057824610194530e+03 1.556647227460763361e+03 1.147791258970864314e+00
1.452078658223361572e+03 1.557759771283963801e+03 1.147545085012981581e+00
1.452099491834665514e+03 1.558763083273382335e+03 1.147989613914693008e+00
1.452120325445038361e+03 1.559099814693213602e+03 1.148531176840180246e+00
1.452141159053549018e+03 1.559627703370141035e+03 1.148565895013689886e+00
1.452161992660196574e+03 1.556488919108237269e+03 1.147840123933376422e+00
1.452182826265911899e+03 1.558796355778887801e+03 1.148113386648851320e+00
1.452203659869765033e+03 1.558464351519567344e+03 1.148448606683909912e+00
1.452224493471755522e+03 1.557046898852641107e+03 1.147907835596988724e+00
1.452245327072815599e+03 1.557947055219488902e+03 1.148389594707299066e+00
1.452266160672012575e+03 1.557006647261798662e+03 1.149150237965780086e+00
1.452286994269346451e+03 1.557655349569041164e+03 1.148254847112051502e+00
1.452307827865749459e+03 1.558855517749086630e+03 1.149482614811350611e+00
1.452328661460289823e+03 1.556652207718679165e+03 1.148162497467239973e+00
1.452349495053432292e+03 1.557177963774711998e+03 1.148280956991347468e+00
1.452370328644712572e+03 1.556761161380240765e+03 1.147986654420033448e+00
1.452391162234596550e+03 1.556352821380702835e+03 1.148219704249711537e+00
1.452411995823083089e+03 1.557959286002710087e+03 1.148874524063810298e+00
1.452432829410172417e+03 1.556843704438975465e+03 1.148152945421877513e+00
1.452453662995400009e+03 1.557124638826018781e+03 1.147896048654335033e+00
1.452474496579230617e+03 1.558587236868628224e+03 1.149479866574962594e+00
1.452495330161663560e+03 1.556435732288453664e+03 1.148335822139159745e+00
1.452516163742232948e+03 1.557231601359320621e+03 1.150534292165085848e+00
1.452536997321406034e+03 1.556369322532875458e+03 1.148642904376417695e+00
1.452557830899182591e+03 1.559336802548932837e+03 1.148762819054675033e+00
1.452578664475563073e+03 1.555001139445112585e+03 1.148413417849120322e+00
1.452599498050545662e+03 1.557937951201271972e+03 1.148978851817618718e+00
1.452620331623664470e+03 1.557205780233325868e+03 1.148158292500540245e+00
1.452641165195387430e+03 1.556945206653029118e+03 1.148434541659534736e+00
1.452661998765713633e+03 1.558379351734298325e+03 1.150667063427529335e+00
1.452682832334641489e+03 1.556506203742173739e+03 1.148614156202108161e+00
1.452703665902172816e+03 1.554176733086572085e+03 1.147723903960083280e+00
1.452724499467843088e+03 1.555141129725020846e+03 1.147879744049574491e+00
1.452745333032116378e+03 1.556852887619543708e+03 1.148425926098274763e+00
1.452766166595456525e+03 1.554887196121819670e+03 1.147667036012325559e+00
1.452787000156934482e+03 1.558262748342922350e+03 1.148332811631378014e+00
1.452807833717015455e+03 1.555350914930191493e+03 1.147824545531469287e+00
1.452828667275699445e+03 1.555974277036127432e+03 1.148168571280840933e+00
1.452849500832521471e+03 1.557653650705435211e+03 1.148585770565915043e+00
1.452870334388412630e+03 1.556246075800307381e+03 1.148299955059191246e+00
1.452891167942905440e+03 1.557695889579052619e+03 1.148751611635823178e+00
1.452912001495536515e+03 1.558425891371741045e+03 1.148614311880080008e+00
1.452932835047236040e+03 1.557379947495698389e+03 1.148609278281637058e+00
1.452953668597072010e+03 1.557234624720168085e+03 1.148165352682763762e+00
1.452974502145977112e+03 1.555533808085719784e+03 1.148992650801193616e+00
1.452995335693020934e+03 1.558019856959287608e+03 1.148695365345411279e+00
1.453016169239132523e+03 1.557751156701735454e+03 1.148422708221466637e+00
1.453037002783381013e+03 1.556909200825826929e+03 1.147855754050805865e+00
1.453057836326697497e+03 1.557617110543856825e+03 1.148550274560257822e+00
1.453078669868618363e+03 1.554858182931061037e+03 1.147837267908854653e+00
1.453099503408676355e+03 1.559406486271806898e+03 1.149049660634548164e+00
1.453120336947803480e+03 1.554335163906771186e+03 1.147980112352134041e+00
1.453141170485067505e+03 1.556898404558744915e+03 1.148273015082938997e+00
1.453162004021399525e+03 1.556406559769030764e+03 1.147825947596299079e+00
1.453182837556335471e+03 1.557392421814189674e+03 1.147902746975799859e+00
1.453203671089873296e+03 1.557225099241735506e+03 1.148204546287265870e+00
1.453224504622014592e+03 1.557692698494231990e+03 1.147887948306395289e+00
1.453245338152760041e+03 1.559343937794248404e+03 1.148469314653528084e+00
1.453266171682108507e+03 1.560628032075051351e+03 1.148855431733815768e+00
1.453287005210524057e+03 1.555613767355209802e+03 1.147458807760656452e+00
1.453307838737077418e+03 1.559285294592740229e+03 1.148426185604076055e+00
1.453328672262699456e+03 1.558907012004069884e+03 1.148614415665382804e+00
1.453349505786926102e+03 1.556308640255155524e+03 1.148781186532467968e+00
1.453370339309754399e+03 1.559906317569022349e+03 1.148872604468891279e+00
1.453391172831185486e+03 1.559264149816402551e+03 1.147948855290909176e+00
1.453412006351220043e+03 1.558238432432605578e+03 1.148134464065012184e+00
1.453432839870322823e+03 1.557905646230920865e+03 1.147731174544767585e+00
1.453453673388028619e+03 1.559975313357852883e+03 1.148930190921334749e+00
1.453474506903871998e+03 1.559842142528065096e+03 1.148531436322200561e+00
1.453495340419250624e+03 1.559478667732485292e+03 1.148030734524703389e+00
1.453516173932766378e+03 1.558403192952872814e+03 1.148325181515959859e+00
1.453537007445349445e+03 1.557411887685128704e+03 1.147521607438646063e+00
1.453557840956069867e+03 1.558554103725733739e+03 1.147904408568872547e+00
1.453578674465861013e+03 1.557962652355417958e+03 1.148617736790121135e+00
1.453599507974720382e+03 1.559661119262868397e+03 1.148195046503318828e+00
1.453620341481715514e+03 1.559855128946621107e+03 1.148227802257228314e+00
1.453641174987779550e+03 1.559765740498622563e+03 1.147973674090183138e+00
1.453662008492447058e+03 1.559657220835890485e+03 1.148144846886385961e+00
1.453682841996183924e+03 1.560155401144619418e+03 1.148248202753767933e+00
1.453703675498523353e+03 1.556147566344434154e+03 1.146956338518716922e+00
1.453724508999465570e+03 1.559937648359991954e+03 1.148530346497321109e+00
1.453745342499010576e+03 1.559824849659434904e+03 1.148271821196533482e+00
1.453766175997624487e+03 1.558730766396111903e+03 1.147698404616912082e+00
1.453787009494842096e+03 1.558170236594602102e+03 1.148078187539498307e+00
1.453807842990662493e+03 1.559867840164640256e+03 1.148300162686611614e+00
1.453828676485085452e+03 1.559292108762582529e+03 1.148128390070977778e+00
1.453849509978576862e+03 1.558851799081365243e+03 1.148118630081639058e+00
1.453870343471136948e+03 1.557904936752701360e+03 1.147992261877131659e+00
1.453891176961835072e+03 1.558010835344098041e+03 1.148183366333361155e+00
1.453912010451601873e+03 1.557664720817871284e+03 1.147601231865605698e+00
1.453932843940437579e+03 1.558261093826432671e+03 1.147576924407224919e+00
1.453953677427874936e+03 1.558103128137139947e+03 1.147881249898574429e+00
1.453974510913915537e+03 1.558248482677207903e+03 1.148632422273462961e+00
1.453995344398560519e+03 1.557376280343823282e+03 1.148294816268572660e+00
1.454016177882274405e+03 1.559317547933495234e+03 1.148430960500354425e+00
1.454037011365055150e+03 1.558299586077646381e+03 1.149299764986743577e+00
1.454057844846438456e+03 1.558495027514733692e+03 1.148136852122242368e+00
1.454078678326426598e+03 1.559814613988067549e+03 1.150416945462375606e+00
1.454099511805017983e+03 1.556902045192255855e+03 1.147896412130146038e+00
1.454120345282678045e+03 1.556723050884176246e+03 1.147592765864816178e+00
1.454141178759405648e+03 1.554889497405835982e+03 1.147370913606226672e+00
1.454162012234735357e+03 1.558849493920737586e+03 1.148694898344387205e+00
1.454182845708670357e+03 1.558589959850252399e+03 1.148141264823620666e+00
1.454203679181674033e+03 1.559150417019298857e+03 1.148597135283258686e+00
1.454224512653278907e+03 1.556446143758078051e+03 1.147944234158148724e+00
1.454245346123952459e+03 1.555394839752983444e+03 1.148279659297649635e+00
1.454266179593230390e+03 1.556000607024459896e+03 1.148879867784125874e+00
1.454287013061576999e+03 1.554392896684032166e+03 1.147886494391739953e+00
1.454307846528526170e+03 1.554043799280374060e+03 1.147741664878643597e+00
1.454328679994077447e+03 1.551020960055283467e+03 1.146646361466943764e+00
1.454349513458698539e+03 1.553110067925586236e+03 1.147037509141937361e+00
1.454370346922388990e+03 1.552103706693262438e+03 1.147371433095003779e+00
1.454391180384681320e+03 1.554355186726786314e+03 1.147290701717102346e+00
1.454412013845576439e+03 1.551662300883462649e+03 1.148513064850302801e+00
1.454432847306005897e+03 1.551402998358028071e+03 1.146666998022238593e+00
1.454453680764574074e+03 1.552502048925581221e+03 1.147021556086304850e+00
1.454474514222209564e+03 1.556009661055640208e+03 1.147958616723679715e+00
1.454495347678913504e+03 1.554417770790385703e+03 1.147332211030820837e+00
1.454516181134221370e+03 1.552893480029639704e+03 1.147498233270220158e+00
1.454537014588597458e+03 1.553491986497881953e+03 1.146956546389365172e+00
1.454557848041577017e+03 1.553542066737733194e+03 1.147806162745270697e+00
1.454578681493625027e+03 1.552855518295141337e+03 1.147361614717329559e+00
1.454620348393995528e+03 1.554673269744108438e+03 1.147783521394944328e+00
1.454641181842318474e+03 1.556806241836768777e+03 1.148057576350606235e+00
1.454662015289709416e+03 1.555394142795900962e+03 1.152377111954165256e+00
1.454682848735703828e+03 1.557350771670622407e+03 1.149207239981555828e+00
1.454703682180767373e+03 1.556771237357679638e+03 1.148497703167981498e+00
1.454724515624898459e+03 1.557898368664890995e+03 1.149185196771158601e+00
1.454745349067633470e+03 1.558526707084516602e+03 1.149733195245722595e+00
1.454766182509437385e+03 1.558202887837218896e+03 1.149684566277350939e+00
1.454787015949843408e+03 1.557566620124820020e+03 1.148540725739913171e+00
1.454807849389318562e+03 1.556071521151159232e+03 1.148580529265689654e+00
1.454828682827862394e+03 1.556260423011627154e+03 1.148326167724206925e+00
1.454849516265009470e+03 1.557526411642296125e+03 1.148649235105137389e+00
1.454870349701224995e+03 1.557709743421489520e+03 1.148481251408720816e+00
1.454891183136043537e+03 1.556937902888668759e+03 1.148664594760944180e+00
1.454912016569930529e+03 1.557231374166973183e+03 1.148755451226816771e+00
1.454932850002886426e+03 1.555788559327212624e+03 1.147897139081422990e+00
1.454953683434445566e+03 1.558430083141625573e+03 1.148546226700457584e+00
1.454974516864607494e+03 1.556652763973891751e+03 1.147842876095737763e+00
1.454995350294303535e+03 1.559482293945751962e+03 1.148836131556010498e+00
1.455016183722602364e+03 1.559347860790650657e+03 1.148699516457281300e+00
1.455037017149506028e+03 1.557652870820517592e+03 1.148428780658864223e+00
1.455057850575942666e+03 1.557237608140173052e+03 1.148372674267200244e+00
1.455078684000981411e+03 1.555023190384195004e+03 1.147673112448049704e+00
1.455099517424623627e+03 1.559702818397269084e+03 1.149673212309449521e+00
1.455120350847335885e+03 1.557088728200174728e+03 1.148326998214705519e+00
1.455141184269115911e+03 1.557689274633838977e+03 1.148895483756388280e+00
1.455162017689498498e+03 1.557743474149092435e+03 1.148215551403189760e+00
1.455182851109415424e+03 1.556740245231838117e+03 1.148181549407355284e+00
1.455203684527471069e+03 1.560298084238233287e+03 1.148846144860773855e+00
1.455224517945060143e+03 1.557231474940762610e+03 1.148181341758485852e+00
1.455245351361251551e+03 1.557462850833635912e+03 1.147997973147872663e+00
1.455266184776046430e+03 1.557290692963507809e+03 1.148700450455384825e+00
1.455287018190377012e+03 1.557714038035713656e+03 1.148230086300304764e+00
1.455307851603309473e+03 1.557095295208954667e+03 1.148265125028036238e+00
1.455328685015309929e+03 1.558068957038828785e+03 1.148247943207742372e+00
1.455349518425914084e+03 1.557628221475458304e+03 1.149403587429700169e+00
1.455370351835587371e+03 1.558388871967544219e+03 1.148197745903472455e+00
1.455391185244329563e+03 1.558816172546825555e+03 1.149401772432568691e+00
1.455412018651672952e+03 1.555970990265964247e+03 1.148332811631378014e+00
1.455432852058085928e+03 1.558659764829959158e+03 1.148173451073619455e+00
1.455453685463568490e+03 1.556481468499630637e+03 1.148134256407626896e+00
1.455474518868119503e+03 1.560499395681468513e+03 1.148757111586515167e+00
1.455495352271273077e+03 1.557146835209862957e+03 1.147728318249134460e+00
1.455516185673495556e+03 1.558845929062585810e+03 1.148142458845784253e+00
1.455537019074320597e+03 1.559216844630111609e+03 1.148198109283777635e+00
1.455557852474679521e+03 1.556867710376810692e+03 1.147802112261272045e+00
1.455578685873642371e+03 1.558741250858302692e+03 1.148157098494843043e+00
1.455599519271208464e+03 1.557274117450544054e+03 1.147570951341853940e+00
1.455620352668308442e+03 1.558506175826922117e+03 1.148242856093794506e+00
1.455641186064011890e+03 1.558099738873057277e+03 1.148778903585108813e+00
1.455662019458783561e+03 1.559894169814512225e+03 1.148537508184741096e+00
1.455682852852157566e+03 1.557838623248834892e+03 1.147616865236656514e+00
1.455703686244600476e+03 1.558632158464281474e+03 1.148243063731539726e+00
1.455724519636113655e+03 1.556720495127320191e+03 1.147394757898732687e+00
1.455745353026694374e+03 1.558030586947977781e+03 1.148283863819909101e+00
1.455766186415877428e+03 1.559193189332349220e+03 1.148065104409594417e+00
1.455787019804595957e+03 1.556972403400302937e+03 1.147617955929015165e+00
1.455807853191917502e+03 1.557420144539455123e+03 1.147636549477381473e+00
1.455828686577840926e+03 1.557886389914885058e+03 1.148157617627907578e+00
1.455849519963299372e+03 1.558284637955253856e+03 1.147897814107196490e+00
1.455870353347361515e+03 1.557052482086758118e+03 1.148247943207742372e+00
1.455891186730026448e+03 1.560211834331323189e+03 1.148644305442337421e+00
1.455912020112224582e+03 1.558717140551922739e+03 1.148295387246443644e+00
1.455932853493025959e+03 1.559753103682132632e+03 1.149961226265769687e+00
1.455953686872897379e+03 1.559259544314573986e+03 1.148202314104659560e+00
1.455974520251836566e+03 1.556881905201212021e+03 1.147448055113855725e+00
1.455995353629844431e+03 1.556907714492802597e+03 1.148061625933300078e+00
1.456016187006454857e+03 1.556885843803204807e+03 1.148249292846435399e+00
1.456037020382134415e+03 1.557127208006751289e+03 1.147584559497691226e+00
1.456057853756883560e+03 1.557247972930773130e+03 1.149570451207771349e+00
1.456078687130700473e+03 1.557450476563596339e+03 1.147846718726486692e+00
1.456099520503119493e+03 1.557646847414044487e+03 1.148206934198738205e+00
1.456120353874609009e+03 1.559023067945704952e+03 1.148565635539454455e+00
1.456141187245166520e+03 1.557105198782240677e+03 1.148016560541389897e+00
1.456162020614792027e+03 1.554109522812355181e+03 1.147157435759723176e+00
1.456182853983021005e+03 1.559177252456053111e+03 1.148643838420553953e+00
1.456203687350319569e+03 1.557887565179687499e+03 1.149588131748834563e+00
1.456224520716685447e+03 1.557976569078258080e+03 1.149892546982550945e+00
1.456245354082120002e+03 1.558751682009513615e+03 1.148804067640621041e+00
1.456266187446158028e+03 1.557977795929280319e+03 1.148380978808831276e+00
1.456287020809731075e+03 1.556937786660755819e+03 1.148136125322741563e+00
1.456307854171906456e+03 1.557344023942653848e+03 1.149031401196002333e+00
1.456328687532684398e+03 1.555774379903942418e+03 1.147652857537186266e+00
1.456349520892997589e+03 1.556935999516845868e+03 1.147940391853824238e+00
1.456370354251913568e+03 1.554961402658558427e+03 1.147854559730405954e+00
1.456391187610363886e+03 1.554942488063969449e+03 1.147663452458227207e+00
1.456412020967416993e+03 1.555194880549677464e+03 1.148336912148651967e+00
1.456432854323072434e+03 1.556808244532165645e+03 1.147744521141062179e+00
1.456453687678263577e+03 1.555308614277756760e+03 1.149184003832417922e+00
1.456474521032057510e+03 1.555298741102673830e+03 1.147674774373585116e+00
1.456495354384919438e+03 1.555676655694635656e+03 1.148834730724032971e+00
1.456516187736850497e+03 1.556584349092702269e+03 1.148282514221849127e+00
1.456537021087850462e+03 1.556291941493429931e+03 1.148512130699812950e+00
1.456557854437918422e+03 1.556186080970856665e+03 1.148121848810696344e+00
1.456578687786590081e+03 1.557495735234829681e+03 1.148422708221466637e+00
1.456599521134330189e+03 1.556930570273013473e+03 1.149216420205644296e+00
1.456620354481137838e+03 1.554357460376673771e+03 1.149046911362640477e+00
1.456641187827015983e+03 1.556640892624948947e+03 1.148292895704559058e+00
1.456662021171496463e+03 1.554855405367777394e+03 1.148202158370827508e+00
1.456682854515510371e+03 1.555634462100300198e+03 1.147642002835271402e+00
1.456703687858127978e+03 1.555597135767921600e+03 1.148890970191529748e+00
1.456724521199815626e+03 1.557600310288898299e+03 1.148141368651684369e+00
1.456745354540104472e+03 1.554653102713072940e+03 1.146785871903964082e+00
1.456766187879928111e+03 1.556564303078406510e+03 1.148115878580290961e+00
1.456787021218354539e+03 1.553459414104650023e+03 1.146971461010046767e+00
1.456807854556315533e+03 1.555677862332961467e+03 1.147815354175170999e+00
1.456828687892879998e+03 1.554420847183984506e+03 1.147085315015812901e+00
1.456849521228047706e+03 1.556851274548212587e+03 1.147273765070101925e+00
1.456870354562749071e+03 1.555320180704744416e+03 1.147963860863393526e+00
1.456891187896519568e+03 1.556481922365401942e+03 1.147680279484731614e+00
1.456912021228892627e+03 1.554568962403393471e+03 1.146873135266360144e+00
1.456932854560333908e+03 1.554444076604871043e+03 1.146486766494258402e+00
1.456953687890844549e+03 1.553123089896416786e+03 1.146880878984314567e+00
1.456974521220423412e+03 1.552086848644398970e+03 1.147356056127641688e+00
1.456995354548605974e+03 1.554132750733179364e+03 1.146720433018872720e+00
1.457016187876322874e+03 1.555228141511331614e+03 1.147354341790808974e+00
1.457037021202641426e+03 1.554205040299836355e+03 1.147478338880685955e+00
1.457057854528030475e+03 1.553790083576029474e+03 1.146779998669673395e+00
1.457078687852487519e+03 1.555584713773138674e+03 1.147335431966094221e+00
1.457099521176012331e+03 1.553682644856715342e+03 1.147078040337443428e+00
1.457120354498141069e+03 1.556260115594218178e+03 1.147410394082974072e+00
1.457141187819804600e+03 1.554922514844168518e+03 1.147732732521207666e+00
1.457162021140070920e+03 1.553226221134743355e+03 1.146556273615294108e+00
1.457182854459405462e+03 1.554087540901727380e+03 1.146886231993678562e+00
1.457203687777808454e+03 1.553244099930458333e+03 1.146577223701167991e+00
1.457224521095281034e+03 1.552830464353714433e+03 1.146283523668383708e+00
1.457245354411356402e+03 1.554147055202373622e+03 1.146829374481613595e+00
1.457266187726964972e+03 1.554582197094306821e+03 1.146992923172634793e+00
1.457287021041177013e+03 1.554158308798585949e+03 1.147001393600854513e+00
1.457307854354458414e+03 1.554219342272923768e+03 1.146955610971151840e+00
1.457328687666808491e+03 1.554307972411634410e+03 1.146827347516441442e+00
1.457349520978226565e+03 1.554681308676282924e+03 1.148029903819886233e+00
1.457370354288713543e+03 1.554668336445652585e+03 1.147427536498578871e+00
1.457391187597803992e+03 1.554290461618346626e+03 1.147031429339084196e+00
1.457412020905963573e+03 1.556397429016096339e+03 1.146799801224317683e+00
1.457432854213655901e+03 1.556618077392943178e+03 1.147900566131242250e+00
1.457453687519951927e+03 1.554582211171675226e+03 1.147788039314737718e+00
1.457474520825317541e+03 1.552814300365363351e+03 1.146696470745640628e+00
1.457495354129285033e+03 1.554141851880847753e+03 1.147817742896315663e+00
1.457516187432786865e+03 1.555753107607439233e+03 1.147170425325378940e+00
1.457537020734892394e+03 1.554416419600608606e+03 1.146701564719820210e+00
1.457557854036532035e+03 1.554755963650235572e+03 1.146643970305544213e+00
1.457578687336775602e+03 1.555317072307925173e+03 1.146590115871441995e+00
1.457620353934464902e+03 1.558669778553525475e+03 1.148023258159709403e+00
1.457641187231448384e+03 1.557134102385973165e+03 1.148397899126571309e+00
1.457662020527965524e+03 1.556801657832666478e+03 1.149233795005296210e+00
1.457682853823086134e+03 1.560210036085396496e+03 1.149042139025973741e+00
1.457703687117274512e+03 1.560494787347153078e+03 1.148821708093159311e+00
1.457724520397494416e+03 1.555741667943029370e+03 1.147022699309398153e+00
1.457745353689821513e+03 1.557837381109138050e+03 1.148218043112905207e+00
1.457766186981216379e+03 1.559034039654591425e+03 1.148313398857182310e+00
1.457787020271214487e+03 1.558131895150752825e+03 1.148919348287345432e+00
1.457807853560746480e+03 1.555855734858238975e+03 1.147530073964412978e+00
1.457828686848881944e+03 1.559669197118958209e+03 1.148906949168998493e+00
1.457849520136552428e+03 1.560708873132193276e+03 1.149119738910855615e+00
1.457870353422824337e+03 1.557356564964931749e+03 1.148035666822175616e+00
1.457891186708165606e+03 1.556315477545763088e+03 1.148037795491380519e+00
1.457912019992576461e+03 1.557432655524381971e+03 1.147869462682924224e+00
1.457932853275589878e+03 1.556131073359496668e+03 1.147781132602579079e+00
1.457953686558137179e+03 1.556034156431529482e+03 1.148617736790121135e+00
1.457974519839286586e+03 1.557952728605772108e+03 1.149222488449105128e+00
1.457995353119971924e+03 1.558150545920105969e+03 1.148242492727650221e+00
1.458016186399260505e+03 1.557557092277857691e+03 1.148390996082263138e+00
1.458037019677616627e+03 1.554286259980824525e+03 1.147639977305365822e+00
1.458057852955041426e+03 1.555978092819484800e+03 1.148288950752185844e+00
1.458078686231535357e+03 1.557945250280549772e+03 1.149667716741335832e+00
1.458099519506632987e+03 1.557922676968109499e+03 1.148273326531362493e+00
1.458120352781263591e+03 1.556766901011038726e+03 1.148566258277521124e+00
1.458141186054498121e+03 1.558306057133673448e+03 1.148517943179406142e+00
1.458162019327266989e+03 1.556318069646006506e+03 1.148593191375824940e+00
1.458182852598638419e+03 1.556396676537714711e+03 1.147722242105688517e+00
1.458203685869078527e+03 1.554629020323206760e+03 1.147348159767018760e+00
1.458224519138587539e+03 1.557256955320455063e+03 1.150654579540772549e+00
1.458245352406700022e+03 1.554632290792717185e+03 1.147863750772771363e+00
1.458266185674346616e+03 1.554465005637114700e+03 1.148546434283358453e+00
1.458287018940594862e+03 1.554404094022246682e+03 1.147727487325433726e+00
1.458307852206377902e+03 1.555785870037982249e+03 1.148274883772212096e+00
1.458328685470765549e+03 1.555010709792035868e+03 1.147816548536364722e+00
1.458349518734220965e+03 1.554879252631576264e+03 1.147990133123495626e+00
1.458370351996744830e+03 1.555952710279918847e+03 1.147902954675065645e+00
1.458391185258338055e+03 1.556841008773367548e+03 1.148238547602109527e+00
1.458412018518999503e+03 1.555683078156584543e+03 1.147837735258808278e+00
1.458432851778263512e+03 1.557228577466500610e+03 1.148684883721178940e+00
1.458453685037062542e+03 1.556629286490697041e+03 1.148379681228159921e+00
1.458474518294463905e+03 1.557113682342087259e+03 1.148691058550990407e+00
1.458495351550935084e+03 1.556245410035564873e+03 1.148182172353738428e+00
1.458516184806474485e+03 1.554234109674142474e+03 1.147590636370124484e+00
1.458537018061081653e+03 1.557289009600141071e+03 1.148509743422886586e+00
1.458557851314757954e+03 1.555945243735176518e+03 1.148171686044582973e+00
1.458578684567503387e+03 1.556873939198396329e+03 1.148358244983291865e+00
1.458599517819317953e+03 1.555662451970549682e+03 1.148216745348103141e+00
1.458620351069734625e+03 1.555983830788110254e+03 1.148148065541946927e+00
1.458641184319219974e+03 1.556948348077910168e+03 1.148625624422888958e+00
1.458662017568240117e+03 1.556371725799440810e+03 1.148184300751330378e+00
1.458682850815862366e+03 1.556037823843319529e+03 1.150278082687393510e+00
1.458703684062554430e+03 1.555313529269841410e+03 1.148353573593536625e+00
1.458724517308314489e+03 1.554901040318265814e+03 1.147592661987117957e+00
1.458745350552678019e+03 1.556303537012896186e+03 1.150286684376139235e+00
1.458766183796576115e+03 1.552993240319998222e+03 1.148141264823620666e+00
1.458787017039076545e+03 1.553464321635289025e+03 1.147532826870376388e+00
1.458807850281110859e+03 1.553803779056091344e+03 1.148227698436980582e+00
1.458828683521748644e+03 1.555204487155597008e+03 1.148280956991347468e+00
1.458849516761456016e+03 1.554674475512477102e+03 1.147887948306395289e+00
1.458870350000231156e+03 1.553723764144946472e+03 1.147507531052021523e+00
1.458891183238074973e+03 1.555044289018594327e+03 1.147472157524931813e+00
1.458912016474988377e+03 1.553408990807525015e+03 1.148239741523111368e+00
1.458932849710503888e+03 1.554085407292067657e+03 1.148160317116058815e+00
1.458953682945554647e+03 1.551927716659831049e+03 1.147328158873601067e+00
1.458974516179207512e+03 1.554331796628237953e+03 1.148024192707996383e+00
1.458995349411929510e+03 1.556236699228709085e+03 1.148022894724058940e+00
1.459016182644184937e+03 1.555175008668241162e+03 1.148711191378990915e+00
1.459037015875044517e+03 1.556094955371272135e+03 1.148936623823280767e+00
1.459057849104971865e+03 1.554514165522296707e+03 1.147850405562815590e+00
1.459078682333502911e+03 1.554726087371854874e+03 1.147752518638019303e+00
1.459099515561568523e+03 1.555566770112566019e+03 1.152017113896247169e+00
1.459120348788236925e+03 1.556358870153168255e+03 1.148523444249069714e+00
1.459141182014438982e+03 1.556556615853816538e+03 1.148040754854205314e+00
1.459162015239244511e+03 1.556379664767028544e+03 1.148263827316446051e+00
1.459182848463119626e+03 1.558507855374140036e+03 1.148519500088588163e+00
1.459203681686061373e+03 1.555388343484405141e+03 1.148054357441351980e+00
1.459224514908073616e+03 1.554602890904822743e+03 1.147388212456014411e+00
1.459245348129153626e+03 1.555459470642428869e+03 1.147637847898276942e+00
1.459266181349302087e+03 1.556698476884791489e+03 1.148561483943714157e+00
1.459287014568054474e+03 1.554144647322805213e+03 1.147619462121520550e+00
1.459307847786340517e+03 1.559227934904596850e+03 1.148388400942091936e+00
1.459328681003229576e+03 1.554810801832617472e+03 1.148303744253704739e+00
1.459349514219187995e+03 1.556377422847605203e+03 1.147537605483914369e+00
1.459370347434215546e+03 1.558006719445659655e+03 1.149345039363011134e+00
1.459391180648310637e+03 1.554362395433763140e+03 1.147181856021490587e+00
1.459412013861474406e+03 1.556010968186356877e+03 1.147854559730405954e+00
1.459432847073706398e+03 1.555507191816402383e+03 1.149095048606827429e+00
1.459453680284542997e+03 1.555846736379226968e+03 1.147584195923106565e+00
1.459474513494912571e+03 1.556127552243804530e+03 1.148407708644472613e+00
1.459495346703884934e+03 1.554309638359661676e+03 1.147741197489571263e+00
1.459516179911927566e+03 1.555476010168904395e+03 1.147733459576156134e+00
1.459537013119037965e+03 1.557538698847336036e+03 1.148127663266120146e+00
1.459557846325216815e+03 1.555733313047137699e+03 1.147677423062432922e+00
1.459578679530464342e+03 1.554937272953338379e+03 1.147818937255023819e+00
1.459599512734781456e+03 1.555327228383172724e+03 1.148343348374084805e+00
1.459620345937700904e+03 1.555000792343347712e+03 1.147393355307007701e+00
1.459641179140155145e+03 1.554976038981558759e+03 1.147259945412157700e+00
1.459662012341211494e+03 1.555751497783958030e+03 1.148691525553575676e+00
1.459682845541337429e+03 1.556024206101918708e+03 1.147366394043941140e+00
1.459703678740532041e+03 1.554916022022940069e+03 1.147479897200410548e+00
1.459724511938794421e+03 1.554899680323864004e+03 1.147523061815614032e+00
1.459745345136125934e+03 1.554763479596687375e+03 1.147795101774418791e+00
1.459766178332060463e+03 1.554367743483082222e+03 1.147235526812614870e+00
1.459787011527529557e+03 1.552846855080986870e+03 1.147514958834747301e+00
1.459807844721600986e+03 1.553598680519229447e+03 1.147231474313894939e+00
1.459828677915206526e+03 1.552760683499002653e+03 1.146906968172740848e+00
1.459849511107416902e+03 1.554118989242527050e+03 1.147435172583079588e+00
1.459870344298694818e+03 1.553179844870364605e+03 1.148299955059191246e+00
1.459891177489041638e+03 1.551391030910539484e+03 1.147328730332537239e+00
1.459912010677990565e+03 1.554062655969217758e+03 1.147262439197329176e+00
1.459932843866474968e+03 1.554011390090982559e+03 1.147454236599450228e+00
1.459953677054028503e+03 1.552091574246248911e+03 1.148536314573272321e+00
1.459974510240183463e+03 1.552636767269168104e+03 1.147411692759789048e+00
1.459995343425407555e+03 1.552051545912688653e+03 1.147194273785009155e+00
1.460016176609701006e+03 1.551806571385832967e+03 1.147474287239497848e+00
1.460037009793063135e+03 1.555244790165031645e+03 1.147933745675441486e+00
1.460057842975493486e+03 1.549612191173830752e+03 1.146404724993555169e+00
1.460078676156992060e+03 1.553173272343193958e+03 1.147768357672065198e+00
1.460099509337094332e+03 1.551908748491641745e+03 1.147212250727518645e+00
1.460120342516731398e+03 1.551053022163456035e+03 1.147319690857822927e+00
1.460141175694971025e+03 1.553536957433579119e+03 1.147813796310876766e+00
1.460162008872278875e+03 1.550905112149285287e+03 1.147154681952907707e+00
1.460182842048655402e+03 1.550708727693214769e+03 1.146872407666012839e+00
1.460203675224101517e+03 1.551952586578406226e+03 1.147301196078436281e+00
1.460224508398616081e+03 1.550235775943764793e+03 1.146901147528747833e+00
1.460245341571732979e+03 1.551967632487859873e+03 1.147514439410945331e+00
1.460266174744383989e+03 1.548992202674731061e+03 1.148898959708043677e+00
1.460287007915639151e+03 1.550091618691164967e+03 1.146917829831197944e+00
1.460307841085962536e+03 1.550712078472149415e+03 1.147012825981472472e+00
1.460328674255354144e+03 1.551477712070020971e+03 1.147722242105688517e+00
1.460349507423813975e+03 1.550055456973178934e+03 1.150804532625502530e+00
1.460370340591343847e+03 1.549664318467496742e+03 1.146455416727951482e+00
1.460391173757941942e+03 1.550566267078672126e+03 1.146777399883839088e+00
1.460412006923143053e+03 1.548860668706208571e+03 1.146761079374173598e+00
1.460432840087411932e+03 1.548052632685369872e+03 1.146568438227890674e+00
1.460453673250750853e+03 1.546171703366416068e+03 1.145808577992601718e+00
1.460474506413624113e+03 1.550214261033709363e+03 1.147868060671246138e+00
1.460495339574633363e+03 1.548766548222912434e+03 1.146908994997197118e+00
1.460516172735178088e+03 1.550562005069407178e+03 1.147817015894754489e+00
1.460537005894791037e+03 1.548121500959279729e+03 1.146634821468064613e+00
1.460557839053007001e+03 1.548182612713542312e+03 1.146315554093186417e+00
1.460578672210292098e+03 1.548071315412284775e+03 1.146345607801299016e+00
1.460620338522533075e+03 1.552462788988003695e+03 1.148114217293265460e+00
1.460641171676558542e+03 1.552558538119859122e+03 1.147635822361038116e+00
1.460662004830117439e+03 1.552325768040402863e+03 1.148072372833502941e+00
1.460682837982745468e+03 1.553884577923042343e+03 1.148228061807806899e+00
1.460703671133976513e+03 1.552178693884789482e+03 1.148314592700359960e+00
1.460724504284276918e+03 1.553265908523530697e+03 1.149866473697435110e+00
1.460745337434110979e+03 1.553657107234657587e+03 1.148632889299888049e+00
1.460766170582081941e+03 1.552979499247491503e+03 1.147985460235817490e+00
1.460787003729588378e+03 1.553612689084287695e+03 1.147880055604701965e+00
1.460807836876163037e+03 1.553007630349031615e+03 1.147925853288633613e+00
1.460828670021340031e+03 1.551416148350205958e+03 1.147764670572183121e+00
1.460849503166052045e+03 1.552450072206014966e+03 1.148224947196993861e+00
1.460870336309366849e+03 1.552992430496718271e+03 1.148036964791672609e+00
1.460891169451751011e+03 1.552375478542468500e+03 1.148021233302477961e+00
1.460912002593202942e+03 1.551674518834785658e+03 1.147178063121316427e+00
1.460932835733257889e+03 1.553667357773120102e+03 1.147642262518334011e+00
1.460953668872847629e+03 1.550880600198195225e+03 1.147515997681645805e+00
1.460974502011041068e+03 1.551853415714749190e+03 1.148242492727650221e+00
1.460995335148768390e+03 1.554280434188899335e+03 1.148238184234601666e+00
1.461016168285097592e+03 1.552401124628540401e+03 1.147691393496577339e+00
1.461037001420497063e+03 1.551716593437553911e+03 1.147566900027646497e+00
1.461057834554498641e+03 1.552719312934650361e+03 1.148282047052920474e+00
1.461078667688034557e+03 1.553169220027931715e+03 1.147919051253835754e+00
1.461099500820173034e+03 1.551758650511832229e+03 1.148860464253765867e+00
1.461120333951381099e+03 1.551093396829874109e+03 1.147815561890250580e+00
1.461141167082123502e+03 1.552911828834276548e+03 1.147632238709473285e+00
1.461162000211002578e+03 1.552940360860523697e+03 1.148239014788736245e+00
1.461182833339415993e+03 1.552014400374938077e+03 1.147936341843452057e+00
1.461203666466898994e+03 1.553432911339346902e+03 1.148225051017490506e+00
1.461224499592984557e+03 1.553107342396671584e+03 1.147780561368885621e+00
1.461245332718138570e+03 1.551382205632345404e+03 1.147446756478195606e+00
1.461266165842826467e+03 1.552664577570801612e+03 1.149851441117244688e+00
1.461286998965652401e+03 1.553810367228754785e+03 1.148082860049761011e+00
1.461307832088013129e+03 1.552827432158461761e+03 1.147898696832609255e+00
1.461328665209441624e+03 1.551991575275551440e+03 1.147427432605922393e+00
1.461349498329473590e+03 1.553569974920548930e+03 1.147827972798029617e+00
1.461370331448574461e+03 1.552291396758210112e+03 1.148035874497393749e+00
1.461391164566744010e+03 1.554880516496024256e+03 1.149000743361084043e+00
1.461411997683982463e+03 1.552286637487761254e+03 1.147345770068223469e+00
1.461432830800288457e+03 1.553946709151410005e+03 1.148280126467549733e+00
1.461453663915663583e+03 1.553538188389714605e+03 1.147667659237983084e+00
1.461474497029641952e+03 1.552233736422956781e+03 1.147906797104700560e+00
1.461495330142689454e+03 1.550983380475612648e+03 1.147506336369192415e+00
1.461516163254804496e+03 1.552161126619708284e+03 1.147872110922533162e+00
1.461536996365988443e+03 1.553330945587732458e+03 1.147901552704293504e+00
1.461557829476241977e+03 1.552230552293734945e+03 1.147650728153996047e+00
1.461578662585098982e+03 1.554072616062445377e+03 1.149434234519917775e+00
1.461599495693488507e+03 1.551597018122181680e+03 1.147357562663955610e+00
1.461620328800481502e+03 1.552803300285064324e+03 1.147544617543843071e+00
1.461641161906543402e+03 1.554780119102258595e+03 1.149091002666082106e+00
1.461661995011675117e+03 1.554183232339555389e+03 1.148265125028036238e+00
1.461682828115408029e+03 1.554423746572382015e+03 1.148282410406548104e+00
1.461703661218675961e+03 1.553937901967391781e+03 1.148142355017819360e+00
1.461724494320547365e+03 1.554422521663478165e+03 1.148226244952526010e+00
1.461745327421486991e+03 1.554024397488958812e+03 1.147675293724821355e+00
1.461766160521496431e+03 1.552045285129685681e+03 1.147035742364942656e+00
1.461786993620572503e+03 1.554295495937374199e+03 1.148106949134265475e+00
1.461807826718252954e+03 1.552512316895634513e+03 1.148551001097686264e+00
1.461828659815468427e+03 1.551543903112103180e+03 1.147802735413586905e+00
1.461849492911285552e+03 1.552278648564108153e+03 1.148010485923541157e+00
1.461870326006171126e+03 1.553515947340053344e+03 1.147897710257103521e+00
1.461891159100126060e+03 1.553222446969607518e+03 1.147863958479093061e+00
1.461911992193149445e+03 1.551813792259719548e+03 1.148160213289708853e+00
1.461932825285241506e+03 1.553400302125425469e+03 1.148551571948200678e+00
1.461953658375937039e+03 1.554244386706573323e+03 1.148148428937975751e+00
1.461974491465701476e+03 1.552014067985447127e+03 1.147602893895236287e+00
1.461995324554533909e+03 1.549526903605135885e+03 1.146837586252577479e+00
1.462016157642435019e+03 1.551445868950365366e+03 1.147542332136424870e+00
1.462036990729405034e+03 1.551289588048573933e+03 1.147570847462181076e+00
1.462057823815443498e+03 1.551617580155872020e+03 1.147547837882934241e+00
1.462078656900085662e+03 1.549135802637856386e+03 1.148221728756944948e+00
1.462099489983796502e+03 1.549349307901511338e+03 1.147475222234887848e+00
1.462120323066574429e+03 1.552022524943876761e+03 1.148879400858098920e+00
1.462141156148423079e+03 1.550197169741442394e+03 1.147565341826066065e+00
1.462161989229339497e+03 1.549896901593571101e+03 1.147325301574650069e+00
1.462182822309323456e+03 1.549851083245900099e+03 1.147404420150692772e+00
1.462203655387911567e+03 1.550952301078094706e+03 1.147301559742702093e+00
1.462224488466034018e+03 1.551969282148617594e+03 1.148149830607294808e+00
1.462245321542760394e+03 1.550199211642743649e+03 1.147615307102917592e+00
1.462266154618554538e+03 1.551249881972551293e+03 1.148061262509795677e+00
1.462286987693416904e+03 1.550700696693548025e+03 1.147365095315853623e+00
1.462307820767348403e+03 1.550212110462932742e+03 1.148672118841712386e+00
1.462328653840349034e+03 1.550336563323076462e+03 1.147412679753185394e+00
1.462349486911951317e+03 1.551672594422250995e+03 1.147791155111130390e+00
1.462370319983088393e+03 1.552386869578577944e+03 1.148423434839598523e+00
1.462391153052830077e+03 1.551932348824363999e+03 1.148572329955977578e+00
1.462411986121639529e+03 1.553601392796713981e+03 1.148289210288942597e+00
1.462432819189516522e+03 1.549481336619047397e+03 1.148211969561000467e+00
1.462453652256462647e+03 1.549721514947294963e+03 1.148657433865887700e+00
1.462474485322477904e+03 1.548676698632151783e+03 1.147268777543575702e+00
1.462495318387562520e+03 1.550565233601981845e+03 1.147724371356198203e+00
1.462516151451714450e+03 1.551091275927767583e+03 1.147874966860362278e+00
1.462536984514470532e+03 1.548985930205376008e+03 1.147111867200355961e+00
1.462557817576760499e+03 1.549873896161190487e+03 1.148180718811652179e+00
1.462578650638119598e+03 1.548704053828025508e+03 1.147586221551468277e+00
1.462599483698081485e+03 1.548943672080711167e+03 1.148664335309004247e+00
1.462620316757111596e+03 1.550631247975565884e+03 1.148142926071510139e+00
1.462641149815676044e+03 1.549333576084404740e+03 1.147658934047980361e+00
1.462661982872844419e+03 1.549665192725187580e+03 1.147872578258300580e+00
1.462682815929545995e+03 1.550430985481614016e+03 1.148452862487597814e+00
1.462703648984850588e+03 1.549083877948958161e+03 1.147426965088851558e+00
1.462724482039224085e+03 1.551056408344581314e+03 1.148141732049832608e+00
1.462745315093133058e+03 1.548333675589557060e+03 1.147842408747877352e+00
1.462766148145644365e+03 1.549981456972697060e+03 1.147783988766782226e+00
1.462786981197689556e+03 1.549565745376063205e+03 1.147755167147455735e+00
1.462807814248337536e+03 1.548059607837889871e+03 1.147323587191863892e+00
1.462828647298520082e+03 1.549853058990660429e+03 1.147737977693011002e+00
1.462849480347307008e+03 1.549756523338971647e+03 1.147704117349962250e+00
1.462870313395626454e+03 1.550425356229113959e+03 1.148378850775761073e+00
1.462891146443015032e+03 1.550775174980404699e+03 1.148166650505654696e+00
1.462911979489472515e+03 1.545998949967200133e+03 1.146586892842463401e+00
1.462932812534998902e+03 1.550752020445942208e+03 1.149309048194354643e+00
1.462953645580059401e+03 1.548384052029531176e+03 1.147604088477546691e+00
1.462974478623722462e+03 1.549420794165370125e+03 1.148080108462685933e+00
1.462995311666920998e+03 1.550877080723977542e+03 1.147398342292017759e+00
1.463016144709187529e+03 1.550582447216733954e+03 1.147502180940969785e+00
1.463036977750987489e+03 1.550321197396572416e+03 1.147829063289789175e+00
1.463057810791392058e+03 1.545729843565709189e+03 1.146650571978157007e+00
1.463078643831330510e+03 1.549315564181772970e+03 1.147586117673177641e+00
1.463099476870803073e+03 1.549046703471947922e+03 1.148642177897119643e+00
1.463120309909344087e+03 1.547828279925267225e+03 1.147380108522819908e+00
1.463141142946953551e+03 1.550760355325119917e+03 1.147814159812734491e+00
1.463161975984098945e+03 1.551470222648458048e+03 1.148486596958869566e+00
1.463182809020311424e+03 1.551123349890613326e+03 1.148712281032296278e+00
1.463203642056058470e+03 1.551311791812747970e+03 1.148363694913988819e+00
1.463224475091339627e+03 1.548544578435783251e+03 1.147643924488543687e+00
1.463245308125689917e+03 1.548508377728810274e+03 1.147852534575583894e+00
1.463266141159575909e+03 1.548843216178261628e+03 1.148053059491518813e+00
1.463286974192994421e+03 1.548912335497387403e+03 1.149143702522154475e+00
1.463307807225480929e+03 1.548824247778223480e+03 1.147688017756696377e+00
1.463328640257969482e+03 1.550737381134429143e+03 1.148528685809801830e+00
1.463349473289526031e+03 1.548266669785316935e+03 1.148993636436536292e+00
