1.438870085888312587e+03 1.561314782474427602e+03 1.155242068202599448e+00
1.438890919920913802e+03 1.558384982014677689e+03 1.154657607665950936e+00
1.438911753951652372e+03 1.559559909694864928e+03 1.155375020711540079e+00
1.438932587981460074e+03 1.561411735931512339e+03 1.155627469709531230e+00
1.438953422009403994e+03 1.558210403566120476e+03 1.153859735066618875e+00
1.438974256035951385e+03 1.562675010343635449e+03 1.155457508581853254e+00
1.438995090061102474e+03 1.563275861651437253e+03 1.155271167382067921e+00
1.439015924084856124e+03 1.560261876427249490e+03 1.154662718139163990e+00
1.439036758107213473e+03 1.560475114430955955e+03 1.154689096080621535e+00
1.439057592127708176e+03 1.563080431141906956e+03 1.155015802234038436e+00
1.439078426147269965e+03 1.559947029713385518e+03 1.154015159761892395e+00
1.439099260164970474e+03 1.561239337370182966e+03 1.154137718214065744e+00
1.439120094181273544e+03 1.560954721741603635e+03 1.154359922284772910e+00
1.439140928196179175e+03 1.561448342257537888e+03 1.154388527370104445e+00
1.439161762209688504e+03 1.561036418217875053e+03 1.154057150280119792e+00
1.439182596221800850e+03 1.562236128467566687e+03 1.154954338987686624e+00
1.439203430232050550e+03 1.560946338629429192e+03 1.153780594210362054e+00
1.439224264241369383e+03 1.559057526327400865e+03 1.153431162727617698e+00
1.439245098248824888e+03 1.559621666060991856e+03 1.155476079147648161e+00
1.439265932255349071e+03 1.560789416433765382e+03 1.153495910868777674e+00
1.439286766260010609e+03 1.558890106745767525e+03 1.153436278634779821e+00
1.439307600263275162e+03 1.561262003768311160e+03 1.153736940436053571e+00
1.439328434265608394e+03 1.558906604708851773e+03 1.152815227717302937e+00
1.439349268266078980e+03 1.560686915321693959e+03 1.153807508909641344e+00
1.439370102265152582e+03 1.558250052825626426e+03 1.152890453934454884e+00
1.439390936262830564e+03 1.561419315138214415e+03 1.153192136717473337e+00
1.439411770259110199e+03 1.556816400141002077e+03 1.152316439030173445e+00
1.439432604253991940e+03 1.558703350305405593e+03 1.153107264105802665e+00
1.439453438247478061e+03 1.558326945995197775e+03 1.152520428060677782e+00
1.439474272239567199e+03 1.559432699393211351e+03 1.152964951487874146e+00
1.439495106230257988e+03 1.559458800341981714e+03 1.153374782894217798e+00
1.439515940219552931e+03 1.560113887165280175e+03 1.153141741127126085e+00
1.439536774207451344e+03 1.560202902517881284e+03 1.152771847619017853e+00
1.439557608193953001e+03 1.561614036544687451e+03 1.153197667176357744e+00
1.439578442179522881e+03 1.560368908199467114e+03 1.153790719583568158e+00
1.439599276163229206e+03 1.561703032763443616e+03 1.153093927890033177e+00
1.439620110145538547e+03 1.560032043789882437e+03 1.152504912922414748e+00
1.439640944126917020e+03 1.558542547487849106e+03 1.152253745491957249e+00
1.439661778106433530e+03 1.561135383260019580e+03 1.153651849574582666e+00
1.439682612085017809e+03 1.560557698094309444e+03 1.152426713446239814e+00
1.439703446061739896e+03 1.561755616672933002e+03 1.153088913846533670e+00
1.439724280037531571e+03 1.560486368889199866e+03 1.152927160478394830e+00
1.439745114011925125e+03 1.559395455499582340e+03 1.152201756926383824e+00
1.439765947984921013e+03 1.562299751368465650e+03 1.153024659792177831e+00
1.439786781956521054e+03 1.561933630893293639e+03 1.152771227152850742e+00
1.439807615927189090e+03 1.562228203468800302e+03 1.153136365467495983e+00
1.439828449895994936e+03 1.561583989202875046e+03 1.153853639553925836e+00
1.439849283863869914e+03 1.561334457137626714e+03 1.152519807459157386e+00
1.439870117830346999e+03 1.560362869949953620e+03 1.152520066043164926e+00
1.439890951795428464e+03 1.561373933539563723e+03 1.152532219426071203e+00
1.439911785759111808e+03 1.561405675631211352e+03 1.152540080269314204e+00
1.439932619721398623e+03 1.561414459032745526e+03 1.152831307410562722e+00
1.439953453682753207e+03 1.560674823796589180e+03 1.154351712391101570e+00
1.439974287642710806e+03 1.562091736452892746e+03 1.152535684409634831e+00
1.439995121601272558e+03 1.562081984562159732e+03 1.153639552986955419e+00
1.440015955558435962e+03 1.561337410375107766e+03 1.152194618014807270e+00
1.440036789514204429e+03 1.561793177355755006e+03 1.152528857864897338e+00
1.440057623469041118e+03 1.561338571329940351e+03 1.151980533577771304e+00
1.440078457422479005e+03 1.563310017309696150e+03 1.152798320531051912e+00
1.440099291374521499e+03 1.560533984920301464e+03 1.151911974689677320e+00
1.440120125325631989e+03 1.561112506505111696e+03 1.152580004250780998e+00
1.440140959275345494e+03 1.559856040801891140e+03 1.151894071093035432e+00
1.440161793223661789e+03 1.562336484039136622e+03 1.152398938942592599e+00
1.440182627170581554e+03 1.558964266532429292e+03 1.151456122486266720e+00
1.440203461116570907e+03 1.560979617214555219e+03 1.152221207649432477e+00
1.440224295061162138e+03 1.561401908362318409e+03 1.152459607523255603e+00
1.440245129004356386e+03 1.561978506943472667e+03 1.152933829570078395e+00
1.440265962946619993e+03 1.561723947743614417e+03 1.152199377294106375e+00
1.440286796887485934e+03 1.565057131005065912e+03 1.153115844690217884e+00
1.440307630826955119e+03 1.562349833285749128e+03 1.152399042387051153e+00
1.440328464765492527e+03 1.562490656785820647e+03 1.152442695119793470e+00
1.440349298702633860e+03 1.560566727728609067e+03 1.151494738216859215e+00
1.440370132638842961e+03 1.561903123638570605e+03 1.152118311667773121e+00
1.440390966573190553e+03 1.563889115004787072e+03 1.153457258784393424e+00
1.440411800507071803e+03 1.563403067673233863e+03 1.152268643275358162e+00
1.440432634439090634e+03 1.561120375768120539e+03 1.152013543873881662e+00
1.440453468370177006e+03 1.560536801078581220e+03 1.152334439514823838e+00
1.440474302299867531e+03 1.561053325666135606e+03 1.151550278411151762e+00
1.440495136228626507e+03 1.562392063075351416e+03 1.152238019844953998e+00
1.440515970155987816e+03 1.562678100128477581e+03 1.153427958814607468e+00
1.440536804082418939e+03 1.559969226234486314e+03 1.151360975253596930e+00
1.440557638007453079e+03 1.561414194508023684e+03 1.151592255289443534e+00
1.440578471931090007e+03 1.560981802907738029e+03 1.151673461454214564e+00
1.440599305853795158e+03 1.562662512925949386e+03 1.152095185966754753e+00
1.440620139775103553e+03 1.561271447260843388e+03 1.151687383414796928e+00
1.440640973695481080e+03 1.560899790161316105e+03 1.152561180162395615e+00
1.440661807614460486e+03 1.561902762819787085e+03 1.151573156258334674e+00
1.440682641532043817e+03 1.561906134103849809e+03 1.151884549991885942e+00
1.440703475448695372e+03 1.561423973652106497e+03 1.151539926294738114e+00
1.440724309364416513e+03 1.561980718747900937e+03 1.151877978316382611e+00
1.440745143278739988e+03 1.562166623514272715e+03 1.152059073764737374e+00
1.440765977191666479e+03 1.561582363958781116e+03 1.151892673979858728e+00
1.440786811103660966e+03 1.561200845957752563e+03 1.151461713047541968e+00
1.440807645014725495e+03 1.561253746608389747e+03 1.151164650999559447e+00
1.440828478924392130e+03 1.560931903084059059e+03 1.151277779690290881e+00
1.440849312832661553e+03 1.560780681418048744e+03 1.151325461268134287e+00
1.440870146740000109e+03 1.560548689035699454e+03 1.150785575905183933e+00
1.440890980646408025e+03 1.561712254762762086e+03 1.153067254995759905e+00
1.440911814551418956e+03 1.561593183305731600e+03 1.151435364701813624e+00
1.440932648455031995e+03 1.559314060135470299e+03 1.150496369506598615e+00
1.440953482357714165e+03 1.562273698357878402e+03 1.151657831394589104e+00
1.440974316259464103e+03 1.560369114727122223e+03 1.150856480725907405e+00
1.440995150159817513e+03 1.564186106199401138e+03 1.152431264883933215e+00
1.441015984058773938e+03 1.559829115635975086e+03 1.150616764451474427e+00
1.441057651853893503e+03 1.559465080905942159e+03 1.151733857737471389e+00
1.441078485749591437e+03 1.556767681528436697e+03 1.149709451294249618e+00
1.441140987430629139e+03 1.560170781969224208e+03 1.151132962618016675e+00
1.441182655211778183e+03 1.559083094410489366e+03 1.151795492838330492e+00
1.441203489100955494e+03 1.558558591940388851e+03 1.152157784666721474e+00
1.441224322988736958e+03 1.560442576696453443e+03 1.151139952777168629e+00
1.441245156875587554e+03 1.560920091523114252e+03 1.150886881966158848e+00
1.441286824646026616e+03 1.558328156017140600e+03 1.152064454451129150e+00
1.441307658529150558e+03 1.556803348333675785e+03 1.149902706591636070e+00
1.441328492411343632e+03 1.560118727190074878e+03 1.151036597653557925e+00
1.441349326292604928e+03 1.560020404794042406e+03 1.150533204237380591e+00
1.441370160172934902e+03 1.559001193560903857e+03 1.150617127067821155e+00
1.441390994051868347e+03 1.559724259281567583e+03 1.150639764462075387e+00
1.441411827929870924e+03 1.562120268067357301e+03 1.151290774539726502e+00
1.441432661806476062e+03 1.560330776881755583e+03 1.150602000688881965e+00
1.441453495682149423e+03 1.559220266999644764e+03 1.150922202330487920e+00
1.441474329556891917e+03 1.558791391086047270e+03 1.150373578552475351e+00
1.441495163430236971e+03 1.559591603980756645e+03 1.152004127240072728e+00
1.441515997302651158e+03 1.557628784173812846e+03 1.150386324552260087e+00
1.441536831173667451e+03 1.562108218936372396e+03 1.152402404326897001e+00
1.441557665044219448e+03 1.562181506564667188e+03 1.151202448091694031e+00
1.441578498912908344e+03 1.557595466489536648e+03 1.151436348246180685e+00
1.441599332781132034e+03 1.560475716492311903e+03 1.150670171428071153e+00
1.441620166647957376e+03 1.559459203455965735e+03 1.150632512256108297e+00
1.441641000513851850e+03 1.560136575698505567e+03 1.151325461268134287e+00
1.441661834378350022e+03 1.559117231158719278e+03 1.150681152962753417e+00
1.441682668241915962e+03 1.560474806499338229e+03 1.150287254365289780e+00
1.441703502104551490e+03 1.556395131488319521e+03 1.150271657287565308e+00
1.441724335966255467e+03 1.561675147781917076e+03 1.152207757716390946e+00
1.441745169826562915e+03 1.563460506864410490e+03 1.152502275328138204e+00
1.441766003685938358e+03 1.560704936531506291e+03 1.150651212494181896e+00
1.441786837543916590e+03 1.561271517176533280e+03 1.150792257407816432e+00
1.441807671401430071e+03 1.558345001830133697e+03 1.149763470664743492e+00
1.441828505257545658e+03 1.561180796424024038e+03 1.150828720118515891e+00
1.441849339112263806e+03 1.560113037455376343e+03 1.151336436552612197e+00
1.441870172966516975e+03 1.561572987507636071e+03 1.151114114866261140e+00
1.441891006819373615e+03 1.558767404470326028e+03 1.150166773105983697e+00
1.441911840670833499e+03 1.561969118088305549e+03 1.150912517822321179e+00
1.441932674521826812e+03 1.561254315679648471e+03 1.151222951200579381e+00
1.441953508371423595e+03 1.560756858284481723e+03 1.150552268726322991e+00
1.441974342220089511e+03 1.559518415814202399e+03 1.150546207496427220e+00
1.441995176067357988e+03 1.560854274760735507e+03 1.150805464915166887e+00
1.442016009914160350e+03 1.557851343109658501e+03 1.149936554029328484e+00
1.442036843759566182e+03 1.560391051593428983e+03 1.150706171822565738e+00
1.442057677603575030e+03 1.561559259450007630e+03 1.150721296832162288e+00
1.442078511447119126e+03 1.561063037802963208e+03 1.150627487486596046e+00
1.442099345289264420e+03 1.560729285497746559e+03 1.150349847818920690e+00
1.442120179130478846e+03 1.562357415264202700e+03 1.151955024973795538e+00
1.442141012970762404e+03 1.560639306558863154e+03 1.150284404416712647e+00
1.442161846809648523e+03 1.560878791250955146e+03 1.150639298250209386e+00
1.442182680647603547e+03 1.560290789677758767e+03 1.150661002802326749e+00
1.442203514484626794e+03 1.562034837127792116e+03 1.150921218346746544e+00
1.442224348320720082e+03 1.560417626200377526e+03 1.150626192439350826e+00
1.442245182155416387e+03 1.561803913108476991e+03 1.150972384385844149e+00
1.442266015989181142e+03 1.561756811611197008e+03 1.150759574649748984e+00
1.442286849822013664e+03 1.562080074707466792e+03 1.151039135039754635e+00
1.442307683653914864e+03 1.561662183772945127e+03 1.150851508726049355e+00
1.442328517484419535e+03 1.559578641872685921e+03 1.152915218055034607e+00
1.442349351313991974e+03 1.560954665611001474e+03 1.151163822556244387e+00
1.442370185142634000e+03 1.562130854489238345e+03 1.151448150713056506e+00
1.442391018970344930e+03 1.559659633055632867e+03 1.150143970931304382e+00
1.442411852796659559e+03 1.559640061407789062e+03 1.150527142907048939e+00
1.442432686622507390e+03 1.560827224536886206e+03 1.150350210519405669e+00
1.442453520446492803e+03 1.560979467760455009e+03 1.151325098874881325e+00
1.442474354270012554e+03 1.560846609434446691e+03 1.150385495548437831e+00
1.442495188092600074e+03 1.561421161368117509e+03 1.151420714967841707e+00
1.442516021913791519e+03 1.560069084090108618e+03 1.150427463116541427e+00
1.442536855734051187e+03 1.561155714958955059e+03 1.150834210142500869e+00
1.442557689553380442e+03 1.560618209714461727e+03 1.150816082605283786e+00
1.442578523371779056e+03 1.561974117640520490e+03 1.150622618101390771e+00
1.442599357188778868e+03 1.559616127748323379e+03 1.150016529544955590e+00
1.442620191004848493e+03 1.560461968731272691e+03 1.150620338807618603e+00
1.442641024819985887e+03 1.561545200352603388e+03 1.150766256303348278e+00
1.442661858634191958e+03 1.562029670724469725e+03 1.151522016913574475e+00
1.442682692447467161e+03 1.560007066736975730e+03 1.150211080584601753e+00
1.442703526259344471e+03 1.562820393174022001e+03 1.150891284123482627e+00
1.442724360070292505e+03 1.562779733712695588e+03 1.151805739160047803e+00
1.442745193880308307e+03 1.561042519602473021e+03 1.150944574786443297e+00
1.442766027689392558e+03 1.560978751064589005e+03 1.150561904461965712e+00
1.442786861497079826e+03 1.560953086094186574e+03 1.150861867034847164e+00
1.442807695304300523e+03 1.561894883665816678e+03 1.150670637627428272e+00
1.442828529110125601e+03 1.561263881228373521e+03 1.150489427245232843e+00
1.442849362915018901e+03 1.562461214097083030e+03 1.151496756966082780e+00
1.442870196718980424e+03 1.562443564000896231e+03 1.150966170008523415e+00
1.442891030521545417e+03 1.561704106847748335e+03 1.150617386079427540e+00
1.442911864323645659e+03 1.562160285755116547e+03 1.150784591804619339e+00
1.442932698124347553e+03 1.560844795611098107e+03 1.150717981778577315e+00
1.442953531924118579e+03 1.562695452440067129e+03 1.150866735407775954e+00
1.442974365722958510e+03 1.559916107893750905e+03 1.149876374358425712e+00
1.442995199520866663e+03 1.562056253124072100e+03 1.151350621435105692e+00
1.443016033317377605e+03 1.562324533397700861e+03 1.151035199499589767e+00
1.443036867112956998e+03 1.563850048748278596e+03 1.151099305701955622e+00
1.443057700908072547e+03 1.562227354715731735e+03 1.150502327384070211e+00
1.443078534701790431e+03 1.560073224450254884e+03 1.150331142681743746e+00
1.443099368494110877e+03 1.562128273364707866e+03 1.150816186192021862e+00
1.443120202285965661e+03 1.560756039361862349e+03 1.150304198459224825e+00
1.443141036076423006e+03 1.561669143006307650e+03 1.151057621541787146e+00
1.443161869866414463e+03 1.561072014915816681e+03 1.150339122195745079e+00
1.443182703655010528e+03 1.561103713096622869e+03 1.150003779446569396e+00
1.443203537442674133e+03 1.560864941514712882e+03 1.150144696462007232e+00
1.443224371229406643e+03 1.561122090279191752e+03 1.151928687911711213e+00
1.443245205014743533e+03 1.560669731204986647e+03 1.150205846690648848e+00
1.443266038799612943e+03 1.561982254322974768e+03 1.150904076179208868e+00
1.443286872583085369e+03 1.562261422573460322e+03 1.150138373964784133e+00
1.443307706365626927e+03 1.561498358457250788e+03 1.153147943780175044e+00
1.443328540147236481e+03 1.561039268363054589e+03 1.151449807189954377e+00
1.443349373927915622e+03 1.561055671452018032e+03 1.150498752661289537e+00
1.443370207707662985e+03 1.562611257244594754e+03 1.150512118959156060e+00
1.443391041486014501e+03 1.561091956783699743e+03 1.150585268195596589e+00
1.443411875263434013e+03 1.561207060509051416e+03 1.150268185484012218e+00
1.443432709040386953e+03 1.563618538249977973e+03 1.150839803724908350e+00
1.443453542815944502e+03 1.562416382966832089e+03 1.150362956778107737e+00
1.443474376590569136e+03 1.561827846059610465e+03 1.150247924451275772e+00
1.443495210363797469e+03 1.562943491693152964e+03 1.151202810523556996e+00
1.443516044136560595e+03 1.564131034823192067e+03 1.151283733523975616e+00
1.443536877908391034e+03 1.562311619677994941e+03 1.150527971808808170e+00
1.443557711678826081e+03 1.565250940157189007e+03 1.151508714100458741e+00
1.443578545448330487e+03 1.564484377147567557e+03 1.151103862388188181e+00
1.443599379216901525e+03 1.561571252692883263e+03 1.150162575466867398e+00
1.443620212984541467e+03 1.561776721633579427e+03 1.150158740573296257e+00
1.443641046751250087e+03 1.561223384061184106e+03 1.150859588214910634e+00
1.443661880516562633e+03 1.561189445767240386e+03 1.150398137791814879e+00
1.443682714281409062e+03 1.561692911688050117e+03 1.150389070623154097e+00
1.443703548044858053e+03 1.560747111350687419e+03 1.150016788691830882e+00
1.443724381807376631e+03 1.562445380792816877e+03 1.150272849098309180e+00
1.443745215568964340e+03 1.561818180427889729e+03 1.150151018924474799e+00
1.443766049329619818e+03 1.560889261196419966e+03 1.151470875297603946e+00
1.443786883089343519e+03 1.562309613684889200e+03 1.150067684006211177e+00
1.443807716848136351e+03 1.561822478947055060e+03 1.150350935920032569e+00
1.443828550605532200e+03 1.562122217506102970e+03 1.150301089469859983e+00
1.443849384362462388e+03 1.562919688158140843e+03 1.150680065173899980e+00
1.443870218117995591e+03 1.560246663229807609e+03 1.151759164235921507e+00
1.443891051872597927e+03 1.561430450469390053e+03 1.150295752351856216e+00
1.443911885626268941e+03 1.562748907143715996e+03 1.150683173139324111e+00
1.443932719379008176e+03 1.561497884723912648e+03 1.150456684074662617e+00
1.443953553130815635e+03 1.560537413238037516e+03 1.149800899104750362e+00
1.443974386881692453e+03 1.561751230104237038e+03 1.150445700397321191e+00
1.443995220631171833e+03 1.560116071745444742e+03 1.149511704231400255e+00
1.444016054380185551e+03 1.559421367476237037e+03 1.149419559280877356e+00
1.444078555620243606e+03 1.561113242853022484e+03 1.150848867342387782e+00
1.444099389365067054e+03 1.561112748189327931e+03 1.149870983433169735e+00
1.444120223108957816e+03 1.559349100504269700e+03 1.151856658921995402e+00
1.444141056851452504e+03 1.560139123695681292e+03 1.150713060978302504e+00
1.444161890593481985e+03 1.559064526885865462e+03 1.149289133288149634e+00
1.444182724334114027e+03 1.563609929454078156e+03 1.151648877655596648e+00
1.444203558074279954e+03 1.559830048190206298e+03 1.150127283598816996e+00
1.444224391813050488e+03 1.560200031200790363e+03 1.149821738234449775e+00
1.444245225550888790e+03 1.560996240741191741e+03 1.149855121525734880e+00
1.444266059287795542e+03 1.558805222482420959e+03 1.149371383769168586e+00
1.444286893023770972e+03 1.558631641692868016e+03 1.148912552134446541e+00
1.444307726758815079e+03 1.559434556534136163e+03 1.149961018938257196e+00
1.444328560492461520e+03 1.560012865427807128e+03 1.149268751269011402e+00
1.444349394225643664e+03 1.563783356867043267e+03 1.150742896244350444e+00
1.444370227957428597e+03 1.561727431886729164e+03 1.150123500412132405e+00
1.444391061688280843e+03 1.561151390359617835e+03 1.149959826804334506e+00
1.444411895418669474e+03 1.561752758981003581e+03 1.150293109692028137e+00
1.444432729147660439e+03 1.562883081569458682e+03 1.150236368766393236e+00
1.444453562875719854e+03 1.559904463389232433e+03 1.150774595366981901e+00
1.444474396602381603e+03 1.560499667142403041e+03 1.149662739600374906e+00
1.444495230328578600e+03 1.561814145444293672e+03 1.149860357016106116e+00
1.444516064053843365e+03 1.561199454060069911e+03 1.149854188465542215e+00
1.444536897777711602e+03 1.561661032911771827e+03 1.149953606955127938e+00
1.444557731501114631e+03 1.560148262488929049e+03 1.149339334786080968e+00
1.444578565212410467e+03 1.560528461083998309e+03 1.149872279330971470e+00
1.444599398933484508e+03 1.558745492235679421e+03 1.150585164588068920e+00
1.444620232653627909e+03 1.560025391961488594e+03 1.149808623104834560e+00
1.444641066372839987e+03 1.560644530121590151e+03 1.149325851128055076e+00
1.444661900091120060e+03 1.560738919834190028e+03 1.150174857404821394e+00
1.444682733808468583e+03 1.562010227264371224e+03 1.150184755411279625e+00
1.444703567524886921e+03 1.561617559910755062e+03 1.151305218841671030e+00
1.444724401239906911e+03 1.560392626166296850e+03 1.149377710485451676e+00
1.444745234954462376e+03 1.561460172090903598e+03 1.149998078137326019e+00
1.444766068667621539e+03 1.559696214122527181e+03 1.149031764312664627e+00
1.444786902379848016e+03 1.560597988729454983e+03 1.149551733388502806e+00
1.444807736091608604e+03 1.561447259302265820e+03 1.149847605185999155e+00
1.444828569801973572e+03 1.560869245659374883e+03 1.149472451489285563e+00
1.444849403511406535e+03 1.562834251879725571e+03 1.150372024152596317e+00
1.444870237219907494e+03 1.562602061321969813e+03 1.150772316374225612e+00
1.444891070927011469e+03 1.559664184608424648e+03 1.149084570628392754e+00
1.444911904633651375e+03 1.561136977950121491e+03 1.150141690688972762e+00
1.444932738339358821e+03 1.559613666138815006e+03 1.149516578322468563e+00
1.444953572043669510e+03 1.560784219772276174e+03 1.149332644837063322e+00
1.444974405747049104e+03 1.559348108738136716e+03 1.148955455417896454e+00
1.444995239449962355e+03 1.561647710325644312e+03 1.150262589121897161e+00
1.445016073151478849e+03 1.563095025147307751e+03 1.149992843273947907e+00
1.445036906852064021e+03 1.562351976987738681e+03 1.149904728135797471e+00
1.445057740551718553e+03 1.561805615475523382e+03 1.149445901979096130e+00
1.445078574250441079e+03 1.561515719172088893e+03 1.149438382963416272e+00
1.445099407948232511e+03 1.560853634262474543e+03 1.149374028548244553e+00
1.445120241644627640e+03 1.563288506843606228e+03 1.151514149120493880e+00
1.445141075340556654e+03 1.562865017413640544e+03 1.150155683013855068e+00
1.445161909035086865e+03 1.562900482239401754e+03 1.150176982114958113e+00
1.445182742729153460e+03 1.561201337234466337e+03 1.149259467735899598e+00
1.445203576421822618e+03 1.561844787580810589e+03 1.150000928795480881e+00
1.445224410113560452e+03 1.561406772788531271e+03 1.149628417479211739e+00
1.445245243804366964e+03 1.562901813554883347e+03 1.150654579540772549e+00
1.445266077494242381e+03 1.562735416896109655e+03 1.151384736914997431e+00
1.445286911183186476e+03 1.563024225432772255e+03 1.150913346446528873e+00
1.445307744871199475e+03 1.561380628146743675e+03 1.151279229322197617e+00
1.445328578558280014e+03 1.560850681787780786e+03 1.149770832033128576e+00
1.445349412243963343e+03 1.561839418045279899e+03 1.150122412095849755e+00
1.445370245929182602e+03 1.561679546856869365e+03 1.149921159529578407e+00
1.445391079613003058e+03 1.559308560292661014e+03 1.149118908993286281e+00
1.445411913296359444e+03 1.558812725525733413e+03 1.149301165251911616e+00
1.445432746978319528e+03 1.562219668242223634e+03 1.152952544179483452e+00
1.445453580659346926e+03 1.561589045848250862e+03 1.149710799217287027e+00
1.445474414339443001e+03 1.561033079641272934e+03 1.150092612559390437e+00
1.445495248018607526e+03 1.561497756807030555e+03 1.150355599198853884e+00
1.445516081696840956e+03 1.560875752656956593e+03 1.149697060696913464e+00
1.445536915374143518e+03 1.560966509111175128e+03 1.149834749539327960e+00
1.445557749050048187e+03 1.563958818733283579e+03 1.150501394848763459e+00
1.445578582725488559e+03 1.562215975750175176e+03 1.149860253343260919e+00
1.445599416399531492e+03 1.559517106311567204e+03 1.148742790905203925e+00
1.445620250073108991e+03 1.560902993039793046e+03 1.149993413408739507e+00
1.445641083745289052e+03 1.560752566042753415e+03 1.149393578981273700e+00
1.445661917416536653e+03 1.559592459730773953e+03 1.148981082491606465e+00
1.445682751086854523e+03 1.561939897216996314e+03 1.149643401129427200e+00
1.445703584756240616e+03 1.560474999842621628e+03 1.149322376467468043e+00
1.445724418424695614e+03 1.561216282153122620e+03 1.149230008877308418e+00
1.445745252092219516e+03 1.560402886218018239e+03 1.149399750003817333e+00
1.445766085758811641e+03 1.561412866611328354e+03 1.149631372747482505e+00
1.445786919424006555e+03 1.562138836264052770e+03 1.149980196574988067e+00
1.445807753088736490e+03 1.561392046451294618e+03 1.150195378831293747e+00
1.445828586752068077e+03 1.558942051094754333e+03 1.149455806262616786e+00
1.445849420414934457e+03 1.561595580490351949e+03 1.149528607905593525e+00
1.445870254076404535e+03 1.560621505090918390e+03 1.149732469455344797e+00
1.445891087736943518e+03 1.560034449186747906e+03 1.148754465387110457e+00
1.445911921396550497e+03 1.560242170341353813e+03 1.149231668551386365e+00
1.445932755055226608e+03 1.558462257590319496e+03 1.149965061818009948e+00
1.445953588712971396e+03 1.560825903329663333e+03 1.149429204512092850e+00
1.445974422369784406e+03 1.558905747286964242e+03 1.148815845266927260e+00
1.445995256025201343e+03 1.559958405876043116e+03 1.149189812913748554e+00
1.446016089680150799e+03 1.559605793408946283e+03 1.148974909220443985e+00
1.446036923333704635e+03 1.559255189350534010e+03 1.148808477779150294e+00
1.446057756986792356e+03 1.560511795991752251e+03 1.149156306558723362e+00
1.446078590638484457e+03 1.561703045544134966e+03 1.151738618920749913e+00
1.446099424289243871e+03 1.559657452721315167e+03 1.149541829931476133e+00
1.446120257939071962e+03 1.561349366349967113e+03 1.149755020585185195e+00
1.446141091587968958e+03 1.559347460351344353e+03 1.148944976166420551e+00
1.446161925235934632e+03 1.560231236490541050e+03 1.149251688181126996e+00
1.446182758882969665e+03 1.560761526806015127e+03 1.149811007684982345e+00
1.446203592529072012e+03 1.558909103907182043e+03 1.149270670202257483e+00
1.446224426173777374e+03 1.560974615403309144e+03 1.149537785563233161e+00
1.446245259818018440e+03 1.559899526536563144e+03 1.149285554791865893e+00
1.446266093460862976e+03 1.560453677811869056e+03 1.149295097423862044e+00
1.446286927102775508e+03 1.563291099766969865e+03 1.151080509180577360e+00
1.446307760743754898e+03 1.561458755659624103e+03 1.149577036074491243e+00
1.446328594384269991e+03 1.560583318280677986e+03 1.149483444466327553e+00
1.446349428023388555e+03 1.561641029017095207e+03 1.149871087105047707e+00
1.446370261661109453e+03 1.559433658529107106e+03 1.149288199768454088e+00
1.446391095298364917e+03 1.560491993191125630e+03 1.149561170111103481e+00
1.446411928934689513e+03 1.558917885551668178e+03 1.148820047826820678e+00
1.446432762570082559e+03 1.559423881048969633e+03 1.149532081942810091e+00
1.446453596204078622e+03 1.559831921678827712e+03 1.149859164777820686e+00
1.446474429837142907e+03 1.562416376376997960e+03 1.149888970364112639e+00
1.446495263469741985e+03 1.561996750434422893e+03 1.149675960083655468e+00
1.446516097100943171e+03 1.558279504552739354e+03 1.148605490095065518e+00
1.446536930731213488e+03 1.561302912658154582e+03 1.149760463895085794e+00
1.446557764360552483e+03 1.561890395142256693e+03 1.149567962429425272e+00
1.446578597988961519e+03 1.560046352821226264e+03 1.149277101198423079e+00
1.446599431616439006e+03 1.560920254294546567e+03 1.150284767137832898e+00
1.446620265242518599e+03 1.561347964234086021e+03 1.149945987594002128e+00
1.446641098868131849e+03 1.559814945955113444e+03 1.149526378294087214e+00
1.446661932492348569e+03 1.559890368355177543e+03 1.150185480916255942e+00
1.446682766116100083e+03 1.556461384578008392e+03 1.148564701431721291e+00
1.446703599738454614e+03 1.559916520772826743e+03 1.149085504313517081e+00
1.446724433359877366e+03 1.562017933023690603e+03 1.152710316431842408e+00
1.446745266980369479e+03 1.560711461174649003e+03 1.149257756238367900e+00
1.446766100599929359e+03 1.561185788786089915e+03 1.149586317043066463e+00
1.446786934218559054e+03 1.561279061910721339e+03 1.149339075486456974e+00
1.446807767835791537e+03 1.560477709320315853e+03 1.149586783681966207e+00
1.446828601452557450e+03 1.560697261577446170e+03 1.149672745705630161e+00
1.446849435067927516e+03 1.561799018027069451e+03 1.149874819286426320e+00
1.446870268682830556e+03 1.560840903295417547e+03 1.149597775565711633e+00
1.446891102296336612e+03 1.559711383821110076e+03 1.149035706714756966e+00
1.446911935908912938e+03 1.559390591132752661e+03 1.148910995757896236e+00
1.446932769520557940e+03 1.558434065183927260e+03 1.149278034727133413e+00
1.446953603131270938e+03 1.561140282964602420e+03 1.149913177115237328e+00
1.446974436741052614e+03 1.560271009287915149e+03 1.149117819725566703e+00
1.446995270349902057e+03 1.560754881849405820e+03 1.149338712466884793e+00
1.447016103957354517e+03 1.559220883613814749e+03 1.148912448376075535e+00
1.447057771169932948e+03 1.559470830208375901e+03 1.149608041475425280e+00
1.447078604775058466e+03 1.561546237605222132e+03 1.149825315062018793e+00
1.447099438378787454e+03 1.560455130791467127e+03 1.149428011826596707e+00
1.447120271981582846e+03 1.559009794879695164e+03 1.148870684870764602e+00
1.447141105583448052e+03 1.561180034453299413e+03 1.149606693431903803e+00
1.447161939184381936e+03 1.559957955102580854e+03 1.149924062211963971e+00
1.447182772783919518e+03 1.561136065458055782e+03 1.149496304041897066e+00
1.447203606382990529e+03 1.559858931207265414e+03 1.149263150040129355e+00
1.447224439980665011e+03 1.561265762248961664e+03 1.149881246903738274e+00
1.447245273577874514e+03 1.559503394876356879e+03 1.149165487189698354e+00
1.447266107173686123e+03 1.560168487281158605e+03 1.149301268975189583e+00
1.447286940768565955e+03 1.560238369581570623e+03 1.149844391287806022e+00
1.447307774362514920e+03 1.561029309752983863e+03 1.149500711524613639e+00
1.447328607955532334e+03 1.560434640929639045e+03 1.149362101065031672e+00
1.447349441547619335e+03 1.558904067808134414e+03 1.148915768639302559e+00
1.447370275138774559e+03 1.559614487105828402e+03 1.149017239556657355e+00
1.447391108728532345e+03 1.558892884265685780e+03 1.149084311271279191e+00
1.447411942317824924e+03 1.557710578148123432e+03 1.148685558284033847e+00
1.447432775905720518e+03 1.558533146784498513e+03 1.149927016720439177e+00
1.447453609492684336e+03 1.557768479754816099e+03 1.148362864450029219e+00
1.447474443078717513e+03 1.560230581165027615e+03 1.149205943333825086e+00
1.447495276663819368e+03 1.558971592181347660e+03 1.148925885007167080e+00
1.447516110247989445e+03 1.558648315995583289e+03 1.149283998920441086e+00
1.447536943831228655e+03 1.560182843370585260e+03 1.149370191023672660e+00
1.447557777413534950e+03 1.559791397444829499e+03 1.149626032520331131e+00
1.447578610994446080e+03 1.561823392798803980e+03 1.150122308446626329e+00
1.447599444574425434e+03 1.557931987202875234e+03 1.148925885007167080e+00
1.447620278153939580e+03 1.559713428933862360e+03 1.149633394768764472e+00
1.447641111732056515e+03 1.560633117981713212e+03 1.149543541006064817e+00
1.447661945309241446e+03 1.559556621359805604e+03 1.149947179742271786e+00
1.447682778885495509e+03 1.558630032003020233e+03 1.148988137618035976e+00
1.447703612460352360e+03 1.561560773086793006e+03 1.150735592891350967e+00
1.447724446034742869e+03 1.561759481655311447e+03 1.150092716211290167e+00
1.447745279608202509e+03 1.558728289518533529e+03 1.149129127311618426e+00
1.447766113180266530e+03 1.561188213455537834e+03 1.151442663616311091e+00
1.447786946751398546e+03 1.559594036072415065e+03 1.150025133190005100e+00
1.447807780322064445e+03 1.561539773956729277e+03 1.149754398490984375e+00
1.447828613891333589e+03 1.560394965183873865e+03 1.150043014053641288e+00
1.447849447459671410e+03 1.559832543109852168e+03 1.149954073444985347e+00
1.447870281026612474e+03 1.559929709545539254e+03 1.149547222400332913e+00
1.447891114593087423e+03 1.560026360124651319e+03 1.149801624851933379e+00
1.447911948158630821e+03 1.560713757141747237e+03 1.150497923738478701e+00
1.447932781722777463e+03 1.559538763340994137e+03 1.149720649376128945e+00
1.447953615286458898e+03 1.561092301667571746e+03 1.150745641464342883e+00
1.447974448848743577e+03 1.559875151009440742e+03 1.150251292678381887e+00
1.447995282410096479e+03 1.561164025130156006e+03 1.150397878730844869e+00
1.448016115970517603e+03 1.561043049973625784e+03 1.150310260964318099e+00
1.448036949530007405e+03 1.562099810865224981e+03 1.151254067594982056e+00
1.448057783088566339e+03 1.560996306074664517e+03 1.150621530257199154e+00
1.448078616645728516e+03 1.560269410472592426e+03 1.150781846677543907e+00
1.448099450202424578e+03 1.559669790539216820e+03 1.150046331052847259e+00
1.448120283757723882e+03 1.559941227749553263e+03 1.151679516751430876e+00
1.448141117312092092e+03 1.559903143325295332e+03 1.151071654514567610e+00
1.448161950865994640e+03 1.559430623376293852e+03 1.150303939377098850e+00
1.448182784418499523e+03 1.558990582202723317e+03 1.150051254705903414e+00
1.448203617970073537e+03 1.559597563601855200e+03 1.150318966043958557e+00
1.448224451520716002e+03 1.560378705658921263e+03 1.151665698206080668e+00
1.448245285069961483e+03 1.559203057996390044e+03 1.151175834925959762e+00
1.448266118618742439e+03 1.561508998507135175e+03 1.151411189952476599e+00
1.448286952166591618e+03 1.560969599212189905e+03 1.151381993218788979e+00
1.448307785713043359e+03 1.559916727591696599e+03 1.150833951179693893e+00
1.448328619258562867e+03 1.558138435136685985e+03 1.149816036022563548e+00
1.448349452803616941e+03 1.561038868051178270e+03 1.152406955860599380e+00
1.448370286347274487e+03 1.560600203918974103e+03 1.151281093131967248e+00
1.448391119890000937e+03 1.561039189345653085e+03 1.152001126318619395e+00
1.448411953431796519e+03 1.563174070048994508e+03 1.152544269249407671e+00
1.448432786972660551e+03 1.560487334550284686e+03 1.151426305701032327e+00
1.448453620512128055e+03 1.558845488132048331e+03 1.150748852845456582e+00
1.448474454051128987e+03 1.561850489871378159e+03 1.151800874756051751e+00
1.448495287589198597e+03 1.560295562048316697e+03 1.151010032437745023e+00
1.448516121125871450e+03 1.560020971366745698e+03 1.151132237710194017e+00
1.448536954661612981e+03 1.560711310130526044e+03 1.151474809348704831e+00
1.448557788196889078e+03 1.559618210632411547e+03 1.151299834606934525e+00
1.448578621730767509e+03 1.561146830371294300e+03 1.151622792377548388e+00
1.448599455263715527e+03 1.560252601432834808e+03 1.151593704525486928e+00
1.448620288795731540e+03 1.562116620476052049e+03 1.152201653464212994e+00
1.448641122326816458e+03 1.560135291793903662e+03 1.151622637106267222e+00
1.448661955856969598e+03 1.560818065986057945e+03 1.151728268497203445e+00
1.448682789386192098e+03 1.560359649073701576e+03 1.152065540932831755e+00
1.448703622914482366e+03 1.562587303709701700e+03 1.152526013459322929e+00
1.448724456441842449e+03 1.562803265860019337e+03 1.152741185849738059e+00
1.448745289968270527e+03 1.560600076297211672e+03 1.151617150840894999e+00
1.448766123493768646e+03 1.560834015215990348e+03 1.151722782735009609e+00
1.448786957017868644e+03 1.562010507983962270e+03 1.152099117886033586e+00
1.448807790541502982e+03 1.561215971352863789e+03 1.151796217328719285e+00
1.448828624064205997e+03 1.560691047964490281e+03 1.151947160138157678e+00
1.448849457585977461e+03 1.559606374782389594e+03 1.151761648279420180e+00
1.448870291106352397e+03 1.560439835191598377e+03 1.152663002402896320e+00
1.448891124626261444e+03 1.561936375448082345e+03 1.152116397477479959e+00
1.448911958145238941e+03 1.563647869835055644e+03 1.152641283837624986e+00
1.448932791662819454e+03 1.562363022270131751e+03 1.152701370868147279e+00
1.448953625179934534e+03 1.561646296219579881e+03 1.152164561677305965e+00
1.448974458696118518e+03 1.561635122798249313e+03 1.152965778637019545e+00
1.448995292210905518e+03 1.561980457678511129e+03 1.152404524930063179e+00
1.449016125725225947e+03 1.559541151868995712e+03 1.151702288524344198e+00
1.449036959238615964e+03 1.562772167687519641e+03 1.153667194292119946e+00
1.449057792751074430e+03 1.560394886283668711e+03 1.152037861198558222e+00
1.449078626262601574e+03 1.561728640661562622e+03 1.152466899950919554e+00
1.449099459773197395e+03 1.559978810007799211e+03 1.152006248576384007e+00
1.449120293282863031e+03 1.561637754027929077e+03 1.152766935586051922e+00
1.449141126792061641e+03 1.562274157694732367e+03 1.152905343490342238e+00
1.449161960299863495e+03 1.561993731519555240e+03 1.152328853187609692e+00
1.449182793807199459e+03 1.564378868372379429e+03 1.153377986954942758e+00
1.449203627313604557e+03 1.563250778683024237e+03 1.152820604874414290e+00
1.449224460818611988e+03 1.562593075459933061e+03 1.153087880020420508e+00
1.449245294323620101e+03 1.562976187923780799e+03 1.152966967662876430e+00
1.449266127827231458e+03 1.561929765163369439e+03 1.152859588513419853e+00
1.449286961329911492e+03 1.561933609844786815e+03 1.152842268359089983e+00
1.449307794832125637e+03 1.564003335113556659e+03 1.153167740357986082e+00
1.449328628333408460e+03 1.561569498683038546e+03 1.152616255269161893e+00
1.449349461834224940e+03 1.563777026936824313e+03 1.153680937199220935e+00
1.449370295333644663e+03 1.563810884012720180e+03 1.153544792532525065e+00
1.449391128832598952e+03 1.561503485081027975e+03 1.152577625399439754e+00
1.449411962331087580e+03 1.563432019594009034e+03 1.153144480636336455e+00
1.449432795828179906e+03 1.563907757891339543e+03 1.153311009898448258e+00
1.449453629324806570e+03 1.561810650999583913e+03 1.152807834085322058e+00
1.449474462820965982e+03 1.562788846407554956e+03 1.154241931724317327e+00
1.449495296316194526e+03 1.561650190979987428e+03 1.154584406688516696e+00
1.449516129810491975e+03 1.563875162246635682e+03 1.153679955568428506e+00
1.449536963304789424e+03 1.561247013186155982e+03 1.153758741699033141e+00
1.449557796797690571e+03 1.561365303277329531e+03 1.152656435165607673e+00
1.449578630290124920e+03 1.562548953037619412e+03 1.153091291643076444e+00
1.449599463782094972e+03 1.560193797385891685e+03 1.152303352294404837e+00
1.449620297273599590e+03 1.561040140386108988e+03 1.152800440405921112e+00
1.449641130764171521e+03 1.561163088179108399e+03 1.152986663956286684e+00
1.449661964254278473e+03 1.559612318200361642e+03 1.152034291240486397e+00
1.449682797743919537e+03 1.561209807140502335e+03 1.152555698364569947e+00
1.449703631233094484e+03 1.561686455206919163e+03 1.152771951030013176e+00
1.449724464721338336e+03 1.561538018219525611e+03 1.152908548855691384e+00
1.449745298209582415e+03 1.561595117703841652e+03 1.152950269491795465e+00
1.449766131697361971e+03 1.560110464711275654e+03 1.152715694078341180e+00
1.449786965184675410e+03 1.560070434747769696e+03 1.152373077536627433e+00
1.449807798671056389e+03 1.560700049698896009e+03 1.153114087226320361e+00
1.449828632157903485e+03 1.560030794494988868e+03 1.152700284985748391e+00
1.451953656521544872e+03 1.557180139586210544e+03 1.147973414482089005e+00
1.451974490142162495e+03 1.560056796798186497e+03 1.148609641531747716e+00
1.451995323761382451e+03 1.558327269506749644e+03 1.147536982187624899e+00
1.452016157379205652e+03 1.559694458651583318e+03 1.149294734390398975e+00
1.452036990995165525e+03 1.556706047931464809e+03 1.147372472071852556e+00
1.452057824610194530e+03 1.556844538556173120e+03 1.147791258970864314e+00
1.452078658223361572e+03 1.557518683452662799e+03 1.147545085012981581e+00
1.452099491834665514e+03 1.558801742679932204e+03 1.147989613914693008e+00
1.452120325445038361e+03 1.559848805604220615e+03 1.148531176840180246e+00
1.452141159053549018e+03 1.559759459473483730e+03 1.148565895013689886e+00
1.452161992660196574e+03 1.557391794470407604e+03 1.147840123933376422e+00
1.452182826265911899e+03 1.558784381495566095e+03 1.148113386648851320e+00
1.452203659869765033e+03 1.558339563830177440e+03 1.148448606683909912e+00
1.452224493471755522e+03 1.558196467963168288e+03 1.147907835596988724e+00
1.452245327072815599e+03 1.558990193832676368e+03 1.148389594707299066e+00
1.452266160672012575e+03 1.558282010772472404e+03 1.149150237965780086e+00
1.452286994269346451e+03 1.558284711049672296e+03 1.148254847112051502e+00
1.452307827865749459e+03 1.559824255010897559e+03 1.149482614811350611e+00
1.452328661460289823e+03 1.557612756694661357e+03 1.148162497467239973e+00
1.452349495053432292e+03 1.558637828401545221e+03 1.148280956991347468e+00
1.452370328644712572e+03 1.557557319188825431e+03 1.147986654420033448e+00
1.452391162234596550e+03 1.557681337503384611e+03 1.148219704249711537e+00
1.452411995823083089e+03 1.559353713597745354e+03 1.148874524063810298e+00
1.452432829410172417e+03 1.558141992967832493e+03 1.148152945421877513e+00
1.452453662995400009e+03 1.557812159761362636e+03 1.147896048654335033e+00
1.452474496579230617e+03 1.559847381773209008e+03 1.149479866574962594e+00
1.452495330161663560e+03 1.558060791193272962e+03 1.148335822139159745e+00
1.452516163742232948e+03 1.558546262188391211e+03 1.150534292165085848e+00
1.452536997321406034e+03 1.557688233071417471e+03 1.148642904376417695e+00
1.452557830899182591e+03 1.559894343168110709e+03 1.148762819054675033e+00
1.452578664475563073e+03 1.556459090186318235e+03 1.148413417849120322e+00
1.452599498050545662e+03 1.558444304818017144e+03 1.148978851817618718e+00
1.452620331623664470e+03 1.558574761543566410e+03 1.148158292500540245e+00
1.452641165195387430e+03 1.558154649431919324e+03 1.148434541659534736e+00
1.452661998765713633e+03 1.560121000307922941e+03 1.150667063427529335e+00
1.452682832334641489e+03 1.556971093005389548e+03 1.148614156202108161e+00
1.452703665902172816e+03 1.556554352527442234e+03 1.147723903960083280e+00
1.452724499467843088e+03 1.556562044111895375e+03 1.147879744049574491e+00
1.452745333032116378e+03 1.558604509694089302e+03 1.148425926098274763e+00
1.452766166595456525e+03 1.556610986672962099e+03 1.147667036012325559e+00
1.452787000156934482e+03 1.559668515524977238e+03 1.148332811631378014e+00
1.452807833717015455e+03 1.557269963472514519e+03 1.147824545531469287e+00
1.452828667275699445e+03 1.558033715597172204e+03 1.148168571280840933e+00
1.452849500832521471e+03 1.559138612667142752e+03 1.148585770565915043e+00
1.452870334388412630e+03 1.558293134837794469e+03 1.148299955059191246e+00
1.452891167942905440e+03 1.559764695313632728e+03 1.148751611635823178e+00
1.452912001495536515e+03 1.559795479234063123e+03 1.148614311880080008e+00
1.452932835047236040e+03 1.559252043114950311e+03 1.148609278281637058e+00
1.452953668597072010e+03 1.558635543033319891e+03 1.148165352682763762e+00
1.452974502145977112e+03 1.557334715135934857e+03 1.148992650801193616e+00
1.452995335693020934e+03 1.560179813893005303e+03 1.148695365345411279e+00
1.453016169239132523e+03 1.559273505879978075e+03 1.148422708221466637e+00
1.453037002783381013e+03 1.558915741735141182e+03 1.147855754050805865e+00
1.453057836326697497e+03 1.560016212029092003e+03 1.148550274560257822e+00
1.453078669868618363e+03 1.557420379611626913e+03 1.147837267908854653e+00
1.453099503408676355e+03 1.560953870328116409e+03 1.149049660634548164e+00
1.453120336947803480e+03 1.556471715351317698e+03 1.147980112352134041e+00
1.453141170485067505e+03 1.558902896989178771e+03 1.148273015082938997e+00
1.453162004021399525e+03 1.558714537642094911e+03 1.147825947596299079e+00
1.453182837556335471e+03 1.558679403348891128e+03 1.147902746975799859e+00
1.453203671089873296e+03 1.558919028621088273e+03 1.148204546287265870e+00
1.453224504622014592e+03 1.558270886019992531e+03 1.147887948306395289e+00
1.453245338152760041e+03 1.560207205708944457e+03 1.148469314653528084e+00
1.453266171682108507e+03 1.561057228703345572e+03 1.148855431733815768e+00
1.453287005210524057e+03 1.556900643429456522e+03 1.147458807760656452e+00
1.453307838737077418e+03 1.560709608732344122e+03 1.148426185604076055e+00
1.453328672262699456e+03 1.559340928846674842e+03 1.148614415665382804e+00
1.453349505786926102e+03 1.557243081533122904e+03 1.148781186532467968e+00
1.453370339309754399e+03 1.560199735220046250e+03 1.148872604468891279e+00
1.453391172831185486e+03 1.560079495422487298e+03 1.147948855290909176e+00
1.453412006351220043e+03 1.559230420411302248e+03 1.148134464065012184e+00
1.453432839870322823e+03 1.558291445504205967e+03 1.147731174544767585e+00
1.453453673388028619e+03 1.560583833089166319e+03 1.148930190921334749e+00
1.453474506903871998e+03 1.561304982791132943e+03 1.148531436322200561e+00
1.453495340419250624e+03 1.559506099108744593e+03 1.148030734524703389e+00
1.453516173932766378e+03 1.559164751201999707e+03 1.148325181515959859e+00
1.453537007445349445e+03 1.557541090041700727e+03 1.147521607438646063e+00
1.453557840956069867e+03 1.559489509975296414e+03 1.147904408568872547e+00
1.453578674465861013e+03 1.558256742391730540e+03 1.148617736790121135e+00
1.453599507974720382e+03 1.559992649384162405e+03 1.148195046503318828e+00
1.453620341481715514e+03 1.559931733778209264e+03 1.148227802257228314e+00
1.453641174987779550e+03 1.559272543846679810e+03 1.147973674090183138e+00
1.453662008492447058e+03 1.559673841095452872e+03 1.148144846886385961e+00
1.453682841996183924e+03 1.560037068013053158e+03 1.148248202753767933e+00
1.453703675498523353e+03 1.556475315906873220e+03 1.146956338518716922e+00
1.453724508999465570e+03 1.560433235915558498e+03 1.148530346497321109e+00
1.453745342499010576e+03 1.560245892579713882e+03 1.148271821196533482e+00
1.453766175997624487e+03 1.559087934482555966e+03 1.147698404616912082e+00
1.453787009494842096e+03 1.558392692496325481e+03 1.148078187539498307e+00
1.453807842990662493e+03 1.560675166120505537e+03 1.148300162686611614e+00
1.453828676485085452e+03 1.559752754738113026e+03 1.148128390070977778e+00
1.453849509978576862e+03 1.559940343174876944e+03 1.148118630081639058e+00
1.453870343471136948e+03 1.558866821906932728e+03 1.147992261877131659e+00
1.453891176961835072e+03 1.559032728107466028e+03 1.148183366333361155e+00
1.453912010451601873e+03 1.558245122208533076e+03 1.147601231865605698e+00
1.453932843940437579e+03 1.559376935639371823e+03 1.147576924407224919e+00
1.453953677427874936e+03 1.559245374513313436e+03 1.147881249898574429e+00
1.453974510913915537e+03 1.559169524809576842e+03 1.148632422273462961e+00
1.453995344398560519e+03 1.559116358871447801e+03 1.148294816268572660e+00
1.454016177882274405e+03 1.560599191941810659e+03 1.148430960500354425e+00
1.454037011365055150e+03 1.559146664820645356e+03 1.149299764986743577e+00
1.454057844846438456e+03 1.560189607562438141e+03 1.148136852122242368e+00
1.454078678326426598e+03 1.561643475000145827e+03 1.150416945462375606e+00
1.454099511805017983e+03 1.559045989614068048e+03 1.147896412130146038e+00
1.454120345282678045e+03 1.558262418888814864e+03 1.147592765864816178e+00
1.454141178759405648e+03 1.557561730062972401e+03 1.147370913606226672e+00
1.454162012234735357e+03 1.561617029307843950e+03 1.148694898344387205e+00
1.454182845708670357e+03 1.560695284419122345e+03 1.148141264823620666e+00
1.454203679181674033e+03 1.561727217477670138e+03 1.148597135283258686e+00
1.454224512653278907e+03 1.559837091761165311e+03 1.147944234158148724e+00
1.454245346123952459e+03 1.559217744811619013e+03 1.148279659297649635e+00
1.454266179593230390e+03 1.558924029426536435e+03 1.148879867784125874e+00
1.454287013061576999e+03 1.557795906878213827e+03 1.147886494391739953e+00
1.454307846528526170e+03 1.557754057271251440e+03 1.147741664878643597e+00
1.454328679994077447e+03 1.554445551643148974e+03 1.146646361466943764e+00
1.454349513458698539e+03 1.555790433849012288e+03 1.147037509141937361e+00
1.454370346922388990e+03 1.555449177615645567e+03 1.147371433095003779e+00
1.454391180384681320e+03 1.557550758314180484e+03 1.147290701717102346e+00
1.454412013845576439e+03 1.555336624877508939e+03 1.148513064850302801e+00
1.454432847306005897e+03 1.554439745472107006e+03 1.146666998022238593e+00
1.454453680764574074e+03 1.555886061912013702e+03 1.147021556086304850e+00
1.454474514222209564e+03 1.558313471113659716e+03 1.147958616723679715e+00
1.454495347678913504e+03 1.556718272896386225e+03 1.147332211030820837e+00
1.454516181134221370e+03 1.557038386287054891e+03 1.147498233270220158e+00
1.454537014588597458e+03 1.557081034349836045e+03 1.146956546389365172e+00
1.454557848041577017e+03 1.557148549131805112e+03 1.147806162745270697e+00
1.454578681493625027e+03 1.556653035726262942e+03 1.147361614717329559e+00
1.454620348393995528e+03 1.558568198712604726e+03 1.147783521394944328e+00
1.454641181842318474e+03 1.560425294880440106e+03 1.148057576350606235e+00
1.454662015289709416e+03 1.559795291138776747e+03 1.152377111954165256e+00
1.454682848735703828e+03 1.561701081986160489e+03 1.149207239981555828e+00
1.454703682180767373e+03 1.560860888846562830e+03 1.148497703167981498e+00
1.454724515624898459e+03 1.561678397319907390e+03 1.149185196771158601e+00
1.454745349067633470e+03 1.562480593375837316e+03 1.149733195245722595e+00
1.454766182509437385e+03 1.561919504953384376e+03 1.149684566277350939e+00
1.454787015949843408e+03 1.561790191820994551e+03 1.148540725739913171e+00
1.454807849389318562e+03 1.560637086675470073e+03 1.148580529265689654e+00
1.454828682827862394e+03 1.560728919709537649e+03 1.148326167724206925e+00
1.454849516265009470e+03 1.561722012351987132e+03 1.148649235105137389e+00
1.454870349701224995e+03 1.561909178993399792e+03 1.148481251408720816e+00
1.454891183136043537e+03 1.560416767293284465e+03 1.148664594760944180e+00
1.454912016569930529e+03 1.561524297985620933e+03 1.148755451226816771e+00
1.454932850002886426e+03 1.560080746231708417e+03 1.147897139081422990e+00
1.454953683434445566e+03 1.562659686068067913e+03 1.148546226700457584e+00
1.454974516864607494e+03 1.560310553754393823e+03 1.147842876095737763e+00
1.454995350294303535e+03 1.563166213381550961e+03 1.148836131556010498e+00
1.455016183722602364e+03 1.563167589941770530e+03 1.148699516457281300e+00
1.455037017149506028e+03 1.561289418647201273e+03 1.148428780658864223e+00
1.455057850575942666e+03 1.561317651515851821e+03 1.148372674267200244e+00
1.455078684000981411e+03 1.560043806404622273e+03 1.147673112448049704e+00
1.455099517424623627e+03 1.563983525076006572e+03 1.149673212309449521e+00
1.455120350847335885e+03 1.561613450110369740e+03 1.148326998214705519e+00
1.455141184269115911e+03 1.561763910310204437e+03 1.148895483756388280e+00
1.455162017689498498e+03 1.561321759933581234e+03 1.148215551403189760e+00
1.455182851109415424e+03 1.560830428726780383e+03 1.148181549407355284e+00
1.455203684527471069e+03 1.563871136952541974e+03 1.148846144860773855e+00
1.455224517945060143e+03 1.561248712568086148e+03 1.148181341758485852e+00
1.455245351361251551e+03 1.560727043599958051e+03 1.147997973147872663e+00
1.455266184776046430e+03 1.561510832681801276e+03 1.148700450455384825e+00
1.455287018190377012e+03 1.560860472361483289e+03 1.148230086300304764e+00
1.455307851603309473e+03 1.561514859056353089e+03 1.148265125028036238e+00
1.455328685015309929e+03 1.561679412628114733e+03 1.148247943207742372e+00
1.455349518425914084e+03 1.561974500348743959e+03 1.149403587429700169e+00
1.455370351835587371e+03 1.561753113365196896e+03 1.148197745903472455e+00
1.455391185244329563e+03 1.563047016108575917e+03 1.149401772432568691e+00
1.455412018651672952e+03 1.560230658754232309e+03 1.148332811631378014e+00
1.455432852058085928e+03 1.562203908315986155e+03 1.148173451073619455e+00
1.455453685463568490e+03 1.560556565523193740e+03 1.148134256407626896e+00
1.455474518868119503e+03 1.563394473649429756e+03 1.148757111586515167e+00
1.455495352271273077e+03 1.560534157720052463e+03 1.147728318249134460e+00
1.455516185673495556e+03 1.561606359221931598e+03 1.148142458845784253e+00
1.455537019074320597e+03 1.562303534384701607e+03 1.148198109283777635e+00
1.455557852474679521e+03 1.560478262920196812e+03 1.147802112261272045e+00
1.455578685873642371e+03 1.562353684157353428e+03 1.148157098494843043e+00
1.455599519271208464e+03 1.559790050306564808e+03 1.147570951341853940e+00
1.455620352668308442e+03 1.560872188090468626e+03 1.148242856093794506e+00
1.455641186064011890e+03 1.560528270242218468e+03 1.148778903585108813e+00
1.455662019458783561e+03 1.563178227502711479e+03 1.148537508184741096e+00
1.455682852852157566e+03 1.560418157076099078e+03 1.147616865236656514e+00
1.455703686244600476e+03 1.561374893528798339e+03 1.148243063731539726e+00
1.455724519636113655e+03 1.560016863895684537e+03 1.147394757898732687e+00
1.455745353026694374e+03 1.560297874922236588e+03 1.148283863819909101e+00
1.455766186415877428e+03 1.562105424472028290e+03 1.148065104409594417e+00
1.455787019804595957e+03 1.560469168654106625e+03 1.147617955929015165e+00
1.455807853191917502e+03 1.560166868550773870e+03 1.147636549477381473e+00
1.455828686577840926e+03 1.562141838598698996e+03 1.148157617627907578e+00
1.455849519963299372e+03 1.561340458086890067e+03 1.147897814107196490e+00
1.455870353347361515e+03 1.560480804800990200e+03 1.148247943207742372e+00
1.455891186730026448e+03 1.563699599201882393e+03 1.148644305442337421e+00
1.455912020112224582e+03 1.562329447540724232e+03 1.148295387246443644e+00
1.455932853493025959e+03 1.562900725958766543e+03 1.149961226265769687e+00
1.455953686872897379e+03 1.562922907351400909e+03 1.148202314104659560e+00
1.455974520251836566e+03 1.559733636119900211e+03 1.147448055113855725e+00
1.455995353629844431e+03 1.560352319903623993e+03 1.148061625933300078e+00
1.456016187006454857e+03 1.560737986549998595e+03 1.148249292846435399e+00
1.456037020382134415e+03 1.560130056695577423e+03 1.147584559497691226e+00
1.456057853756883560e+03 1.561282308330510432e+03 1.149570451207771349e+00
1.456078687130700473e+03 1.561478947256596939e+03 1.147846718726486692e+00
1.456099520503119493e+03 1.562151149427688551e+03 1.148206934198738205e+00
1.456120353874609009e+03 1.563199728618106064e+03 1.148565635539454455e+00
1.456141187245166520e+03 1.561397410710718759e+03 1.148016560541389897e+00
1.456162020614792027e+03 1.559247765612690955e+03 1.147157435759723176e+00
1.456182853983021005e+03 1.563501739199120948e+03 1.148643838420553953e+00
1.456203687350319569e+03 1.562572676035451195e+03 1.149588131748834563e+00
1.456224520716685447e+03 1.562730201868824906e+03 1.149892546982550945e+00
1.456245354082120002e+03 1.562993857678158520e+03 1.148804067640621041e+00
1.456266187446158028e+03 1.562453349725412863e+03 1.148380978808831276e+00
1.456287020809731075e+03 1.561930829208514297e+03 1.148136125322741563e+00
1.456307854171906456e+03 1.562568822691564492e+03 1.149031401196002333e+00
1.456328687532684398e+03 1.560289834903082919e+03 1.147652857537186266e+00
1.456349520892997589e+03 1.561955647838196455e+03 1.147940391853824238e+00
1.456370354251913568e+03 1.559727799503593133e+03 1.147854559730405954e+00
1.456391187610363886e+03 1.560795145950488177e+03 1.147663452458227207e+00
1.456412020967416993e+03 1.560739490107266647e+03 1.148336912148651967e+00
1.456432854323072434e+03 1.561717288326060043e+03 1.147744521141062179e+00
1.456453687678263577e+03 1.561153781652763882e+03 1.149184003832417922e+00
1.456474521032057510e+03 1.561020472776762972e+03 1.147674774373585116e+00
1.456495354384919438e+03 1.561329729890822136e+03 1.148834730724032971e+00
1.456516187736850497e+03 1.562008505682040550e+03 1.148282514221849127e+00
1.456537021087850462e+03 1.561784570543957898e+03 1.148512130699812950e+00
1.456557854437918422e+03 1.561158376540330210e+03 1.148121848810696344e+00
1.456578687786590081e+03 1.563744591182498198e+03 1.148422708221466637e+00
1.456599521134330189e+03 1.562527653617648184e+03 1.149216420205644296e+00
1.456620354481137838e+03 1.560245488839658037e+03 1.149046911362640477e+00
1.456641187827015983e+03 1.562276906914592701e+03 1.148292895704559058e+00
1.456662021171496463e+03 1.561120615332555644e+03 1.148202158370827508e+00
1.456682854515510371e+03 1.561245702770497928e+03 1.147642002835271402e+00
1.456703687858127978e+03 1.561583512777369151e+03 1.148890970191529748e+00
1.456724521199815626e+03 1.563074181346477417e+03 1.148141368651684369e+00
1.456745354540104472e+03 1.559850881684439400e+03 1.146785871903964082e+00
1.456766187879928111e+03 1.561702749747951884e+03 1.148115878580290961e+00
1.456787021218354539e+03 1.559460487863699200e+03 1.146971461010046767e+00
1.456807854556315533e+03 1.561423864190780705e+03 1.147815354175170999e+00
1.456828687892879998e+03 1.559868395108134109e+03 1.147085315015812901e+00
1.456849521228047706e+03 1.560858847265521035e+03 1.147273765070101925e+00
1.456870354562749071e+03 1.559786712318598120e+03 1.147963860863393526e+00
1.456891187896519568e+03 1.560977979154841023e+03 1.147680279484731614e+00
1.456912021228892627e+03 1.559427456015886492e+03 1.146873135266360144e+00
1.456932854560333908e+03 1.558476457067982892e+03 1.146486766494258402e+00
1.456953687890844549e+03 1.558870711880729459e+03 1.146880878984314567e+00
1.456974521220423412e+03 1.558377282024729084e+03 1.147356056127641688e+00
1.456995354548605974e+03 1.558960558046774850e+03 1.146720433018872720e+00
1.457016187876322874e+03 1.560852326899905847e+03 1.147354341790808974e+00
1.457037021202641426e+03 1.559806664310266569e+03 1.147478338880685955e+00
1.457057854528030475e+03 1.558701404265363863e+03 1.146779998669673395e+00
1.457078687852487519e+03 1.560027334369239497e+03 1.147335431966094221e+00
1.457099521176012331e+03 1.558653233567371672e+03 1.147078040337443428e+00
1.457120354498141069e+03 1.561170130188330404e+03 1.147410394082974072e+00
1.457141187819804600e+03 1.559707072344513563e+03 1.147732732521207666e+00
1.457162021140070920e+03 1.558200906319874321e+03 1.146556273615294108e+00
1.457182854459405462e+03 1.559472557097455592e+03 1.146886231993678562e+00
1.457203687777808454e+03 1.558322937606413689e+03 1.146577223701167991e+00
1.457224521095281034e+03 1.557659911981655341e+03 1.146283523668383708e+00
1.457245354411356402e+03 1.558841636780822910e+03 1.146829374481613595e+00
1.457266187726964972e+03 1.559416393603488359e+03 1.146992923172634793e+00
1.457287021041177013e+03 1.558683875198423948e+03 1.147001393600854513e+00
1.457307854354458414e+03 1.558218887088510883e+03 1.146955610971151840e+00
1.457328687666808491e+03 1.559328311167407264e+03 1.146827347516441442e+00
1.457349520978226565e+03 1.559238413321396365e+03 1.148029903819886233e+00
1.457370354288713543e+03 1.558657265470949369e+03 1.147427536498578871e+00
1.457391187597803992e+03 1.558380488935366429e+03 1.147031429339084196e+00
1.457412020905963573e+03 1.560129603432625572e+03 1.146799801224317683e+00
1.457432854213655901e+03 1.560593021952831350e+03 1.147900566131242250e+00
1.457453687519951927e+03 1.558441643557272982e+03 1.147788039314737718e+00
1.457474520825317541e+03 1.556810696779746650e+03 1.146696470745640628e+00
1.457495354129285033e+03 1.558104771921528027e+03 1.147817742896315663e+00
1.457516187432786865e+03 1.559603276472344760e+03 1.147170425325378940e+00
1.457537020734892394e+03 1.558597950094543648e+03 1.146701564719820210e+00
1.457557854036532035e+03 1.557845504333449981e+03 1.146643970305544213e+00
1.457578687336775602e+03 1.558571487239425551e+03 1.146590115871441995e+00
1.457620353934464902e+03 1.563171800659828705e+03 1.148023258159709403e+00
1.457641187231448384e+03 1.562421942514633656e+03 1.148397899126571309e+00
1.457662020527965524e+03 1.561256713497223473e+03 1.149233795005296210e+00
1.457682853823086134e+03 1.563964253734518934e+03 1.149042139025973741e+00
1.457703687117274512e+03 1.564306101280381199e+03 1.148821708093159311e+00
1.457724520397494416e+03 1.559862149163974436e+03 1.147022699309398153e+00
1.457745353689821513e+03 1.562516450431523936e+03 1.148218043112905207e+00
1.457766186981216379e+03 1.563519569879155597e+03 1.148313398857182310e+00
1.457787020271214487e+03 1.562945472583247238e+03 1.148919348287345432e+00
1.457807853560746480e+03 1.561317650788107585e+03 1.147530073964412978e+00
1.457828686848881944e+03 1.564764616145246009e+03 1.148906949168998493e+00
1.457849520136552428e+03 1.565293380972395880e+03 1.149119738910855615e+00
1.457870353422824337e+03 1.562337582410008054e+03 1.148035666822175616e+00
1.457891186708165606e+03 1.561404806759867824e+03 1.148037795491380519e+00
1.457912019992576461e+03 1.561957425424656321e+03 1.147869462682924224e+00
1.457932853275589878e+03 1.561178786238751627e+03 1.147781132602579079e+00
1.457953686558137179e+03 1.561173816684548228e+03 1.148617736790121135e+00
1.457974519839286586e+03 1.563176405882191830e+03 1.149222488449105128e+00
1.457995353119971924e+03 1.563136948795514172e+03 1.148242492727650221e+00
1.458016186399260505e+03 1.562991913025038684e+03 1.148390996082263138e+00
1.458037019677616627e+03 1.560185730812877409e+03 1.147639977305365822e+00
1.458057852955041426e+03 1.562366269090219475e+03 1.148288950752185844e+00
1.458078686231535357e+03 1.563877779586006000e+03 1.149667716741335832e+00
1.458099519506632987e+03 1.563049129540325112e+03 1.148273326531362493e+00
1.458120352781263591e+03 1.562654963037608013e+03 1.148566258277521124e+00
1.458141186054498121e+03 1.563736847108258416e+03 1.148517943179406142e+00
1.458162019327266989e+03 1.561808682607326546e+03 1.148593191375824940e+00
1.458182852598638419e+03 1.562483099208725662e+03 1.147722242105688517e+00
1.458203685869078527e+03 1.561355944986833720e+03 1.147348159767018760e+00
1.458224519138587539e+03 1.563099633641835226e+03 1.150654579540772549e+00
1.458245352406700022e+03 1.561073288628761247e+03 1.147863750772771363e+00
1.458266185674346616e+03 1.561679025956543001e+03 1.148546434283358453e+00
1.458287018940594862e+03 1.561067086873999415e+03 1.147727487325433726e+00
1.458307852206377902e+03 1.562662740961778127e+03 1.148274883772212096e+00
1.458328685470765549e+03 1.561404214672931403e+03 1.147816548536364722e+00
1.458349518734220965e+03 1.561118439955702797e+03 1.147990133123495626e+00
1.458370351996744830e+03 1.562044260106313914e+03 1.147902954675065645e+00
1.458391185258338055e+03 1.563209113009885641e+03 1.148238547602109527e+00
1.458412018518999503e+03 1.562539522119945786e+03 1.147837735258808278e+00
1.458432851778263512e+03 1.563922046324391886e+03 1.148684883721178940e+00
1.458453685037062542e+03 1.562744514410638885e+03 1.148379681228159921e+00
1.458474518294463905e+03 1.564057330259247465e+03 1.148691058550990407e+00
1.458495351550935084e+03 1.562909102885618040e+03 1.148182172353738428e+00
1.458516184806474485e+03 1.560932879202758841e+03 1.147590636370124484e+00
1.458537018061081653e+03 1.563952474931657434e+03 1.148509743422886586e+00
1.458557851314757954e+03 1.563159115052524839e+03 1.148171686044582973e+00
1.458578684567503387e+03 1.563257413689279474e+03 1.148358244983291865e+00
1.458599517819317953e+03 1.563005860077450507e+03 1.148216745348103141e+00
1.458620351069734625e+03 1.562990385357736159e+03 1.148148065541946927e+00
1.458641184319219974e+03 1.563701927157338787e+03 1.148625624422888958e+00
1.458662017568240117e+03 1.562740795421717166e+03 1.148184300751330378e+00
1.458682850815862366e+03 1.563028985887477120e+03 1.150278082687393510e+00
1.458703684062554430e+03 1.562684778833098335e+03 1.148353573593536625e+00
1.458724517308314489e+03 1.561915337523269727e+03 1.147592661987117957e+00
1.458745350552678019e+03 1.563570820661929929e+03 1.150286684376139235e+00
1.458766183796576115e+03 1.560640019099100073e+03 1.148141264823620666e+00
1.458787017039076545e+03 1.561360283956177454e+03 1.147532826870376388e+00
1.458807850281110859e+03 1.561897650812753227e+03 1.148227698436980582e+00
1.458828683521748644e+03 1.561880230004655459e+03 1.148280956991347468e+00
1.458849516761456016e+03 1.562398804165285583e+03 1.147887948306395289e+00
1.458870350000231156e+03 1.561338569654234334e+03 1.147507531052021523e+00
1.458891183238074973e+03 1.562069980469909979e+03 1.147472157524931813e+00
1.458912016474988377e+03 1.561403424054677089e+03 1.148239741523111368e+00
1.458932849710503888e+03 1.561648726340251642e+03 1.148160317116058815e+00
1.458953682945554647e+03 1.559583535129927213e+03 1.147328158873601067e+00
1.458974516179207512e+03 1.561185169881762931e+03 1.148024192707996383e+00
1.458995349411929510e+03 1.562834363530331757e+03 1.148022894724058940e+00
1.459016182644184937e+03 1.562179223831692980e+03 1.148711191378990915e+00
1.459037015875044517e+03 1.564024458322378450e+03 1.148936623823280767e+00
1.459057849104971865e+03 1.562085944851242175e+03 1.147850405562815590e+00
1.459078682333502911e+03 1.561854299429222920e+03 1.147752518638019303e+00
1.459099515561568523e+03 1.562966429854111311e+03 1.152017113896247169e+00
1.459120348788236925e+03 1.562721042961610010e+03 1.148523444249069714e+00
1.459141182014438982e+03 1.563584053681365049e+03 1.148040754854205314e+00
1.459162015239244511e+03 1.563216489267136922e+03 1.148263827316446051e+00
1.459182848463119626e+03 1.565312922406635153e+03 1.148519500088588163e+00
1.459203681686061373e+03 1.562987673256853896e+03 1.148054357441351980e+00
1.459224514908073616e+03 1.560651085861209822e+03 1.147388212456014411e+00
1.459245348129153626e+03 1.561869090929693130e+03 1.147637847898276942e+00
1.459266181349302087e+03 1.562758399388915905e+03 1.148561483943714157e+00
1.459287014568054474e+03 1.560286596468640255e+03 1.147619462121520550e+00
1.459307847786340517e+03 1.564963634033006429e+03 1.148388400942091936e+00
1.459328681003229576e+03 1.560846342980630652e+03 1.148303744253704739e+00
1.459349514219187995e+03 1.561537100995019955e+03 1.147537605483914369e+00
1.459370347434215546e+03 1.563637721137555445e+03 1.149345039363011134e+00
1.459391180648310637e+03 1.560978458743112924e+03 1.147181856021490587e+00
1.459412013861474406e+03 1.562714498752564623e+03 1.147854559730405954e+00
1.459432847073706398e+03 1.562311743755009729e+03 1.149095048606827429e+00
1.459453680284542997e+03 1.562288611381454757e+03 1.147584195923106565e+00
1.459474513494912571e+03 1.562594044840574497e+03 1.148407708644472613e+00
1.459495346703884934e+03 1.560927251041059208e+03 1.147741197489571263e+00
1.459516179911927566e+03 1.562320063567014358e+03 1.147733459576156134e+00
1.459537013119037965e+03 1.563537363182439776e+03 1.148127663266120146e+00
1.459557846325216815e+03 1.562010425787656231e+03 1.147677423062432922e+00
1.459578679530464342e+03 1.561966375469048671e+03 1.147818937255023819e+00
1.459599512734781456e+03 1.561817558987793745e+03 1.148343348374084805e+00
1.459620345937700904e+03 1.561033897969384043e+03 1.147393355307007701e+00
1.459641179140155145e+03 1.561385505562592698e+03 1.147259945412157700e+00
1.459662012341211494e+03 1.561410531825644512e+03 1.148691525553575676e+00
1.459682845541337429e+03 1.561952647538789734e+03 1.147366394043941140e+00
1.459703678740532041e+03 1.561120078819426908e+03 1.147479897200410548e+00
1.459724511938794421e+03 1.561052733561095692e+03 1.147523061815614032e+00
1.459745345136125934e+03 1.560723654227827865e+03 1.147795101774418791e+00
1.459766178332060463e+03 1.560451745819382040e+03 1.147235526812614870e+00
1.459787011527529557e+03 1.559235123020048604e+03 1.147514958834747301e+00
1.459807844721600986e+03 1.559637822270055949e+03 1.147231474313894939e+00
1.459828677915206526e+03 1.558964374637375613e+03 1.146906968172740848e+00
1.459849511107416902e+03 1.560853573392821318e+03 1.147435172583079588e+00
1.459870344298694818e+03 1.560638078517920803e+03 1.148299955059191246e+00
1.459891177489041638e+03 1.558192997262404333e+03 1.147328730332537239e+00
1.459912010677990565e+03 1.561429762937113992e+03 1.147262439197329176e+00
1.459932843866474968e+03 1.561342151888218950e+03 1.147454236599450228e+00
1.459953677054028503e+03 1.559181660483579435e+03 1.148536314573272321e+00
1.459974510240183463e+03 1.560899055367574192e+03 1.147411692759789048e+00
1.459995343425407555e+03 1.559186045826702866e+03 1.147194273785009155e+00
1.460016176609701006e+03 1.559400014273910074e+03 1.147474287239497848e+00
1.460037009793063135e+03 1.562294801651876696e+03 1.147933745675441486e+00
1.460057842975493486e+03 1.557657889106537823e+03 1.146404724993555169e+00
1.460078676156992060e+03 1.560691205108003714e+03 1.147768357672065198e+00
1.460099509337094332e+03 1.560058574143963142e+03 1.147212250727518645e+00
1.460120342516731398e+03 1.559415170213351530e+03 1.147319690857822927e+00
1.460141175694971025e+03 1.561032448777933041e+03 1.147813796310876766e+00
1.460162008872278875e+03 1.559641753016124539e+03 1.147154681952907707e+00
1.460182842048655402e+03 1.559323055762051354e+03 1.146872407666012839e+00
1.460203675224101517e+03 1.560471997392603726e+03 1.147301196078436281e+00
1.460224508398616081e+03 1.559680751073713282e+03 1.146901147528747833e+00
1.460245341571732979e+03 1.560937955445977650e+03 1.147514439410945331e+00
1.460266174744383989e+03 1.558597685554133932e+03 1.148898959708043677e+00
1.460287007915639151e+03 1.559063185272192186e+03 1.146917829831197944e+00
1.460307841085962536e+03 1.559645935647833312e+03 1.147012825981472472e+00
1.460328674255354144e+03 1.560521296388960081e+03 1.147722242105688517e+00
1.460349507423813975e+03 1.559168265419008321e+03 1.150804532625502530e+00
1.460370340591343847e+03 1.558492539236464836e+03 1.146455416727951482e+00
1.460391173757941942e+03 1.559939155828383036e+03 1.146777399883839088e+00
1.460412006923143053e+03 1.557832416740401641e+03 1.146761079374173598e+00
1.460432840087411932e+03 1.557845255555423364e+03 1.146568438227890674e+00
1.460453673250750853e+03 1.555806934509373150e+03 1.145808577992601718e+00
1.460474506413624113e+03 1.559940457003433039e+03 1.147868060671246138e+00
1.460495339574633363e+03 1.558662196333231122e+03 1.146908994997197118e+00
1.460516172735178088e+03 1.560148419041695206e+03 1.147817015894754489e+00
1.460537005894791037e+03 1.558062004132641505e+03 1.146634821468064613e+00
1.460557839053007001e+03 1.557067040367327081e+03 1.146315554093186417e+00
1.460578672210292098e+03 1.557082034809930292e+03 1.146345607801299016e+00
1.460620338522533075e+03 1.562071920742110706e+03 1.148114217293265460e+00
1.460641171676558542e+03 1.561935388704079969e+03 1.147635822361038116e+00
1.460662004830117439e+03 1.562411689575860237e+03 1.148072372833502941e+00
1.460682837982745468e+03 1.563258702143896016e+03 1.148228061807806899e+00
1.460703671133976513e+03 1.562094412999062570e+03 1.148314592700359960e+00
1.460724504284276918e+03 1.563444306695054820e+03 1.149866473697435110e+00
1.460745337434110979e+03 1.563446898000790043e+03 1.148632889299888049e+00
1.460766170582081941e+03 1.562338041827860934e+03 1.147985460235817490e+00
1.460787003729588378e+03 1.562922224220475073e+03 1.147880055604701965e+00
1.460807836876163037e+03 1.562236187191329236e+03 1.147925853288633613e+00
1.460828670021340031e+03 1.560862286697810987e+03 1.147764670572183121e+00
1.460849503166052045e+03 1.561574702728942157e+03 1.148224947196993861e+00
1.460870336309366849e+03 1.561633047013599253e+03 1.148036964791672609e+00
1.460891169451751011e+03 1.561871930651442426e+03 1.148021233302477961e+00
1.460912002593202942e+03 1.560906924246269227e+03 1.147178063121316427e+00
1.460932835733257889e+03 1.562384223245509247e+03 1.147642262518334011e+00
1.460953668872847629e+03 1.560160593222526131e+03 1.147515997681645805e+00
1.460974502011041068e+03 1.560967392123954596e+03 1.148242492727650221e+00
1.460995335148768390e+03 1.563446599845710125e+03 1.148238184234601666e+00
1.461016168285097592e+03 1.561855715849889521e+03 1.147691393496577339e+00
1.461037001420497063e+03 1.561031436479467402e+03 1.147566900027646497e+00
1.461057834554498641e+03 1.562024503052483396e+03 1.148282047052920474e+00
1.461078667688034557e+03 1.562567500032720091e+03 1.147919051253835754e+00
1.461099500820173034e+03 1.561580223411293673e+03 1.148860464253765867e+00
1.461120333951381099e+03 1.560982583499165457e+03 1.147815561890250580e+00
1.461141167082123502e+03 1.561954250751442032e+03 1.147632238709473285e+00
1.461162000211002578e+03 1.562117035161697231e+03 1.148239014788736245e+00
1.461182833339415993e+03 1.561302583450255497e+03 1.147936341843452057e+00
1.461203666466898994e+03 1.562700750168098693e+03 1.148225051017490506e+00
1.461224499592984557e+03 1.562643598354712822e+03 1.147780561368885621e+00
1.461245332718138570e+03 1.560449908460420374e+03 1.147446756478195606e+00
1.461266165842826467e+03 1.562001646694145393e+03 1.149851441117244688e+00
1.461286998965652401e+03 1.563236287836827614e+03 1.148082860049761011e+00
1.461307832088013129e+03 1.561611226824685446e+03 1.147898696832609255e+00
1.461328665209441624e+03 1.561000169096281070e+03 1.147427432605922393e+00
1.461349498329473590e+03 1.562177668051768251e+03 1.147827972798029617e+00
1.461370331448574461e+03 1.561330684823790307e+03 1.148035874497393749e+00
1.461391164566744010e+03 1.563707226806380959e+03 1.149000743361084043e+00
1.461411997683982463e+03 1.560937200536375713e+03 1.147345770068223469e+00
1.461432830800288457e+03 1.562648768475551833e+03 1.148280126467549733e+00
1.461453663915663583e+03 1.562010670834806660e+03 1.147667659237983084e+00
1.461474497029641952e+03 1.561680717981252883e+03 1.147906797104700560e+00
1.461495330142689454e+03 1.560326156693779694e+03 1.147506336369192415e+00
1.461516163254804496e+03 1.560853818133271716e+03 1.147872110922533162e+00
1.461536996365988443e+03 1.562230729982955154e+03 1.147901552704293504e+00
1.461557829476241977e+03 1.561493093296441884e+03 1.147650728153996047e+00
1.461578662585098982e+03 1.562618543601007559e+03 1.149434234519917775e+00
1.461599495693488507e+03 1.560179142423144867e+03 1.147357562663955610e+00
1.461620328800481502e+03 1.561507420739645340e+03 1.147544617543843071e+00
1.461641161906543402e+03 1.563449168727157257e+03 1.149091002666082106e+00
1.461661995011675117e+03 1.562375938115240842e+03 1.148265125028036238e+00
1.461682828115408029e+03 1.562700341751930409e+03 1.148282410406548104e+00
1.461703661218675961e+03 1.562496146183319297e+03 1.148142355017819360e+00
1.461724494320547365e+03 1.562437962535133465e+03 1.148226244952526010e+00
1.461745327421486991e+03 1.562310147176444843e+03 1.147675293724821355e+00
1.461766160521496431e+03 1.559107664984397843e+03 1.147035742364942656e+00
1.461786993620572503e+03 1.561914976553509632e+03 1.148106949134265475e+00
1.461807826718252954e+03 1.560156344596917961e+03 1.148551001097686264e+00
1.461828659815468427e+03 1.560559474056928138e+03 1.147802735413586905e+00
1.461849492911285552e+03 1.561016438843580090e+03 1.148010485923541157e+00
1.461870326006171126e+03 1.561808322500146232e+03 1.147897710257103521e+00
1.461891159100126060e+03 1.561775744973192559e+03 1.147863958479093061e+00
1.461911992193149445e+03 1.561341094525901326e+03 1.148160213289708853e+00
1.461932825285241506e+03 1.562238540388794263e+03 1.148551571948200678e+00
1.461953658375937039e+03 1.563525021665936038e+03 1.148148428937975751e+00
1.461974491465701476e+03 1.561597773736119734e+03 1.147602893895236287e+00
1.461995324554533909e+03 1.558925684125658790e+03 1.146837586252577479e+00
1.462016157642435019e+03 1.560920424705964933e+03 1.147542332136424870e+00
1.462036990729405034e+03 1.561206926830157727e+03 1.147570847462181076e+00
1.462057823815443498e+03 1.560958834339239047e+03 1.147547837882934241e+00
1.462078656900085662e+03 1.559427524960241271e+03 1.148221728756944948e+00
1.462099489983796502e+03 1.559026044401352237e+03 1.147475222234887848e+00
1.462120323066574429e+03 1.561823046152363077e+03 1.148879400858098920e+00
1.462141156148423079e+03 1.560410348062878938e+03 1.147565341826066065e+00
1.462161989229339497e+03 1.560132875280324470e+03 1.147325301574650069e+00
1.462182822309323456e+03 1.559652391609462939e+03 1.147404420150692772e+00
1.462203655387911567e+03 1.560508232493923742e+03 1.147301559742702093e+00
1.462224488466034018e+03 1.562376121296489828e+03 1.148149830607294808e+00
1.462245321542760394e+03 1.560390911723115096e+03 1.147615307102917592e+00
1.462266154618554538e+03 1.561515112250664288e+03 1.148061262509795677e+00
1.462286987693416904e+03 1.560181975722975494e+03 1.147365095315853623e+00
1.462307820767348403e+03 1.561069548875694636e+03 1.148672118841712386e+00
1.462328653840349034e+03 1.561035926735954263e+03 1.147412679753185394e+00
1.462349486911951317e+03 1.561515708400192125e+03 1.147791155111130390e+00
1.462370319983088393e+03 1.562681674862257751e+03 1.148423434839598523e+00
1.462391153052830077e+03 1.562076653275684293e+03 1.148572329955977578e+00
1.462411986121639529e+03 1.563928384849716849e+03 1.148289210288942597e+00
1.462432819189516522e+03 1.559907947152502175e+03 1.148211969561000467e+00
1.462453652256462647e+03 1.559667232330621118e+03 1.148657433865887700e+00
1.462474485322477904e+03 1.559592845574958574e+03 1.147268777543575702e+00
1.462495318387562520e+03 1.561472528409878578e+03 1.147724371356198203e+00
1.462516151451714450e+03 1.561414264343913601e+03 1.147874966860362278e+00
1.462536984514470532e+03 1.559173081439452972e+03 1.147111867200355961e+00
1.462557817576760499e+03 1.560389616342597719e+03 1.148180718811652179e+00
1.462578650638119598e+03 1.558422090564736891e+03 1.147586221551468277e+00
1.462599483698081485e+03 1.560504450769174355e+03 1.148664335309004247e+00
1.462620316757111596e+03 1.561447365471227158e+03 1.148142926071510139e+00
1.462641149815676044e+03 1.560193687853064603e+03 1.147658934047980361e+00
1.462661982872844419e+03 1.559528782492215214e+03 1.147872578258300580e+00
1.462682815929545995e+03 1.561111091265934419e+03 1.148452862487597814e+00
1.462703648984850588e+03 1.559821564670844054e+03 1.147426965088851558e+00
1.462724482039224085e+03 1.561150916394957903e+03 1.148141732049832608e+00
1.462745315093133058e+03 1.558950148829861519e+03 1.147842408747877352e+00
1.462766148145644365e+03 1.560693114608115593e+03 1.147783988766782226e+00
1.462786981197689556e+03 1.560146284812176418e+03 1.147755167147455735e+00
1.462807814248337536e+03 1.558816504005262459e+03 1.147323587191863892e+00
1.462828647298520082e+03 1.560598901257305897e+03 1.147737977693011002e+00
1.462849480347307008e+03 1.560276121767672748e+03 1.147704117349962250e+00
1.462870313395626454e+03 1.561030592847203252e+03 1.148378850775761073e+00
1.462891146443015032e+03 1.561125153062821028e+03 1.148166650505654696e+00
1.462911979489472515e+03 1.556778897437270643e+03 1.146586892842463401e+00
1.462932812534998902e+03 1.561300600219992020e+03 1.149309048194354643e+00
1.462953645580059401e+03 1.559247034861875136e+03 1.147604088477546691e+00
1.462974478623722462e+03 1.559921691413013377e+03 1.148080108462685933e+00
1.462995311666920998e+03 1.559342271152833291e+03 1.147398342292017759e+00
1.463016144709187529e+03 1.559222359960533595e+03 1.147502180940969785e+00
1.463036977750987489e+03 1.559628115643780575e+03 1.147829063289789175e+00
1.463057810791392058e+03 1.556658808323947142e+03 1.146650571978157007e+00
1.463078643831330510e+03 1.559739688247315598e+03 1.147586117673177641e+00
1.463099476870803073e+03 1.558506859246557951e+03 1.148642177897119643e+00
1.463120309909344087e+03 1.558280568395254704e+03 1.147380108522819908e+00
1.463141142946953551e+03 1.560673138506137775e+03 1.147814159812734491e+00
1.463161975984098945e+03 1.561988486718690638e+03 1.148486596958869566e+00
1.463182809020311424e+03 1.560699488994753210e+03 1.148712281032296278e+00
1.463203642056058470e+03 1.561210896117127277e+03 1.148363694913988819e+00
1.463224475091339627e+03 1.559028422289245555e+03 1.147643924488543687e+00
1.463245308125689917e+03 1.558357261948673340e+03 1.147852534575583894e+00
1.463266141159575909e+03 1.558526155531827044e+03 1.148053059491518813e+00
1.463286974192994421e+03 1.559134387815499394e+03 1.149143702522154475e+00
1.463307807225480929e+03 1.558734965437146684e+03 1.147688017756696377e+00
1.463328640257969482e+03 1.560478937585941139e+03 1.148528685809801830e+00
1.463349473289526031e+03 1.557577151228517096e+03 1.148993636436536292e+00
