1.382058278913969843e+03 6.375248912102314307e+02 1.028368130955047199e+00
1.382079112579750017e+03 6.365412530732088499e+02 1.023821110939704404e+00
1.382099946244597504e+03 6.379125999624087626e+02 1.024341329750886986e+00
1.382120779907581436e+03 6.381499519576713055e+02 1.027066849788428327e+00
1.382141613569170204e+03 6.368008605221174321e+02 1.027507290315404997e+00
1.382162447229360623e+03 6.388362118650803723e+02 1.024402251052766388e+00
1.382183280887688852e+03 6.389778524214960953e+02 1.013857491905606700e+00
1.382204114543690139e+03 6.374703710702243598e+02 9.985019072054555078e-01
1.382224948198292623e+03 6.371842443161436904e+02 9.823971512036380194e-01
1.382245781851032461e+03 6.370133151085707368e+02 9.662923093467427060e-01
1.382266615501444903e+03 6.383051892115867076e+02 9.527215259994668006e-01
1.382287449149529039e+03 6.371597937346539311e+02 9.408302286016314575e-01
1.382308282795750983e+03 6.373602614922775729e+02 9.284096920197822955e-01
1.382329116439643940e+03 6.382520743016931419e+02 9.119793883010591795e-01
1.382349950080742019e+03 6.377277179648450556e+02 8.876301119353257052e-01
1.382370783719978135e+03 6.364404413979526680e+02 8.618355292341026708e-01
1.382391617356886854e+03 6.379365694470782273e+02 8.439463987301538683e-01
1.382433284622786914e+03 6.388482652126939456e+02 8.144342434018608801e-01
1.382474951878908087e+03 6.375991379668736272e+02 8.007017514844851913e-01
1.382495785502776926e+03 6.386333204079954839e+02 7.980077210174706392e-01
1.382516619124318368e+03 6.385904154348012298e+02 7.990264273368193892e-01
1.383704131667159800e+03 6.398624708203661839e+02 7.976658206854974065e-01
1.383724965164371042e+03 6.372393791865740695e+02 7.971193649501981948e-01
1.383745798660183937e+03 6.387648002277052228e+02 7.978155158315004547e-01
1.383766632154135095e+03 6.393880952751458153e+02 7.999792036691332209e-01
1.383787465647153113e+03 6.387641073331852795e+02 7.987663039929906450e-01
1.383808299138308485e+03 6.392688968277572030e+02 7.972712933844879890e-01
1.383829132628066873e+03 6.379676398543366531e+02 7.971746218010111740e-01
1.383849966116430096e+03 6.365449873771578950e+02 7.973722888370008421e-01
1.383870799603395881e+03 6.395948364255783645e+02 7.972058002281016131e-01
1.383891633088499020e+03 6.365417190216816152e+02 7.964290418201941391e-01
1.383912466572669928e+03 6.375401721430824864e+02 7.967255022025043765e-01
1.383933300054978190e+03 6.363580217284441005e+02 7.963812177083344768e-01
1.383954133536356039e+03 6.380568114311614636e+02 7.962836146782347191e-01
1.383974967015870334e+03 6.369953038464085466e+02 7.960667718840245266e-01
1.383995800494452851e+03 6.373906223395619008e+02 7.981182199069181138e-01
1.384016633971174542e+03 6.367006710021104254e+02 7.959091841083327790e-01
1.384037467446963547e+03 6.356157127981692838e+02 7.953186544543688896e-01
1.384058300921356022e+03 6.362973090350122902e+02 7.957814885440022135e-01
1.384079134394351968e+03 6.355634840614735594e+02 7.965431644432067193e-01
1.384099967865950475e+03 6.377437761531331262e+02 7.963422602646417214e-01
1.384120801336151999e+03 6.368657429181704401e+02 7.980300909024156120e-01
1.384141634805423109e+03 6.371623351042401282e+02 7.958426052239107040e-01
1.384162468272829983e+03 6.363969619632298418e+02 7.955636472937248627e-01
1.384183301739305534e+03 6.360868789462305131e+02 7.955628606199223185e-01
1.384204135204383874e+03 6.360754250959579394e+02 7.959246484851968395e-01
1.384224968668533165e+03 6.352608423610159889e+02 7.957965809056686268e-01
1.384245802130817992e+03 6.355400506481337288e+02 7.950914656606996589e-01
1.384266635592637613e+03 6.357481945538555692e+02 7.965686807733117769e-01
1.384349969425481049e+03 6.339228684624748666e+02 7.957554601013988593e-01
1.384370802880781866e+03 6.346439467696770862e+02 7.951265113862978628e-01
1.384391636335150451e+03 6.352826028010020991e+02 7.968159448021228108e-01
1.384412469788122053e+03 6.343573239209030135e+02 7.953650436581556349e-01
1.384433303239698034e+03 6.327527366820905854e+02 7.940906799792689652e-01
1.384454136690341329e+03 6.338250135803549483e+02 7.947958581563101532e-01
1.384474970139588095e+03 6.333271202522961403e+02 7.945364127652485564e-01
1.384495803587903083e+03 6.326230902536061649e+02 7.941285469724130852e-01
1.384516637034821542e+03 6.329897102305644694e+02 7.945140570446713735e-01
1.384537470480807997e+03 6.339725451834646037e+02 7.950316782104110969e-01
1.384558303925398832e+03 6.332969393698821250e+02 7.949725235683351432e-01
1.384579137369058117e+03 6.342426182418452072e+02 7.957312285414085418e-01
1.384599970811786079e+03 6.338475830489493319e+02 7.953538775219473056e-01
1.384620804253117058e+03 6.338336001103693889e+02 7.947317359964050087e-01
1.384641637693515349e+03 6.323777165007314807e+02 7.949017421412983841e-01
1.384662471132517567e+03 6.317834408668924198e+02 7.943592001531488700e-01
1.384683304570588916e+03 6.332571438523283405e+02 7.950019140040551768e-01
1.384704138007728943e+03 6.336618842090691714e+02 7.952765346106851485e-01
1.384724971443471986e+03 6.316394682254693862e+02 7.943111763802885861e-01
1.384745804878282797e+03 6.323665658419166675e+02 7.942813476533623351e-01
1.384766638312162968e+03 6.317596377859251788e+02 7.953837409647513956e-01
1.384787471744645472e+03 6.306859729168978674e+02 7.939332630326996210e-01
1.384808305176662543e+03 6.311711360994660254e+02 7.946899975652296222e-01
1.384829138606817196e+03 6.313386390900853939e+02 7.948410030532742088e-01
1.384849972036506188e+03 6.305966317928456419e+02 7.936029388082026514e-01
1.384870805464797968e+03 6.300697841356102344e+02 7.937183313735488577e-01
1.384891638892157971e+03 6.327746394260564102e+02 7.944632291981250649e-01
1.384912472318587788e+03 6.321116400344714066e+02 7.953606971271247605e-01
1.384933305744085828e+03 6.312033927892254042e+02 7.950113981857361845e-01
1.384954139168187794e+03 6.314384085512718912e+02 7.939638930958299312e-01
1.384974972591823644e+03 6.315156766858892752e+02 7.949361214075821858e-01
1.384995806014061600e+03 6.313398997143856377e+02 7.940879027451711591e-01
1.385016639434903027e+03 6.306681637704419927e+02 7.941240810879542922e-01
1.385037472855278793e+03 6.307125540471785143e+02 7.941234806309857008e-01
1.385058306274723464e+03 6.307627688333692504e+02 7.940441787930071493e-01
1.385079139692771150e+03 6.301287226455179962e+02 7.936560372432935884e-01
1.385099973109888197e+03 6.287223946088381581e+02 7.930263254094144232e-01
1.385120806526072556e+03 6.305188587363314809e+02 7.939556726434295886e-01
1.385141639941326048e+03 6.285421214050487606e+02 7.945232844820836471e-01
1.385162473355647990e+03 6.295705291382915902e+02 7.942326812753097709e-01
1.385204140181033381e+03 6.295098661634308428e+02 7.949745104560147491e-01
1.385224973592562037e+03 6.297921433936957101e+02 7.935072099517958000e-01
1.385245807002693027e+03 6.271259418637345107e+02 7.924494804862483033e-01
1.385266640412357901e+03 6.284558653105713120e+02 7.932498978435307269e-01
1.385287473820626929e+03 6.276880762359410255e+02 7.927738570320050915e-01
1.385308307227965088e+03 6.282058204916113482e+02 7.927357373574120958e-01
1.385329140634837131e+03 6.279250536398525355e+02 7.929771685975530726e-01
1.385349974040311054e+03 6.271611924931124804e+02 7.929536789838405042e-01
1.385370807444854108e+03 6.278137347768409882e+02 7.934550030022153866e-01
1.385391640848466068e+03 6.291382217842966611e+02 7.936091350604551620e-01
1.385412474251147160e+03 6.279314572918179920e+02 7.928846342826648685e-01
1.385433307652896929e+03 6.292905484387049455e+02 7.940182810679903280e-01
1.385454141053714920e+03 6.288105708631322841e+02 7.937925597668017419e-01
1.385474974453601590e+03 6.289888625120337338e+02 7.944110475610406397e-01
1.385495807852556027e+03 6.280436155576915098e+02 7.939715879627340378e-01
1.385516641250580960e+03 6.293860363013826600e+02 7.940716895090023097e-01
1.385537474647674117e+03 6.290293116342735402e+02 7.936392894641485229e-01
1.385558308043835950e+03 6.286660424451696372e+02 7.932938158453741728e-01
1.385579141439066007e+03 6.291810560755043298e+02 7.948096568686762176e-01
1.385599974833364513e+03 6.280324614807851731e+02 7.938741016241704918e-01
1.385620808227196903e+03 6.283532176795042687e+02 7.932586140133366381e-01
1.385641641619633901e+03 6.287759471488819827e+02 7.936637350949753422e-01
1.385662475011139122e+03 6.303237464081494181e+02 7.955813285187305350e-01
1.385683308401712566e+03 6.288059278096735625e+02 7.940396749015051769e-01
1.385704141791820803e+03 6.286320878806467363e+02 7.937456281045977002e-01
1.385724975180530919e+03 6.288277147691411528e+02 7.939469265892071803e-01
1.385745808568775828e+03 6.287777033211414164e+02 7.939044336584613060e-01
1.385766641955624436e+03 6.284755414042464281e+02 7.935036419602808921e-01
1.385787475342008065e+03 6.293388251540974352e+02 7.939702366744320061e-01
1.385808308727459917e+03 6.291026561793347582e+02 7.944439475258767702e-01
1.385829142111979536e+03 6.295071135077606641e+02 7.942348576303893681e-01
1.385849975495567833e+03 6.297201318295664123e+02 7.948327541771819105e-01
1.385974975778472981e+03 6.312248026850255656e+02 7.963699535520738504e-01
1.385995809156008818e+03 6.308815441765697187e+02 7.949267113090939807e-01
1.386016642532612877e+03 6.311526491435014350e+02 7.955973611542411783e-01
1.386037475908750821e+03 6.316100118818980036e+02 7.956240315517575379e-01
1.386058309283492008e+03 6.325911610641541074e+02 7.959905091371656249e-01
1.386079142657301418e+03 6.324905628537860593e+02 7.976772159880991531e-01
1.386099976030644939e+03 6.319445918691168345e+02 7.957048239149067115e-01
1.386120809403058047e+03 6.320576405053524240e+02 7.955853367078977723e-01
1.386141642774539832e+03 6.316699959005281926e+02 7.962404978737606109e-01
1.386162476145090977e+03 6.325280675186353392e+02 7.974779428523007807e-01
1.386183309514710800e+03 6.320499700911949503e+02 7.964295282791910013e-01
1.386204142883863369e+03 6.317027769694508379e+02 7.966981953469874922e-01
1.386224976252085071e+03 6.326089270359844932e+02 7.968043127684327764e-01
1.386245809618909789e+03 6.335952460505670842e+02 7.965741056941448850e-01
1.386266642985734961e+03 6.323554453986446333e+02 7.977627689627163621e-01
1.386287476351163150e+03 6.335472690201337400e+02 7.968846114831853455e-01
1.386308309715660016e+03 6.329259797681726241e+02 7.970389029294935312e-01
1.386329143079690084e+03 6.327024321718326973e+02 7.980679950356139862e-01
1.386349976442788829e+03 6.313355426787078386e+02 7.959771801897992383e-01
1.386370809804957844e+03 6.317894549672583935e+02 7.964356651210177107e-01
1.386391643166659833e+03 6.321105090420796841e+02 7.963014670466161959e-01
1.386412476526967112e+03 6.325958849611662345e+02 7.963452916038527007e-01
1.386433309886806910e+03 6.339121987050091320e+02 7.972227347620055582e-01
1.386454143245714931e+03 6.311576477315503553e+02 7.961327330803236180e-01
1.386474976603692994e+03 6.314116482474840950e+02 7.972838904808396965e-01
1.386495809961204941e+03 6.314284449112216180e+02 7.979726897875001335e-01
1.386516643317785110e+03 6.338741177678967915e+02 7.969113509918914762e-01
1.386537476673433957e+03 6.316380490188597605e+02 7.961220269239760450e-01
1.386558310028151482e+03 6.308870301141600976e+02 7.976907033326191554e-01
1.386579143381937001e+03 6.305537884330766474e+02 7.957583813215425295e-01
1.386599976735257997e+03 6.311748126143314721e+02 7.961561663326958138e-01
1.386620810087648351e+03 6.313968040783968263e+02 7.961493909743766473e-01
1.386641643439107611e+03 6.311799346571004889e+02 7.979136037809252402e-01
1.386662476790099845e+03 6.299550710056072376e+02 7.964016125360446896e-01
1.386683310140160529e+03 6.305787037434812419e+02 7.960521713345106720e-01
1.386704143489289891e+03 6.305986481315111405e+02 7.970593557093114123e-01
1.386724976837489066e+03 6.306429762490954545e+02 7.960115504481124482e-01
1.386745810185221671e+03 6.298227637860846926e+02 7.963842863212967638e-01
1.386766643532022954e+03 6.293272339458726492e+02 7.960452453391739791e-01
1.386787476877894505e+03 6.310914252818130308e+02 7.959855295284512522e-01
1.386808310222832915e+03 6.297541541745473523e+02 7.959380157552904400e-01
1.386829143567305891e+03 6.302031465930857621e+02 7.960994162465487856e-01
1.386849976910848000e+03 6.298015804833727316e+02 7.965442120505623613e-01
1.386870810253923992e+03 6.305526622490606314e+02 7.963016541762406586e-01
1.386891643595603455e+03 6.308446403982070478e+02 7.961784759448482518e-01
1.386912476936816347e+03 6.294056683647485215e+02 7.966222923348915685e-01
1.386933310277564033e+03 6.293808233778439671e+02 7.960510856419270587e-01
1.386954143616915644e+03 6.307852798552286231e+02 7.966363961030011875e-01
1.386974976955802049e+03 6.308627552608492124e+02 7.964520921661353281e-01
1.386995810293755994e+03 6.310169325965215421e+02 7.967078089631443039e-01
1.387016643631243824e+03 6.302961475315104281e+02 7.969438485715486520e-01
1.387037476967800558e+03 6.312436019447839044e+02 7.976264402552581956e-01
1.387058310303425969e+03 6.294387070397369826e+02 7.970694136480129810e-01
1.387079143638120058e+03 6.314668351736740988e+02 7.974033474126916987e-01
1.387099976972349396e+03 6.305012647530413687e+02 7.968989723938041392e-01
1.387120810306113071e+03 6.313630438087101311e+02 7.976136243828316763e-01
1.387141643638478854e+03 6.288623208450372886e+02 7.964094709541160721e-01
1.387162476970378975e+03 6.316180998722070399e+02 7.977823439867057775e-01
1.387183310301348001e+03 6.313926447960390078e+02 7.971806407530190874e-01
1.387204143631850911e+03 6.304460458916671541e+02 7.979012780826255646e-01
1.387224976960958429e+03 6.305587721498803830e+02 7.966365083335762431e-01
1.387245810290065947e+03 6.320670930799769849e+02 7.977879100794860179e-01
1.387266643617775117e+03 6.318240339463731061e+02 7.982255299703663320e-01
1.387287476945018625e+03 6.305151594053788813e+02 7.974906114246840261e-01
1.387308310271329901e+03 6.314718485769680001e+02 7.982866088663423954e-01
1.387329143597176881e+03 6.300987600763936598e+02 7.982514405373448696e-01
1.387349976922093447e+03 6.307171205997289007e+02 7.976409372621541261e-01
1.387370810246078008e+03 6.306673583984375000e+02 7.974297331703761316e-01
1.387391643569596908e+03 6.320704100054177843e+02 7.984719450028501253e-01
1.387412476892183349e+03 6.329512578384174049e+02 7.988230138489259557e-01
1.387433310214304129e+03 6.335678463299587975e+02 7.984197267468995385e-01
1.387454143535494495e+03 6.313724494847674578e+02 7.992036864650081673e-01
1.387474976855753994e+03 6.317226991356473036e+02 7.995362442632951705e-01
1.387495810175082624e+03 6.324182511401618285e+02 7.985485678982577884e-01
1.387516643493943548e+03 6.321784837150747762e+02 7.985012066353678328e-01
1.387537476812338809e+03 6.327836032360296485e+02 7.986441402700129588e-01
1.387558310129339134e+03 6.321927657233918580e+02 7.989689112978038965e-01
1.387579143445872887e+03 6.325295351496235980e+02 7.990144544948286631e-01
1.387599976761941889e+03 6.316578173148639053e+02 7.982713395804784673e-01
1.387620810077078204e+03 6.323952348267854404e+02 7.987164930022715437e-01
1.387641643391282969e+03 6.323817617371471442e+02 7.982192575452874417e-01
1.387662476705022073e+03 6.318387157110477119e+02 7.989364214847127776e-01
1.387683310017830081e+03 6.335427764115456739e+02 7.989504844018050500e-01
1.387704143329708131e+03 6.314411208122630796e+02 7.979240991496905355e-01
1.387724976641120065e+03 6.326844807273664628e+02 7.994584485744141711e-01
1.387787476570696981e+03 6.330698630231077004e+02 7.987680948921107582e-01
1.387808309879314947e+03 6.334645059636569613e+02 8.001839619958843741e-01
1.387829143187001137e+03 6.338047226797860958e+02 7.992985093636312266e-01
1.387849976493756003e+03 6.339817044203864498e+02 7.996059072891724684e-01
1.387870809800045208e+03 6.338100667587277712e+02 7.994055864270137590e-01
1.387891643105403091e+03 6.320581669434615151e+02 8.009637764182508946e-01
1.387912476410294857e+03 6.321292210064938217e+02 7.992930283620275356e-01
1.387933309714256211e+03 6.336744791330136195e+02 7.996919247384471907e-01
1.387954143017284878e+03 6.335115229242110217e+02 7.998344220233981616e-01
1.387974976319848793e+03 6.334343166406235923e+02 7.995116054320030585e-01
1.387995809621481840e+03 6.343387469481089056e+02 8.018333408776220361e-01
1.388016642922647861e+03 6.339923278432037250e+02 8.006656842462619439e-01
1.388037476222883924e+03 6.345853560063978875e+02 8.000581407281470714e-01
1.388058309522653872e+03 6.327409367374078784e+02 7.999178814464646958e-01
1.388079142821492951e+03 6.334172097726846005e+02 8.007038730361396572e-01
1.388099976119866824e+03 6.337632173429806244e+02 7.999332683268601807e-01
1.388120809417307555e+03 6.337843020195316512e+02 7.998243615941027507e-01
1.388141642713816964e+03 6.353988959544246882e+02 8.009211348261907615e-01
1.388162476009862530e+03 6.353250683724868395e+02 8.008286252778190617e-01
1.388183309304975865e+03 6.336148461895635364e+02 8.001749488151921330e-01
1.388204142599623992e+03 6.354962244904456838e+02 8.034195400680324006e-01
1.388224975893339888e+03 6.352488825832588191e+02 8.010475646266081995e-01
1.388245809186591032e+03 6.361328996002240501e+02 8.018744473295619235e-01
1.388266642478909944e+03 6.349486752949981110e+02 8.009415256787539850e-01
1.388287475770297988e+03 6.344890306705411831e+02 8.008559401500539021e-01
1.388308309061219916e+03 6.343278177045234543e+02 8.013902163003306933e-01
1.388329142351677547e+03 6.350218304760413730e+02 8.009027900571946690e-01
1.388349975641202946e+03 6.355416719976190052e+02 8.017334278036637452e-01
1.388370808929796567e+03 6.350001468840762300e+02 8.008659504081012681e-01
1.388391642217924073e+03 6.356808839161229798e+02 8.019390017626435441e-01
1.388412475505587508e+03 6.353813890629359094e+02 8.012828837414843752e-01
1.388433308791853960e+03 6.356084548122490787e+02 8.014446580905272288e-01
1.388454142078119503e+03 6.362583076376615736e+02 8.016596001004968608e-01
1.388474975363453495e+03 6.335513282135881354e+02 8.004179712020460524e-01
1.388495808647856393e+03 6.344516401152134222e+02 8.013436924137338213e-01
1.388516641931793856e+03 6.358558674145516534e+02 8.027215664252412841e-01
1.388537475214799997e+03 6.348386239471496992e+02 8.014867140727180983e-01
1.388558308497340931e+03 6.337266241915433511e+02 8.011727469303291382e-01
1.388579141778950543e+03 6.349840322447774952e+02 8.013295971140134144e-01
1.388599975059627923e+03 6.359909896645457366e+02 8.017975847274017021e-01
1.388620808340304848e+03 6.340204151639552492e+02 8.038723344386446978e-01
1.388641641619586608e+03 6.335879880732929905e+02 8.026348340023611305e-01
1.388662474898867913e+03 6.343573692381602314e+02 8.013687211872014826e-01
1.388683308176752007e+03 6.346766857113177593e+02 8.020750804988474592e-01
1.388704141454169985e+03 6.343132578860393096e+02 8.022525947293467352e-01
1.388724974731122074e+03 6.342493435642378472e+02 8.019156631661126244e-01
1.388745808007143523e+03 6.336968237746046952e+02 8.016143558972711469e-01
1.388766641282698856e+03 6.334568521134808634e+02 8.022741776030086758e-01
1.388787474557323549e+03 6.345613018539539780e+02 8.013424279378663639e-01
1.388808307831483035e+03 6.344295816970037549e+02 8.021580095744050842e-01
1.388829141104709834e+03 6.326662451979578918e+02 8.028873195804722140e-01
1.388849974377470971e+03 6.346025055879578076e+02 8.029825240047033796e-01
1.388870807649301014e+03 6.342060528934849799e+02 8.027911015350490676e-01
1.388891640913216179e+03 6.320058844557727298e+02 8.018138275837238815e-01
1.388912474183649010e+03 6.332283420285350530e+02 8.010416119347707475e-01
1.388933307453617545e+03 6.341638709377890564e+02 8.028429241065551114e-01
1.388954140722653847e+03 6.324775002190721125e+02 8.015568396533894191e-01
1.388974973991224033e+03 6.334686848461973341e+02 8.014831444198839971e-01
1.388995807258863351e+03 6.324022541374740740e+02 8.007985927285511396e-01
1.389016640526037008e+03 6.328584798727080170e+02 8.019627484591018707e-01
1.389037473792745004e+03 6.340136864513669934e+02 8.023007003393138881e-01
1.389058307058522132e+03 6.345011905724345525e+02 8.026456760677603830e-01
1.389079140323367028e+03 6.336723014057200771e+02 8.020346903397395089e-01
1.389099973587747172e+03 6.334650584086897425e+02 8.023282993987073120e-01
1.389120806851661200e+03 6.332718716108739727e+02 8.020217962727850258e-01
1.389162473377161859e+03 6.335216813494711232e+02 8.020810998332315034e-01
1.389183306638747126e+03 6.338123678014294455e+02 8.022450164397627592e-01
1.389204139899867187e+03 6.345113144307907760e+02 8.023973857480494187e-01
1.389224973160055924e+03 6.328018219440807570e+02 8.030982758940642396e-01
1.389245806419779001e+03 6.341626557454333124e+02 8.033131835383741093e-01
1.389266639678570982e+03 6.320062128329385587e+02 8.015203647061032166e-01
1.389287472936898212e+03 6.348470309537162848e+02 8.036003175719655944e-01
1.389308306194758188e+03 6.327010902149365847e+02 8.023502145300637212e-01
1.389329139451686842e+03 6.339764400299607132e+02 8.035699806503088238e-01
1.389349972707685083e+03 6.344143567849961300e+02 8.035652705365328163e-01
1.389370805963682415e+03 6.328169070561714307e+02 8.022453879262149146e-01
1.389391639218284126e+03 6.329757093116990063e+02 8.024346750475446211e-01
1.389433305726554863e+03 6.329428584663868378e+02 8.023760290440873355e-01
1.389454138979293020e+03 6.348930862203598053e+02 8.040501561201414127e-01
1.389474972231565062e+03 6.328300648818444643e+02 8.033963928626943751e-01
1.389495805483371896e+03 6.330632177800421232e+02 8.024194846954710858e-01
1.389516638734247408e+03 6.328439826165886188e+02 8.025045321089975259e-01
1.389537471984658168e+03 6.324219270747242945e+02 8.021993594450237408e-01
1.389558305234137151e+03 6.321836142008141906e+02 8.028855378696057032e-01
1.389579138483150018e+03 6.312254437258548023e+02 8.016364392538511963e-01
1.389599971731696996e+03 6.334560710960057577e+02 8.030813168175163774e-01
1.389620804979313561e+03 6.327566074642498961e+02 8.025017839928878516e-01
1.389641638225998122e+03 6.339510371131391366e+02 8.051939176294663492e-01
1.389662471472683137e+03 6.315557035392961325e+02 8.022850616891126219e-01
1.389683304718435920e+03 6.311616700396986062e+02 8.029988542337188617e-01
1.389704137963257836e+03 6.312712802283926976e+02 8.033718353228145315e-01
1.389724971207614090e+03 6.321017517793978868e+02 8.023519974296745572e-01
1.389745804451505137e+03 6.318592942364932696e+02 8.029813734533174374e-01
1.389766637694464862e+03 6.306885677887171369e+02 8.037076002123527685e-01
1.389787470936958925e+03 6.309462015262140540e+02 8.025411851362360682e-01
1.389808304178520984e+03 6.315269731178792654e+02 8.044636239030498182e-01
1.389829137420083043e+03 6.306519840860081558e+02 8.030462100199456943e-01
1.389849970660248346e+03 6.313647459492607368e+02 8.037257326416731296e-01
1.389870803900415012e+03 6.305103569906052599e+02 8.020749690292662271e-01
1.389891637139648992e+03 6.312813736082578089e+02 8.025817726042709932e-01
1.389912470377952104e+03 6.311134788250964220e+02 8.033418236543671265e-01
1.389933303615788645e+03 6.323732010024991723e+02 8.030362269399520248e-01
1.389954136853159980e+03 6.307657862867365566e+02 8.024436999860731223e-01
1.389995803325574798e+03 6.308324041929978421e+02 8.028831993680931589e-01
1.390016636561083942e+03 6.308061604210798805e+02 8.027684559513685869e-01
1.390058303029772560e+03 6.311853752685649397e+02 8.037419736114357338e-01
1.390079136263419059e+03 6.317303867316130663e+02 8.049337140034337201e-01
1.390099969496134008e+03 6.313916390123761175e+02 8.034060005176620889e-01
1.390120802728383524e+03 6.306193965278031328e+02 8.027073096842953781e-01
1.390141635959701944e+03 6.309832134665925878e+02 8.030966059790090039e-01
1.390162469191020136e+03 6.294003289124378853e+02 8.024502365036846330e-01
1.390183302420939981e+03 6.315327169403987000e+02 8.047413113573259613e-01
1.390204135650861190e+03 6.302998742819635254e+02 8.038322199627165876e-01
1.390224968879851076e+03 6.317851520966088401e+02 8.035505837052948630e-01
1.390287468563094990e+03 6.311730957868687710e+02 8.049297153402437122e-01
1.390308301789756570e+03 6.317894307184873242e+02 8.037893597708474225e-01
1.390329135015486827e+03 6.293907031169395623e+02 8.034163128534503873e-01
1.390349968240750513e+03 6.304039017983685653e+02 8.036143730435225674e-01
1.390370801465549448e+03 6.305443961626227747e+02 8.035169068262746350e-01
1.390391634689417060e+03 6.286053166116272450e+02 8.028059507513428672e-01
1.390412467912819011e+03 6.291029289155811739e+02 8.023756576181199085e-01
1.390433301135754846e+03 6.286525870789565715e+02 8.025597152596292139e-01
1.390454134357759358e+03 6.288765042133378529e+02 8.030330724093175387e-01
1.390474967579299118e+03 6.292498796952361317e+02 8.032277765081862198e-01
1.390495800800371853e+03 6.272886086111274153e+02 8.020482530394944520e-01
1.390516634020514630e+03 6.282025123773646555e+02 8.023934858706185391e-01
1.390537467240656497e+03 6.286198629379858858e+02 8.026454532870684888e-01
1.390558300459401380e+03 6.265450562843184343e+02 8.024741537620103671e-01
1.390579133678147173e+03 6.283429966113546925e+02 8.023100610957318857e-01
1.390599966895960506e+03 6.281787269240792284e+02 8.027123961026972898e-01
1.390620800113309087e+03 6.269612321040821143e+02 8.020721822846994531e-01
1.390641633330190871e+03 6.271948434395536651e+02 8.023208332596267756e-01
1.390662466546141786e+03 6.283568024001923504e+02 8.022083498805294699e-01
1.390683299761627040e+03 6.268330475650515154e+02 8.023139242332103516e-01
1.390704132976647543e+03 6.285867150889758932e+02 8.040134977493480495e-01
1.390724966190735813e+03 6.276974349424657476e+02 8.035226557326210495e-01
1.390745799404359332e+03 6.266869299410201393e+02 8.028117418712512610e-01
1.390766632617516507e+03 6.276512349354284197e+02 8.023515517051432733e-01
1.390787465830207566e+03 6.273861893953356912e+02 8.023187531289009966e-01
1.390808299041967985e+03 6.277414300130773199e+02 8.025220604119334133e-01
1.390829132253262969e+03 6.263245890628938923e+02 8.022613616809277648e-01
1.390849965464091838e+03 6.279112715735160464e+02 8.037269562878128770e-01
1.390870798673990521e+03 6.280405988640352462e+02 8.023028548088001477e-01
1.390891631883887385e+03 6.274735195726576649e+02 8.051155951533562893e-01
1.390912465092853381e+03 6.269317141539828526e+02 8.021294014982209841e-01
1.390933298300888964e+03 6.280756820004377232e+02 8.035824419205426228e-01
1.390954131508923183e+03 6.289074970004101033e+02 8.032313755107104436e-01
1.390974964716026989e+03 6.289576249860658663e+02 8.037477209079638696e-01
1.390995797922666043e+03 6.280242360085203472e+02 8.029140076513230362e-01
1.391016631128837616e+03 6.289323769813971694e+02 8.031469616688865498e-01
1.391037464334077868e+03 6.276668883464584496e+02 8.033760643182319416e-01
1.391058297539319483e+03 6.270961319093161137e+02 8.024640521497993229e-01
1.391079130743628866e+03 6.291683779421854297e+02 8.034129001526636449e-01
1.391099963947007382e+03 6.288710332263764258e+02 8.033165224645808511e-01
1.391120797150385897e+03 6.280142083068880083e+02 8.035121593113154770e-01
1.391141630352832635e+03 6.281544390869363497e+02 8.026151174053614001e-01
1.391162463554814167e+03 6.285642665736419303e+02 8.033859689835309847e-01
1.391183296756330492e+03 6.283768538897653571e+02 8.033014971873595478e-01
1.391204129957380474e+03 6.275434424416598631e+02 8.020288192917305325e-01
1.391224963157499587e+03 6.268449985052526472e+02 8.020470639900578735e-01
1.391245796357151903e+03 6.284760389182001745e+02 8.027164429381112853e-01
1.391266629556805128e+03 6.288802516354362524e+02 8.034711366464953874e-01
1.391287462755060915e+03 6.278084962570011385e+02 8.021122361627505137e-01
1.391308295953317611e+03 6.279283930062890704e+02 8.022302311393000318e-01
1.391329129150642984e+03 6.276010096411096129e+02 8.030596814144339568e-01
1.391349962347967448e+03 6.282765245766319140e+02 8.024342665088312065e-01
1.391370795544360590e+03 6.284082695980724793e+02 8.029529431760482616e-01
1.391391628740288525e+03 6.293046947220999527e+02 8.027961131762547664e-01
1.391412461935285137e+03 6.291445323373673091e+02 8.028232868638512931e-01
1.391433295130281522e+03 6.291003961963270967e+02 8.025686273910557222e-01
1.391454128324347039e+03 6.299855688241192411e+02 8.034733992531069013e-01
1.391474961517947122e+03 6.299102717500686595e+02 8.027696439322909994e-01
1.391495794711079952e+03 6.292212017780525457e+02 8.026901567072521892e-01
1.391516627903748031e+03 6.307193145287320704e+02 8.044905189965475545e-01
1.391537461095951130e+03 6.301709069888219119e+02 8.029645603691939471e-01
1.391579127478494684e+03 6.312993096900730734e+02 8.037302934950888433e-01
1.391599960668834456e+03 6.313458114652372615e+02 8.031995775797291515e-01
1.391620793858708112e+03 6.305173035304255791e+02 8.048981326079297505e-01
1.391641627048116334e+03 6.310186021350035617e+02 8.035673474404984029e-01
1.391662460237059349e+03 6.312638617598757946e+02 8.039082207391455848e-01
1.391683293425071042e+03 6.321966919856350842e+02 8.039031789589399235e-01
1.391704126613083645e+03 6.319381221090599183e+02 8.035536249398615993e-01
1.391724959800163106e+03 6.311300065407284592e+02 8.033565884966307191e-01
1.391745792987243021e+03 6.306780687139990960e+02 8.042968987144848425e-01
1.391766626173392069e+03 6.315654609057327207e+02 8.032088165482276221e-01
1.391787459359075456e+03 6.324529577730040728e+02 8.036687383315183064e-01
1.391808292544293636e+03 6.300535486484918692e+02 8.028143033148089636e-01
1.391849958913332102e+03 6.319464987924511661e+02 8.065129657064985524e-01
1.391870792097151934e+03 6.317512789067365020e+02 8.032668823310705752e-01
1.391891625280042035e+03 6.321684873693677673e+02 8.028744020871093623e-01
1.391912458462931454e+03 6.315877687781642180e+02 8.026484979511736562e-01
1.391933291644889323e+03 6.311942147986607097e+02 8.027285461956681356e-01
1.391954124826847874e+03 6.319193572633986378e+02 8.031756448177292951e-01
1.391974958007874193e+03 6.294200073936391391e+02 8.023021861809580546e-01
1.391995791188434850e+03 6.303219742106177819e+02 8.028413650235538546e-01
1.392016624368995963e+03 6.311699840526633807e+02 8.027428396850696535e-01
1.392037457548626662e+03 6.305647309658038466e+02 8.037712658550182354e-01
1.392058290727790791e+03 6.298765934200822585e+02 8.019708868364752163e-01
1.392079123906489485e+03 6.296097715162529767e+02 8.016190031188094034e-01
1.392099957084721609e+03 6.294520402921242521e+02 8.013691302691308138e-01
1.392120790262488526e+03 6.308219696091543938e+02 8.039618247705073717e-01
1.392141623439790010e+03 6.292785140273334719e+02 8.012306255075124506e-01
1.392162456616625605e+03 6.306910421607236685e+02 8.021934524511448172e-01
1.392183289792997130e+03 6.301788810253652855e+02 8.015125935803171231e-01
1.392204122968900947e+03 6.317857869289670134e+02 8.022005111180087189e-01
1.392224956144339103e+03 6.290246789802237117e+02 8.013207827768447089e-01
1.392245789319311825e+03 6.302573856534454535e+02 8.015404428641036416e-01
1.392308288841439207e+03 6.304831863726466281e+02 8.016775929769771603e-01
1.392349955187658907e+03 6.296028594684146356e+02 8.016047639468248942e-01
1.392370788359838571e+03 6.292773902399260351e+02 8.009916075768070964e-01
1.392391621531552573e+03 6.303161670166691692e+02 8.019486640401034538e-01
1.392412454702800915e+03 6.295753653731976556e+02 8.012129573620807577e-01
1.392433287874048347e+03 6.318701971281898295e+02 8.021277667201929251e-01
1.392454121044364911e+03 6.302420146556361260e+02 8.011393048953696638e-01
1.392474954214680565e+03 6.307066477228049735e+02 8.021711615164320852e-01
1.392495787384066944e+03 6.296052721299138284e+02 8.009656740279631482e-01
1.392516620553451958e+03 6.301150433432427462e+02 8.023632890352101477e-01
1.392537453722371993e+03 6.307394557807857609e+02 8.015751694538720828e-01
1.392558286890359796e+03 6.307043776937837265e+02 8.014440631182725427e-01
1.392579120058348053e+03 6.313335167225507121e+02 8.014092936600253347e-01
1.392599953225871104e+03 6.312817824070812094e+02 8.022699799467286619e-01
1.392620786393393473e+03 6.297897552272675057e+02 8.008201775742151973e-01
1.392641619559984974e+03 6.298562316919793602e+02 8.006892081607150935e-01
1.392662452726575793e+03 6.294155473838734451e+02 8.006717141762836887e-01
1.392683285892236199e+03 6.295605492545812467e+02 8.016849907573860845e-01
1.392704119057895923e+03 6.306835137847656370e+02 8.032693310194489733e-01
1.392724952223089986e+03 6.303837907618293457e+02 8.010979375102933453e-01
1.392787451716345913e+03 6.315618770989159430e+02 8.021560776325533659e-01
1.392808284880142992e+03 6.298372128596156472e+02 8.013186628585053928e-01
1.392829118043473954e+03 6.308972522593621761e+02 8.013190719659900596e-01
1.392849951206339938e+03 6.303779290474926711e+02 8.007796496863772706e-01
1.392870784368740942e+03 6.317203596412310844e+02 8.030304745512550912e-01
1.392891617531141037e+03 6.313730180262476779e+02 8.021654029242857309e-01
1.392912450693076607e+03 6.325687421547980875e+02 8.019750860582528507e-01
1.392933283854545607e+03 6.301481581722375722e+02 8.012029514395505592e-01
1.392954117015548036e+03 6.328413458307376231e+02 8.026534362232745634e-01
1.392974950176551374e+03 6.313681849575724527e+02 8.013939723076366484e-01
1.392995783337089961e+03 6.324060585995957808e+02 8.024190761490237467e-01
1.393016616497161976e+03 6.321888913366681209e+02 8.021039505988130092e-01
1.393037449656768331e+03 6.327223306825381997e+02 8.022868075867928273e-01
1.393058282816375140e+03 6.316068898651851669e+02 8.016160289001286188e-01
1.393079115975515379e+03 6.321887638391871178e+02 8.013300805980573260e-01
1.393099949134656526e+03 6.330372079844468090e+02 8.036768594333050242e-01
1.393120782292866352e+03 6.329295131680322584e+02 8.022386268458617797e-01
1.393141615451541838e+03 6.325248468240799866e+02 8.035493968789270136e-01
1.393162448609285548e+03 6.329904922387610213e+02 8.025466068198229275e-01
1.393183281767028802e+03 6.339810731206661103e+02 8.023931515945281756e-01
1.393204114924306850e+03 6.328408400198914023e+02 8.035580384183335090e-01
1.393224948081584898e+03 6.330877554681522952e+02 8.020511141824768764e-01
1.393245781238398649e+03 6.334044997060948390e+02 8.021768829154310998e-01
1.393266614395211036e+03 6.336352144707938123e+02 8.029474500038289442e-01
1.393287447551556852e+03 6.348568381785750034e+02 8.045864597327639922e-01
1.393308280707437916e+03 6.340592664054818215e+02 8.033893817987179942e-01
1.393329113863318980e+03 6.350603301914259191e+02 8.032504462446581339e-01
1.393349947018734383e+03 6.334200320300341218e+02 8.031515629156903424e-01
1.393370780174150923e+03 6.332824402325483106e+02 8.030298807539464345e-01
1.393391613329100892e+03 6.359400397799402072e+02 8.036971803695203143e-01
1.393412446484050179e+03 6.346368961422032271e+02 8.030595700815212901e-01
1.393433279638999920e+03 6.360323222651755941e+02 8.044204268710606343e-01
1.393454112793018339e+03 6.367130219484585041e+02 8.049645919002302863e-01
1.393474945947502874e+03 6.372894433655309285e+02 8.039829910766089771e-01
1.393495779101521975e+03 6.352080148405209457e+02 8.049967273503472187e-01
1.393516612255541077e+03 6.376804306820600914e+02 8.039652722103660665e-01
1.393537445409092925e+03 6.380286231994972468e+02 8.043006782015699185e-01
1.393558278562645683e+03 6.348294166488774408e+02 8.055163068819718442e-01
1.393579111715733006e+03 6.362682799610254278e+02 8.045362311835231317e-01
1.393599944868820330e+03 6.366744050845715037e+02 8.045593455956665530e-01
1.393620778021907881e+03 6.357666261966919592e+02 8.039756515099354406e-01
1.393641611174530681e+03 6.374154145520182055e+02 8.054336125787761036e-01
1.393662444327150979e+03 6.367977611366468409e+02 8.072338001472239011e-01
1.393683277479771959e+03 6.362002423082086580e+02 8.059529844159578627e-01
1.393704110632394531e+03 6.383585552960224732e+02 8.079498233323063605e-01
1.393724943784549851e+03 6.373879899630063619e+02 8.086948423723755441e-01
1.393745776936706534e+03 6.379101231361798909e+02 8.105496326077902269e-01
1.393766610088861853e+03 6.384955969297380989e+02 8.132242496094745920e-01
1.393787443241018082e+03 6.379450752298563430e+02 8.147745207274326162e-01
1.393808276392708194e+03 6.373149994969168119e+02 8.167894914932787298e-01
1.393829109544398534e+03 6.376829240643340881e+02 8.196099315361800031e-01
1.393849942696089329e+03 6.370002282911266320e+02 8.225773743640432123e-01
1.393870775847779896e+03 6.366361222051110644e+02 8.251492278644143585e-01
1.393891608999469099e+03 6.370863265760984859e+02 8.283264706811543920e-01
1.393912442151159667e+03 6.359325011805575514e+02 8.311198440990803515e-01
1.393933275302850689e+03 6.362856920321653433e+02 8.334199661681870319e-01
1.393954108454540801e+03 6.348207335885896327e+02 8.358641975563924076e-01
1.393974941605765025e+03 6.357108870982300459e+02 8.396719113582756799e-01
1.393995774757456502e+03 6.378454615622298434e+02 8.434452990199259315e-01
1.394016607909146387e+03 6.365480933398592924e+02 8.466082656109898963e-01
1.394037441060369929e+03 6.346264060285567439e+02 8.497018697967912981e-01
1.394058274212060496e+03 6.372479936770108679e+02 8.543352953064361488e-01
1.394079107363751518e+03 6.379665605304664950e+02 8.588867881475596988e-01
1.394099940515442540e+03 6.354644222012351520e+02 8.629702875364338999e-01
1.394120773667133108e+03 6.374486113401850389e+02 8.672646840431216253e-01
1.394141606818821856e+03 6.364776364798157147e+02 8.713410372903045431e-01
1.394162439970978539e+03 6.350204056391718268e+02 8.768746185845696095e-01
1.394183273123134313e+03 6.342720623905395314e+02 8.807362472517257235e-01
1.394204106275290997e+03 6.355263076189452249e+02 8.860337892982401709e-01
1.394224939427446316e+03 6.354677257188488966e+02 8.907008891650162186e-01
1.394245772579602999e+03 6.353131395271382189e+02 8.989442142749559661e-01
1.394266605732224889e+03 6.360107685455733417e+02 9.036522497706030999e-01
1.394287438884845869e+03 6.345629412319176481e+02 9.065892801205169826e-01
1.394308272037932966e+03 6.351845699057961383e+02 9.130403395094340846e-01
1.394329105191020517e+03 6.354710077727075941e+02 9.177116845741235540e-01
1.394349938344108523e+03 6.374600948312501032e+02 9.236129606956631211e-01
1.394370771497661053e+03 6.366205504837777198e+02 9.288869985730295875e-01
1.394391604651213129e+03 6.378242177368721286e+02 9.353641339498933727e-01
1.394412437805232457e+03 6.358404498043668127e+02 9.400855966919533513e-01
1.394433270959717447e+03 6.349713168190891110e+02 9.467451415701589879e-01
1.394454104114201073e+03 6.358982550319058191e+02 9.553168998819091540e-01
1.394474937268685608e+03 6.374042276062035626e+02 9.664108276258772667e-01
1.394495770423635804e+03 6.385573323340898924e+02 9.765711974710348242e-01
1.394516603579050980e+03 6.369158794415462808e+02 9.873854003273504487e-01
1.394537436734932953e+03 6.354626057177948724e+02 9.988072553892837213e-01
1.394558269890813790e+03 6.369365546678581040e+02 1.012825261370785990e+00
1.394579103047160970e+03 6.365729722968320630e+02 1.024242521311314436e+00
1.394599936203974494e+03 6.388488125964396431e+02 1.037955418560982723e+00
1.394620769361251860e+03 6.360645694476712606e+02 1.053008657758574218e+00
1.394641602518996024e+03 6.397279865375795680e+02 1.068728088689691491e+00
1.394662435676739506e+03 6.367332246939553215e+02 1.080711027552343495e+00
1.394683268835415674e+03 6.388350131769490190e+02 1.096163131247254618e+00
1.394704101994090934e+03 6.402953926425494728e+02 1.111670255374024752e+00
1.394745768313304097e+03 6.375285459844736806e+02 1.141304754174201630e+00
1.394766601473841547e+03 6.387635820222022858e+02 1.158192163322257828e+00
1.394787434634845340e+03 6.396009887128699347e+02 1.176043053562280116e+00
1.394808267796315022e+03 6.387092355590721127e+02 1.194433450032184041e+00
1.394829100958250365e+03 6.383743470633603465e+02 1.214807736761472912e+00
1.394849934120650460e+03 6.376555660841759163e+02 1.234632489353076457e+00
1.394870767283981422e+03 6.399893224980428386e+02 1.255433338095524931e+00
1.394891600447779638e+03 6.400699559143049555e+02 1.274379592370874059e+00
1.394912433612043515e+03 6.411058348620699689e+02 1.291299808867257370e+00
1.394933266777238487e+03 6.395216602926143423e+02 1.305863723953039068e+00
1.394954099942899575e+03 6.404970226005075347e+02 1.316246498443785828e+00
1.394974933109024505e+03 6.392013309914486854e+02 1.327262149343464870e+00
1.394995766276080985e+03 6.402367790510579653e+02 1.337586884929731657e+00
1.395016599444069925e+03 6.406913105483940853e+02 1.345385554121188099e+00
1.395037432612524526e+03 6.386526779147307025e+02 1.351544506857289329e+00
1.395058265781445016e+03 6.390407852926969099e+02 1.359510787671336818e+00
1.395079098951296146e+03 6.387281416728487784e+02 1.366907843189536731e+00
1.395120765293325348e+03 6.380754254240023329e+02 1.380779258637666596e+00
1.395141598465505922e+03 6.368950940186555272e+02 1.385298138283070912e+00
1.395162431638617363e+03 6.368704506955045872e+02 1.390053406588185547e+00
1.395183264812194011e+03 6.405070495988547918e+02 1.394125230169230178e+00
1.395204097986701981e+03 6.387991935777622530e+02 1.396013257780762684e+00
1.395224931162139910e+03 6.388700596100093207e+02 1.396077642363884097e+00
1.395287430692649650e+03 6.371679271476441500e+02 1.389426454251093457e+00
1.395308263871348572e+03 6.423603054132713623e+02 1.384627578805958770e+00
1.395329097050512473e+03 6.416343897289893903e+02 1.376824988497156621e+00
1.395349930230607015e+03 6.376382950150655233e+02 1.361142160857304884e+00
1.395370763411634471e+03 6.384405365407910722e+02 1.344820261719452459e+00
1.395391596593128043e+03 6.363750013160383787e+02 1.327767357636818524e+00
1.395412429775552482e+03 6.367164037047687088e+02 1.313031452301959057e+00
1.395433262958442356e+03 6.368994687611434529e+02 1.299453837033816672e+00
1.395620761636115958e+03 6.339196385290492799e+02 1.278114669496903444e+00
1.395641594825059201e+03 6.349061044924274029e+02 1.278460140172332560e+00
1.395662428014467878e+03 6.357065269048516711e+02 1.277910346028099386e+00
1.395683261204343125e+03 6.339591288596475351e+02 1.273188607635847625e+00
1.395704094394217464e+03 6.326378975618131335e+02 1.269911629838782252e+00
1.395724927578038660e+03 6.353800885838891190e+02 1.270284528999138463e+00
1.395745760768379569e+03 6.339352593205235280e+02 1.273109908765921672e+00
1.395766593958254361e+03 6.315004404074156810e+02 1.272623656284637139e+00
1.395787427148595498e+03 6.345055310427419499e+02 1.269961850426859051e+00
1.395808260338470063e+03 6.344848647013777736e+02 1.264581791951697509e+00
1.395829093528343037e+03 6.343241829364624209e+02 1.256068471821959021e+00
1.395849926718217375e+03 6.350727839538749322e+02 1.245639203914616910e+00
1.395870759907161528e+03 6.335701135689819239e+02 1.232395903348443733e+00
1.395891593096105680e+03 6.349744048606557953e+02 1.219125983123711343e+00
1.395912426284118510e+03 6.349801445103312290e+02 1.201711790734033114e+00
1.395933259471663860e+03 6.345516128511964098e+02 1.184745555472504375e+00
1.395954092658745139e+03 6.340064160615798983e+02 1.168277406256345907e+00
1.395974925844428981e+03 6.340588962576117638e+02 1.154134154751253805e+00
1.395995759029647616e+03 6.346653962892249865e+02 1.139691951022335559e+00
1.396016592213934018e+03 6.341935099497251258e+02 1.121071951517986554e+00
1.396037425396823437e+03 6.318419074428119302e+02 1.105694050290402464e+00
1.396058258578315872e+03 6.328607099732404322e+02 1.095624570699587075e+00
1.396079091758877439e+03 6.335805372595572180e+02 1.091270196909110313e+00
1.396099924938042477e+03 6.317661129226918320e+02 1.086516850115692989e+00
1.396120758115810531e+03 6.330908821387400849e+02 1.079863763269654386e+00
1.396141591291715486e+03 6.328825609236638456e+02 1.067878126584351772e+00
1.396162424466223911e+03 6.331225383073300463e+02 1.050493732809538949e+00
1.396183257638869009e+03 6.328922201295823697e+02 1.032792815743685422e+00
1.396204090810117123e+03 6.321284654923348398e+02 1.016047815196461590e+00
1.396224923979037612e+03 6.325992690890662971e+02 9.985954732794971589e-01
1.396245757146561118e+03 6.323676197374035155e+02 9.852498118224468637e-01
1.396266590311754953e+03 6.325869341824383127e+02 9.730022994481797305e-01
1.396287423474621392e+03 6.308804616662537228e+02 9.587599730687875743e-01
1.396308256636090846e+03 6.317379253851629528e+02 9.463122417181781820e-01
1.396329089794765878e+03 6.311642339445904781e+02 9.352027084805741852e-01
1.396349922951578947e+03 6.312650102611015654e+02 9.177901073889433992e-01
1.396370756106063936e+03 6.310519866807770768e+02 8.977139088411867363e-01
1.396391589258686508e+03 6.290217179533370881e+02 8.755585046062032140e-01
1.396412422408513976e+03 6.316432316496684507e+02 8.546650913236900626e-01
1.396433255556013137e+03 6.288705714892705601e+02 8.346559915768936300e-01
1.396454088701184446e+03 6.299551035813518638e+02 8.193282626023322690e-01
1.396537421258121867e+03 6.308743375227195429e+02 7.999541686758132597e-01
1.396558254391651644e+03 6.307937638676478400e+02 7.983174825447291179e-01
1.396683253138201962e+03 6.314716782560245747e+02 7.988708037002220097e-01
1.396704086253995001e+03 6.316277976858643797e+02 7.984019590705427882e-01
1.396724919367460188e+03 6.322261392011906764e+02 7.988861361380865667e-01
1.396745752478596842e+03 6.322671811353943667e+02 8.001977050387941715e-01
1.396766585587404961e+03 6.322268838296630520e+02 7.988288338431871471e-01
1.396787418693419113e+03 6.313643279724494732e+02 7.990054654207803253e-01
1.396808251797105640e+03 6.313777167985609822e+02 7.985864101036034279e-01
1.396829084898462952e+03 6.314089310581080099e+02 7.993961543787846402e-01
1.396849917997491957e+03 6.308266485293789856e+02 7.984308500068975079e-01
1.396870751094192656e+03 6.331833208643605531e+02 7.988185369014093595e-01
1.396891584188565048e+03 6.307059988734890794e+02 7.996535385451399858e-01
1.396912417280610043e+03 6.314825601207128329e+02 7.988024196825929124e-01
1.396933250370326050e+03 6.299696372193811840e+02 7.977967260932832261e-01
1.396954083457714205e+03 6.319208849973825863e+02 7.996952042501084268e-01
1.396974916542773826e+03 6.314868198651910234e+02 7.989132562990759467e-01
1.396995749625970348e+03 6.312714926360090431e+02 7.985714824261197498e-01
1.397037415785378926e+03 6.309936047769012930e+02 7.982618194622574936e-01
1.397058248861590073e+03 6.301787684930862952e+02 7.977911974180552646e-01
1.397079081935939939e+03 6.299413555298116307e+02 7.976696315916980140e-01
1.397099915008426478e+03 6.310400359937901840e+02 7.982521125581517607e-01
1.397120748078119050e+03 6.304712159449181854e+02 7.982740275933042362e-01
1.397141581146414865e+03 6.307662326062469447e+02 7.991272755588525456e-01
1.397162414212382373e+03 6.312097887378270116e+02 7.984295062655969444e-01
1.397183247276021575e+03 6.309336772384041296e+02 7.980282983471003178e-01
1.397204080337797677e+03 6.306558185150354348e+02 7.989501486851829926e-01
1.397224913397711134e+03 6.328193520313852787e+02 7.986582456491344573e-01
1.397245746455762855e+03 6.326570902751379890e+02 7.989661510206077510e-01
1.397266579511485361e+03 6.311619341990729026e+02 7.983038937934949786e-01
1.397287412565345221e+03 6.313590166313168766e+02 7.977996398391350441e-01
1.397308245617809007e+03 6.316238120415429194e+02 7.993398953052597289e-01
1.397329078667944032e+03 6.330740502649058499e+02 7.990130744360895987e-01
1.397349911716215956e+03 6.310945798009628334e+02 7.983365213400859250e-01
1.397370744762626146e+03 6.316925667163546905e+02 7.983362226958208296e-01
1.397391577807172325e+03 6.316001425498999424e+02 7.982216470463674440e-01
1.397412410849857224e+03 6.336939568153118216e+02 7.988506584440298042e-01
1.397433243891144002e+03 6.332043932173287430e+02 7.994725768638841767e-01
1.397454076930102929e+03 6.315208996867662563e+02 7.980893176533134792e-01
1.397474909967665099e+03 6.324842564690703739e+02 7.984074835164731709e-01
1.397495743003364623e+03 6.310487535249422990e+02 7.979370220831575322e-01
1.397516576037201048e+03 6.326606575731440216e+02 7.989633534326380238e-01
1.397537409069640944e+03 6.331044438509351266e+02 7.992017846716656937e-01
1.397558242100219104e+03 6.332105134561021487e+02 7.990717807748490831e-01
1.397579075128934164e+03 6.344248455558583828e+02 7.994065184415480863e-01
1.397599908156250876e+03 6.328840282936167796e+02 7.986436924761196599e-01
1.397620741181705853e+03 6.338440683746392779e+02 7.990350058983273218e-01
1.397641574205763845e+03 6.343097906406495667e+02 7.996147405298081878e-01
1.397662407227958965e+03 6.339538924505188788e+02 8.000656279824671646e-01
1.397683240248757102e+03 6.341383606063518528e+02 7.990751374237082816e-01
1.397704073268158936e+03 6.341070278336115962e+02 8.004407205166146344e-01
1.397724906285697671e+03 6.329111733108185263e+02 7.984238699927275196e-01
1.397745739301372851e+03 6.346840753900992240e+02 8.001572573595311377e-01
1.397766572316117617e+03 6.332452857483849584e+02 7.993416849192670481e-01
1.397787405328998830e+03 6.326924804885779849e+02 7.992759885455577029e-01
1.397808238340484877e+03 6.329069772414748059e+02 7.989378389782899603e-01
1.397829071350572576e+03 6.338402087620402199e+02 7.994208340482695796e-01
1.397849904358798085e+03 6.339999049145689014e+02 7.999309957069804522e-01
1.397870737366091817e+03 6.332078122967147920e+02 7.990788297211677271e-01
1.397891570371523358e+03 6.346295044337471154e+02 7.994686254413195803e-01
1.397912403375557915e+03 6.326349839492181673e+02 7.991218679704753525e-01
1.397933236378196398e+03 6.336424535648185383e+02 7.998624415150236144e-01
1.397954069379437442e+03 6.336862412852784701e+02 7.995423199854738705e-01
1.397974902379281048e+03 6.326700599761685453e+02 7.996217474192220953e-01
1.397995735377726987e+03 6.333599921172449285e+02 7.987748853481317912e-01
1.398016568374311191e+03 6.340579709162717563e+02 7.991955199086473449e-01
1.398037401369963845e+03 6.333580403199209741e+02 7.987449621361071284e-01
1.398058234364219061e+03 6.348164066843643241e+02 8.007553096384401048e-01
1.398079067357542954e+03 6.319613203290597312e+02 7.977842865201413280e-01
1.398099900349005111e+03 6.322287332640479462e+02 7.990956126764180434e-01
1.398120733339069375e+03 6.360203315157330053e+02 7.997455132547286460e-01
1.398141566328202543e+03 6.338761184295168505e+02 7.991309303219981119e-01
1.398162399315473067e+03 6.340636146564115734e+02 7.988686399748344824e-01
1.398183232301812495e+03 6.332818895706293461e+02 7.993983539572941943e-01
1.398204065286755849e+03 6.325944575728308337e+02 7.982996005959833719e-01
1.398224898270301537e+03 6.331023435783780542e+02 7.993573065880699158e-01
1.398245731252914993e+03 6.331884200186502767e+02 8.000212994362692065e-01
1.398266564234133057e+03 6.330462246028205300e+02 7.986289897705000085e-01
1.398287397213952545e+03 6.328540154736652994e+02 7.980223978240799099e-01
1.398308230192375049e+03 6.327677747204373873e+02 7.988270430802384414e-01
1.398329063169866913e+03 6.334948925301292775e+02 7.991548723365503593e-01
1.398349896145961793e+03 6.323754565360990227e+02 7.980478295139872280e-01
1.398370729120660144e+03 6.327710642167240849e+02 7.980055176058969968e-01
1.398391562094427172e+03 6.322829454947367367e+02 7.986819779470615277e-01
1.398412395066796535e+03 6.316691161540162511e+02 7.974944231681394546e-01
1.398433228037769823e+03 6.341752146535676502e+02 7.991508074656293870e-01
1.398454061007810651e+03 6.298757795019226933e+02 7.968895854737106932e-01
1.398474893976920157e+03 6.309790775751637284e+02 7.993987640475332945e-01
1.398495726944633134e+03 6.307949239285049998e+02 7.982780969288308937e-01
1.398516559910948672e+03 6.302766393678876966e+02 7.970495967701485274e-01
1.398558225840321029e+03 6.289541804733893287e+02 7.960506738271114768e-01
1.398579058803377393e+03 6.301977644773661495e+02 7.972889367395664673e-01
1.398599891765038137e+03 6.307643856803609879e+02 7.971936505064348699e-01
1.398620724725765967e+03 6.311486251680732948e+02 7.974969643203214664e-01
1.398641557685562020e+03 6.306497829103506092e+02 7.992052899343099481e-01
1.398662390643961999e+03 6.313406124490198863e+02 7.971712197645564046e-01
1.398683223600964538e+03 6.306857388072766071e+02 7.968819561822994002e-01
1.398745722465920153e+03 6.301170095481916178e+02 7.975173679840305008e-01
1.398766555419198085e+03 6.291956844089606875e+02 7.961908657446918891e-01
1.398787388370612007e+03 6.294305608906597627e+02 7.964371619045339523e-01
1.398808221321561177e+03 6.302040339092790191e+02 7.966341888984780351e-01
1.398829054271113819e+03 6.293454512402245200e+02 7.966914620058929142e-01
1.398849887219268567e+03 6.292328135447442037e+02 7.966883945760824259e-01
1.398870720166958563e+03 6.281628239881248419e+02 7.965378141412965407e-01
1.398891553113251575e+03 6.306852805092054268e+02 7.973455274092269285e-01
1.398912386058146467e+03 6.310855818209671497e+02 7.967145421660845050e-01
1.398933219002577061e+03 6.309576128957670562e+02 7.975311943458653907e-01
1.398954051945609535e+03 6.293236729080853138e+02 7.964824008589783677e-01
1.398974884887711141e+03 6.281985636892687808e+02 7.962238044561870121e-01
1.398995717828881425e+03 6.300238158077004300e+02 7.964569191833229533e-01
1.399016550768655634e+03 6.294638170721506185e+02 7.986019719103077952e-01
1.399037383707497156e+03 6.295393670102213264e+02 7.994101719280441998e-01
1.399058216645407356e+03 6.296116227476441054e+02 7.972364540875208627e-01
1.399079049582387142e+03 6.287258271684401052e+02 7.961312357244594295e-01
1.399099882518435152e+03 6.282086385930347205e+02 7.956889432636775616e-01
1.399120715453086177e+03 6.292510714547141788e+02 7.963242965362203885e-01
1.399141548387271996e+03 6.273799159100598217e+02 7.956893927204290451e-01
1.399162381320060831e+03 6.278567850464231697e+02 7.958418562733966528e-01
1.399183214251917434e+03 6.298889551299531604e+02 7.964999494390956336e-01
1.399204047182377053e+03 6.285878446386003588e+02 7.966883197605736378e-01
1.399224880112371920e+03 6.281810164268027847e+02 7.965298447438472484e-01
1.399245713040969804e+03 6.288437928012755265e+02 7.967646279286423328e-01
1.399266545969102026e+03 6.290837545583548263e+02 7.962235798786768681e-01
1.399287378895836355e+03 6.284200932110783242e+02 7.957066217045085654e-01
1.399308211821639816e+03 6.277052116559715387e+02 7.956953105439793505e-01
1.399329044746511954e+03 6.284108081209916463e+02 7.958614410975715092e-01
1.399349877670453225e+03 6.290062729591156767e+02 7.962457378878223802e-01
1.399370710593463173e+03 6.303157190061550637e+02 7.971047836810069009e-01
1.399391543515076137e+03 6.290685872759079302e+02 7.960616804407570912e-01
1.399412376436222530e+03 6.291781910715462800e+02 7.963977955621456273e-01
1.399433209356438056e+03 6.293651331110580713e+02 7.967656378406869910e-01
1.399454042275257052e+03 6.279234257097090222e+02 7.959499225463292360e-01
1.399474875193609932e+03 6.293488342459276055e+02 7.974261827297393079e-01
1.399495708110565829e+03 6.287544477883421905e+02 7.957855331752039518e-01
1.399516541026590403e+03 6.294875547143602716e+02 7.961221766614211548e-01
1.399537373942148861e+03 6.286545156338569313e+02 7.966038111573270353e-01
1.399558206856311926e+03 6.299467713566102702e+02 7.982817182466720451e-01
1.399579039769542987e+03 6.288730432949556644e+02 7.971377220149551412e-01
1.399599872682306795e+03 6.304242000313230392e+02 7.970851172390517325e-01
1.399620705593674984e+03 6.286603303763210988e+02 7.961040582260888732e-01
1.399641538504111395e+03 6.296067875899440196e+02 7.974912093464308072e-01
1.399662371414083509e+03 6.304280974185787727e+02 7.972998141219763690e-01
1.399683204322657957e+03 6.291857276476965808e+02 7.963466762858258940e-01
1.399704037230299946e+03 6.294953179597417829e+02 7.963369460371911845e-01
1.399724870137477410e+03 6.313583541903954028e+02 7.973845105869558081e-01
1.399745703043257890e+03 6.305552081620114677e+02 7.996594270323074127e-01
1.399766535948107048e+03 6.296827484132257950e+02 7.962538598414697910e-01
1.399787368852490090e+03 6.299096775364768064e+02 7.973429110203238412e-01
1.399808201755475920e+03 6.303453406881022829e+02 7.983490642983392949e-01
1.399829034657996090e+03 6.309258187171062673e+02 7.971942486509121517e-01
1.399849867559119957e+03 6.317979306469674157e+02 7.979215967077499805e-01
1.399870700459778163e+03 6.312527614975814458e+02 7.970576731421182837e-01
1.399891533359505047e+03 6.308976170857808938e+02 7.969299372267144577e-01
1.399912366258299471e+03 6.327589621717224873e+02 7.983668331518707362e-01
1.399933199155698503e+03 6.332146940914808511e+02 7.979681333737803639e-01
1.399954032052632101e+03 6.320675196635228303e+02 7.981212818414625820e-01
1.399974864948632330e+03 6.337274655040544076e+02 7.982109689079759374e-01
1.399995697844167807e+03 6.334819641819109393e+02 7.986909706618833260e-01
1.400016530738305846e+03 6.360944007239737630e+02 7.995465319620951306e-01
1.400037363631513927e+03 6.341692392383432662e+02 7.980873011779561210e-01
1.400058196524255891e+03 6.340596237358300868e+02 7.980272900329660191e-01
1.400079029415599962e+03 6.357007737511938785e+02 7.987995842123118972e-01
1.400099862306479508e+03 6.361203483933941243e+02 7.995185386746120892e-01
1.400120695196428187e+03 6.357100262536137052e+02 7.987049632740566008e-01
1.400141528085443497e+03 6.349909283465559611e+02 7.997941795469294401e-01
1.400162360973527939e+03 6.355176026149473500e+02 7.994257922585348286e-01
1.400183193860681968e+03 6.362680192325261714e+02 7.988828533051020031e-01
1.400204026746905129e+03 6.362258685617094898e+02 7.989367199046222279e-01
1.400224859632662174e+03 6.368986207881496284e+02 8.004221413375658400e-01
1.400245692517486987e+03 6.356287362218932913e+02 7.989685382879292419e-01
1.400266525401381841e+03 6.380695436045829183e+02 7.998963095104735244e-01
1.400287358283878802e+03 6.379422501156367389e+02 7.999464195905237052e-01
1.400308191166375536e+03 6.379654338216657834e+02 7.995377352423377326e-01
1.400329024047475968e+03 6.388710307313455132e+02 8.013411634600035027e-01
1.400349856927645078e+03 6.400312114589579551e+02 8.002330112864628475e-01
1.400370689807347844e+03 6.392417226691533187e+02 8.005113472476802494e-01
1.400391522686119970e+03 6.390295659696117809e+02 8.008221871681724391e-01
1.400412355563959864e+03 6.378858243818716574e+02 7.998815180540800318e-01
1.400433188440869799e+03 6.396043579201499369e+02 8.005449644251897423e-01
1.400454021317314073e+03 6.395641766514576148e+02 8.012455780335759892e-01
1.400474854192359999e+03 6.406535535345398102e+02 8.006368367305078948e-01
1.400495687066941173e+03 6.398900700750774604e+02 8.004219551712649094e-01
1.400516519940591024e+03 6.395892798381008788e+02 8.003213818052421491e-01
1.400537352813308644e+03 6.387136227232738293e+02 8.001209048461527251e-01
1.400558185685561511e+03 6.393878329549795581e+02 8.000754246323001917e-01
1.400579018556417395e+03 6.398208138608754325e+02 8.003579486303746826e-01
1.400599851426807163e+03 6.415579214443616820e+02 8.010347662844711225e-01
1.400620684296266518e+03 6.401492880256314493e+02 8.011717053752182016e-01
1.400641517165259529e+03 6.406424826915127824e+02 8.004888977815348694e-01
1.400683182899985923e+03 6.406819996994239546e+02 8.017020908930366785e-01
1.400745681496255202e+03 6.399744697933321049e+02 8.006808334286256157e-01
1.400766514360125484e+03 6.414905119883470661e+02 8.017910057194266304e-01
1.400787347223064899e+03 6.415497946295939755e+02 8.025888278559084599e-01
1.400808180085072536e+03 6.406886534122049852e+02 8.026827681907733325e-01
1.400829012946149533e+03 6.399764030652905831e+02 8.034991776818825038e-01
1.400849845806761095e+03 6.396468244553407203e+02 8.042688854918410568e-01
1.400870678666440654e+03 6.396995773746033365e+02 8.030038645783157403e-01
1.400891511525655005e+03 6.387541308097282808e+02 8.019362145455878332e-01
1.400912344383471918e+03 6.398021817846409931e+02 8.025680703857409615e-01
1.400933177240823170e+03 6.385491569456686420e+02 8.004780265036774978e-01
1.400954010097244009e+03 6.408168185177055420e+02 8.011892256399387735e-01
1.400974842952733070e+03 6.383161646256337463e+02 8.015517459021563873e-01
1.400995675807756015e+03 6.402835863884282617e+02 8.002424707127040460e-01
1.401016508661848547e+03 6.385406488996732151e+02 8.003678161737183272e-01
1.401037341515009075e+03 6.401174662738020515e+02 8.004721440383466557e-01
1.401058174367703032e+03 6.399885450592687448e+02 8.009431256689425460e-01
1.401079007219467485e+03 6.383142429031573784e+02 7.997859817571795205e-01
1.401099840070299933e+03 6.390903201213315015e+02 7.994656059448750351e-01
1.401120672920200377e+03 6.400141767495466638e+02 8.003774974187671809e-01
1.401141505769635842e+03 6.386391471958056627e+02 7.995233099034189106e-01
1.401162338618139984e+03 6.394652885322745988e+02 7.994688863849214178e-01
1.401183171466178010e+03 6.376038848982531135e+02 7.993562999503567301e-01
1.401204004312819961e+03 6.391039695972792742e+02 8.000644359864689248e-01
1.401224837158995342e+03 6.389384395734277859e+02 8.004256040228713287e-01
1.401245670004705971e+03 6.383342536772369158e+02 7.989851743590240529e-01
1.401266502849018934e+03 6.383792965788679794e+02 8.001073467236304859e-01
1.401287335692865781e+03 6.382836101666310924e+02 7.988477858383361552e-01
1.401308168536248104e+03 6.375187240370768222e+02 7.991815358854722495e-01
1.401329001378232533e+03 6.382159462438747823e+02 8.007599246279163419e-01
1.401349834219752211e+03 6.389741337142404518e+02 7.990213547527701410e-01
1.401370667060339656e+03 6.374696434555904716e+02 7.990148647821022632e-01
1.401391499900461895e+03 6.368559988121120341e+02 7.997943658593562599e-01
1.401412332739652356e+03 6.362708310618717178e+02 7.978793901612254436e-01
1.401433165577911950e+03 6.375395109150611006e+02 7.993522733868272390e-01
1.401453998415705883e+03 6.362304705443019657e+02 7.977402047895141290e-01
1.401474831252568038e+03 6.358415411214137976e+02 7.978330724434326005e-01
1.401495664088498870e+03 6.362467807232427504e+02 7.989918510704191457e-01
1.401516496923964951e+03 6.360736127470430574e+02 7.976927581711841242e-01
1.401537329758498799e+03 6.356425437746646594e+02 7.979206256087638671e-01
1.401558162592101780e+03 6.365376551406944827e+02 7.992218092098212212e-01
1.401578995425239100e+03 6.360816099223549145e+02 7.976633174332816711e-01
1.401599828257445097e+03 6.375367977386895291e+02 8.002326388658190792e-01
1.401620661089185433e+03 6.355658290320217247e+02 7.970711709700030179e-01
1.401641493919993991e+03 6.368161947995992023e+02 7.982420321866438018e-01
1.401662326749872136e+03 6.332554405857619031e+02 7.966949409058973197e-01
1.401683159578818049e+03 6.377795837657073434e+02 7.985071409428081690e-01
1.401703992407299211e+03 6.382863283134786343e+02 7.988799062049087851e-01
1.401724825235313801e+03 6.365338519319842590e+02 7.981572026841161627e-01
1.401745658061932318e+03 6.372385860236347526e+02 7.983698194749905275e-01
1.401766490888550379e+03 6.374388052730472509e+02 7.996547684226245067e-01
1.401787323713771002e+03 6.360040423398872917e+02 7.979108772034597674e-01
1.401808156538526418e+03 6.363116539266457039e+02 7.986782091858448673e-01
1.401828989362350967e+03 6.368907929553718077e+02 7.982103341889583703e-01
1.401849822185708945e+03 6.365625810945712146e+02 7.976812883682337096e-01
1.401870655008136055e+03 6.368567325141028732e+02 7.981004828598460277e-01
1.401891487829630933e+03 6.361374221986042130e+02 7.971843044406871082e-01
1.401912320650661968e+03 6.361945316843134606e+02 7.973143544460714605e-01
1.401933153471225978e+03 6.359770440049045419e+02 7.987185825144893503e-01
1.401953986290393459e+03 6.367725972499879390e+02 7.979342208870223718e-01
1.401974819109096188e+03 6.363315199804484337e+02 7.977775249891078113e-01
1.401995651927331892e+03 6.372627557396453994e+02 7.980750901905609984e-01
1.402016484744637182e+03 6.375249340879855708e+02 7.980600035750337051e-01
1.402037317561009331e+03 6.365520944777842942e+02 7.986620145045559838e-01
1.402058150376917638e+03 6.375676247919572006e+02 7.981495108309655251e-01
1.402078983191894622e+03 6.369754382880154253e+02 7.977100559660020851e-01
1.402099816005939829e+03 6.376861477345282765e+02 7.979103169466622569e-01
1.402120648819518919e+03 6.384193655886919032e+02 7.992625279523084547e-01
1.402141481632633486e+03 6.368626766713642837e+02 7.979972267485115900e-01
1.402162314444350613e+03 6.378555587998854435e+02 8.002463065899054762e-01
1.402183147256066604e+03 6.379846514358788454e+02 7.978704630038310208e-01
1.402203980066386066e+03 6.384157013503881899e+02 7.981483906519928340e-01
1.402224812876239866e+03 6.371006386365733078e+02 7.982939634059281753e-01
1.402245645685629370e+03 6.384852606543704496e+02 7.992716259958436709e-01
1.402266478494086641e+03 6.373382750286730243e+02 7.972955155177964270e-01
1.402287311301612590e+03 6.378227792201681723e+02 7.982307196181414044e-01
1.402308144108672877e+03 6.393081490424727917e+02 7.992558907896423204e-01
1.402328976914801387e+03 6.383483003344996405e+02 7.987848470665153133e-01
1.402349809720464918e+03 6.402347525002979864e+02 7.989412707944304470e-01
1.402370642525198036e+03 6.392907359163565388e+02 7.990582421479894837e-01
1.402391475329463901e+03 6.387858327136084426e+02 7.983183784982208486e-01
1.402412308132798898e+03 6.389210209408778383e+02 7.985870072048987245e-01
1.402433140935667780e+03 6.388607103370070490e+02 7.979215220078699211e-01
1.402453973737605793e+03 6.391829506253083082e+02 7.985211740981532635e-01
1.402474806538612938e+03 6.388474506856458675e+02 7.987594761532591514e-01
1.402495639339153968e+03 6.386512893039094934e+02 7.988844947232804916e-01
1.402516472138763675e+03 6.392579267675333767e+02 7.988217453830103176e-01
1.402537304937908175e+03 6.397158246209404524e+02 7.989197470951534541e-01
1.402558137731929946e+03 6.387221242396002481e+02 7.986166004784673866e-01
1.402578970529677008e+03 6.388006519083028252e+02 7.981125814357437065e-01
1.402599803326491383e+03 6.393421629900700509e+02 7.990262408453290277e-01
1.402620636122841915e+03 6.403145047700674013e+02 7.990668576643497056e-01
1.402641468918261126e+03 6.384696569737927803e+02 7.975641524363004109e-01
1.402662301713214219e+03 6.371661632452062349e+02 7.978709485839986515e-01
1.402745632885110354e+03 6.398279950704479688e+02 7.996761978024524709e-01
1.402766465676338612e+03 6.381646991476717403e+02 7.976534537958495097e-01
1.402787298467100527e+03 6.394894130256581093e+02 7.987082095250477298e-01
1.402808131256932029e+03 6.389427718249686450e+02 7.982914621234186159e-01
1.402828964046297187e+03 6.392427862461219092e+02 7.979401220620842006e-01
1.402849796834731023e+03 6.391850995788279306e+02 7.985432683535691467e-01
1.402870629622233537e+03 6.394051617127576037e+02 7.983063577051173754e-01
1.402891462409270389e+03 6.394587845164360260e+02 7.987705946820851111e-01
1.402912295195841580e+03 6.397392752655829327e+02 7.989983039284132005e-01
1.402933127981481903e+03 6.391688556341133562e+02 7.981001841272568065e-01
1.402953960766190448e+03 6.385981495017121006e+02 7.991955199086473449e-01
1.402974793550432878e+03 6.381451245181593777e+02 7.988101798655790065e-01
1.402995626334210101e+03 6.379514738134588470e+02 8.007856787582372515e-01
1.403016459117056002e+03 6.392022703627908413e+02 7.981434618458362884e-01
1.403037291898971489e+03 6.373795978978905623e+02 7.973269134842998485e-01
1.403058124680886067e+03 6.383139961960229130e+02 7.981186679956339125e-01
1.403078957461403661e+03 6.383518306703246026e+02 7.974443458701581111e-01
1.403099790241456049e+03 6.371937443874547853e+02 7.970397629289772690e-01
1.403120623021041865e+03 6.387692128194161114e+02 7.980639246287757338e-01
1.403141455799696814e+03 6.388950568834245587e+02 7.993656579039177812e-01
1.403162288577886102e+03 6.384166485825340942e+02 8.004084393821300214e-01
1.403183121355144067e+03 6.378881236098585532e+02 7.975109405125889728e-01
1.403203954131936371e+03 6.396198209112337736e+02 7.994628101046652446e-01
1.403224786907797352e+03 6.363091730589445660e+02 7.964335696193690639e-01
1.403245619683193127e+03 6.384891136518377834e+02 7.973996473570408305e-01
1.403266452457658488e+03 6.390755727677991445e+02 7.977250371223389980e-01
1.403287285231656369e+03 6.380199936075321148e+02 7.978507780820616180e-01
1.403308118004723383e+03 6.372219407919566265e+02 7.969673701586503789e-01
1.403328950777324508e+03 6.379599270520485561e+02 7.974262948491590564e-01
1.403349783549460426e+03 6.377134635873306934e+02 7.980651196127526159e-01
1.403370616320664794e+03 6.376053348310844058e+02 7.974816051741415723e-01
1.403391449090937840e+03 6.366301305494577036e+02 7.974711039817954372e-01
1.403412281860745679e+03 6.374221107666214721e+02 7.970347524841564502e-01
1.403433114630087402e+03 6.366039475374137737e+02 7.965670345831317167e-01
1.403453947398498030e+03 6.371068065903399429e+02 7.966665107402356449e-01
1.403474780166442542e+03 6.364317735583182412e+02 7.972552944114015272e-01
1.403495612933455959e+03 6.341083142625992650e+02 7.959970237661916359e-01
1.403516445700003487e+03 6.362812351818479328e+02 7.962652004952909257e-01
1.403537278466086946e+03 6.365559428909647295e+02 7.966906016304304838e-01
1.403558111231237945e+03 6.351720806282396552e+02 7.965699528270299146e-01
1.403578943995456939e+03 6.363070259380129983e+02 7.965613477181517910e-01
1.403599776759676843e+03 6.348137784414467433e+02 7.959546028399512307e-01
1.403641442285322000e+03 6.349921940036305159e+02 7.967863594570895325e-01
1.403662275046747936e+03 6.336085427712080218e+02 7.948751599881113128e-01
1.403683107808173645e+03 6.346957888778373444e+02 7.952878517273493930e-01
1.403703940568667349e+03 6.342860120147926182e+02 7.956657584419175588e-01
1.403724773328231095e+03 6.334372084332896975e+02 7.951946118711452627e-01
1.403745606087793931e+03 6.324194050317009896e+02 7.945939120898863894e-01
1.403766438845960010e+03 6.331601129282988722e+02 7.952020699628564726e-01
1.403787271604125635e+03 6.328330956155110698e+02 7.944465359487620226e-01
1.403808104361360620e+03 6.323574687714254878e+02 7.952697142837964472e-01
1.403828937117663827e+03 6.318461743793292271e+02 7.943255838170086847e-01
1.403849769873501828e+03 6.322328918532465423e+02 7.943282101445006127e-01
1.403870602628873939e+03 6.328424523218855029e+02 7.945759838493153815e-01
1.403891435383314501e+03 6.313517224046901219e+02 7.946342679044796631e-01
1.403912268137289630e+03 6.330191298242391440e+02 7.948437776559922341e-01
1.403933100890798869e+03 6.314688282765904432e+02 7.946257168435210128e-01
1.403953933643376786e+03 6.321370918290339205e+02 7.944820977745405965e-01
1.403974766395489496e+03 6.319393862291452706e+02 7.942817979066237877e-01
1.403995599146670884e+03 6.313708029589946591e+02 7.940885407592691569e-01
1.404016431897387065e+03 6.333607167803036191e+02 7.947694224539962882e-01
1.404037264647170105e+03 6.324953850532405113e+02 7.942114052141155955e-01
1.404058097396954054e+03 6.310916677867661519e+02 7.936193869352156094e-01
1.404078930145341474e+03 6.324011823649557300e+02 7.946104897264449907e-01
1.404099762893728894e+03 6.316486487948864124e+02 7.945753837338475067e-01
1.404120595641184991e+03 6.325987664910727517e+02 7.945476278982004370e-01
1.404141428388174972e+03 6.313974842944284092e+02 7.947225484795871209e-01
1.404162261134234086e+03 6.317496826325227630e+02 7.945540418328471688e-01
1.404183093879827538e+03 6.312031421823047594e+02 7.937834364689472233e-01
1.404203926624489213e+03 6.321223541659103375e+02 7.942513677160814023e-01
1.404224759368686136e+03 6.316580928414761047e+02 7.936742491132268151e-01
1.404245592112416034e+03 6.316971213657494673e+02 7.937324491948443139e-01
1.404266424855680498e+03 6.321931053149947957e+02 7.940112247298196646e-01
1.404287257598014548e+03 6.324683331598981795e+02 7.941669375314747148e-01
1.404308090339417049e+03 6.315564005170086830e+02 7.938552936792393488e-01
1.404328923080819550e+03 6.314393433889052858e+02 7.935458559056037808e-01
1.404349755821290046e+03 6.308614279277400101e+02 7.937556529407002737e-01
1.404370588560828992e+03 6.306396227568344557e+02 7.940940201533586151e-01
1.404391421300369529e+03 6.311685966914548089e+02 7.934891069237822725e-01
1.404412254038977608e+03 6.312863602321931467e+02 7.938181645117906582e-01
1.404433086776654363e+03 6.313777134876602304e+02 7.937165666282304244e-01
1.404453919514332028e+03 6.322957256246320412e+02 7.944235024400370104e-01
1.404474752251077007e+03 6.317338924401593658e+02 7.995052312688156748e-01
1.404495584986891572e+03 6.316458686119372032e+02 7.939886290122758483e-01
1.404516417722240476e+03 6.298684069781212429e+02 7.930572159752181660e-01
1.404537250457123037e+03 6.306555820960310257e+02 7.934940270822252728e-01
1.404558083191541527e+03 6.314121171456571346e+02 7.937210723531782364e-01
1.404578915925027104e+03 6.302422937295734755e+02 7.934094036186414289e-01
1.404599748658047019e+03 6.297122082469270481e+02 7.933223668777678039e-01
1.404641414122224887e+03 6.305379300853634277e+02 7.934999612785382794e-01
1.404662246853383522e+03 6.289176219169596607e+02 7.922361400351278782e-01
1.404683079584076040e+03 6.302292882676441650e+02 7.934663460991699946e-01
1.404745577771961052e+03 6.312523779737612131e+02 7.945473278298147424e-01
1.404766410500325037e+03 6.304160762585826205e+02 7.934855764096111486e-01
1.404787243227756790e+03 6.312526704884263609e+02 7.938052496116825285e-01
1.404808075954724018e+03 6.303296494766623255e+02 7.933733429423400763e-01
1.404828908680759923e+03 6.295405631231022880e+02 7.931350007565224347e-01
1.404849741406795147e+03 6.303742897755386139e+02 7.940443289222838263e-01
1.404870574131899502e+03 6.295466175161149067e+02 7.926853218364497966e-01
1.404891406856072990e+03 6.296714382750202503e+02 7.930040774439002238e-01
1.404912239580245114e+03 6.295228787464823199e+02 7.934677733647846898e-01
1.404933072303487052e+03 6.311805313835282050e+02 7.938287891121987849e-01
1.404953905026262873e+03 6.291894218281031499e+02 7.928803493289834359e-01
1.404974737748107600e+03 6.304901091653224512e+02 7.940269137368483054e-01
1.404995570469952327e+03 6.299239659469095614e+02 7.941276462918549495e-01
1.405016403190865049e+03 6.296296108999227954e+02 7.926796823170376705e-01
1.405037235911312564e+03 6.289898089052403520e+02 7.923543269091443131e-01
1.405058068630829439e+03 6.293517703213988170e+02 7.927830671320951206e-01
1.405078901350345404e+03 6.275803319418581623e+02 7.918925381399106733e-01
1.405099734068930047e+03 6.281879269798959058e+02 7.925489470110699264e-01
1.405120566786584504e+03 6.290500008146001392e+02 7.924726089774092319e-01
1.405141399504238052e+03 6.274775272165812794e+02 7.925088234539602317e-01
1.405162232220959595e+03 6.278927844762685027e+02 7.920689480950360295e-01
1.405183064937216841e+03 6.285017750973032662e+02 7.923432687958414933e-01
1.405203897653007061e+03 6.294676959296622272e+02 7.937964643560641020e-01
1.405224730368332985e+03 6.292010616203564268e+02 7.936483768679893913e-01
1.405245563082727131e+03 6.285928631527009429e+02 7.928863257053749836e-01
1.405266395796655615e+03 6.280543913471170754e+02 7.925184878891391449e-01
1.405287228510118894e+03 6.280388023995971025e+02 7.923701991693896662e-01
1.405308061222649940e+03 6.270945314124195420e+02 7.925828267085391898e-01
1.405328893935181441e+03 6.277689889436234125e+02 7.922538579050580898e-01
1.405349726646780937e+03 6.285106202665621140e+02 7.933302933637359500e-01
1.405370559357914999e+03 6.288388042699708649e+02 7.934574444109501190e-01
1.405391392068584537e+03 6.274590933667974468e+02 7.921027354500079776e-01
1.405412224778322070e+03 6.249135453165530407e+02 7.910012703052260452e-01
1.405433057488059148e+03 6.264493776829471017e+02 7.917658509479654771e-01
1.405453890196865359e+03 6.271328628580314444e+02 7.946932227153288286e-01
1.405474722905205908e+03 6.265131575709639264e+02 7.920908837022939686e-01
1.405495555613080796e+03 6.241884791553211471e+02 7.903733271325160681e-01
1.405516388320024362e+03 6.262374345141817003e+02 7.915738996730793398e-01
1.405537221026967927e+03 6.257254985149867252e+02 7.928480610824426567e-01
1.405558053732980625e+03 6.267519536082382956e+02 7.912043970233672008e-01
1.405578886438526524e+03 6.259753394409658540e+02 7.916968908730963594e-01
1.405599719143606990e+03 6.271091770521866238e+02 7.916578534957481317e-01
1.405620551848222931e+03 6.258254734809302136e+02 7.911113916517443778e-01
1.405641384551906413e+03 6.266015757157031203e+02 7.928894078441467430e-01
1.405662217255589439e+03 6.274588843783102448e+02 7.923988210910035690e-01
1.405683049958342963e+03 6.255994552717353372e+02 7.906342894117724951e-01
1.405703882660629915e+03 6.265561031302686388e+02 7.910629069949707270e-01
1.405724715362451207e+03 6.268202100142606241e+02 7.923612475545998013e-01
1.405745548063339811e+03 6.264765557127576585e+02 7.922752993833456214e-01
1.405766380764230462e+03 6.252970624431970919e+02 7.904203459138422483e-01
1.405787213464655451e+03 6.261733417891932731e+02 7.909646476990987995e-01
1.405808046164147981e+03 6.267443397649266217e+02 7.909403447251122099e-01
1.405828878863174396e+03 6.256093739736132875e+02 7.917636678062204281e-01
1.405849711561737422e+03 6.263086044929931404e+02 7.911475177585399754e-01
1.405870544259833423e+03 6.263240146195817033e+02 7.908591786841910887e-01
1.405891376957462853e+03 6.256490413990792376e+02 7.924696380382811878e-01
1.405912209654627077e+03 6.262767475232277548e+02 7.907498890541715397e-01
1.405933042351326549e+03 6.263000245478447141e+02 7.913771945029370869e-01
1.405953875047094925e+03 6.270243225481935951e+02 7.910727397879541156e-01
1.405974707742861938e+03 6.274414379115765996e+02 7.911170800219906596e-01
1.405995540437698082e+03 6.260843836582128006e+02 7.912179193727758575e-01
1.406016373132069475e+03 6.265070786394721836e+02 7.939156201805739332e-01
1.406037205825974979e+03 6.278124560946517931e+02 7.918094372423239991e-01
1.406058038519413913e+03 6.263808197293770945e+02 7.905393320344467067e-01
1.406078871212387639e+03 6.264666906190062718e+02 7.910872062037243024e-01
1.406099703904896160e+03 6.292033452365175208e+02 7.919463533622076445e-01
1.406120536596938564e+03 6.275851764760577680e+02 7.915215652067910668e-01
1.406141369288514852e+03 6.269880677419297399e+02 7.910750378560502671e-01
1.406162201979625934e+03 6.273737866807738328e+02 7.911483464924162767e-01
1.406183034670271354e+03 6.271619612423859280e+02 7.907749516316006089e-01
1.406203867359985452e+03 6.264964679718564184e+02 7.905787639140734457e-01
1.406308030802968005e+03 6.256797625275256678e+02 7.902796205775879379e-01
1.406328863490354024e+03 6.268161395581089437e+02 7.919031509417654435e-01
1.406370528863262507e+03 6.240121237031647752e+02 7.913849521795087716e-01
1.408662122514818520e+03 6.178074410210060705e+02 9.582916057181998237e-01
1.408745453189390901e+03 6.183527664835233963e+02 1.009771350718927430e+00
1.408787118529238796e+03 6.198315828908329195e+02 1.042197810498069588e+00
1.408807951199861009e+03 6.197944116055203949e+02 1.062310201858877701e+00
1.408828783871415453e+03 6.198302682167035300e+02 1.081893195974976241e+00
1.408849616542969216e+03 6.176422788892724611e+02 1.102219081563559744e+00
1.408891281888869798e+03 6.212519852871652120e+02 1.142484899124749154e+00
1.408912114562285524e+03 6.207136752633665537e+02 1.164575195056592793e+00
1.408932947236633936e+03 6.189533597441068196e+02 1.184215319495511620e+00
1.408953779911446873e+03 6.212420832068646632e+02 1.206108110611452178e+00
1.408974612587191586e+03 6.212057870537341842e+02 1.227252498854958462e+00
1.408995445263401962e+03 6.214512196964078612e+02 1.247577178876366322e+00
1.409016277940543659e+03 6.227339905740527684e+02 1.268643864293596879e+00
1.409037110618615998e+03 6.230811949550434292e+02 1.290379400646181951e+00
1.409057943297155362e+03 6.244669598186810617e+02 1.310401919857593578e+00
1.409078775976159932e+03 6.203303784139852723e+02 1.328743106397113793e+00
1.409099608656561486e+03 6.209221369899973979e+02 1.347546824559990419e+00
1.409120441337428019e+03 6.222841209494722534e+02 1.363978734891026168e+00
1.409141274019226330e+03 6.244787025977275334e+02 1.382691976176424475e+00
1.409162106701956418e+03 6.225317793673639244e+02 1.395876750935040267e+00
1.409182939385616919e+03 6.224982322748487604e+02 1.410380126427202896e+00
1.409203772070208970e+03 6.217264708289767441e+02 1.423385739772470071e+00
1.409224604755732344e+03 6.229325699725995946e+02 1.435057430779556054e+00
1.409245437441722061e+03 6.196018794596070620e+02 1.443934593124775789e+00
1.409266270129107397e+03 6.242553887063918410e+02 1.451240876766314303e+00
1.409287102817424966e+03 6.241968162274310998e+02 1.454505920550222209e+00
1.409307935506673402e+03 6.198595405238324929e+02 1.456076301398936179e+00
1.409328768197319960e+03 6.224961440336778651e+02 1.454905413932042979e+00
1.409349600888430814e+03 6.234198572475443143e+02 1.454378141458001261e+00
1.409370433580939334e+03 6.265826683150348799e+02 1.452784098353514075e+00
