1.872162170410156250e+03 1.041335611620080726e+03 2.708275094995584276e+00
1.872183044433593750e+03 1.041853621076156060e+03 2.705184416627877120e+00
1.872203857421875000e+03 1.040971959941794466e+03 2.721656823857814267e+00
1.872224670410156250e+03 1.041192143227365477e+03 2.702037349908678276e+00
1.872245544433593750e+03 1.042324362434803334e+03 2.711209506149713455e+00
1.872266357421875000e+03 1.040747327569605886e+03 2.702257667707790301e+00
1.872287170410156250e+03 1.042719598955038236e+03 2.701209563835721639e+00
1.872308044433593750e+03 1.041531168254699423e+03 2.701371875786727550e+00
1.872328857421875000e+03 1.039604154279209524e+03 2.703063699545396936e+00
1.872349670410156250e+03 1.041817082116455140e+03 2.715317499553702163e+00
1.872370544433593750e+03 1.042318615255929444e+03 2.719170811850961655e+00
1.872391357421875000e+03 1.039195307330956439e+03 2.710649986301456149e+00
1.872412170410156250e+03 1.041332346970461231e+03 2.710657374615495829e+00
1.872433044433593750e+03 1.041561416310335062e+03 2.722759753849953501e+00
1.872453857421875000e+03 1.041972078644481599e+03 2.701618458315593330e+00
1.872474670410156250e+03 1.041702595482564902e+03 2.701757448927585070e+00
1.872495544433593750e+03 1.040388328635920288e+03 2.705632188152546913e+00
1.872516357421875000e+03 1.040465986508013884e+03 2.704534967750401808e+00
1.872537170410156250e+03 1.041547932471235754e+03 2.705632716868660470e+00
1.872558044433593750e+03 1.041960107922390307e+03 2.704920266293107112e+00
1.872578857421875000e+03 1.041566920013080107e+03 2.702324368312795322e+00
1.872599670410156250e+03 1.040436735637973243e+03 2.703539160604099933e+00
1.872620544433593750e+03 1.041500721822586456e+03 2.731617959941900153e+00
1.872641357421875000e+03 1.039816605973245260e+03 2.705946932202521804e+00
1.872662170410156250e+03 1.041054026046309218e+03 2.704425300569395230e+00
1.872683044433593750e+03 1.040017758727236014e+03 2.708772437861325155e+00
1.872703857421875000e+03 1.042709935065930722e+03 2.715940492694414399e+00
1.872724670410156250e+03 1.042424961321209139e+03 2.706035832835342880e+00
1.872745544433593750e+03 1.041154941757910819e+03 2.709554445864666761e+00
1.872766357421875000e+03 1.041451263849219686e+03 2.705446514288317061e+00
1.872787170410156250e+03 1.042568733242403823e+03 2.707029576596930553e+00
1.872808044433593750e+03 1.041506582869739759e+03 2.702706365196220872e+00
1.872828857421875000e+03 1.041225520324166155e+03 2.700395827065590115e+00
1.872849670410156250e+03 1.042093263482869361e+03 2.719174406753951168e+00
1.872870544433593750e+03 1.039017457641578403e+03 2.700031516986145519e+00
1.872891357421875000e+03 1.042556736035352969e+03 2.710746736438154780e+00
1.872912170410156250e+03 1.041984546592096876e+03 2.703234190747604515e+00
1.872933044433593750e+03 1.041861700333906356e+03 2.702976024248974873e+00
1.872953857421875000e+03 1.042423779854499116e+03 2.702563541734595010e+00
1.872974670410156250e+03 1.041293754746729974e+03 2.704427945328662375e+00
1.872995544433593750e+03 1.040261104401209877e+03 2.703915078127518079e+00
1.873016357421875000e+03 1.042022029876194665e+03 2.702286518568354889e+00
1.873037170410156250e+03 1.043460049325470663e+03 2.707638538933794248e+00
1.873058044433593750e+03 1.039659722700014754e+03 2.703094217643326580e+00
1.873078857421875000e+03 1.042498168680582921e+03 2.704486834631717684e+00
1.873099670410156250e+03 1.040954892814891764e+03 2.704289180133588655e+00
1.873120544433593750e+03 1.042767962810169138e+03 2.719871026796083946e+00
1.873141357421875000e+03 1.040364132910358649e+03 2.701400294820529790e+00
1.873162170410156250e+03 1.042629429365972328e+03 2.701328540597538463e+00
1.873183044433593750e+03 1.041862506098811991e+03 2.704546427890494709e+00
1.873203857421875000e+03 1.040265363747014362e+03 2.701488286019980922e+00
1.873224670410156250e+03 1.040599068257703721e+03 2.708265763442459839e+00
1.873245544433593750e+03 1.043558007375860143e+03 2.702470292202453717e+00
1.873266357421875000e+03 1.039327456891915062e+03 2.702141996485592390e+00
1.873287170410156250e+03 1.041071252727978617e+03 2.703277848172504605e+00
1.873308044433593750e+03 1.042019054794716340e+03 2.705694223471402093e+00
1.873328857421875000e+03 1.040372605679652224e+03 2.707046750947682767e+00
1.873349670410156250e+03 1.040756342064318460e+03 2.715198784535798548e+00
1.873370544433593750e+03 1.039431378997460342e+03 2.709430726566107950e+00
1.873391357421875000e+03 1.041001678281183331e+03 2.710317139456090096e+00
1.873412170410156250e+03 1.041054345820181197e+03 2.706140500996356835e+00
1.873433044433593750e+03 1.042547525089295050e+03 2.701351664552817056e+00
1.873453857421875000e+03 1.040461409407058909e+03 2.722365157165767879e+00
1.873474670410156250e+03 1.043337755130896539e+03 2.701894755806350190e+00
1.873495544433593750e+03 1.041530924028064192e+03 2.707249840392131901e+00
1.873516357421875000e+03 1.042420086510557894e+03 2.709767817583939031e+00
1.873537170410156250e+03 1.042226692503010554e+03 2.714230079726053013e+00
1.873558044433593750e+03 1.044738168547725081e+03 2.705873712540511900e+00
1.873578857421875000e+03 1.042898768871626999e+03 2.705852741923351790e+00
1.873599670410156250e+03 1.041868011099128125e+03 2.704207628015323106e+00
1.873620544433593750e+03 1.041892170881056245e+03 2.708466032640890031e+00
1.873641357421875000e+03 1.041949245184763640e+03 2.714616549199129647e+00
1.873662170410156250e+03 1.041461055025708902e+03 2.705594032200255405e+00
1.873683044433593750e+03 1.039847343550948608e+03 2.702796254536471210e+00
1.873703857421875000e+03 1.041664036601619955e+03 2.706864080730743360e+00
1.873724670410156250e+03 1.041842210847622937e+03 2.707518782757448506e+00
1.873745544433593750e+03 1.043058905914235083e+03 2.715898970116772837e+00
1.873766357421875000e+03 1.042243220044746749e+03 2.710658078263401993e+00
1.873787170410156250e+03 1.043609592012086523e+03 2.715491084582001502e+00
1.873808044433593750e+03 1.042090924893961528e+03 2.702490583292234572e+00
1.873828857421875000e+03 1.044415264414509465e+03 2.705993629628511865e+00
1.873849670410156250e+03 1.042902360811275912e+03 2.701339749562412518e+00
1.873870544433593750e+03 1.042212741374386496e+03 2.712125050871537990e+00
1.873891357421875000e+03 1.042872579275901671e+03 2.705028503183182220e+00
1.873912170410156250e+03 1.044416260603910132e+03 2.701600808202404114e+00
1.873933044433593750e+03 1.041292375793962947e+03 2.703104272663713115e+00
1.873953857421875000e+03 1.041305036949343503e+03 2.705007085314935722e+00
1.873974670410156250e+03 1.042258787399902985e+03 2.714723784725797451e+00
1.873995544433593750e+03 1.041936546817052431e+03 2.706632334283151309e+00
1.874016357421875000e+03 1.042179436889849967e+03 2.700027984897967137e+00
1.874037170410156250e+03 1.043135653826452881e+03 2.714087247763133259e+00
1.874058044433593750e+03 1.044016099802256122e+03 2.705356624878398009e+00
1.874078857421875000e+03 1.041542365654536979e+03 2.700497623786523693e+00
1.874099670410156250e+03 1.041464342928426277e+03 2.704348336941961417e+00
1.874120544433593750e+03 1.042414567838084167e+03 2.702759028891701831e+00
1.874141357421875000e+03 1.042660809605197755e+03 2.711107759873172540e+00
1.874162170410156250e+03 1.042616048556362784e+03 2.710549362495931369e+00
1.874183044433593750e+03 1.045076946372150815e+03 2.706724647674539241e+00
1.874203857421875000e+03 1.041794845032318563e+03 2.709256929247039203e+00
1.874224670410156250e+03 1.040771080128946096e+03 2.713364627698282128e+00
1.874245544433593750e+03 1.042514285936558736e+03 2.716672871198375194e+00
1.874266357421875000e+03 1.043798480416409575e+03 2.705930015200294303e+00
1.874287231445312500e+03 1.042364080874015144e+03 2.710123341135956654e+00
1.874308044433593750e+03 1.043102322930615173e+03 2.707289734316570939e+00
1.874328918457031250e+03 1.044150289981036167e+03 2.716427567458415737e+00
1.874349731445312500e+03 1.042150271699489849e+03 2.704919561152587804e+00
1.874370544433593750e+03 1.043118283708952731e+03 2.704452717781559823e+00
1.874391418457031250e+03 1.041694023749393864e+03 2.717760541791404805e+00
1.874412231445312500e+03 1.041951054242465489e+03 2.705308241988994666e+00
1.874433044433593750e+03 1.042836899562496455e+03 2.715530155048869521e+00
1.874453918457031250e+03 1.042549386803824518e+03 2.703307393706487982e+00
1.874474731445312500e+03 1.042347457925333856e+03 2.702561865565158872e+00
1.874495544433593750e+03 1.042566241133341464e+03 2.718613632114536660e+00
1.874516418457031250e+03 1.043797535092843191e+03 2.708055002631562402e+00
1.874537231445312500e+03 1.041464460316732584e+03 2.700847129029332105e+00
1.874558044433593750e+03 1.042531089974043425e+03 2.735545142343580594e+00
1.874578918457031250e+03 1.042008595999524914e+03 2.703777785667679456e+00
1.874599731445312500e+03 1.043578679593534162e+03 2.703572230744769378e+00
1.874620544433593750e+03 1.042453150975471772e+03 2.704690204444912816e+00
1.874641418457031250e+03 1.043091688116084015e+03 2.706110457771793598e+00
1.874662231445312500e+03 1.042607988786504848e+03 2.700585820965093031e+00
1.874683044433593750e+03 1.043640305748398987e+03 2.707093693617147245e+00
1.874703918457031250e+03 1.041740667693384239e+03 2.712337692959826629e+00
1.874724731445312500e+03 1.042375667475038199e+03 2.708455557388316670e+00
1.874745544433593750e+03 1.042144311775009328e+03 2.703370099725090459e+00
1.874766418457031250e+03 1.042437281910827096e+03 2.704326384715491471e+00
1.874787231445312500e+03 1.041741639759754207e+03 2.715138634783002658e+00
1.874808044433593750e+03 1.043848967573583650e+03 2.700974948901056383e+00
1.874828918457031250e+03 1.042812966812186232e+03 2.699917781425712260e+00
1.874849731445312500e+03 1.041662783404199445e+03 2.706419948677335707e+00
1.874870544433593750e+03 1.043525720943642455e+03 2.702597153123327267e+00
1.874891418457031250e+03 1.041076058304642174e+03 2.705351601558551700e+00
1.874912231445312500e+03 1.043988260954101179e+03 2.701931022717989350e+00
1.874933044433593750e+03 1.042383647066989170e+03 2.703010777171472423e+00
1.874953918457031250e+03 1.042429411263697148e+03 2.714186422783459118e+00
1.874974731445312500e+03 1.042352212169922495e+03 2.705682503839737851e+00
1.874995544433593750e+03 1.041495724152295679e+03 2.700196990138493458e+00
1.875016418457031250e+03 1.042993220158999065e+03 2.703955638470815437e+00
1.875037231445312500e+03 1.041616819979208685e+03 2.708876384186075459e+00
1.875058044433593750e+03 1.041472959386462662e+03 2.704820663373896483e+00
1.875078918457031250e+03 1.041137891097167085e+03 2.703828841288704599e+00
1.875099731445312500e+03 1.043646303292891162e+03 2.704679714568517745e+00
1.875120544433593750e+03 1.040139499924190432e+03 2.708687763986649788e+00
1.875141418457031250e+03 1.041681466821393315e+03 2.705475331143408546e+00
1.875162231445312500e+03 1.041922068141595446e+03 2.706139531865286774e+00
1.875183044433593750e+03 1.040874766993424828e+03 2.702373245753220132e+00
1.875203918457031250e+03 1.043074522022623114e+03 2.717296869710265295e+00
1.875224731445312500e+03 1.043445021032896875e+03 2.714319675276120503e+00
1.875245544433593750e+03 1.043027584318431082e+03 2.703888184520967020e+00
1.875266418457031250e+03 1.043181258281719238e+03 2.707201491338125265e+00
1.875287231445312500e+03 1.042241348698518095e+03 2.702918072315891429e+00
1.875308044433593750e+03 1.042605508097114125e+03 2.702469851090114616e+00
1.875328918457031250e+03 1.041708290226867575e+03 2.706390613312304350e+00
1.875349731445312500e+03 1.041732302460517076e+03 2.704957991042908017e+00
1.875370544433593750e+03 1.042028395363417303e+03 2.714826098048503500e+00
1.875391418457031250e+03 1.041300073457876351e+03 2.702252903315861765e+00
1.875412231445312500e+03 1.043306211136148704e+03 2.703411550162498234e+00
1.875433044433593750e+03 1.044226919631338660e+03 2.707473080290784484e+00
1.875453918457031250e+03 1.043639494421491463e+03 2.706481701664826378e+00
1.875474731445312500e+03 1.043388215237808708e+03 2.702902988732263534e+00
1.875495544433593750e+03 1.039579167379249839e+03 2.704760282827488371e+00
1.875516418457031250e+03 1.043198923113814317e+03 2.707900046877542266e+00
1.875537231445312500e+03 1.044249920774319435e+03 2.731753591380634560e+00
1.875558044433593750e+03 1.042224940944208129e+03 2.706989502688101457e+00
1.875578918457031250e+03 1.040992970966416578e+03 2.704591298279420020e+00
1.875599731445312500e+03 1.041812208864183276e+03 2.714780782065401077e+00
1.875620544433593750e+03 1.042082093041390863e+03 2.705135589980780075e+00
1.875641418457031250e+03 1.041695666296677700e+03 2.709752068245784073e+00
1.875662231445312500e+03 1.041626707177605340e+03 2.710126860066932153e+00
1.875683044433593750e+03 1.042081864352210914e+03 2.703536955913672379e+00
1.875703918457031250e+03 1.041341206848808497e+03 2.705355655466522347e+00
1.875724731445312500e+03 1.041292355656610425e+03 2.712209441624450879e+00
1.875745544433593750e+03 1.042359772365912931e+03 2.703155252805554909e+00
1.875766418457031250e+03 1.041990241348044947e+03 2.728522265896535348e+00
1.875787231445312500e+03 1.043277159297745129e+03 2.711341410072489744e+00
1.875808044433593750e+03 1.042490973216673865e+03 2.717063205150905603e+00
1.875828918457031250e+03 1.043818747712708273e+03 2.702879878049032847e+00
1.875849731445312500e+03 1.040678388882749232e+03 2.700794251498662923e+00
1.875870544433593750e+03 1.042131773896839377e+03 2.706359603811966608e+00
1.875891418457031250e+03 1.039898208156608916e+03 2.702286695025269747e+00
1.875912231445312500e+03 1.042450142862665416e+03 2.703868432980542025e+00
1.875933044433593750e+03 1.040629718824036217e+03 2.715492050375599487e+00
1.875953918457031250e+03 1.041680995497168624e+03 2.729872216807753382e+00
1.875974731445312500e+03 1.040288648268391626e+03 2.706141029613157833e+00
1.875995544433593750e+03 1.041843096088378843e+03 2.702363276238765710e+00
1.876016418457031250e+03 1.042034884472990598e+03 2.725748984620675497e+00
1.876037231445312500e+03 1.041983051539306643e+03 2.702263314383642978e+00
1.876058044433593750e+03 1.040210606450407568e+03 2.718724480870940319e+00
1.876078918457031250e+03 1.040508942298603642e+03 2.701623665076958503e+00
1.876099731445312500e+03 1.040845583307721427e+03 2.705533757036016951e+00
1.876120544433593750e+03 1.042390589190741593e+03 2.718624857510731463e+00
1.876141418457031250e+03 1.042362836631595883e+03 2.710090614859043789e+00
1.876162231445312500e+03 1.040246618933381342e+03 2.700302855848888850e+00
1.876183044433593750e+03 1.042557721946343918e+03 2.701322803707757902e+00
1.876203918457031250e+03 1.041107991833612004e+03 2.703873194525807655e+00
1.876224731445312500e+03 1.041696722880802326e+03 2.715599778105417084e+00
1.876245544433593750e+03 1.040641236253199622e+03 2.702239315929779284e+00
1.876266418457031250e+03 1.040791902437797489e+03 2.701359254815597577e+00
1.876287231445312500e+03 1.041263891436901986e+03 2.700690965188932147e+00
1.876308044433593750e+03 1.040590712886047640e+03 2.708698766458863982e+00
1.876328918457031250e+03 1.042466719865178220e+03 2.702066379592952039e+00
1.876349731445312500e+03 1.039803427434077548e+03 2.704673808485754893e+00
1.876370544433593750e+03 1.040626904924456085e+03 2.713458996548897328e+00
1.876391418457031250e+03 1.041274190352860614e+03 2.698713992410012530e+00
1.876412231445312500e+03 1.043126048871575904e+03 2.705197812954601044e+00
1.876433044433593750e+03 1.041972439989401664e+03 2.700867167489156451e+00
1.876453918457031250e+03 1.041444809144128840e+03 2.719686062030133744e+00
1.876474731445312500e+03 1.040464232554313867e+03 2.720495693955661931e+00
1.876495544433593750e+03 1.039636870698599751e+03 2.701148749505581481e+00
1.876516418457031250e+03 1.040204806909982381e+03 2.701679968058909420e+00
1.876537231445312500e+03 1.040625510075448346e+03 2.702586655122918735e+00
1.876558044433593750e+03 1.041483466124223241e+03 2.701203561901770023e+00
1.876578918457031250e+03 1.041534463951336193e+03 2.701680674044965258e+00
1.876599731445312500e+03 1.040402440462121376e+03 2.708860629665119202e+00
1.876620544433593750e+03 1.040818089989150849e+03 2.711503994811623741e+00
1.876641418457031250e+03 1.039681499670979065e+03 2.720299202647129100e+00
1.876662231445312500e+03 1.039392959430723067e+03 2.700440148399269713e+00
1.876683044433593750e+03 1.041015508550665118e+03 2.699568509132162397e+00
1.876703918457031250e+03 1.039484063477603286e+03 2.701287058196975455e+00
1.876745544433593750e+03 1.042202977845219038e+03 2.706604498711451701e+00
1.876766418457031250e+03 1.042297941903513220e+03 2.701658523644568266e+00
1.876787231445312500e+03 1.042200775468213124e+03 2.704878310112281081e+00
1.876808044433593750e+03 1.041003077179047750e+03 2.710217031114557695e+00
1.876828918457031250e+03 1.042531627603162860e+03 2.709807674438591718e+00
1.876849731445312500e+03 1.043683898158871671e+03 2.702456970578056783e+00
1.876870544433593750e+03 1.042432265418751513e+03 2.711071703664376997e+00
1.876891418457031250e+03 1.041830616386134352e+03 2.709371328736384310e+00
1.876912231445312500e+03 1.041175994999876139e+03 2.704414633347431263e+00
1.876933044433593750e+03 1.039538660390527866e+03 2.701970553979586409e+00
1.876953918457031250e+03 1.040864844030513268e+03 2.716285465463620152e+00
1.876974731445312500e+03 1.041782251478901117e+03 2.713055577491703119e+00
1.876995544433593750e+03 1.041474792559413800e+03 2.702653435825105088e+00
1.877016418457031250e+03 1.041359732434344096e+03 2.710795901775259420e+00
1.877037231445312500e+03 1.040301124782884472e+03 2.709948532488499762e+00
1.877058044433593750e+03 1.042710979229952272e+03 2.751849419593829449e+00
1.877078918457031250e+03 1.041987656605240090e+03 2.702844153130786964e+00
1.877099731445312500e+03 1.041020696201434930e+03 2.702744032634004423e+00
1.877120544433593750e+03 1.041750955616543706e+03 2.710065630016022631e+00
1.877141418457031250e+03 1.044040804369391481e+03 2.712749040834965708e+00
1.877162231445312500e+03 1.039256878813440835e+03 2.702719950234306445e+00
1.877183044433593750e+03 1.041117122872700747e+03 2.711730225499478397e+00
1.877203918457031250e+03 1.041728221567026822e+03 2.714110175171367434e+00
1.877224731445312500e+03 1.040672976486804146e+03 2.702398566390086909e+00
1.877245544433593750e+03 1.041743220476850865e+03 2.713220871446594629e+00
1.877266418457031250e+03 1.041528263198486911e+03 2.704564587705352796e+00
1.877287231445312500e+03 1.041234238585285539e+03 2.703253064953170526e+00
1.877308044433593750e+03 1.041872923312522516e+03 2.705373016699335498e+00
1.877328918457031250e+03 1.039984129271475013e+03 2.707038648190648100e+00
1.877349731445312500e+03 1.040864762357187601e+03 2.699082631986425618e+00
1.877370544433593750e+03 1.040232848297524924e+03 2.712012965342944781e+00
1.877391418457031250e+03 1.040848571625050681e+03 2.697444702656416116e+00
1.877412231445312500e+03 1.042492165002609227e+03 2.715449818534671600e+00
1.877433044433593750e+03 1.040984001463584491e+03 2.704534086199152920e+00
1.877453918457031250e+03 1.042022565748478883e+03 2.706311943631531047e+00
1.877474731445312500e+03 1.040798896265266876e+03 2.705012549972331204e+00
1.877495544433593750e+03 1.040826102864752784e+03 2.716547281961393612e+00
1.877516418457031250e+03 1.040154869993939883e+03 2.714209085831245538e+00
1.877537231445312500e+03 1.040290370493361024e+03 2.709414975268503945e+00
1.877558044433593750e+03 1.041631521683227447e+03 2.702015378906848841e+00
1.877578918457031250e+03 1.041215107471485453e+03 2.704620565008201361e+00
1.877599731445312500e+03 1.043221108539913985e+03 2.716913940628007396e+00
1.877620544433593750e+03 1.040746984788630243e+03 2.700518635988337746e+00
1.877641418457031250e+03 1.040295580300738493e+03 2.702371393014378231e+00
1.877662231445312500e+03 1.043150168090282250e+03 2.707311398320630502e+00
1.877683044433593750e+03 1.040000405524556754e+03 2.703863406895887334e+00
1.877703918457031250e+03 1.043878202028415217e+03 2.711099845136709874e+00
1.877724731445312500e+03 1.040254683321889388e+03 2.737807555318842567e+00
1.877745544433593750e+03 1.040581141633890866e+03 2.737289183698958794e+00
1.877766418457031250e+03 1.041775416990521080e+03 2.729094545610209366e+00
1.877787231445312500e+03 1.041602897714164328e+03 2.704582923705377784e+00
1.877808044433593750e+03 1.041218580375252941e+03 2.703786162735516641e+00
1.877828918457031250e+03 1.041037339435411695e+03 2.700164320148765285e+00
1.877849731445312500e+03 1.040145911800262411e+03 2.713881770887859091e+00
1.877870544433593750e+03 1.041509760384757101e+03 2.706747285115201684e+00
1.877891418457031250e+03 1.041096903663345529e+03 2.698273378648210929e+00
1.877912231445312500e+03 1.039600926061363907e+03 2.705887546009924538e+00
1.877933044433593750e+03 1.042186602935056499e+03 2.701472047137646104e+00
1.877953918457031250e+03 1.040453283139826908e+03 2.709508425761256056e+00
1.877974731445312500e+03 1.039480619518212961e+03 2.701352635401571334e+00
1.877995544433593750e+03 1.041963313211556169e+03 2.702350395218728440e+00
1.878016418457031250e+03 1.040271735256183547e+03 2.700908656338687486e+00
1.878037231445312500e+03 1.040830819897101946e+03 2.714114655217022776e+00
1.878058044433593750e+03 1.042405534041473629e+03 2.713458293627319051e+00
1.878078918457031250e+03 1.040435907125546237e+03 2.710571528200457880e+00
1.878099731445312500e+03 1.039637575820489928e+03 2.703842420687082360e+00
1.878120544433593750e+03 1.040005409361677494e+03 2.711962942933626053e+00
1.878141418457031250e+03 1.042513103891297760e+03 2.708160385087301503e+00
1.878162231445312500e+03 1.042726599809310301e+03 2.700867167489156451e+00
1.878183044433593750e+03 1.042351418732040656e+03 2.700198402885889859e+00
1.878203918457031250e+03 1.039999907980515445e+03 2.712180344692706857e+00
1.878224731445312500e+03 1.042518532184478545e+03 2.703996462723714966e+00
1.878245544433593750e+03 1.041317211258064390e+03 2.718222643689755635e+00
1.878266418457031250e+03 1.041880698094307718e+03 2.705513929385844119e+00
1.878287231445312500e+03 1.043083069431060721e+03 2.711845399827338632e+00
1.878308044433593750e+03 1.041326250984516037e+03 2.704730488718157577e+00
1.878328918457031250e+03 1.043817905663890997e+03 2.702174201404100362e+00
1.878349731445312500e+03 1.040174737407380690e+03 2.700586527237179624e+00
1.878370544433593750e+03 1.040877304522893837e+03 2.702103350076722865e+00
1.878391418457031250e+03 1.040970240451744985e+03 2.704001664906051428e+00
1.878412231445312500e+03 1.040681615988868771e+03 2.709723472844764114e+00
1.878433044433593750e+03 1.041822851170357580e+03 2.700730073205059867e+00
1.878453918457031250e+03 1.042320161211262302e+03 2.705304893050240356e+00
1.878474731445312500e+03 1.040807258601301783e+03 2.713212523508504948e+00
1.878495544433593750e+03 1.044013374372500721e+03 2.719580863186666253e+00
1.878516418457031250e+03 1.042284360779264716e+03 2.705864901376628939e+00
1.878537231445312500e+03 1.039637841249325675e+03 2.705442636767566800e+00
1.878558044433593750e+03 1.042203381710373606e+03 2.700503803862852159e+00
1.878578918457031250e+03 1.042427858262071368e+03 2.700578669949810884e+00
1.878599731445312500e+03 1.041851118342700602e+03 2.704723613107857361e+00
1.878620544433593750e+03 1.041205026727119048e+03 2.715278162607966284e+00
1.878641418457031250e+03 1.044230868571237124e+03 2.700028867920444942e+00
1.878662231445312500e+03 1.041912506746005420e+03 2.718742370594763980e+00
1.878683044433593750e+03 1.041759733078918316e+03 2.706211334727576023e+00
1.878703918457031250e+03 1.041985687390803605e+03 2.706192040648697450e+00
1.878724731445312500e+03 1.039929773956509507e+03 2.707498089057903012e+00
1.878745544433593750e+03 1.041644721625744296e+03 2.702548015072663290e+00
1.878766418457031250e+03 1.039822649502511240e+03 2.704854687438397409e+00
1.878787231445312500e+03 1.041730657004726027e+03 2.706053982655086898e+00
1.878808044433593750e+03 1.041032681698157830e+03 2.701215477492894923e+00
1.878828918457031250e+03 1.040673160384300445e+03 2.706185344954469052e+00
1.878849731445312500e+03 1.041266564116429436e+03 2.700646383125386407e+00
1.878870544433593750e+03 1.041152344979337158e+03 2.714739768692157718e+00
1.878891418457031250e+03 1.041341652370191468e+03 2.701986525151150342e+00
1.878912231445312500e+03 1.040836324577979667e+03 2.698604088673398849e+00
1.878933044433593750e+03 1.043249993991340261e+03 2.722526996012813782e+00
1.878953918457031250e+03 1.041192789560112260e+03 2.700282371731697495e+00
1.878974731445312500e+03 1.040917623844611626e+03 2.711965580342044380e+00
1.878995544433593750e+03 1.045530474566253133e+03 2.702665345023982812e+00
1.879016418457031250e+03 1.043357723795399579e+03 2.699451662826683140e+00
1.879037231445312500e+03 1.042192009165223453e+03 2.709183183015596796e+00
1.879058044433593750e+03 1.042820235865049881e+03 2.702086673715879961e+00
1.879078918457031250e+03 1.042283453478120009e+03 2.702937389764976217e+00
1.879099731445312500e+03 1.043098763221448053e+03 2.702804811069553281e+00
1.879120544433593750e+03 1.040600935288671508e+03 2.704345956588668276e+00
1.879141418457031250e+03 1.041719605220782341e+03 2.701482814233576502e+00
1.879162231445312500e+03 1.042134986538441581e+03 2.705479120492956024e+00
1.879183044433593750e+03 1.041830758783492456e+03 2.702651936144489397e+00
1.879203918457031250e+03 1.040783614312151940e+03 2.701619164317722532e+00
1.879224731445312500e+03 1.042594795032920047e+03 2.701782687090680923e+00
1.879245544433593750e+03 1.040707462641627899e+03 2.701543532790876334e+00
1.879266418457031250e+03 1.042201566266592863e+03 2.702740151236104449e+00
1.879287231445312500e+03 1.043081052479255732e+03 2.718292724037852715e+00
1.879308044433593750e+03 1.041609107646480197e+03 2.702395478520244421e+00
1.879328918457031250e+03 1.041973751627761658e+03 2.701554564359006871e+00
1.879349731445312500e+03 1.042534985353035836e+03 2.710068005345513953e+00
1.879370544433593750e+03 1.040492580074096395e+03 2.700194606125585928e+00
1.879391418457031250e+03 1.041387227319261228e+03 2.702673460892410340e+00
1.879412231445312500e+03 1.042493033382044132e+03 2.703085662026352143e+00
1.879433044433593750e+03 1.042766039277310028e+03 2.720640643210890275e+00
1.879453918457031250e+03 1.041884705093958473e+03 2.700396091936278609e+00
1.879474731445312500e+03 1.040791818138891131e+03 2.702451236083760477e+00
1.879495544433593750e+03 1.041243378010859715e+03 2.717661848117850720e+00
1.879516418457031250e+03 1.040738349711298270e+03 2.714905223562105174e+00
1.879537231445312500e+03 1.042519031484363040e+03 2.701789834919206434e+00
1.879558044433593750e+03 1.044359397065583380e+03 2.710822814802168690e+00
1.879578918457031250e+03 1.042019971643049757e+03 2.729671247201364448e+00
1.879599731445312500e+03 1.041656646425845565e+03 2.704886419340823966e+00
1.879620544433593750e+03 1.042305093219696346e+03 2.701642727032949054e+00
1.879641418457031250e+03 1.041498511448993668e+03 2.697810157431083766e+00
1.879662231445312500e+03 1.042315665393685777e+03 2.704923174995806701e+00
1.879683044433593750e+03 1.042246023890653078e+03 2.705908516357355076e+00
1.879703918457031250e+03 1.042111138623056831e+03 2.704309016763467799e+00
1.879724731445312500e+03 1.042233101882197161e+03 2.700583260727229984e+00
1.879745544433593750e+03 1.042389798524389334e+03 2.715982716905664063e+00
1.879766418457031250e+03 1.042074695670290339e+03 2.728147466857616887e+00
1.879787231445312500e+03 1.042341157443212069e+03 2.702067173713671000e+00
1.879808044433593750e+03 1.043209162239784064e+03 2.702456441240631335e+00
1.879828918457031250e+03 1.045597997342785675e+03 2.707247990990647946e+00
1.879849731445312500e+03 1.042124906566777099e+03 2.704160899747352520e+00
1.879870544433593750e+03 1.041252924330749011e+03 2.703576287320837768e+00
1.879891418457031250e+03 1.041313860594394555e+03 2.704077756700466573e+00
1.879912231445312500e+03 1.041508599228902540e+03 2.700073989984645095e+00
1.879933044433593750e+03 1.044552556558484639e+03 2.702309104959826680e+00
1.879953918457031250e+03 1.043317907331168726e+03 2.699046591804266093e+00
1.879974731445312500e+03 1.044003527098045879e+03 2.708903052244572507e+00
1.879995544433593750e+03 1.039968050723048918e+03 2.700233191557321888e+00
1.880016418457031250e+03 1.043082864640264233e+03 2.701127300873863657e+00
1.880037231445312500e+03 1.041003737094117469e+03 2.698410951166807070e+00
1.880058044433593750e+03 1.043764297954591939e+03 2.705036611961472381e+00
1.880078918457031250e+03 1.041272883386099693e+03 2.702813367575546799e+00
1.880099731445312500e+03 1.042442133929855800e+03 2.701568331692845604e+00
1.880120544433593750e+03 1.042740767250407089e+03 2.701504701312696266e+00
1.880141418457031250e+03 1.042544995635378427e+03 2.706569880021924668e+00
1.880162231445312500e+03 1.042854051515978881e+03 2.699135543048650998e+00
1.880183044433593750e+03 1.043940267405770555e+03 2.717086546186741280e+00
1.880203918457031250e+03 1.043290316476517319e+03 2.701419093582323683e+00
1.880224731445312500e+03 1.042293036793476176e+03 2.703128792644331924e+00
1.880245544433593750e+03 1.042203562609368191e+03 2.699938268309007849e+00
1.880266418457031250e+03 1.042987321277290903e+03 2.697748647831413660e+00
1.880287231445312500e+03 1.043464392175899320e+03 2.725425242570072015e+00
1.880308044433593750e+03 1.044141411700373737e+03 2.711014980121398743e+00
1.880328918457031250e+03 1.041427376088567371e+03 2.704693554144771195e+00
1.880349731445312500e+03 1.042302068058321311e+03 2.706659993396794750e+00
1.880370544433593750e+03 1.044158522216455140e+03 2.700773241441156269e+00
1.880391418457031250e+03 1.041705406491207214e+03 2.703003367956436254e+00
1.880412231445312500e+03 1.043620360361934672e+03 2.700353888878845865e+00
1.880433044433593750e+03 1.042910209507684385e+03 2.717271775643717469e+00
1.880453918457031250e+03 1.041703682923721544e+03 2.701783657784553316e+00
1.880474731445312500e+03 1.043335240864425259e+03 2.705144139114403767e+00
1.880495544433593750e+03 1.044500572945473095e+03 2.722606685849522368e+00
1.880516418457031250e+03 1.042722847656639942e+03 2.732016107235254232e+00
1.880537231445312500e+03 1.045273228621867247e+03 2.702834802827303928e+00
1.880558044433593750e+03 1.042576540497714404e+03 2.707337817603165053e+00
1.880578918457031250e+03 1.044471990892710664e+03 2.702897784435339901e+00
1.880599731445312500e+03 1.044552022465770506e+03 2.707344510447144970e+00
1.880620544433593750e+03 1.043482389351865550e+03 2.701954582713617548e+00
1.880641418457031250e+03 1.043257922926483616e+03 2.701314683781396830e+00
1.880662231445312500e+03 1.043058594527424020e+03 2.700138360469687360e+00
1.880683044433593750e+03 1.045215869747961051e+03 2.699537067993274864e+00
1.880703918457031250e+03 1.043843510283611067e+03 2.698389304061441951e+00
1.880724731445312500e+03 1.042294974871733984e+03 2.702625294620728535e+00
1.880745544433593750e+03 1.042892155157513344e+03 2.702849622161227483e+00
1.880766418457031250e+03 1.043591740313637501e+03 2.698992707300951643e+00
1.880787231445312500e+03 1.045024142403626456e+03 2.699692945328033833e+00
1.880808044433593750e+03 1.045354685090636394e+03 2.698208345138157327e+00
1.880828918457031250e+03 1.045005468448430520e+03 2.711446752729878895e+00
1.880849731445312500e+03 1.043097464996390045e+03 2.713108567559586959e+00
1.880870544433593750e+03 1.044412436182664123e+03 2.713264192439138967e+00
1.880891418457031250e+03 1.044974777593159615e+03 2.708859925550311853e+00
1.880912231445312500e+03 1.045540434186045559e+03 2.705245052103626424e+00
1.880933044433593750e+03 1.044920973658361163e+03 2.705551117125971405e+00
1.880953918457031250e+03 1.041402245383294712e+03 2.709514409298832138e+00
1.880974731445312500e+03 1.044438193247651043e+03 2.711243625913015265e+00
1.880995544433593750e+03 1.044959887260987216e+03 2.701300650372859380e+00
1.881016418457031250e+03 1.042748754430340568e+03 2.699977917051077814e+00
1.881037231445312500e+03 1.044400643506354072e+03 2.705300310285227106e+00
1.881058044433593750e+03 1.043112736007894000e+03 2.705730880036727903e+00
1.881078918457031250e+03 1.044973831436780074e+03 2.705687085957409810e+00
1.881099731445312500e+03 1.044316257214106372e+03 2.702520137433059411e+00
1.881120544433593750e+03 1.044670347371544722e+03 2.704476608437561769e+00
1.881141418457031250e+03 1.044804506527599415e+03 2.706218999460459518e+00
1.881162231445312500e+03 1.043245937223755163e+03 2.705202307759888125e+00
1.881183044433593750e+03 1.044425384817502163e+03 2.702683693909168738e+00
1.881203918457031250e+03 1.044595509809093755e+03 2.705924288066201999e+00
1.881224731445312500e+03 1.043915818710024041e+03 2.726880511344535574e+00
1.881245544433593750e+03 1.044556607606438320e+03 2.707578397339674314e+00
1.881266418457031250e+03 1.043721220914514561e+03 2.701528794545560608e+00
1.881287231445312500e+03 1.042550820780942786e+03 2.706822859324240049e+00
1.881308044433593750e+03 1.042898792471349225e+03 2.705629544570430145e+00
1.881328918457031250e+03 1.044729898426974387e+03 2.702839830824706802e+00
1.881349731445312500e+03 1.043899794177268177e+03 2.700093239481201834e+00
1.881370544433593750e+03 1.042810408421132706e+03 2.745707282577277919e+00
1.881391418457031250e+03 1.044660531901910645e+03 2.704998712028154451e+00
1.881412231445312500e+03 1.042974126905848834e+03 2.715820575866357167e+00
1.881433044433593750e+03 1.044948657000139292e+03 2.704620124246562618e+00
1.881453918457031250e+03 1.045836341112779110e+03 2.712341560623513281e+00
1.881474731445312500e+03 1.043954254665328790e+03 2.703377948899251759e+00
1.881495544433593750e+03 1.045566530786371459e+03 2.700703147882224542e+00
1.881516418457031250e+03 1.045143186706751067e+03 2.702206405938789580e+00
1.881537231445312500e+03 1.044212092239645472e+03 2.705446954915323499e+00
1.881558044433593750e+03 1.044325482806421633e+03 2.702865588138397168e+00
1.881578918457031250e+03 1.044612698563846834e+03 2.703272820989799374e+00
1.881599731445312500e+03 1.044560088069553558e+03 2.699190837975256940e+00
1.881620544433593750e+03 1.042562466542563470e+03 2.708718570796229130e+00
1.881641418457031250e+03 1.043961608116508842e+03 2.703517201807217774e+00
1.881662231445312500e+03 1.044882361503799530e+03 2.702740415877047386e+00
1.881683044433593750e+03 1.044786678488477037e+03 2.753336875980982867e+00
1.881703857421875000e+03 1.043396693064347573e+03 2.701707854367822570e+00
1.881724670410156250e+03 1.044552130873449414e+03 2.712785953619907264e+00
1.881745544433593750e+03 1.041307303797858367e+03 2.738972662297309402e+00
1.881766357421875000e+03 1.044787007620684562e+03 2.705274576152881139e+00
1.881787170410156250e+03 1.043163403895392776e+03 2.709520568809004715e+00
1.881808044433593750e+03 1.044846602587031839e+03 2.702439590611742215e+00
1.881828857421875000e+03 1.043128214570869432e+03 2.700288287419430500e+00
1.881849670410156250e+03 1.042367374245897963e+03 2.704626823815721171e+00
1.881870544433593750e+03 1.043155237077277661e+03 2.704699019435634622e+00
1.881891357421875000e+03 1.042621359201804580e+03 2.707650162045387443e+00
1.881912170410156250e+03 1.043412479097547248e+03 2.701080077977416227e+00
1.881933044433593750e+03 1.043534047926632866e+03 2.704183117816964632e+00
1.881953857421875000e+03 1.044009916714981500e+03 2.712255679610982462e+00
1.881974670410156250e+03 1.042137509437352492e+03 2.706580626838076320e+00
1.881995544433593750e+03 1.044267882437813796e+03 2.699732332737176055e+00
1.882016357421875000e+03 1.043305814313165456e+03 2.700773506274831259e+00
1.882037170410156250e+03 1.044712368768451825e+03 2.702073085493911453e+00
1.882058044433593750e+03 1.045382205468289840e+03 2.698327807663680300e+00
1.882078857421875000e+03 1.043860257567748477e+03 2.707997599602090411e+00
1.882099670410156250e+03 1.042994806196741365e+03 2.717153321501454499e+00
1.882120544433593750e+03 1.042869927026198184e+03 2.700993044457629999e+00
1.882141357421875000e+03 1.042433059391135885e+03 2.706223228269309722e+00
1.882162170410156250e+03 1.043212843538691914e+03 2.704815639058674837e+00
1.882183044433593750e+03 1.042687855275837364e+03 2.709202279786035561e+00
1.882203857421875000e+03 1.044031712639160332e+03 2.700286609837658336e+00
1.882224670410156250e+03 1.043156712957342734e+03 2.703710768190596525e+00
1.882245544433593750e+03 1.044798690319814114e+03 2.702126026232956502e+00
1.882266357421875000e+03 1.043998411338834103e+03 2.712793336116623433e+00
1.882287170410156250e+03 1.043164533018913062e+03 2.698894034036536382e+00
1.882308044433593750e+03 1.043948555385600002e+03 2.712229220327333046e+00
1.882328857421875000e+03 1.044044873201927658e+03 2.698888026953183861e+00
1.882349670410156250e+03 1.044340330624750550e+03 2.701450601072805213e+00
1.882370544433593750e+03 1.044335605457367592e+03 2.703992142259590725e+00
1.882391357421875000e+03 1.044170208190255835e+03 2.702969055969619561e+00
1.882412170410156250e+03 1.043737619136195235e+03 2.698797742413381773e+00
1.882433044433593750e+03 1.043294589689554414e+03 2.705396194212128957e+00
1.882453857421875000e+03 1.042390694115670613e+03 2.706337932188873197e+00
1.882474670410156250e+03 1.044463439169384628e+03 2.701983436810420525e+00
1.882495544433593750e+03 1.043188683164968552e+03 2.723798252359316052e+00
1.882516357421875000e+03 1.043394644259588858e+03 2.720474222580971269e+00
1.882537170410156250e+03 1.043558240781971108e+03 2.703850003957798620e+00
1.882558044433593750e+03 1.045075569880728153e+03 2.698045754504934113e+00
1.882578857421875000e+03 1.042716666002968168e+03 2.706680076907281407e+00
1.882599670410156250e+03 1.045589755910339136e+03 2.713225880197119633e+00
1.882620544433593750e+03 1.043928317458713991e+03 2.700788248641767364e+00
1.882641357421875000e+03 1.043726948525418720e+03 2.702710599501130684e+00
1.882662170410156250e+03 1.044264243970709686e+03 2.699677490470161700e+00
1.882683044433593750e+03 1.044212206763413178e+03 2.707660640413831477e+00
1.882703857421875000e+03 1.044476233584587817e+03 2.708143746024811893e+00
1.882724670410156250e+03 1.042633394022896482e+03 2.699815256368121474e+00
1.882745544433593750e+03 1.042742269146352783e+03 2.713525773268494756e+00
1.882766357421875000e+03 1.044710412545936379e+03 2.701310182507354885e+00
1.882787170410156250e+03 1.043283449772198310e+03 2.714009064723192477e+00
1.882808044433593750e+03 1.043074313203448128e+03 2.705480618606429744e+00
1.882828857421875000e+03 1.045405494898361894e+03 2.698645612315396569e+00
1.882849670410156250e+03 1.043163760351939118e+03 2.698840146487283764e+00
1.882870544433593750e+03 1.042229155339182171e+03 2.699839099752201932e+00
1.882891357421875000e+03 1.043063649190000660e+03 2.705898295536051990e+00
1.882912170410156250e+03 1.043583429413483373e+03 2.704139034167285072e+00
1.882933044433593750e+03 1.042602005851205377e+03 2.705095752424515609e+00
1.882953857421875000e+03 1.043340895669317888e+03 2.706394225191230074e+00
1.882995544433593750e+03 1.043829030860515331e+03 2.698556644921656922e+00
1.883016357421875000e+03 1.044587091497428673e+03 2.715686080122793555e+00
1.883037170410156250e+03 1.045283725647070241e+03 2.703921074042676231e+00
1.883058044433593750e+03 1.043830731515359957e+03 2.703946556533767698e+00
1.883078857421875000e+03 1.042837301523217093e+03 2.699324830726855140e+00
1.883099670410156250e+03 1.043686693179462054e+03 2.700396533387368514e+00
1.883120544433593750e+03 1.043913859535474330e+03 2.700226745974362075e+00
1.883141357421875000e+03 1.044879766346104134e+03 2.698479867325370929e+00
1.883162170410156250e+03 1.044152237573104230e+03 2.704774121991496916e+00
1.883183044433593750e+03 1.045146901161251890e+03 2.701499229559540360e+00
1.883203857421875000e+03 1.044149298849120669e+03 2.699021063050732305e+00
1.883224670410156250e+03 1.044307887753898513e+03 2.711582425932228979e+00
1.883245544433593750e+03 1.042426843426965434e+03 2.708348249736692637e+00
1.883266357421875000e+03 1.046235054066423345e+03 2.703954227686478973e+00
1.883287170410156250e+03 1.043386942272966962e+03 2.717538585652107486e+00
1.883308044433593750e+03 1.045128405661972238e+03 2.699372525948205315e+00
1.883328857421875000e+03 1.043723068844988575e+03 2.704658293938255298e+00
1.883349670410156250e+03 1.043316339012370008e+03 2.703899382874884516e+00
1.883370544433593750e+03 1.044080499359421992e+03 2.699593767759381535e+00
1.883391357421875000e+03 1.045965367848337564e+03 2.705076450388696596e+00
1.883412170410156250e+03 1.043117439143463571e+03 2.702360364780703073e+00
1.883433044433593750e+03 1.045059512835489613e+03 2.713550814114685128e+00
1.883453857421875000e+03 1.045046953321234696e+03 2.700284490785509472e+00
1.883474670410156250e+03 1.045954823599244037e+03 2.699295771558484880e+00
1.883495544433593750e+03 1.042879254294202838e+03 2.703666941389445189e+00
1.883516357421875000e+03 1.044170326755553106e+03 2.697879530799609071e+00
1.883537170410156250e+03 1.043953212647947112e+03 2.708198064702785235e+00
1.883558044433593750e+03 1.045701199724404205e+03 2.708068384758013813e+00
1.883578857421875000e+03 1.043109119163008927e+03 2.711111541350214260e+00
1.883599670410156250e+03 1.042405368224409585e+03 2.700367662334109742e+00
1.883620544433593750e+03 1.043461864930499360e+03 2.718722113104553806e+00
1.883641357421875000e+03 1.043314478446272688e+03 2.711624102532926628e+00
1.883662170410156250e+03 1.043893805652402762e+03 2.702198288667594372e+00
1.883683044433593750e+03 1.043868809451068955e+03 2.720244161502282321e+00
1.883703857421875000e+03 1.046253530217095431e+03 2.698025429986847357e+00
1.883724670410156250e+03 1.044312194694795380e+03 2.701123681952131150e+00
1.883745544433593750e+03 1.044501796610241172e+03 2.702279813197044689e+00
1.883766357421875000e+03 1.044475692862237338e+03 2.717872127121426118e+00
1.883787170410156250e+03 1.044112788422573203e+03 2.702262873237517127e+00
1.888057983398437500e+03 1.041847405511055968e+03 2.710443984961056429e+00
1.888078796386718750e+03 1.039829101816006187e+03 2.720549327832913811e+00
1.888099670410156250e+03 1.041366180235333104e+03 2.706787803018790406e+00
1.888120483398437500e+03 1.039154664629678336e+03 2.711980789347212539e+00
1.888141296386718750e+03 1.040659903602356508e+03 2.713095210293436477e+00
1.888162170410156250e+03 1.042668698863701138e+03 2.707707924647744235e+00
1.888182983398437500e+03 1.041735089983284752e+03 2.708625797228480625e+00
1.888203796386718750e+03 1.041920968109706791e+03 2.716673397765762665e+00
1.888224670410156250e+03 1.043388346537299640e+03 2.713698594332570213e+00
1.888245483398437500e+03 1.042756148516645226e+03 2.709201839769798337e+00
1.888266296386718750e+03 1.041680893185169680e+03 2.708867054704283017e+00
1.888287170410156250e+03 1.040937353640422316e+03 2.708538566051412300e+00
1.888307983398437500e+03 1.041194389067673001e+03 2.704781526355901633e+00
1.888328796386718750e+03 1.040604798662318672e+03 2.705860583895852045e+00
1.888349609375000000e+03 1.042019193009987021e+03 2.723861449483781616e+00
1.888370422363281250e+03 1.041304957445597893e+03 2.712969806962921560e+00
1.888391296386718750e+03 1.043060647632555629e+03 2.705802958084667420e+00
1.888412109375000000e+03 1.042951672859709561e+03 2.711437432092179911e+00
1.888432922363281250e+03 1.041862364483039300e+03 2.703144315970319678e+00
1.888453796386718750e+03 1.041760464945473359e+03 2.707559553285693088e+00
1.888474609375000000e+03 1.041070245731253635e+03 2.701978230742342113e+00
1.888495422363281250e+03 1.041617959836922637e+03 2.723813307763010894e+00
1.888516296386718750e+03 1.041139768793824032e+03 2.717886689019946456e+00
1.888537109375000000e+03 1.042291787942665223e+03 2.708427212384101335e+00
1.888557922363281250e+03 1.041734080301439917e+03 2.705675630648680219e+00
1.888578796386718750e+03 1.042469686640313284e+03 2.705338470380156846e+00
1.888599609375000000e+03 1.042121927911395687e+03 2.712678202036045594e+00
1.888620422363281250e+03 1.043515321469297078e+03 2.719822376145542009e+00
1.888641296386718750e+03 1.041711160973910864e+03 2.702605710286770435e+00
1.888662109375000000e+03 1.042598096575368572e+03 2.701449630259257884e+00
1.888682922363281250e+03 1.044480915460971801e+03 2.716310042004265402e+00
1.888703796386718750e+03 1.044105522495591686e+03 2.700984746997958208e+00
1.888724609375000000e+03 1.042974378116471598e+03 2.708709504828650250e+00
1.888745422363281250e+03 1.041563905882171412e+03 2.702414976153481696e+00
1.888766296386718750e+03 1.043391329441432163e+03 2.700242285983822210e+00
1.888787109375000000e+03 1.042776740579133957e+03 2.702886317305058572e+00
1.888807922363281250e+03 1.042499810637132896e+03 2.704165484443331824e+00
1.888828796386718750e+03 1.044136851875063030e+03 2.722608787527931895e+00
1.888849609375000000e+03 1.044452298423981347e+03 2.701935522957745750e+00
1.888870422363281250e+03 1.042189137198686240e+03 2.705945258128891862e+00
1.888891296386718750e+03 1.042609747623327621e+03 2.702434738316923823e+00
1.888912109375000000e+03 1.044440761376755972e+03 2.708452476423966804e+00
1.888932922363281250e+03 1.041454034419507252e+03 2.707105847496466211e+00
1.888953796386718750e+03 1.043311878609312316e+03 2.702296929506627698e+00
1.888974609375000000e+03 1.042715950068592065e+03 2.718445771833271962e+00
1.888995422363281250e+03 1.042420547388649084e+03 2.698855164437024445e+00
1.889016296386718750e+03 1.043076767237793547e+03 2.703169364785635409e+00
1.889037109375000000e+03 1.042150760067779629e+03 2.711195260142091445e+00
1.889057922363281250e+03 1.043706032955714818e+03 2.700702176799992138e+00
1.889078796386718750e+03 1.041422466745103975e+03 2.701273642475790382e+00
1.889099609375000000e+03 1.042037732090051804e+03 2.710947789769061700e+00
1.889120422363281250e+03 1.043199547746106418e+03 2.703092806409401749e+00
1.889141296386718750e+03 1.044299920609266564e+03 2.714537151780165747e+00
1.889162109375000000e+03 1.042478366797641456e+03 2.703478839625661045e+00
1.889182922363281250e+03 1.041235961609835158e+03 2.709465308702756037e+00
1.889203796386718750e+03 1.044311782085991354e+03 2.703067051260856335e+00
1.889224609375000000e+03 1.042039294250012972e+03 2.706701481537306719e+00
1.889245422363281250e+03 1.043043351377804356e+03 2.698378789690462742e+00
1.889266296386718750e+03 1.041625438475457031e+03 2.702648142830981648e+00
1.889287109375000000e+03 1.042364774789673902e+03 2.716340499051455470e+00
1.889307922363281250e+03 1.042921227642391841e+03 2.707397436170089211e+00
1.889328796386718750e+03 1.042482094929533105e+03 2.700234692581282125e+00
1.889349609375000000e+03 1.043997573649975720e+03 2.713629449655767356e+00
1.889370422363281250e+03 1.042469127668145347e+03 2.712687254739994724e+00
1.889391296386718750e+03 1.044830655613411409e+03 2.705503002085418718e+00
1.889412109375000000e+03 1.042652294925469960e+03 2.702112438208881251e+00
1.889432922363281250e+03 1.041933590259235643e+03 2.721076233221773499e+00
1.889453796386718750e+03 1.042373243529402998e+03 2.704036228304035117e+00
1.889474609375000000e+03 1.041684323065833041e+03 2.696935458074729564e+00
1.889495422363281250e+03 1.043848226794125821e+03 2.703822404277335334e+00
1.889516296386718750e+03 1.043196132480964479e+03 2.703467639529761435e+00
1.889537109375000000e+03 1.043106297506108376e+03 2.706057330666789440e+00
1.889557922363281250e+03 1.043692594744237113e+03 2.699503153545292022e+00
1.889578796386718750e+03 1.042348853818924908e+03 2.711832563846742872e+00
1.889599609375000000e+03 1.042231534980325932e+03 2.707989235562182628e+00
1.889620422363281250e+03 1.042054161246002650e+03 2.697726288390872806e+00
1.889641296386718750e+03 1.042771160862535453e+03 2.703905114297923351e+00
1.889662109375000000e+03 1.042825191855699131e+03 2.708220689827468775e+00
1.889682922363281250e+03 1.042007834969491341e+03 2.705863932146849837e+00
1.889703796386718750e+03 1.039898924016487854e+03 2.702421945861548824e+00
1.889724609375000000e+03 1.043927876358908861e+03 2.699167253855961235e+00
1.889745422363281250e+03 1.042590365038219716e+03 2.704330175674960479e+00
1.889766296386718750e+03 1.041847980640113292e+03 2.704350452809796135e+00
1.889787109375000000e+03 1.042898168919152567e+03 2.702617619695952378e+00
1.889807922363281250e+03 1.044263887787221393e+03 2.709146749172334001e+00
1.889828796386718750e+03 1.044425060286973803e+03 2.700736517586778351e+00
1.889849609375000000e+03 1.042596358621125546e+03 2.700777037388013113e+00
1.889870422363281250e+03 1.041917555573296340e+03 2.708172534179466240e+00
1.889891296386718750e+03 1.044625862351064598e+03 2.703240893751587048e+00
1.889912109375000000e+03 1.043546312011384998e+03 2.703227752320234600e+00
1.889932922363281250e+03 1.042780327206498214e+03 2.702433591409602709e+00
1.889953796386718750e+03 1.044586937885932457e+03 2.699779049345187421e+00
1.889974609375000000e+03 1.041743708247397308e+03 2.717901689448288138e+00
1.889995422363281250e+03 1.044756957159112744e+03 2.702176318974334190e+00
1.890016296386718750e+03 1.044170384302194634e+03 2.697472544363332947e+00
1.890037109375000000e+03 1.042272088257474934e+03 2.704235752753396227e+00
1.890057922363281250e+03 1.043248968073487504e+03 2.698605767301105907e+00
1.890078796386718750e+03 1.042210363127639084e+03 2.700603919129040964e+00
1.890099609375000000e+03 1.042018720298412291e+03 2.704762927259204641e+00
1.890120422363281250e+03 1.042184245880657045e+03 2.701174522944743472e+00
1.890141296386718750e+03 1.043070328610686147e+03 2.700082555144554863e+00
1.890162109375000000e+03 1.044615052933091420e+03 2.699331720088678388e+00
1.890182922363281250e+03 1.045313129696975921e+03 2.702508933363978461e+00
1.890203796386718750e+03 1.043868163827800117e+03 2.739041080162610164e+00
1.890224609375000000e+03 1.042814540253809355e+03 2.699970764425730252e+00
1.890245422363281250e+03 1.044000017681219788e+03 2.700586085817147097e+00
1.890266296386718750e+03 1.042526617757303939e+03 2.716275459236945800e+00
1.890287109375000000e+03 1.042808726459271156e+03 2.698986788773543033e+00
1.890307922363281250e+03 1.042177429361197255e+03 2.700065159894438960e+00
1.890328796386718750e+03 1.041368360440515971e+03 2.707261112907189293e+00
1.890349609375000000e+03 1.041403548834986395e+03 2.701092700253012069e+00
1.890370422363281250e+03 1.043346516234556475e+03 2.701949111871522646e+00
1.890391296386718750e+03 1.042754024836387316e+03 2.706513854945006070e+00
1.890412109375000000e+03 1.043706168837689575e+03 2.699958843341376813e+00
1.890432922363281250e+03 1.042163828604539958e+03 2.698444349217295368e+00
1.890453796386718750e+03 1.041512569287791166e+03 2.706956386219048216e+00
1.890474609375000000e+03 1.043605042676687162e+03 2.700414191371789840e+00
1.890495422363281250e+03 1.042790248247534919e+03 2.700149750971849283e+00
1.890516296386718750e+03 1.042946553365287627e+03 2.701752418915855269e+00
1.890537109375000000e+03 1.043435574802810834e+03 2.705935477993825611e+00
1.890557922363281250e+03 1.043550741513869980e+03 2.696855805329831046e+00
1.890578796386718750e+03 1.042223461140039262e+03 2.700677193382512442e+00
1.890599609375000000e+03 1.042158108028902006e+03 2.702792373213565025e+00
1.890620422363281250e+03 1.043541772493003918e+03 2.699999109903824746e+00
1.890641235351562500e+03 1.042945779223027785e+03 2.708855876886617331e+00
1.890662048339843750e+03 1.041030793983379453e+03 2.707571000623841151e+00
1.890682922363281250e+03 1.041496943412331120e+03 2.705003736003333437e+00
1.890703735351562500e+03 1.042646030911061644e+03 2.700965415583468587e+00
1.890724548339843750e+03 1.043435624828955952e+03 2.755730380601939533e+00
1.890745422363281250e+03 1.042437818274986512e+03 2.703287108747751244e+00
1.890766235351562500e+03 1.043045631113196578e+03 2.707644702711307527e+00
1.890787048339843750e+03 1.041487938382316543e+03 2.696884890789049027e+00
1.890807922363281250e+03 1.044005447157745493e+03 2.710439410885132627e+00
1.890828735351562500e+03 1.041682799767209872e+03 2.705069751933115274e+00
1.890849548339843750e+03 1.042315881291484175e+03 2.706995932168373642e+00
1.890870422363281250e+03 1.044171106767555557e+03 2.699366784901361171e+00
1.890891235351562500e+03 1.042709665906146711e+03 2.697518151109946860e+00
1.890912048339843750e+03 1.042844096101140849e+03 2.705403773127604161e+00
1.890932922363281250e+03 1.041798761981853431e+03 2.697869102814821840e+00
1.890953735351562500e+03 1.043643167883053820e+03 2.737916930338033517e+00
1.890974548339843750e+03 1.042815697040518444e+03 2.698333727636498924e+00
1.890995422363281250e+03 1.043960005127646809e+03 2.701376906507035436e+00
1.891016235351562500e+03 1.044081701295435323e+03 2.701997025483228398e+00
1.891037048339843750e+03 1.045270408312300333e+03 2.699318206323904068e+00
1.891057922363281250e+03 1.043553851391653097e+03 2.700617779592101808e+00
1.891078735351562500e+03 1.043954919808541035e+03 2.703634225145195913e+00
1.891099548339843750e+03 1.043971754696515745e+03 2.705627165344316243e+00
1.891120422363281250e+03 1.042189784003057184e+03 2.708824631561076668e+00
1.891141235351562500e+03 1.042453735131903613e+03 2.704724053852631815e+00
1.891162048339843750e+03 1.043254403778979622e+03 2.702318633537108550e+00
1.891182922363281250e+03 1.043668839718983691e+03 2.701179730561833026e+00
1.891203735351562500e+03 1.044174136870027723e+03 2.708315149881992845e+00
1.891224548339843750e+03 1.042083386090312615e+03 2.713026050238677822e+00
1.891245422363281250e+03 1.041939533396194747e+03 2.712600681528333446e+00
1.891266235351562500e+03 1.042510325067555186e+03 2.705738986710078287e+00
1.891287048339843750e+03 1.043905324659870075e+03 2.700142157309080471e+00
1.891307922363281250e+03 1.042843492346228459e+03 2.697701189035262015e+00
1.891328735351562500e+03 1.042594776673972319e+03 2.697555272311222385e+00
1.891349548339843750e+03 1.042493264766631455e+03 2.698743587908563946e+00
1.891370422363281250e+03 1.042862159767599678e+03 2.698474389438695997e+00
1.891391235351562500e+03 1.042926782110636395e+03 2.740496165467245060e+00
1.891412048339843750e+03 1.042780403103000026e+03 2.727932473781645939e+00
1.891432922363281250e+03 1.043998122258813510e+03 2.696424702593753775e+00
1.891453735351562500e+03 1.043073353242444682e+03 2.701812072487022931e+00
1.891495422363281250e+03 1.042141962860078365e+03 2.696544686220032627e+00
1.891516235351562500e+03 1.042661049762767107e+03 2.701990584107884175e+00
1.891537048339843750e+03 1.043199332619696634e+03 2.702111467633118380e+00
1.891557922363281250e+03 1.043677017515015905e+03 2.700377462634500958e+00
1.891578735351562500e+03 1.041911044242155185e+03 2.699041645075037632e+00
1.891599548339843750e+03 1.042073993643714402e+03 2.697191197323510981e+00
1.891620422363281250e+03 1.042292396513121048e+03 2.701565242874050199e+00
1.891641235351562500e+03 1.041617203252711079e+03 2.702477438212321115e+00
1.891662048339843750e+03 1.043093534528714599e+03 2.707815874012882595e+00
1.891682922363281250e+03 1.042290556086592687e+03 2.714571229717900991e+00
1.891703735351562500e+03 1.043935476256484435e+03 2.697767295286344957e+00
1.891724548339843750e+03 1.041778767241028618e+03 2.704681124974433803e+00
1.891745422363281250e+03 1.041631477991876181e+03 2.704105882789298754e+00
1.891766235351562500e+03 1.042007334032123481e+03 2.697415092906755962e+00
1.891787048339843750e+03 1.042338469283671657e+03 2.703419487407797916e+00
1.891807922363281250e+03 1.042905282811930192e+03 2.696675804446487135e+00
1.891828735351562500e+03 1.043902940779003529e+03 2.705230245891941276e+00
1.891849548339843750e+03 1.043375308218490545e+03 2.711454666453717799e+00
1.891870422363281250e+03 1.040468356464879662e+03 2.707565541130146247e+00
1.891891235351562500e+03 1.041562430002888277e+03 2.700826649040120042e+00
1.891912048339843750e+03 1.040860971490350721e+03 2.740363141798141555e+00
1.891932922363281250e+03 1.044273215838398755e+03 2.700817380028437409e+00
1.891953735351562500e+03 1.044553234932086980e+03 2.699045885129216948e+00
1.891974548339843750e+03 1.044266756146282660e+03 2.745191097451967988e+00
1.891995422363281250e+03 1.042542318394904669e+03 2.702675578071469964e+00
1.892016235351562500e+03 1.043727598043641137e+03 2.740915030397225394e+00
1.892037048339843750e+03 1.042569868336587206e+03 2.696321956291566568e+00
1.892057922363281250e+03 1.041441561280549195e+03 2.708203346849974658e+00
1.892078735351562500e+03 1.044159579361610440e+03 2.697675912687626631e+00
1.892099548339843750e+03 1.041740978096438084e+03 2.696090453285980626e+00
1.892120422363281250e+03 1.042582432368114269e+03 2.697736540173177655e+00
1.892141235351562500e+03 1.042845497377713400e+03 2.720346179558661426e+00
1.892162048339843750e+03 1.044080014551042041e+03 2.697835962765068540e+00
1.892182922363281250e+03 1.042207674776666636e+03 2.699903210918427998e+00
1.892203735351562500e+03 1.043017475870672115e+03 2.708490151975972982e+00
1.892224548339843750e+03 1.042341686743915034e+03 2.706270713814979079e+00
1.892245422363281250e+03 1.043276995415742476e+03 2.694552637879698676e+00
1.892266235351562500e+03 1.043831555557032971e+03 2.697882447093227221e+00
1.892287048339843750e+03 1.043303525932272805e+03 2.699714405355388536e+00
1.892307922363281250e+03 1.045069561128749683e+03 2.699404940552835086e+00
1.892328735351562500e+03 1.042463985079185022e+03 2.695773585589480437e+00
1.892349548339843750e+03 1.042674226366191306e+03 2.700576551126832037e+00
1.892370422363281250e+03 1.044197407254422842e+03 2.698783165859099498e+00
1.892391235351562500e+03 1.044005701551606080e+03 2.702173672011282335e+00
1.892412048339843750e+03 1.041914697713663372e+03 2.712066854885073042e+00
1.892432861328125000e+03 1.042778507188143976e+03 2.700100215182315910e+00
1.892453674316406250e+03 1.042679915464488658e+03 2.697185274842985869e+00
1.892474548339843750e+03 1.045428357591267059e+03 2.699534683397576629e+00
1.892495361328125000e+03 1.042165554799875736e+03 2.708858517320147818e+00
1.892537048339843750e+03 1.041890202338520567e+03 2.702336984776467776e+00
1.892557861328125000e+03 1.043472763717122689e+03 2.694760296411305323e+00
1.892578674316406250e+03 1.043296585319332735e+03 2.703933242182567476e+00
1.892599548339843750e+03 1.041486808697016158e+03 2.696876050257118962e+00
1.892620361328125000e+03 1.042555727219460778e+03 2.708366648151219191e+00
1.892641174316406250e+03 1.041591586452280580e+03 2.719867958762749893e+00
1.892662048339843750e+03 1.043827540747864077e+03 2.699180150066576633e+00
1.892682861328125000e+03 1.041603760465960931e+03 2.696881531390329378e+00
1.892703674316406250e+03 1.044099690373574049e+03 2.698720441606010212e+00
1.892724548339843750e+03 1.041310954928170531e+03 2.698919563991622361e+00
1.892745361328125000e+03 1.043195689822906843e+03 2.707441114523239101e+00
1.892766174316406250e+03 1.043965538839074270e+03 2.700172885022140257e+00
1.892787048339843750e+03 1.042263993709109627e+03 2.702563982831641898e+00
1.892807861328125000e+03 1.042914435512017008e+03 2.700827620077598468e+00
1.892828674316406250e+03 1.042962865332393903e+03 2.705919530130199480e+00
1.892849548339843750e+03 1.043281499302050406e+03 2.695229791671450492e+00
1.892870361328125000e+03 1.042945866604803768e+03 2.704142120046155284e+00
1.892891174316406250e+03 1.043357461740155486e+03 2.699399464543409621e+00
1.892912048339843750e+03 1.041767604771162496e+03 2.695182111599336405e+00
1.892932861328125000e+03 1.045065290676234099e+03 2.700688846454053937e+00
1.892953674316406250e+03 1.041567711935965008e+03 2.698984845373652686e+00
1.892974548339843750e+03 1.043121002210998995e+03 2.713889150403661965e+00
1.892995361328125000e+03 1.043937236633615385e+03 2.698532613503827893e+00
1.893016174316406250e+03 1.042271269585847222e+03 2.697314947673133290e+00
1.893037048339843750e+03 1.042660937924094924e+03 2.713779421962683180e+00
1.893057861328125000e+03 1.043021421991522629e+03 2.698644905535345639e+00
1.893078674316406250e+03 1.043518988620424352e+03 2.730355234474242998e+00
1.893099548339843750e+03 1.041664041341951361e+03 2.693483832501101904e+00
1.893120361328125000e+03 1.043525962988896026e+03 2.697780109813352034e+00
1.893141174316406250e+03 1.043764863628100102e+03 2.702480790654883336e+00
1.893162048339843750e+03 1.042258328118254667e+03 2.697473516608223321e+00
1.893182861328125000e+03 1.045140924476826058e+03 2.703536779538360690e+00
1.893203674316406250e+03 1.042144752136800207e+03 2.701674496660725122e+00
1.893224548339843750e+03 1.041779421767780150e+03 2.700404391204694665e+00
1.893245361328125000e+03 1.042743887517268377e+03 2.695448366140826391e+00
1.893266174316406250e+03 1.042776417010442401e+03 2.724942663446973778e+00
1.893287048339843750e+03 1.042288395308413783e+03 2.695836555286429626e+00
1.893307861328125000e+03 1.043107115711984534e+03 2.697743433591098139e+00
1.893328674316406250e+03 1.041937606899650063e+03 2.694538126842984216e+00
1.893349548339843750e+03 1.043359363509305467e+03 2.696857219827505592e+00
1.893370361328125000e+03 1.044169189125729645e+03 2.702495611930058494e+00
1.893391174316406250e+03 1.041462545512264114e+03 2.697226289963680301e+00
1.893412048339843750e+03 1.042992404757261284e+03 2.695358054840344408e+00
1.893432861328125000e+03 1.041588458965562950e+03 2.735164855228715552e+00
1.893453674316406250e+03 1.044285082991541913e+03 2.702732829493072142e+00
1.893474548339843750e+03 1.043997688684387413e+03 2.698576965438861830e+00
1.893495361328125000e+03 1.042892055774516166e+03 2.764685864668507076e+00
1.893516174316406250e+03 1.042604040965844888e+03 2.698399995102530369e+00
1.893537048339843750e+03 1.042325966594779857e+03 2.703199352498695252e+00
1.893557861328125000e+03 1.043352237831033563e+03 2.700683108205411909e+00
1.893578674316406250e+03 1.042546988159221655e+03 2.702796960230946066e+00
1.893599548339843750e+03 1.041422201810408296e+03 2.697211970100164447e+00
1.893620361328125000e+03 1.043869879549617735e+03 2.708939577377209584e+00
1.893641174316406250e+03 1.042189574335306361e+03 2.705994598811835683e+00
1.893662048339843750e+03 1.039995315541756099e+03 2.700207497429559567e+00
1.893682861328125000e+03 1.042128988521577185e+03 2.699990544479202281e+00
1.893703674316406250e+03 1.042821333469800265e+03 2.697947488458991128e+00
1.893724548339843750e+03 1.041509224597552475e+03 2.698202159804212741e+00
1.893745361328125000e+03 1.042459772325001722e+03 2.703236836672214594e+00
1.893766174316406250e+03 1.043134651255520566e+03 2.697643300546542555e+00
1.893787048339843750e+03 1.042964019843656843e+03 2.736137824619311765e+00
1.893807861328125000e+03 1.042048407185963924e+03 2.701187850893871367e+00
1.893828674316406250e+03 1.043175860243025909e+03 2.711614606654937809e+00
1.893849548339843750e+03 1.043156576645482801e+03 2.696260412741668056e+00
1.893870361328125000e+03 1.042646117378043527e+03 2.698287957956440053e+00
1.893891174316406250e+03 1.043072086627078534e+03 2.717271336934198978e+00
1.893912048339843750e+03 1.042306733688097211e+03 2.706249746274165258e+00
1.893932861328125000e+03 1.043100596063407011e+03 2.698709221761960375e+00
1.893953674316406250e+03 1.044910288140640205e+03 2.721372370073437796e+00
1.893974548339843750e+03 1.041937524786412723e+03 2.720800919702380583e+00
1.893995300292968750e+03 1.041086848036024548e+03 2.698646584137663673e+00
1.894016174316406250e+03 1.043369635334529221e+03 2.695614297528494685e+00
1.894036987304687500e+03 1.041503029017380868e+03 2.699921578575300796e+00
1.894057800292968750e+03 1.042302566641696558e+03 2.717706677421824590e+00
1.894078674316406250e+03 1.041063540158214437e+03 2.709785942407298975e+00
1.894099487304687500e+03 1.043392373505460455e+03 2.703435450019451736e+00
1.894120300292968750e+03 1.043091471628488989e+03 2.699329865262225070e+00
1.894141174316406250e+03 1.043613238911991402e+03 2.723561994166035838e+00
1.894161987304687500e+03 1.042790523376131205e+03 2.696059944341042236e+00
1.894182800292968750e+03 1.044611307178268817e+03 2.698566893549459778e+00
1.894203674316406250e+03 1.041931052360545664e+03 2.713670479809946023e+00
1.894224487304687500e+03 1.041975985028625473e+03 2.697104480302392027e+00
1.894245300292968750e+03 1.042758545859606329e+03 2.697434891700742909e+00
1.894266174316406250e+03 1.042497030484724746e+03 2.695669399349556627e+00
1.894286987304687500e+03 1.039956546264165809e+03 2.698216916220328443e+00
1.894307800292968750e+03 1.041864313152032764e+03 2.699408296811185881e+00
1.894328674316406250e+03 1.043628757873713312e+03 2.695346555632903929e+00
1.894349487304687500e+03 1.040920154424043631e+03 2.699036344997946202e+00
1.894370300292968750e+03 1.041489099106353706e+03 2.702344925177948110e+00
1.894391174316406250e+03 1.042975330194919252e+03 2.698873009186307570e+00
1.894411987304687500e+03 1.041653391844613907e+03 2.706012484587227984e+00
1.894432800292968750e+03 1.042513422827602426e+03 2.694153555891153573e+00
1.894453674316406250e+03 1.042428589915877865e+03 2.695502763749936470e+00
1.894474487304687500e+03 1.042440870120024783e+03 2.702868499052246687e+00
1.894495300292968750e+03 1.042284309485610720e+03 2.701837574869248471e+00
1.894516174316406250e+03 1.040387494542681225e+03 2.699797417846774295e+00
1.894536987304687500e+03 1.041606335314391345e+03 2.701703353748837078e+00
1.894557800292968750e+03 1.042428366904039194e+03 2.697272342836492864e+00
1.894578674316406250e+03 1.040774227473428709e+03 2.694149219642482329e+00
1.894599487304687500e+03 1.041929244617139375e+03 2.700949438373910549e+00
1.894620300292968750e+03 1.042116782841249460e+03 2.707787962558553474e+00
1.894641174316406250e+03 1.041105999304292709e+03 2.696148198256933970e+00
1.894661987304687500e+03 1.043978264627421368e+03 2.700720097624952132e+00
1.894682800292968750e+03 1.041601457249712439e+03 2.703793481626172390e+00
1.894703674316406250e+03 1.042394312277625886e+03 2.726890828385929666e+00
1.894724487304687500e+03 1.042310875098921770e+03 2.700345059703904926e+00
1.894745300292968750e+03 1.041283099057579875e+03 2.698010407418551360e+00
1.894766174316406250e+03 1.040395046034661846e+03 2.694615105230826035e+00
1.894786987304687500e+03 1.041735679829148467e+03 2.698730689611783085e+00
1.894807800292968750e+03 1.042059991906358391e+03 2.710620432843914074e+00
1.894828674316406250e+03 1.040799341939013175e+03 2.697456634851711055e+00
1.894849487304687500e+03 1.042574858491193709e+03 2.709284561566165817e+00
1.894870300292968750e+03 1.041061732868269701e+03 2.699807838383461167e+00
1.894891174316406250e+03 1.041395059783208580e+03 2.728148952523179460e+00
1.894911987304687500e+03 1.040667628365934888e+03 2.696732741192013449e+00
1.894932800292968750e+03 1.041985118904728779e+03 2.700023922990850256e+00
1.894953674316406250e+03 1.042450501986468225e+03 2.738794820080139303e+00
1.894974487304687500e+03 1.040448345509921182e+03 2.702879878049032847e+00
1.894995300292968750e+03 1.040053696659055277e+03 2.703692955371195250e+00
1.895016174316406250e+03 1.040094919746162532e+03 2.697328825036865219e+00
1.895036987304687500e+03 1.041889553656969383e+03 2.698236444048130789e+00
1.895057800292968750e+03 1.043569371714342651e+03 2.707497384588751999e+00
1.895078674316406250e+03 1.040906365142251616e+03 2.697020324115602108e+00
1.895099487304687500e+03 1.039504548915990654e+03 2.695883958469911690e+00
1.895120300292968750e+03 1.042993659002576123e+03 2.710179115654207660e+00
1.895141174316406250e+03 1.042005602449044090e+03 2.704412693848007976e+00
1.895161987304687500e+03 1.041375970261434304e+03 2.696265452998997336e+00
1.895182800292968750e+03 1.040565707720788396e+03 2.692807479203842558e+00
1.895203674316406250e+03 1.042364223057440086e+03 2.693930185757166473e+00
1.895224487304687500e+03 1.041987688385145702e+03 2.692729209558269332e+00
1.895245300292968750e+03 1.042405841029329167e+03 2.696865529986360421e+00
1.895266174316406250e+03 1.042145547629076646e+03 2.699189159711405495e+00
1.895286987304687500e+03 1.042508017812981507e+03 2.694901675552107356e+00
1.895307800292968750e+03 1.043117231301626816e+03 2.695265529057432996e+00
1.895328674316406250e+03 1.041588792607034520e+03 2.694847354281577623e+00
1.895349487304687500e+03 1.043015224963782202e+03 2.703347434004365724e+00
1.895370300292968750e+03 1.043348377219391523e+03 2.699092348619841708e+00
1.895391113281250000e+03 1.038052238498876250e+03 2.698809403600122447e+00
1.895411926269531250e+03 1.039805060444803530e+03 2.693400625420606431e+00
1.895432800292968750e+03 1.039366980779740061e+03 2.695766687134408368e+00
1.895453613281250000e+03 1.041521678015772295e+03 2.696027489519193132e+00
1.895474426269531250e+03 1.041267605025258717e+03 2.698177329963815207e+00
1.895495300292968750e+03 1.042970497748999605e+03 2.698992000611794229e+00
1.895516113281250000e+03 1.042389487663297132e+03 2.700580612202748476e+00
1.895536926269531250e+03 1.041314033486966764e+03 2.707673055907146686e+00
1.895557800292968750e+03 1.040649276224177811e+03 2.703519318325527721e+00
1.895578613281250000e+03 1.040754465861919243e+03 2.697478289441692212e+00
1.895599426269531250e+03 1.041730271672610797e+03 2.693503837224402009e+00
1.895620300292968750e+03 1.041335181192262098e+03 2.705713521100147734e+00
1.895641113281250000e+03 1.043278857047110023e+03 2.694849035249363034e+00
1.895661926269531250e+03 1.042757903608584684e+03 2.700714359442710322e+00
1.895682800292968750e+03 1.042143867967291726e+03 2.710232513841432933e+00
1.895703613281250000e+03 1.040987915567085565e+03 2.697777016657233684e+00
1.895724426269531250e+03 1.043576044703513162e+03 2.697943953642448989e+00
1.895745300292968750e+03 1.042649496984368852e+03 2.703038649750890698e+00
1.895766113281250000e+03 1.042873393771682231e+03 2.694476100128297080e+00
1.895786926269531250e+03 1.040707541145827690e+03 2.703274937699446490e+00
1.895807800292968750e+03 1.041213146559843608e+03 2.696268813165315859e+00
1.895828613281250000e+03 1.041282794283368730e+03 2.695367784900629449e+00
1.895849426269531250e+03 1.041929952359289018e+03 2.696003877727538356e+00
1.895870300292968750e+03 1.040541875457978222e+03 2.698718586359425409e+00
1.895891113281250000e+03 1.040876992606087242e+03 2.696971172859039978e+00
1.895911926269531250e+03 1.041754116854040149e+03 2.696185338319781799e+00
1.895932800292968750e+03 1.042500071842458055e+03 2.702499140793119370e+00
1.895953613281250000e+03 1.042050752732898900e+03 2.705341378633215665e+00
1.895974426269531250e+03 1.041430258068904322e+03 2.695785967387639648e+00
1.895995300292968750e+03 1.040945942373832168e+03 2.716776866276966462e+00
1.896016113281250000e+03 1.042133006078735889e+03 2.696823094864154502e+00
1.896036926269531250e+03 1.042921989124271931e+03 2.693797783306120852e+00
1.896057800292968750e+03 1.041869340970547455e+03 2.703010777171472423e+00
1.896078613281250000e+03 1.042994697977335363e+03 2.696775885006055695e+00
1.896099426269531250e+03 1.041106367944339581e+03 2.705620027653422355e+00
1.896120300292968750e+03 1.041340159603561460e+03 2.700598445550787208e+00
1.896141113281250000e+03 1.043040637703128596e+03 2.699909215743076629e+00
1.896161926269531250e+03 1.040664982128826068e+03 2.695824881240196813e+00
1.896182800292968750e+03 1.040630032795554825e+03 2.698641990065679952e+00
1.896203613281250000e+03 1.042917678379921881e+03 2.697198180530109290e+00
1.896224426269531250e+03 1.041437960863375793e+03 2.694078422758630964e+00
1.896245300292968750e+03 1.043105167109898957e+03 2.697214356749363606e+00
1.896266113281250000e+03 1.041193365443383300e+03 2.694390534542202342e+00
1.896286926269531250e+03 1.042458716856969431e+03 2.698945270380591843e+00
1.896307800292968750e+03 1.042132817497455562e+03 2.700459218709447828e+00
1.896328613281250000e+03 1.040685089274876646e+03 2.698357584111749752e+00
1.896349426269531250e+03 1.042906690589382151e+03 2.695564943737353669e+00
1.896370300292968750e+03 1.043407829580689622e+03 2.695504444308996383e+00
1.896391113281250000e+03 1.041912683788649474e+03 2.700258708851165146e+00
1.896411926269531250e+03 1.041653803761883864e+03 2.693788755629296539e+00
1.896432800292968750e+03 1.040836129847598841e+03 2.701362343869925464e+00
1.896453613281250000e+03 1.043762108621359630e+03 2.703342406951063648e+00
1.896474426269531250e+03 1.040906727793122627e+03 2.694403630588785514e+00
1.896495300292968750e+03 1.041297115303550072e+03 2.702198994518231423e+00
1.896516113281250000e+03 1.042020434033502852e+03 2.695068082922606578e+00
1.896536926269531250e+03 1.043035969705410025e+03 2.752773013871586461e+00
1.896557800292968750e+03 1.040633102161345505e+03 2.693017928269546779e+00
1.896578613281250000e+03 1.041803510667654109e+03 2.696261650700481738e+00
1.896599426269531250e+03 1.041904953103620755e+03 2.731229095029809706e+00
1.896620239257812500e+03 1.040157888855586179e+03 2.695878033117559358e+00
1.896641052246093750e+03 1.039811898005743160e+03 2.703823109703986649e+00
1.896661926269531250e+03 1.040492797288071870e+03 2.696555649822400813e+00
1.896682739257812500e+03 1.040981212730116567e+03 2.701817014143903961e+00
1.896703552246093750e+03 1.041425318888670972e+03 2.693114780664254582e+00
1.896724426269531250e+03 1.040563972926870747e+03 2.699948776606932110e+00
1.896745239257812500e+03 1.041608854740699826e+03 2.696201520615717495e+00
1.896766052246093750e+03 1.042210955808927110e+03 2.698900482802312872e+00
1.896786926269531250e+03 1.039778863082470252e+03 2.694137538284805622e+00
1.896807739257812500e+03 1.042089163456043480e+03 2.694133290505820177e+00
1.896828552246093750e+03 1.039451542286031327e+03 2.710390327046100722e+00
1.896849426269531250e+03 1.039275058742197189e+03 2.698361648527245915e+00
1.896870239257812500e+03 1.042773128187333896e+03 2.696751837719437717e+00
1.896891052246093750e+03 1.041987734360791819e+03 2.698772918052593450e+00
1.896911926269531250e+03 1.039416810291575530e+03 2.695817275394998713e+00
1.896932739257812500e+03 1.039758682529124144e+03 2.694362660987897229e+00
1.896953552246093750e+03 1.041322842910371037e+03 2.695028273481920866e+00
1.896974426269531250e+03 1.038766495688546456e+03 2.702900430689265221e+00
1.896995239257812500e+03 1.039415981667757933e+03 2.700409688596730362e+00
1.897016052246093750e+03 1.038690429057243819e+03 2.695618631420400035e+00
1.897036926269531250e+03 1.041244061743068414e+03 2.693090169508309373e+00
1.897057739257812500e+03 1.040097565042844508e+03 2.701646345259407944e+00
1.897078552246093750e+03 1.041884396398590980e+03 2.697653022364263187e+00
1.897099426269531250e+03 1.039804397345446432e+03 2.695118861222440376e+00
1.897120239257812500e+03 1.041381935754839105e+03 2.699255671158938608e+00
1.897141052246093750e+03 1.039796075921640750e+03 2.697835697643029551e+00
1.897161926269531250e+03 1.041132355075641954e+03 2.692078615755301829e+00
1.897182739257812500e+03 1.039520777756059488e+03 2.702946386885917818e+00
1.897203552246093750e+03 1.041195531381095407e+03 2.706614716865963555e+00
1.897224426269531250e+03 1.041840546043104723e+03 2.694252756735212806e+00
1.897245239257812500e+03 1.038493672538250848e+03 2.704351687065268628e+00
1.897266052246093750e+03 1.038509471636815761e+03 2.698074827136406117e+00
1.897286926269531250e+03 1.040034215441876086e+03 2.694027182353406324e+00
1.897307739257812500e+03 1.041600145820067610e+03 2.693265895313964098e+00
1.897328552246093750e+03 1.041801786712338071e+03 2.696251128032450151e+00
1.897349426269531250e+03 1.044266742988231726e+03 2.700757969321982976e+00
1.897370239257812500e+03 1.040153905280772278e+03 2.721216946051980834e+00
1.897391052246093750e+03 1.040573106647500936e+03 2.694206475261603284e+00
1.897411926269531250e+03 1.041833363960239922e+03 2.700137654080374094e+00
1.897432739257812500e+03 1.041754621151788115e+03 2.721093932246799962e+00
1.897453552246093750e+03 1.043635241412026062e+03 2.701222891611955834e+00
1.897474426269531250e+03 1.041333828555281116e+03 2.699490523837294820e+00
1.897495239257812500e+03 1.040782899252247489e+03 2.695636762933430131e+00
1.897516052246093750e+03 1.042052220705342734e+03 2.701566478401992377e+00
1.897536926269531250e+03 1.042818689628835727e+03 2.707497384588751999e+00
1.897557739257812500e+03 1.042536415531730427e+03 2.710854740693492193e+00
1.897578552246093750e+03 1.040569872486204531e+03 2.701088463411835949e+00
1.897599426269531250e+03 1.042736302913530835e+03 2.700512632518787814e+00
1.897620239257812500e+03 1.042058005678161180e+03 2.697219130041425661e+00
1.897641052246093750e+03 1.042715862997619752e+03 2.696267840486022749e+00
1.897661926269531250e+03 1.042616461130720836e+03 2.694369563037728899e+00
1.897682739257812500e+03 1.042724427630422724e+03 2.694439909844881242e+00
1.897703552246093750e+03 1.042019410279539898e+03 2.694644922705113910e+00
1.897724365234375000e+03 1.039954669862967421e+03 2.693551989577450456e+00
1.897745178222656250e+03 1.041188908070569596e+03 2.707047455534104863e+00
1.897766052246093750e+03 1.042298792352011105e+03 2.721955525272460985e+00
