1.492078368781329118e+03 1.969944124158630984e+03 1.257777101006754439e+00
1.492099202820772007e+03 1.971292234163943931e+03 1.257862350708080168e+00
1.492120036859283118e+03 1.969771417374302700e+03 1.256990768511005108e+00
1.492140870896862907e+03 1.970541533902576475e+03 1.257728810813723674e+00
1.492161704933977944e+03 1.973952013248670937e+03 1.258355870371377749e+00
1.492182538969695543e+03 1.969268734264667501e+03 1.257364892394301048e+00
1.492203373004947025e+03 1.970020309040450684e+03 1.257914663395145238e+00
1.492224207039267412e+03 1.971043894298441501e+03 1.257889976247789976e+00
1.492245041073122593e+03 1.970271481580661202e+03 1.257350433965177094e+00
1.492265875105580562e+03 1.972430858089110188e+03 1.258627633337815466e+00
1.492286709137106982e+03 1.969727746818617106e+03 1.257018792545287145e+00
1.492307543167702079e+03 1.971379122229692030e+03 1.259407027904571041e+00
1.492328377197831969e+03 1.969514226493556180e+03 1.257452255692586673e+00
1.492349211226563966e+03 1.969965387194367622e+03 1.257518283718657814e+00
1.492370045254830984e+03 1.971836723707452393e+03 1.257713693090576346e+00
1.492390879281701018e+03 1.972411031779819496e+03 1.258232378330906398e+00
1.492411713308105391e+03 1.974241725424022434e+03 1.258577102560506367e+00
1.492432547333113462e+03 1.971064837638347171e+03 1.257636063800355641e+00
1.492453381357189983e+03 1.973057200679938887e+03 1.258404136501529491e+00
1.492474215380800615e+03 1.971532415219466429e+03 1.257680755729091437e+00
1.492495049403014036e+03 1.973702637144091113e+03 1.258336165511289240e+00
1.492515883424295453e+03 1.972890545850688113e+03 1.258320107716830893e+00
1.492536717445112117e+03 1.971373149059626712e+03 1.258331902399996816e+00
1.492557551464532025e+03 1.971275879190703790e+03 1.257888933785608732e+00
1.492578385483019929e+03 1.971868365047085490e+03 1.257862208551075334e+00
1.492599219500110848e+03 1.974085762863592663e+03 1.258755916517155127e+00
1.492620053516736562e+03 1.970776333994945844e+03 1.257698053875406563e+00
1.492640887532430497e+03 1.968721052630876329e+03 1.257438082677949875e+00
1.492661721547193565e+03 1.970047900508578778e+03 1.257813921625506870e+00
1.492682555560558967e+03 1.973063289001898283e+03 1.258355965105536933e+00
1.492703389572993956e+03 1.972106772620211132e+03 1.258318639294722097e+00
1.492724223584962147e+03 1.973097014519478762e+03 1.258454342680370708e+00
1.492745057595534035e+03 1.972359752235297719e+03 1.258426303250083089e+00
1.492765891605175057e+03 1.972050367582028684e+03 1.258368138385624224e+00
1.492786725613417957e+03 1.970091569394463022e+03 1.257853252627373797e+00
1.492807559621196106e+03 1.971917269645810620e+03 1.257980572388256890e+00
1.492828393627577043e+03 1.970851405953852463e+03 1.258180268348595199e+00
1.492849227633491864e+03 1.973606148421243461e+03 1.259324059982513955e+00
1.492870061638009929e+03 1.972659077765227948e+03 1.258357149281922105e+00
1.492890895641597126e+03 1.974894893349359336e+03 1.259046293009021378e+00
1.492911729644252546e+03 1.971086336047077566e+03 1.257974981392761871e+00
1.492932563645977552e+03 1.972154300129552894e+03 1.258917565959530860e+00
1.492953397646305575e+03 1.969759996601613921e+03 1.258568862110142073e+00
1.492974231646167027e+03 1.973133123119570200e+03 1.258566162640531783e+00
1.492995065644631950e+03 1.973720160500128031e+03 1.260265446358438401e+00
1.493015899642165095e+03 1.972557415875755623e+03 1.258671390310074134e+00
1.493036733638766918e+03 1.974956161238845198e+03 1.259467700357825404e+00
1.493057567634437419e+03 1.974423861549875028e+03 1.259373188254139464e+00
1.493078401629177051e+03 1.973802494318022582e+03 1.258780586681729652e+00
1.493099235622519018e+03 1.973198614285507801e+03 1.259333715401088849e+00
1.493120069614929889e+03 1.972730095997841090e+03 1.259123788015599654e+00
1.493140903606410120e+03 1.973261033431965643e+03 1.258495074523574564e+00
1.493161737596958119e+03 1.975644177250176881e+03 1.259402531779620249e+00
1.493182571586575023e+03 1.974721955727626209e+03 1.259098745862524016e+00
1.493203405575261058e+03 1.972130875164283452e+03 1.259161468653339666e+00
1.493224239562549883e+03 1.976717615321117137e+03 1.260471920767461063e+00
1.493245073548906930e+03 1.972583350288641213e+03 1.259879362900956812e+00
1.493265907534798998e+03 1.975227752405508681e+03 1.259667633740337411e+00
1.493286741519293628e+03 1.975369231960551588e+03 1.259487292865832275e+00
1.493307575502391046e+03 1.977287053459231856e+03 1.260130884018109576e+00
1.493328409485023485e+03 1.974093616360682745e+03 1.259643690728639465e+00
1.493349243466258486e+03 1.974291252404081888e+03 1.259050364337606531e+00
1.493370077447028052e+03 1.975116016400264243e+03 1.259717458351228059e+00
1.493390911426400635e+03 1.974680939714329497e+03 1.259365804936844357e+00
1.493411745404841440e+03 1.974151552518022072e+03 1.259213680035128125e+00
1.493432579381886171e+03 1.976144529554508608e+03 1.261215582038668126e+00
1.493453413358464559e+03 1.977629320629460381e+03 1.260366796132198042e+00
1.493474247333646417e+03 1.974139695013080654e+03 1.259359604810037947e+00
1.493495081308363069e+03 1.973431073111078604e+03 1.259539254128441144e+00
1.493515915281681828e+03 1.977124336123690455e+03 1.260691410522538414e+00
1.493536749254070401e+03 1.976965118763852615e+03 1.260174967182781103e+00
1.493557583225526969e+03 1.974662810589301671e+03 1.259218792184615188e+00
1.493578417195586098e+03 1.975002172289878217e+03 1.259774188818396645e+00
1.493599251165179567e+03 1.976715386048796972e+03 1.259955765916544124e+00
1.493620085133376051e+03 1.976970856341808030e+03 1.260418295530837840e+00
1.493640919100641440e+03 1.975509170748989618e+03 1.259823678031937622e+00
1.493661753066975052e+03 1.974820528011382521e+03 1.259776459876492449e+00
1.493682587032378024e+03 1.974714688785036969e+03 1.259622349834616406e+00
1.493703420996849445e+03 1.975323508854678721e+03 1.260029799093851599e+00
1.493724254959923428e+03 1.976650394242718676e+03 1.260664602857608729e+00
1.493745088922066998e+03 1.976595406507943608e+03 1.260205379883495347e+00
1.493765922883743997e+03 1.976032474698004080e+03 1.260808468708167984e+00
1.493786756844024467e+03 1.975383222771326700e+03 1.259698389905769877e+00
1.493807590803373387e+03 1.974358777532341719e+03 1.259811660753453078e+00
1.493828424761326005e+03 1.976278958462905621e+03 1.260567674444554864e+00
1.493849258718812052e+03 1.978359333589601647e+03 1.261976233507946743e+00
1.493870092674901116e+03 1.973501703657822645e+03 1.260945558581310300e+00
1.493890926630524973e+03 1.977740893312504340e+03 1.260625595977748148e+00
1.493911760584751846e+03 1.977247594730903074e+03 1.262307280759583872e+00
1.493932594538047397e+03 1.976898490613276635e+03 1.260332603909061877e+00
1.493953428490411625e+03 1.977528903587015066e+03 1.260905520424779214e+00
1.493974262441378414e+03 1.975301526264981021e+03 1.260410540016773995e+00
1.493995096391879997e+03 1.976863250239841818e+03 1.261278294074852591e+00
1.494015930340984596e+03 1.977114568799832568e+03 1.260657794470980475e+00
1.494036764289157873e+03 1.977889479142058690e+03 1.261070013823705205e+00
1.494057598236865488e+03 1.977113430560916186e+03 1.261284721055380587e+00
1.494078432183176119e+03 1.976675746672599871e+03 1.260696185725788565e+00
1.494099266128089994e+03 1.974420329217969083e+03 1.260048531399943439e+00
1.494120100072539117e+03 1.977463236218859947e+03 1.260671742167981835e+00
1.494140934016054871e+03 1.975209288689010918e+03 1.261363259892637867e+00
1.494161767958175005e+03 1.978011207480580879e+03 1.260910531172761528e+00
1.494182601899362908e+03 1.974962961470142773e+03 1.260227089278439738e+00
1.494203435840086058e+03 1.975228705513582099e+03 1.260538594467253803e+00
1.494224269779411543e+03 1.978231789684558407e+03 1.261064625586774124e+00
1.494245103717805478e+03 1.975756587539047814e+03 1.260362019680971279e+00
1.494265937654803110e+03 1.976435641132752380e+03 1.260689755744915042e+00
1.494286771591334400e+03 1.976116457866903374e+03 1.260875597335993081e+00
1.494307605526468933e+03 1.977627779359610940e+03 1.261159908906894112e+00
1.494328439461138032e+03 1.977065136842398033e+03 1.261085138576288234e+00
1.494349273394409920e+03 1.975916002659638252e+03 1.260903487757184527e+00
1.494370107326751167e+03 1.976092001098950732e+03 1.260555522405553797e+00
1.494390941258159955e+03 1.975787887652474410e+03 1.260516890437242576e+00
1.494411775188637876e+03 1.978121397781487985e+03 1.261197197889172728e+00
1.494432609118184928e+03 1.975328566305272943e+03 1.260359418635562001e+00
1.494453443046334996e+03 1.979199998371321044e+03 1.261812802993002691e+00
1.494474276974020086e+03 1.977046899597647325e+03 1.260862691898428034e+00
1.494495110900307054e+03 1.974213626083163035e+03 1.262114046608234563e+00
1.494515944825662473e+03 1.978996347139915770e+03 1.261726025067309687e+00
1.494536778750087024e+03 1.977944296396553000e+03 1.261387831809689164e+00
1.494557612673580024e+03 1.975947047517249985e+03 1.261034469941078928e+00
1.494578446596141930e+03 1.976722280748727599e+03 1.260944613184949326e+00
1.494599280517772513e+03 1.975083294043031401e+03 1.260512729273328469e+00
1.494620114438471546e+03 1.978240625046782270e+03 1.261226782533085844e+00
1.494640948357774050e+03 1.976396803395510915e+03 1.260679259676263930e+00
1.494661782276144550e+03 1.978202123367817421e+03 1.262378106984187509e+00
1.494682616194049842e+03 1.978826150921774342e+03 1.261379231693169567e+00
1.494703450110557924e+03 1.976023666831171340e+03 1.261604327514086465e+00
1.494724284026135138e+03 1.979029579708868596e+03 1.261768682572450562e+00
1.494745117940780574e+03 1.975485105525799099e+03 1.262006980640915987e+00
1.494765951854495142e+03 1.977632329535059853e+03 1.261571869700790716e+00
1.494786785766812045e+03 1.975360657814170736e+03 1.260781758084102089e+00
1.494828453589118453e+03 1.972704531322779985e+03 1.260209683954481408e+00
1.494849287499107049e+03 1.974249784996014114e+03 1.260285357526593986e+00
1.494870121407699116e+03 1.977506277714043790e+03 1.261169077656211224e+00
1.494890955315359861e+03 1.973080583833763512e+03 1.259792924925247970e+00
1.494911789222089965e+03 1.974982280838532915e+03 1.260780576185007940e+00
1.494932623127888519e+03 1.972498429139656537e+03 1.260299309345344509e+00
1.494953457032755068e+03 1.976306813109263885e+03 1.261131646054008959e+00
1.494974290936690977e+03 1.975031968323644605e+03 1.260705121453576716e+00
1.494995124839228993e+03 1.977163679557640762e+03 1.261596910008823347e+00
1.495015958741302029e+03 1.978496004609570264e+03 1.261725788864484388e+00
1.495036792641976945e+03 1.975986390572234541e+03 1.260800242841765062e+00
1.495057626541722129e+03 1.974551925430757137e+03 1.260378713535542206e+00
1.495078460441000516e+03 1.975115038966225256e+03 1.260796791743902023e+00
1.495099294338881919e+03 1.977004831505560333e+03 1.261741283676125924e+00
1.495120128235832453e+03 1.974890108625362473e+03 1.260852811822154695e+00
1.495140962131852120e+03 1.975902727993026247e+03 1.261275883948711263e+00
1.495161796026473894e+03 1.977748584191936516e+03 1.261690263456116012e+00
1.495182629920630461e+03 1.976064720034101811e+03 1.260909916648136786e+00
1.495203463813855478e+03 1.976341896516013094e+03 1.261505250612173334e+00
1.495224297705683966e+03 1.976175947197187497e+03 1.261176119588521827e+00
1.495245131596580450e+03 1.974314613554141260e+03 1.261015185074882750e+00
1.495265965487012181e+03 1.976595061408294441e+03 1.261272528667395143e+00
1.495286799376046019e+03 1.975780151263629932e+03 1.261268606284962734e+00
1.495307633264148990e+03 1.976353527552807691e+03 1.260986918978261873e+00
1.495328467151319956e+03 1.975442899322340963e+03 1.261562467645470420e+00
1.495349301037560508e+03 1.977707620284713130e+03 1.261624359284902130e+00
1.495370134922404077e+03 1.973763265088997059e+03 1.260926745060430232e+00
1.495390968806781530e+03 1.973822397296594772e+03 1.260568241852073612e+00
1.495411802690227432e+03 1.975972403277201693e+03 1.261918090568269424e+00
1.495432636572277033e+03 1.976732773190576381e+03 1.261658894444810608e+00
1.495453470453395994e+03 1.975332883273214065e+03 1.261134859922039997e+00
1.495474304334047929e+03 1.976185068594357290e+03 1.261723521315112562e+00
1.495495138213303107e+03 1.974878989957191834e+03 1.261493438349837293e+00
1.495515972091626963e+03 1.977276131209385085e+03 1.261735331423430750e+00
1.495536805969019952e+03 1.976474141827207859e+03 1.261398558246471513e+00
1.495557639845480935e+03 1.974907529206685922e+03 1.261374459075736087e+00
1.495578473721011051e+03 1.976237077716314161e+03 1.261622563997663038e+00
1.495599307595143955e+03 1.973915445817018735e+03 1.260737176082942668e+00
1.495620141468812108e+03 1.977952155863554935e+03 1.262197492257233655e+00
1.495640975341081912e+03 1.976562823524093801e+03 1.261815306568043082e+00
1.495661809212886965e+03 1.974369692094424181e+03 1.261352911192014759e+00
1.495682643083294579e+03 1.977940630803892418e+03 1.262606376472081182e+00
1.495703476952770870e+03 1.976240350376200695e+03 1.262360353583757755e+00
1.495724310821781955e+03 1.973881919507224211e+03 1.260857680960328464e+00
1.495745144689395602e+03 1.975828884633477401e+03 1.261329519980501912e+00
1.495765978555612492e+03 1.976162713921517479e+03 1.261624453773633414e+00
1.495786812421363493e+03 1.973981833818934319e+03 1.261690735875023783e+00
1.495807646286182944e+03 1.975932084320146259e+03 1.261431823796324236e+00
1.495828480150071982e+03 1.977098387329858042e+03 1.262152913038318447e+00
1.495849314012562900e+03 1.976332324382237402e+03 1.261602768424243459e+00
1.495870147874588838e+03 1.977058487854614214e+03 1.262856504886160192e+00
1.495890981735218020e+03 1.977254859655010932e+03 1.261909966402383176e+00
1.495911815594915424e+03 1.975705937382734419e+03 1.261290061095174275e+00
1.495932649454146940e+03 1.975665773896870860e+03 1.261314634438225557e+00
1.495953483311981927e+03 1.975442770523684658e+03 1.261561758944993228e+00
1.495974317168886046e+03 1.975941573738490888e+03 1.261893056633566212e+00
1.495995151024857932e+03 1.976108619908027777e+03 1.261532418395807209e+00
1.496015984879433518e+03 1.976298556909376657e+03 1.261750212002519689e+00
1.496036818733542987e+03 1.974938445891306628e+03 1.262530322702188679e+00
1.496057652586720906e+03 1.974876914599253723e+03 1.261308774684506195e+00
1.496078486438502523e+03 1.976221863995365084e+03 1.262072439783754607e+00
1.496099320289818024e+03 1.976259847506188635e+03 1.261705758704039448e+00
1.496120154139736997e+03 1.976497418484832679e+03 1.262553455618562248e+00
1.496140987988723964e+03 1.977134592430744988e+03 1.262207975700807117e+00
1.496161821837245952e+03 1.974520464271113951e+03 1.261285902482061294e+00
1.496182655684370502e+03 1.975870981976342136e+03 1.262093786475710244e+00
1.496203489530564184e+03 1.974597558905167716e+03 1.261651855207116313e+00
1.496224323375826089e+03 1.977364757494092146e+03 1.262418145651637902e+00
1.496245157219691009e+03 1.976232894389425837e+03 1.261899574951177661e+00
1.496265991063090496e+03 1.976851446083576548e+03 1.263035515244347540e+00
1.496286824905558433e+03 1.976418182936339463e+03 1.261841995313993436e+00
1.496307658746629386e+03 1.977250131705616923e+03 1.262362100604982107e+00
1.496328492587234905e+03 1.976462721958092516e+03 1.261862401195584571e+00
1.496349326426443440e+03 1.975990221056308428e+03 1.262240889369991237e+00
1.496370160264720425e+03 1.975055614910806298e+03 1.261619209638343619e+00
1.496390994102066088e+03 1.976241372417884804e+03 1.262355915194637968e+00
1.496411827938481110e+03 1.977286030832704000e+03 1.262153621406862047e+00
1.496432661773964583e+03 1.975988574936585337e+03 1.261884554429558714e+00
1.496453495608516505e+03 1.976909930761170926e+03 1.264064061714405218e+00
1.496474329442136877e+03 1.976367229972484893e+03 1.261649729255124530e+00
1.496495163274825927e+03 1.976149569802375254e+03 1.261839019428690367e+00
1.496515997106117993e+03 1.975916902017483835e+03 1.262760877566555973e+00
1.496536830936945080e+03 1.973761637430942301e+03 1.261418924049450441e+00
1.496557664766373819e+03 1.976330087294863915e+03 1.261944777140451279e+00
1.496578498594872599e+03 1.977389906404504472e+03 1.263236393836946192e+00
1.496599332422439147e+03 1.976488820258717851e+03 1.262007358481208597e+00
1.496620166249075055e+03 1.976031078055989610e+03 1.262082829811664864e+00
1.496641000074778958e+03 1.975736549564645657e+03 1.262268324642100481e+00
1.496661833899552448e+03 1.975617297172630742e+03 1.262032390148596583e+00
1.496682667723393934e+03 1.976180188346121895e+03 1.262211422940256345e+00
1.496703501546303869e+03 1.974478468481890559e+03 1.261876335577898134e+00
1.496724335367817503e+03 1.976821581594457939e+03 1.262257227831051543e+00
1.496745169188865020e+03 1.976172322426898063e+03 1.261990686170665121e+00
1.496766003008516009e+03 1.973658332918578026e+03 1.262151118502895519e+00
1.496786836827234993e+03 1.975885864757292666e+03 1.262249105847941699e+00
1.496807670645488997e+03 1.974140655312055742e+03 1.261971226991412509e+00
1.496828504462345563e+03 1.975616772302052823e+03 1.262231964514376026e+00
1.496849338278271034e+03 1.976379906566287900e+03 1.262535704683832583e+00
1.496870172093264955e+03 1.977642556527229317e+03 1.262803075312028733e+00
1.496891005906862119e+03 1.975319545583458648e+03 1.262655141004092485e+00
1.496911839719993623e+03 1.976880774794667786e+03 1.262825825636726851e+00
1.496932673531728142e+03 1.975900340188980181e+03 1.262016662762722508e+00
1.496953507342996545e+03 1.978592400157114980e+03 1.263434787306702889e+00
1.496974341152868419e+03 1.978964697844053262e+03 1.263413180207535680e+00
1.496995174961808971e+03 1.974487078458625092e+03 1.262561575643807998e+00
1.497016008770283861e+03 1.974769578761869070e+03 1.262182616951382563e+00
1.497036842577361540e+03 1.975150186116806481e+03 1.262158391078037845e+00
1.497057676383507896e+03 1.978834015186686429e+03 1.263025510589224076e+00
1.497078510188257496e+03 1.978074442727174301e+03 1.263693572009927157e+00
1.497099343992540980e+03 1.976803463132443540e+03 1.262966283295315684e+00
1.497120177795894051e+03 1.978729830870975093e+03 1.263421436238830964e+00
1.497141011597849001e+03 1.977496842242311232e+03 1.262661088920755681e+00
1.497161845398873538e+03 1.974893068019188604e+03 1.262862074269971657e+00
1.497182679199431959e+03 1.975798915977109800e+03 1.263047690613960494e+00
1.497203512998593396e+03 1.976276493293701606e+03 1.262730479211691570e+00
1.497224346796823966e+03 1.973888900457586942e+03 1.262143609761215535e+00
1.497245180594122985e+03 1.974577561903430023e+03 1.262385944842165264e+00
1.497266014390490454e+03 1.977438608044508328e+03 1.262864481368932479e+00
1.497286848185460940e+03 1.976371413240213087e+03 1.262953635194572044e+00
1.497307681979965992e+03 1.975889561367419901e+03 1.262954484697843771e+00
1.497328515773074059e+03 1.976488211942898261e+03 1.262973645564290370e+00
1.497349349565716011e+03 1.977493574885791531e+03 1.263383033440807379e+00
1.497370183356962116e+03 1.977727389586153095e+03 1.263372890000748372e+00
1.497391017147276443e+03 1.976834097693097874e+03 1.263041272604296106e+00
1.497411850936658993e+03 1.977291537891447206e+03 1.263210536697465303e+00
1.497432684725110448e+03 1.974276150520709734e+03 1.262543683193352084e+00
1.497453518512164919e+03 1.976322831885837559e+03 1.263181328817548188e+00
1.497474352298753502e+03 1.977443804131843990e+03 1.264702684571936908e+00
1.497495186083945100e+03 1.979024355250050803e+03 1.264128329869866452e+00
1.497516019868671037e+03 1.975646882553638989e+03 1.263759981412173161e+00
1.497536853651999991e+03 1.978796830928327154e+03 1.263918019868448983e+00
1.497557687434398076e+03 1.974650797975440810e+03 1.263188595461444796e+00
1.497578521215864384e+03 1.977516203115713097e+03 1.263931412848978031e+00
1.497599354996399597e+03 1.975354789690565667e+03 1.262774802034422938e+00
1.497620188776003488e+03 1.976146658810217104e+03 1.263539562344141887e+00
1.497641022554209940e+03 1.977539614058812731e+03 1.263774743823647517e+00
1.497661856331951412e+03 1.975290819944766326e+03 1.262969634076901215e+00
1.497682690108295446e+03 1.977249243102041191e+03 1.263580083092697981e+00
1.497703523883708385e+03 1.976222564061668436e+03 1.265230658991822299e+00
1.497724357658190002e+03 1.975191921954688269e+03 1.264434207165474833e+00
1.497745191431739840e+03 1.976005526988682277e+03 1.264264116841684160e+00
1.497766025194579925e+03 1.976651852846966676e+03 1.263545977822811306e+00
1.497786858966268028e+03 1.977208581653637566e+03 1.265091065231251255e+00
1.497807692736558465e+03 1.976640517329755994e+03 1.263657677407082014e+00
1.497828526506383014e+03 1.976178411186125686e+03 1.264302492877071860e+00
1.497849360274811033e+03 1.975868725888192557e+03 1.263673054194895062e+00
1.497870194042307503e+03 1.975792869740149627e+03 1.263724324524932108e+00
1.497891027808872877e+03 1.976942489425862959e+03 1.264712204669486750e+00
1.497911861574506929e+03 1.975926960794726028e+03 1.263538854752588314e+00
1.497953529102514949e+03 1.974899832258466404e+03 1.263318680189265963e+00
1.497974362864889372e+03 1.975646143961542293e+03 1.263918161344337099e+00
1.497995196626332472e+03 1.976004687597118846e+03 1.263534326157261800e+00
1.498016030386844022e+03 1.978898135792518815e+03 1.264483702545909249e+00
1.498036864146424023e+03 1.976056997791640924e+03 1.263586262510589808e+00
1.498057697905072018e+03 1.974345219598924132e+03 1.263076901584179401e+00
1.498078531662324167e+03 1.975109647426611446e+03 1.263455403342859329e+00
1.498099365419110427e+03 1.977046887763893665e+03 1.263669469439001825e+00
1.498120199174500158e+03 1.974536440997706904e+03 1.263446581418906423e+00
1.498141032928957884e+03 1.974368642668354596e+03 1.263030418543149347e+00
1.498161866682484970e+03 1.976690730733153487e+03 1.264112015592523841e+00
1.498182700435080505e+03 1.975184887163529311e+03 1.263406622521376255e+00
1.498203534186278830e+03 1.975569711800703999e+03 1.263807050735937354e+00
1.498224367937011493e+03 1.975472412000904342e+03 1.263271073658378540e+00
1.498245201686347627e+03 1.975793695405189737e+03 1.264271518698393937e+00
1.498266035434751984e+03 1.975414037099498046e+03 1.264311450260651837e+00
1.498286869182225018e+03 1.977815612957825124e+03 1.264527209742228875e+00
1.498307702928766957e+03 1.974058883766173039e+03 1.263049719830818596e+00
1.498328536673911913e+03 1.976038843315912800e+03 1.263761066195883576e+00
1.498349370418592116e+03 1.975245993135654544e+03 1.263426437008693837e+00
1.498370204161873971e+03 1.975052352008641719e+03 1.263765688307342927e+00
1.498391037904224959e+03 1.975900117463597553e+03 1.263883216318854696e+00
1.498411871645643942e+03 1.976179109514700031e+03 1.263876425270602732e+00
1.498432705386132511e+03 1.976625607873466151e+03 1.263986822439868485e+00
1.498453539125223870e+03 1.975951927626987981e+03 1.263612253471777302e+00
1.498474372863849112e+03 1.975030999267463585e+03 1.263654705797679245e+00
1.498495206601078053e+03 1.977874489918069912e+03 1.264107724808310795e+00
1.498516040337375443e+03 1.975906395916583961e+03 1.263781535418294188e+00
1.498536874072275623e+03 1.974615381872859871e+03 1.263570554465424545e+00
1.498557707806709914e+03 1.975405073578349629e+03 1.264420253831959107e+00
1.498578541539748130e+03 1.975992422615331861e+03 1.264092683372812331e+00
1.498599375272320003e+03 1.975700129451909334e+03 1.263771913981772688e+00
1.498620209003494892e+03 1.976035103805036442e+03 1.264334079157552804e+00
1.498641042733273025e+03 1.975935445190656310e+03 1.264903534011795561e+00
1.498661876462585496e+03 1.974246872949372118e+03 1.263484227488488543e+00
1.498682710190500984e+03 1.974081332672999224e+03 1.263616451598661872e+00
1.498703543917950583e+03 1.975947530981037289e+03 1.265240787538140621e+00
1.498724377644002971e+03 1.974386297795281280e+03 1.264032610149670832e+00
1.498745211368658602e+03 1.974636164058369332e+03 1.263574233844868111e+00
1.498766045092847889e+03 1.974181922468849507e+03 1.263467291613531884e+00
1.498786878815641103e+03 1.974290422911189353e+03 1.263728852439396144e+00
1.498807712537502994e+03 1.973825551096595291e+03 1.263810257800417558e+00
1.498828546258433107e+03 1.976286087943613666e+03 1.264410495834932258e+00
1.498849379978431898e+03 1.976940212676114470e+03 1.264239082215358634e+00
1.498870213697034615e+03 1.975772458639946990e+03 1.264029026413469481e+00
1.498891047415170988e+03 1.974974723817822678e+03 1.264035580870661812e+00
1.498911881131910377e+03 1.972750079354294712e+03 1.263364209038535968e+00
1.498932714847253010e+03 1.975661371480810885e+03 1.264588107875669776e+00
1.498953548562129981e+03 1.974163961749329474e+03 1.263509371418951144e+00
1.498974382275609969e+03 1.976349800040446326e+03 1.265232307830469249e+00
1.498995215988157952e+03 1.974299673528697440e+03 1.264021387362918247e+00
1.499016049699775976e+03 1.974874135793385676e+03 1.264101170725190126e+00
1.499036883410461542e+03 1.974772795357263249e+03 1.264037136959823115e+00
1.499057717119750578e+03 1.973799942531502893e+03 1.263874774663084732e+00
1.499078550828573952e+03 1.975600262491997228e+03 1.264130121598477041e+00
1.499099384535534455e+03 1.974429945492203387e+03 1.264101265028785281e+00
1.499120218242029523e+03 1.975218273111618601e+03 1.264138325797047546e+00
1.499141051947127380e+03 1.972094815388173174e+03 1.263756632726150464e+00
1.499161885651760031e+03 1.974139723249151302e+03 1.264296269815329943e+00
1.499182719354529127e+03 1.975216355162440550e+03 1.264516604117287946e+00
1.499203553056833471e+03 1.972405571271464623e+03 1.263563761736765434e+00
1.499224386757739921e+03 1.974641561715461648e+03 1.264024263800952230e+00
1.499245220458182075e+03 1.974295559580416239e+03 1.264285332238645365e+00
1.499266054156759992e+03 1.973488961815046196e+03 1.264334927733308023e+00
1.499286887854872930e+03 1.975754698139975972e+03 1.265253412775375175e+00
1.499307721551589111e+03 1.972836244413252416e+03 1.264051094522406382e+00
1.499328555247373970e+03 1.974891240520871861e+03 1.264692080418516440e+00
1.499349388942227051e+03 1.971517684347743398e+03 1.263764745020662827e+00
1.499370222636149037e+03 1.970220048874171653e+03 1.263136265254760859e+00
1.499391056328674495e+03 1.973712862645960058e+03 1.264217253125296647e+00
1.499411890020267947e+03 1.973319757463816813e+03 1.264293441140775798e+00
1.499432723710464870e+03 1.975539404015131367e+03 1.264573920569458609e+00
1.499453557399730471e+03 1.973077013206851007e+03 1.264247992901890161e+00
1.499474391088530410e+03 1.973443084860982026e+03 1.264421008070139907e+00
1.499495224775467477e+03 1.973134292641074353e+03 1.264723185683103823e+00
1.499516058461938883e+03 1.970783785901393230e+03 1.263557912413380890e+00
1.499536892147013987e+03 1.972548903342339145e+03 1.264732140087154511e+00
1.499557725831157086e+03 1.974373478577999776e+03 1.265012380893717703e+00
1.499578559513902974e+03 1.973989666933270655e+03 1.264842745313427885e+00
1.499599393195717994e+03 1.974972394222066896e+03 1.265354881189236336e+00
1.499620226876601919e+03 1.974416585869983919e+03 1.264670494800405054e+00
1.499641060556554066e+03 1.972122368040269521e+03 1.263871096158575069e+00
1.499661894235109003e+03 1.973445817754775589e+03 1.264323943347559931e+00
1.499682727912733526e+03 1.973643945378237959e+03 1.264629726197846304e+00
1.499703561588959928e+03 1.973436266965713457e+03 1.264754902839394735e+00
1.499724395264720442e+03 1.975350325314868769e+03 1.265411123406598559e+00
1.499745228939084427e+03 1.973480574005460994e+03 1.264967806636389192e+00
1.499766062612051883e+03 1.971346590421100473e+03 1.263769508611196857e+00
1.499786896284088016e+03 1.970781758604324295e+03 1.263978617257924153e+00
1.499807729955192372e+03 1.970681335445342938e+03 1.264552710014143155e+00
1.499828563625365859e+03 1.973132083421434345e+03 1.265332930030865777e+00
1.499849397294142364e+03 1.973160087265012407e+03 1.265445366815435957e+00
1.499870230961988000e+03 1.972922209309107302e+03 1.264795997288406637e+00
1.499891064628435970e+03 1.976048498944690436e+03 1.265093185400179010e+00
1.499911898293952618e+03 1.973584963055516937e+03 1.265277862037035295e+00
1.499932731958537943e+03 1.972870060904719594e+03 1.264580849273772456e+00
1.499953565621725829e+03 1.973802628196352771e+03 1.264681099134817410e+00
1.499974399283983530e+03 1.972241357245369045e+03 1.264128707076100699e+00
1.499995232945309453e+03 1.972225713335391447e+03 1.264282927844877058e+00
1.500016066605237938e+03 1.973480732500647036e+03 1.264719368259996868e+00
1.500036900264236010e+03 1.973488503233034180e+03 1.264703297253639835e+00
1.500057733921835506e+03 1.973537952930571691e+03 1.265236877457775355e+00
1.500078567578504135e+03 1.972458974588833144e+03 1.264695992183239248e+00
1.500099401234242123e+03 1.972845449787891539e+03 1.265833849217249174e+00
1.500120234888583127e+03 1.971322265709857675e+03 1.264585609790108256e+00
1.500141068541992581e+03 1.972177964404458407e+03 1.265642048285303023e+00
1.500161902194005052e+03 1.973762167465327366e+03 1.264908434678827964e+00
1.500182735845085972e+03 1.972330954522135016e+03 1.265082348943884050e+00
1.500203569494770818e+03 1.973594950969262982e+03 1.265159003099402657e+00
1.500224403143989093e+03 1.971737906299295446e+03 1.264651076855353828e+00
1.500245236791345178e+03 1.972213833756033182e+03 1.265161641389624503e+00
1.500266070437770850e+03 1.973387271044159434e+03 1.264949429899690614e+00
1.500286904083264062e+03 1.972148569072051714e+03 1.266044735478196070e+00
1.500307737727359836e+03 1.973189932783760241e+03 1.265457283492773533e+00
1.500328571370524969e+03 1.971713873652654001e+03 1.265173796298513675e+00
1.500349405012759007e+03 1.971914898518387190e+03 1.264784922654334398e+00
1.500370238653596061e+03 1.972304348646736116e+03 1.266517748151501976e+00
1.500391072293034995e+03 1.973163227122087619e+03 1.265020249547708753e+00
1.500411905931542606e+03 1.973962690048037985e+03 1.265680429634116422e+00
1.500432739569120031e+03 1.972864090835612842e+03 1.265138603276770857e+00
1.500453573205300017e+03 1.971635741049871285e+03 1.265173419403868404e+00
1.500474406840083020e+03 1.973623816905296508e+03 1.265331281323338386e+00
1.500495240473934928e+03 1.974248781396301638e+03 1.265487663447048439e+00
1.500516074106854830e+03 1.973304978481769922e+03 1.265282761254228117e+00
1.500536907738378886e+03 1.971478434793364613e+03 1.264822010515553430e+00
1.500557741368505049e+03 1.972232873348443036e+03 1.265380835822942585e+00
1.500578574998166005e+03 1.973052310016146976e+03 1.265185008862856453e+00
1.500599408625963861e+03 1.973808953269318408e+03 1.265602111609442026e+00
1.500620242252831076e+03 1.971500443904415988e+03 1.265666819693919809e+00
1.500641075878300853e+03 1.973005267742793421e+03 1.265170451354612924e+00
1.500661909502839990e+03 1.972174761142591706e+03 1.265262975837637027e+00
1.500682743126446439e+03 1.972361961304177839e+03 1.266633514965969320e+00
1.500703576748190471e+03 1.972863685799538871e+03 1.265586146005525991e+00
1.500724410369468842e+03 1.972033332035767444e+03 1.265757424290774980e+00
1.500745243988885477e+03 1.971396959706567941e+03 1.265194996441532993e+00
1.500766077607370562e+03 1.972148541591418507e+03 1.266658549324594984e+00
1.500786911224924097e+03 1.972596871029473050e+03 1.265503630293421056e+00
1.500807744841080876e+03 1.972663894190278597e+03 1.265441174756015030e+00
1.500828578455840443e+03 1.972520614817890419e+03 1.265573524087605595e+00
1.500849412069669143e+03 1.971125732150790554e+03 1.265249361407004391e+00
1.500870245682099949e+03 1.972048483749688785e+03 1.265243284330124673e+00
1.500891079293135135e+03 1.970603643916489546e+03 1.265086777767672643e+00
1.500911912903238090e+03 1.970546652840867409e+03 1.265687587744626974e+00
1.500932746512409494e+03 1.972615830934817268e+03 1.265662298712545208e+00
1.500953580119718936e+03 1.972222863364768045e+03 1.265554685169985261e+00
1.500974413726095918e+03 1.972288981834043398e+03 1.265611907514505363e+00
1.501141082532413975e+03 1.970321031438098998e+03 1.265296799290747565e+00
1.501161916127615996e+03 1.972378862376458301e+03 1.266260387909014407e+00
1.501182749721421033e+03 1.970566505099635151e+03 1.265942710276258598e+00
1.501203583313829995e+03 1.970066453070370699e+03 1.265374052812160865e+00
1.501224416905305588e+03 1.970131862668662279e+03 1.265475652854623156e+00
1.501245250495384425e+03 1.970336986868498798e+03 1.265494116149632031e+00
1.501266084084066961e+03 1.970005434191272570e+03 1.265701291645889182e+00
1.501286917671352967e+03 1.971322961845730788e+03 1.266125897787120147e+00
1.501307751257706968e+03 1.968729901578267118e+03 1.265001779336394128e+00
1.501328584842664441e+03 1.971236130506432573e+03 1.265688906339516029e+00
1.501349418426224929e+03 1.972725914275954210e+03 1.266976706097246996e+00
1.501370252008388434e+03 1.971341698372281144e+03 1.265897745013426556e+00
1.501391085589154955e+03 1.970055661612828771e+03 1.265268675953667987e+00
1.501411919168990153e+03 1.971685783010227851e+03 1.266035460799583623e+00
1.501432752747427912e+03 1.969291904077206254e+03 1.265949019410496978e+00
1.501453586324003481e+03 1.970455965980220753e+03 1.265805502370663582e+00
1.501474419899646364e+03 1.970414245348812074e+03 1.265842560329966338e+00
1.501495253474358833e+03 1.971865096057699475e+03 1.266714451331898861e+00
1.501516087047209112e+03 1.971253013852691993e+03 1.265964980438067489e+00
1.501536920618662407e+03 1.971039037332069256e+03 1.265872366008125693e+00
1.501557754189183925e+03 1.972391774573785369e+03 1.266381638021244704e+00
1.501578587757843479e+03 1.971406060149154882e+03 1.266541702397174340e+00
1.501599421325571484e+03 1.970433551020469622e+03 1.266048078112207209e+00
1.501620254891437071e+03 1.969546693372665231e+03 1.266197922625153405e+00
1.501641088456370426e+03 1.970224969553876917e+03 1.265865679803309218e+00
1.501661922019907479e+03 1.968807083291695335e+03 1.265502217306291755e+00
1.501682755582047548e+03 1.973436366561697696e+03 1.267189283640178799e+00
1.501703589142789951e+03 1.970161291637167096e+03 1.266487722347128919e+00
1.501724422701669482e+03 1.971883611856487732e+03 1.266495346521622656e+00
1.501745256259618600e+03 1.971997186280639198e+03 1.266591303658097578e+00
1.501766089816170506e+03 1.969241437218360943e+03 1.266608480112542567e+00
1.501786923371325884e+03 1.971003319887348198e+03 1.266625421044929034e+00
1.501807756924617934e+03 1.970192682436450013e+03 1.266310094328104707e+00
1.501828590476979116e+03 1.970279752565887975e+03 1.266207572700705164e+00
1.501849424027477426e+03 1.970968037275193183e+03 1.266892210848656442e+00
1.501870257577044868e+03 1.969976993930294611e+03 1.266767857090127514e+00
1.501891091124748982e+03 1.972486307055865382e+03 1.267357946708363325e+00
1.501911924671056113e+03 1.969545211539775437e+03 1.267790789757976544e+00
1.501932758216431466e+03 1.969837584108073315e+03 1.266762728352927470e+00
1.501953591759479423e+03 1.969662860380385837e+03 1.266499770404299285e+00
1.501974425301596057e+03 1.967897133772173902e+03 1.267640710352467170e+00
1.501995258842315479e+03 1.968999921420413102e+03 1.266695629382707411e+00
1.502016092381172484e+03 1.968814636071941095e+03 1.266433692931301369e+00
1.502036925918631823e+03 1.971323820488698857e+03 1.267435780013743019e+00
1.502057759454695088e+03 1.971194822659045940e+03 1.267240646884678856e+00
1.502078592989360914e+03 1.969799296865860697e+03 1.266436799214522235e+00
1.502099426522164549e+03 1.969665171253777999e+03 1.267002956814465842e+00
1.502120260053570064e+03 1.971240045529602185e+03 1.267110118079007197e+00
1.502141093583579050e+03 1.972178491294443575e+03 1.267478104276220208e+00
1.502161927112190824e+03 1.971576072194882727e+03 1.267737144993305032e+00
1.502182760638941545e+03 1.969997655518116744e+03 1.266637561907094200e+00
1.502203594164293918e+03 1.970627587347821645e+03 1.267037157201833075e+00
1.502224427687784100e+03 1.971952588908655571e+03 1.267509000095413896e+00
1.502245261209877526e+03 1.969800689515739350e+03 1.267240176534741858e+00
1.502266094730573514e+03 1.970754261801898338e+03 1.267324225296838192e+00
1.502286928249407083e+03 1.970602974983229842e+03 1.267788156939060107e+00
1.502307761766842987e+03 1.969710567730999401e+03 1.267490848305071305e+00
1.502328595282416018e+03 1.968174682159291024e+03 1.266853207521676072e+00
1.502349428796592974e+03 1.971223776110527069e+03 1.267597215975987179e+00
1.502370262308907058e+03 1.968990022231273088e+03 1.267231804276653939e+00
1.502391095819824386e+03 1.970924290039300331e+03 1.267610334977534725e+00
1.502411929328879069e+03 1.973123402730848511e+03 1.268272879576310519e+00
1.502432762836536540e+03 1.971325921862873429e+03 1.268139025900609118e+00
1.502453596342331366e+03 1.967002503673740193e+03 1.266945609113760085e+00
1.502474429846729436e+03 1.970865120917183503e+03 1.268881434881544923e+00
1.502495263349264405e+03 1.970849661032734048e+03 1.268655187136588314e+00
1.502516096849935821e+03 1.972157847029883442e+03 1.268854847226097204e+00
1.502536930349212071e+03 1.971172747603786092e+03 1.268294826847057299e+00
1.502557763846624994e+03 1.971254155633666414e+03 1.268669845604801782e+00
1.502578597342175044e+03 1.969845005379079566e+03 1.268245574197504499e+00
1.502599430836329020e+03 1.968532007715666396e+03 1.267909637032205161e+00
1.502620264328154008e+03 1.970994296140243705e+03 1.269240360679487534e+00
1.502641097818582011e+03 1.971338422341721980e+03 1.269021034418103433e+00
1.502661931307613031e+03 1.968965131377085982e+03 1.269054053193222842e+00
1.502682764794315062e+03 1.968744138277341790e+03 1.268376691046238181e+00
1.502703598279620564e+03 1.968089461006767124e+03 1.268503424450766914e+00
1.502724431763063421e+03 1.969504560030185758e+03 1.268544209519972821e+00
1.502745265244644088e+03 1.969329860540844038e+03 1.268790254752939939e+00
1.502766098724362109e+03 1.968529882484123846e+03 1.268713819993276148e+00
1.502786932202217486e+03 1.968823934982793162e+03 1.269190909909103659e+00
1.502807765678675878e+03 1.971090737630681815e+03 1.269837844213432820e+00
1.502828599152805964e+03 1.967158721130345384e+03 1.269149910800974057e+00
1.502849432625537929e+03 1.970364985426066141e+03 1.269585382334490475e+00
1.502870266096407931e+03 1.972315860062420143e+03 1.270476708115722664e+00
1.502891099565415061e+03 1.971557053193627553e+03 1.270725146623778778e+00
1.502911933032095021e+03 1.971953735266533840e+03 1.270752304912595498e+00
1.505120287184659901e+03 1.970015788057422014e+03 1.275003792252230372e+00
1.505141120797090935e+03 1.970267596431837774e+03 1.274375803873763591e+00
1.505161954408125894e+03 1.970116379862878148e+03 1.273643149404312558e+00
1.505182788018694509e+03 1.970769206158676297e+03 1.273504384162464476e+00
1.505203621628330893e+03 1.972343361523768863e+03 1.273706185482963438e+00
1.505224455237036636e+03 1.971701994795632572e+03 1.272953854323046974e+00
1.505245288845277173e+03 1.972400450621208620e+03 1.273087154943938648e+00
1.505266122452585932e+03 1.970493697879922365e+03 1.273364199535550689e+00
1.505286956058498617e+03 1.974106535061675913e+03 1.273471340361688409e+00
1.505307789663944959e+03 1.972733991429002799e+03 1.272875656033357838e+00
1.505328623268924957e+03 1.971595539251162563e+03 1.272151461460704569e+00
1.505349456872507972e+03 1.972306318185185546e+03 1.272479908377985636e+00
1.505370290475161028e+03 1.973265802274061571e+03 1.273275727838068194e+00
1.505391124076882079e+03 1.973798078829948963e+03 1.273246423158653107e+00
1.505411957678137014e+03 1.972987508977955713e+03 1.272707209026426867e+00
1.505432791277995420e+03 1.974700637378607325e+03 1.272931238185726954e+00
1.505453624876921822e+03 1.974137562675070967e+03 1.272271869047945314e+00
1.505474458475383472e+03 1.974456447431909282e+03 1.273021700324256100e+00
1.505495292072448137e+03 1.975589109656701339e+03 1.273083315781613933e+00
1.505516125668581026e+03 1.976901763929697154e+03 1.273843150677537839e+00
1.505536959263783046e+03 1.973815643697404766e+03 1.272558318340010208e+00
1.505557792858052380e+03 1.974153693584160237e+03 1.271827569400518776e+00
1.505578626451391528e+03 1.975994146511491408e+03 1.272453770650265215e+00
1.505599460043799581e+03 1.976404270193221919e+03 1.272922294633393347e+00
1.505620293635276084e+03 1.978306404960919281e+03 1.272949827462575012e+00
1.505641127225821492e+03 1.977128500309245055e+03 1.273224467613430777e+00
1.505661960815434441e+03 1.978080960601284232e+03 1.273146285945159883e+00
1.505682794403651087e+03 1.978289408567042756e+03 1.273064260255805547e+00
1.505703627991401845e+03 1.975359027597484783e+03 1.272083522189780602e+00
1.505724461577756983e+03 1.979244344044665240e+03 1.273611793993969288e+00
1.505745295163179890e+03 1.976146548671596292e+03 1.272348043215991042e+00
1.505766128747670336e+03 1.978077497394435341e+03 1.272753338655233879e+00
1.505786962331229915e+03 1.975406890499504016e+03 1.272266621950887355e+00
1.505807795913859536e+03 1.976566670498051963e+03 1.272390859903595350e+00
1.505828629495091491e+03 1.977755910376087741e+03 1.272764671770125755e+00
1.505849463075392578e+03 1.977193607888791348e+03 1.272526514642720485e+00
1.505870296655226866e+03 1.977752007036828900e+03 1.272873033732012216e+00
1.505891130233663944e+03 1.978650872936953419e+03 1.273032188272283705e+00
1.505911963810705402e+03 1.977992006206470705e+03 1.272593634032748167e+00
1.505932797387280971e+03 1.976541006223874319e+03 1.271905410365556710e+00
1.505953630962924990e+03 1.977576401852470099e+03 1.272421121157323753e+00
1.505974464537171571e+03 1.975851097163006898e+03 1.271685981295499923e+00
1.505995298110487056e+03 1.979075769657431010e+03 1.273915534601494315e+00
1.506016131682872128e+03 1.979168833991433758e+03 1.273700242348170475e+00
1.506036965254324969e+03 1.978725502663012321e+03 1.272470586920195323e+00
1.506057798824380825e+03 1.978507418031023462e+03 1.272424821787572435e+00
1.506078632393505359e+03 1.981507122311562625e+03 1.273375995297453489e+00
1.506099465962164004e+03 1.979821304627271729e+03 1.273285511518559066e+00
1.506120299528960459e+03 1.978915446552338153e+03 1.272637004484310941e+00
1.506141133095291480e+03 1.977545727452968322e+03 1.272309300835729573e+00
1.506161966660690950e+03 1.977772703835584707e+03 1.272600050704597807e+00
1.506182800224692983e+03 1.979368104572899938e+03 1.273181678959784291e+00
1.506203633787763465e+03 1.977760852229070906e+03 1.272401821493495788e+00
1.506224467349903989e+03 1.978098603819171331e+03 1.273831125283356291e+00
1.506245300911112508e+03 1.979195113459538788e+03 1.272554852290826988e+00
1.506266134470922907e+03 1.976039801070789281e+03 1.272671100302663838e+00
1.506286968030268554e+03 1.979781097634786192e+03 1.273032890587145305e+00
1.506307801588217444e+03 1.978739091024507616e+03 1.272657143608327601e+00
1.506328635145235467e+03 1.977535737763679435e+03 1.273004516758363680e+00
1.506349468700856050e+03 1.978021652173461916e+03 1.272501829929197692e+00
1.506370302256010518e+03 1.979784036259290133e+03 1.273058407764336541e+00
1.506391135809768002e+03 1.978505970500774993e+03 1.272670257285201556e+00
1.506411969362594391e+03 1.981786953010694788e+03 1.273752793673071260e+00
1.506432802914489912e+03 1.981146202536749115e+03 1.273644927747737299e+00
1.506453636464988449e+03 1.977756878428168875e+03 1.272575367417486669e+00
1.506474470015020415e+03 1.981956833716927349e+03 1.273198251541116433e+00
1.506495303563655398e+03 1.978764043513707520e+03 1.272474755821818349e+00
1.506516137111359967e+03 1.976160037597502651e+03 1.271696105297976276e+00
1.506536970658132987e+03 1.981689487730104020e+03 1.273080366173427125e+00
1.506557804203508567e+03 1.980010209433139380e+03 1.273425096322716277e+00
1.506578637748418487e+03 1.981317917303365221e+03 1.273715263918798302e+00
1.506599471291931877e+03 1.978617464006020100e+03 1.272652506954526697e+00
1.506620304834513945e+03 1.978459940478554017e+03 1.273108363766187301e+00
1.506641138376165145e+03 1.979822837501620143e+03 1.274174108606181965e+00
1.506661971916418679e+03 1.980919715439270249e+03 1.273232004634317294e+00
1.506682805456206097e+03 1.980677417078281451e+03 1.272989159042692719e+00
1.506703638994596986e+03 1.980422780861757474e+03 1.273247967990861929e+00
1.506724472532057007e+03 1.981535655552739172e+03 1.273487581543718550e+00
1.506745306068119589e+03 1.982391659401840798e+03 1.273486037002178550e+00
1.506766139603716056e+03 1.980017922001992929e+03 1.272976142297147284e+00
1.506786973137915993e+03 1.980252382291463164e+03 1.273010135388536801e+00
1.506807806671185062e+03 1.980621671720654831e+03 1.273877027053126110e+00
1.506828640203523037e+03 1.978956779487911717e+03 1.273480420471696073e+00
1.506849473734928551e+03 1.979647513281902093e+03 1.272804383706960252e+00
1.506870307265402971e+03 1.979538283800501176e+03 1.273016690425729625e+00
1.506891140794481089e+03 1.979935375778602065e+03 1.273395420619590546e+00
1.506911974322627430e+03 1.980034806748734354e+03 1.272931238185726954e+00
1.506932807849841993e+03 1.981145008926357150e+03 1.273439512660770490e+00
1.506953641376125461e+03 1.977723761691406480e+03 1.272375120019611838e+00
1.506974474901012400e+03 1.980661864193014708e+03 1.273638001554085797e+00
1.506995308425435041e+03 1.981756521825057916e+03 1.273971071384946363e+00
1.507016141948458426e+03 1.980190977306310970e+03 1.273003112096945388e+00
1.507036975470551170e+03 1.982431397416599566e+03 1.274028056064850034e+00
1.507057808991712591e+03 1.979336131218674836e+03 1.272921545432439849e+00
1.507078642511477483e+03 1.982954192595152108e+03 1.274288992755369776e+00
1.507099476030776486e+03 1.980561477144972741e+03 1.273405811875077065e+00
1.507120309548678051e+03 1.980169549185795631e+03 1.273312334333564610e+00
1.507141143065648066e+03 1.981134393113934493e+03 1.273551935776158883e+00
1.507161976581687441e+03 1.980528157104621187e+03 1.274017810238918580e+00
1.507182810096330059e+03 1.983440265962666899e+03 1.274561754343097819e+00
1.507203643610505878e+03 1.981061592924670322e+03 1.273962275492988239e+00
1.507224477123285396e+03 1.982953777626489682e+03 1.274380434257591288e+00
1.507245310635134047e+03 1.984476932698706605e+03 1.274978033512352615e+00
1.507266144146050920e+03 1.981368284411410741e+03 1.274277345770690850e+00
1.507286977656036470e+03 1.980652044763134654e+03 1.274140614371522151e+00
1.507307811164625036e+03 1.981645648301571327e+03 1.273879647287735617e+00
1.507328644672281825e+03 1.981999866739597337e+03 1.274233937596897404e+00
1.507349478179474090e+03 1.981148669345205008e+03 1.274565916404846178e+00
1.507370311685268462e+03 1.977283020171402995e+03 1.272813328087806894e+00
1.507391145189666076e+03 1.979321251948789040e+03 1.273992405849321941e+00
1.507411978693598030e+03 1.978188581165383766e+03 1.273232566398062593e+00
1.507432812196599116e+03 1.977923156320166527e+03 1.272868163729466096e+00
1.507453645698202536e+03 1.976506088923394600e+03 1.272987239315206409e+00
1.507474479198874633e+03 1.977347733818254255e+03 1.272797921235612639e+00
1.507495312698616090e+03 1.977741155208790360e+03 1.273448592997720397e+00
1.507516146197425996e+03 1.978891674521487175e+03 1.273496380714332910e+00
1.507536979694838010e+03 1.976405923758518611e+03 1.272686134020300841e+00
1.507557813191785044e+03 1.980372700890757415e+03 1.274293529905328182e+00
1.507578646687335095e+03 1.979324477868478198e+03 1.273544681461675765e+00
1.507599480181954505e+03 1.978634788825297619e+03 1.273827803072732134e+00
1.507620313675641455e+03 1.980271315860061577e+03 1.274223927312515103e+00
1.507641147168397083e+03 1.978719170715389055e+03 1.274101599027155585e+00
1.507661980659756864e+03 1.979024902617572479e+03 1.274503577585388348e+00
1.507682814150650529e+03 1.982140448639927399e+03 1.274691707139344654e+00
1.507703647640146528e+03 1.979804525844581349e+03 1.274297973490144509e+00
1.507724481128711432e+03 1.978820541797939995e+03 1.273899813555886329e+00
1.507745314616345468e+03 1.978456821571385262e+03 1.273907299792276904e+00
1.507766148102582974e+03 1.980427276033239423e+03 1.274040453871897904e+00
1.507786981588353456e+03 1.981282808614028909e+03 1.274258729084150943e+00
1.507807815072727408e+03 1.978625695659166468e+03 1.273415922204433226e+00
1.507828648556636381e+03 1.980492671561760289e+03 1.273992171920728556e+00
1.507849482039147915e+03 1.979639984433975542e+03 1.274105669028964716e+00
1.507891149000910900e+03 1.982046130298282151e+03 1.275176516636994162e+00
1.507911982480628922e+03 1.979417058590610168e+03 1.274122369934738819e+00
1.507932815959416075e+03 1.982053825605798011e+03 1.274876723220158770e+00
1.507953649436805335e+03 1.983050928873931525e+03 1.275146367516567958e+00
1.507974482913262818e+03 1.981727860769317658e+03 1.274301528346841073e+00
1.507995316388789433e+03 1.981731127334290704e+03 1.274672862700908071e+00
1.508016149863385635e+03 1.981982063754579031e+03 1.274883642684077500e+00
1.508036983336583489e+03 1.980357744378115740e+03 1.273847923370607926e+00
1.508057816809316137e+03 1.981628382331665989e+03 1.274825340350337122e+00
1.508078650280652028e+03 1.983026477982814413e+03 1.275254480359676812e+00
1.508099483751055459e+03 1.981332658561436119e+03 1.274891029637895024e+00
1.508120317220993911e+03 1.981887333470159547e+03 1.274451244294165564e+00
1.508141150689070400e+03 1.984371177859824684e+03 1.275678383113449277e+00
1.508161984156681001e+03 1.982023327530234383e+03 1.275009869556000819e+00
1.508182817623360052e+03 1.982050241419510485e+03 1.275046239276239168e+00
1.508203651088641436e+03 1.979855295224243264e+03 1.274027120376403088e+00
1.508224484552993090e+03 1.980076035676855781e+03 1.274417055791503994e+00
1.508245318016877945e+03 1.980359120596235016e+03 1.274358872428047240e+00
1.508266151479366044e+03 1.980824921281731349e+03 1.274499181484529675e+00
1.508286984940456932e+03 1.980367498602531214e+03 1.274605151352707466e+00
1.508307818401082386e+03 1.980348277701861662e+03 1.274167185289083237e+00
1.508328651860776517e+03 1.981296064256505360e+03 1.274860265965900963e+00
1.508349485319072983e+03 1.979517138064500386e+03 1.274389975601517122e+00
1.508370318776439490e+03 1.981687792252077315e+03 1.275744682577519828e+00
1.508391152232873992e+03 1.981809859906044949e+03 1.274723550333954236e+00
1.508411985688377627e+03 1.978000739422618381e+03 1.273768048593756808e+00
1.508432819142949029e+03 1.982039116905999208e+03 1.274837496630310207e+00
1.508453652596589563e+03 1.980012184836373990e+03 1.274488799143584483e+00
1.508474486048833114e+03 1.984460438212212694e+03 1.275776873252261634e+00
1.508495319500610549e+03 1.979338324372233956e+03 1.273866546060791860e+00
1.508516152950991454e+03 1.978996781234187665e+03 1.274077038395457606e+00
1.508536986400441492e+03 1.980296207755068508e+03 1.274537202578701178e+00
1.508557819848959525e+03 1.980668675152131755e+03 1.274734398347819209e+00
1.508578653296546008e+03 1.981515990198792224e+03 1.274995330727199061e+00
1.508599486743201851e+03 1.980218788348694261e+03 1.274137713991343901e+00
1.508620320188460937e+03 1.980112357102370652e+03 1.274293904102541841e+00
1.508641153632788019e+03 1.979063862348544717e+03 1.273904539247728174e+00
1.508661987076649439e+03 1.978914768106337078e+03 1.274027588220712381e+00
1.508682820519114102e+03 1.983810196479783826e+03 1.275549652326490868e+00
1.508703653960647443e+03 1.979592877345339502e+03 1.274415605916809691e+00
1.508724487401249007e+03 1.979987853966918465e+03 1.274341098845224618e+00
1.508745320840454497e+03 1.980525323479879489e+03 1.275313277184741079e+00
1.508766154279193870e+03 1.980398376818019869e+03 1.274623295354044616e+00
1.508786987716536487e+03 1.978071016502661223e+03 1.274226687165126659e+00
1.508807821152946872e+03 1.981029895175602860e+03 1.274888037459227519e+00
1.508828654588892960e+03 1.980994082993636084e+03 1.275316735737091589e+00
1.508849488023440927e+03 1.982726489402797370e+03 1.275275466183066531e+00
1.508870321456591910e+03 1.981678631431993608e+03 1.275083916838361864e+00
1.508891154889277914e+03 1.979500925676177076e+03 1.274406438928946006e+00
1.508911988321033505e+03 1.980305870970215892e+03 1.275144077089138239e+00
1.508932821751390520e+03 1.981195941889183814e+03 1.274904961877338483e+00
1.508953655180816440e+03 1.979328978578477290e+03 1.274359340150563513e+00
1.508974488609776927e+03 1.981858811906348592e+03 1.274957557046587642e+00
1.508995322037340429e+03 1.981987331642048503e+03 1.275279298746035739e+00
1.509016155463506948e+03 1.981749665827396484e+03 1.275135289288581664e+00
1.509036988889208033e+03 1.979230545595041349e+03 1.274763715578587142e+00
1.509057822313977340e+03 1.979840532057292421e+03 1.274594536056910199e+00
1.509078655737348981e+03 1.981733512955538572e+03 1.275115376282368373e+00
1.509099489160256553e+03 1.981078981192436231e+03 1.275447265862774238e+00
1.509120322581767141e+03 1.979607707693483690e+03 1.274459849737222594e+00
1.509141156002345497e+03 1.978190080127243391e+03 1.274204374287224661e+00
1.509161989421992075e+03 1.980958634416707810e+03 1.274926046956859960e+00
1.509182822840708468e+03 1.981042178696707424e+03 1.275248637919772721e+00
1.509203656258026967e+03 1.978517379476754968e+03 1.274250402940338756e+00
1.509224489674880033e+03 1.979519361685481954e+03 1.274559836984236583e+00
1.509245323090337024e+03 1.981216632747756876e+03 1.275735011200162861e+00
1.509266156504861556e+03 1.980359362019661376e+03 1.274891730928754185e+00
1.509286989918454992e+03 1.980609263422866889e+03 1.275409225164665372e+00
1.509307823331117106e+03 1.978588783909308177e+03 1.274577747809517270e+00
1.509328656742849034e+03 1.981421561579161562e+03 1.275130381182125294e+00
1.509349490153647821e+03 1.982816917813656119e+03 1.275992515811077865e+00
1.509370323563050079e+03 1.982725318695581109e+03 1.275545119644595493e+00
1.509391156971988039e+03 1.979792108997253536e+03 1.275404691983703431e+00
1.509411990379527424e+03 1.980602898217041229e+03 1.275609136442597880e+00
1.509432823786135941e+03 1.980634139469168076e+03 1.274943952637504596e+00
1.509453657191813818e+03 1.980046330131862987e+03 1.275245646580181136e+00
1.509474490596559463e+03 1.982309105542589123e+03 1.275513764259663674e+00
1.509495324000374012e+03 1.980863850940207158e+03 1.275628434306955494e+00
1.509516157402792032e+03 1.981644679231829969e+03 1.275508857609563673e+00
1.509536990804743937e+03 1.982748542411015251e+03 1.275828124363134863e+00
1.509557824205298402e+03 1.982681636514963202e+03 1.276385166359722767e+00
1.509578657604923137e+03 1.980835049021726491e+03 1.275897732875713286e+00
1.509599491003614958e+03 1.981117713793054008e+03 1.275797243129001890e+00
1.509620324401375910e+03 1.982036594050916619e+03 1.276152262144352179e+00
1.509641157798205995e+03 1.980390953903745185e+03 1.275254153183749573e+00
1.509661991194104985e+03 1.979360111016652581e+03 1.275035019935918612e+00
1.509682824588606536e+03 1.980355141971170042e+03 1.275939823160665565e+00
1.509703657982176082e+03 1.980852231294130206e+03 1.275807521383716781e+00
1.509724491375281104e+03 1.980884504414728099e+03 1.275475959201352483e+00
1.509745324766988460e+03 1.980355440518377236e+03 1.275145058701397716e+00
1.509766158157764039e+03 1.981685887754166743e+03 1.275763744787785425e+00
1.509786991547143998e+03 1.981721855430366759e+03 1.275766968515775757e+00
1.509807824936057386e+03 1.978836551564938190e+03 1.275110000652268427e+00
1.509828658323573563e+03 1.981862235561886109e+03 1.275943513585591660e+00
1.509849491710624989e+03 1.980932776933185096e+03 1.276012415128956468e+00
1.509870325096278521e+03 1.978969299964355514e+03 1.274826181942685377e+00
1.509891158481001412e+03 1.980144266558039590e+03 1.275483950227960905e+00
1.509911991864792981e+03 1.979671660882320339e+03 1.275166887693062412e+00
1.509932825247653000e+03 1.979140128958513060e+03 1.274875741401289897e+00
1.509953658629115580e+03 1.979261692834577843e+03 1.275668617784974757e+00
1.509974492010112954e+03 1.979791363361111507e+03 1.276233061884493925e+00
1.509995325378071357e+03 1.980549517129789820e+03 1.275796168579409917e+00
1.510016158756740424e+03 1.981215625249935329e+03 1.276797163089788967e+00
1.510036992134478623e+03 1.982669253966802671e+03 1.276136521946444669e+00
1.510057825511285046e+03 1.980737309399722790e+03 1.277008899347038762e+00
1.510078658887159463e+03 1.981512341477229256e+03 1.275617593896085644e+00
1.510099492262103468e+03 1.979734279330855088e+03 1.275052082643557849e+00
1.510120325635650488e+03 1.980596159877860828e+03 1.275584231019065040e+00
1.510141159008264822e+03 1.982288758506294471e+03 1.275855781354369389e+00
1.510161992380415541e+03 1.978826589712347413e+03 1.274931423362583693e+00
1.510182825751167911e+03 1.980046250814871883e+03 1.275790235180583654e+00
1.510203659120988959e+03 1.978826893833248732e+03 1.275202177884911636e+00
1.510224492489413933e+03 1.978317172113811239e+03 1.274907112477915883e+00
1.510245325857372336e+03 1.978794829615209210e+03 1.275020621637864560e+00
1.510266159223933983e+03 1.979414925053386924e+03 1.275244244387332193e+00
1.510286992590030422e+03 1.981222130419751693e+03 1.276595850383977382e+00
1.510307825954729424e+03 1.978769307549336418e+03 1.275025109436517479e+00
1.510328659318497103e+03 1.979410723434076317e+03 1.275325662497785340e+00
1.510349492680868025e+03 1.977657047913444558e+03 1.274899351597886588e+00
1.510370326042773513e+03 1.979472825636745938e+03 1.275473248783296265e+00
1.510391159403746997e+03 1.979817002036645590e+03 1.275497455416436221e+00
1.510411992763323951e+03 1.979099214723957857e+03 1.275612220382409401e+00
1.510432826121969583e+03 1.979179449938364087e+03 1.276319740773634193e+00
1.510453659479683438e+03 1.979468101804412754e+03 1.275588763561982031e+00
1.510474492836467107e+03 1.978532074463299978e+03 1.275496240422634653e+00
1.510495326192318544e+03 1.979760666423562725e+03 1.276227223924437659e+00
1.510516159546772997e+03 1.979077060773686071e+03 1.275481707137826826e+00
1.510536992900762016e+03 1.980196932189056952e+03 1.276966470886113036e+00
1.510557826253353596e+03 1.979767062619115222e+03 1.276117185057741743e+00
1.510578659605014082e+03 1.980382020424210850e+03 1.276682831451893207e+00
1.510599492955743017e+03 1.980147825389431546e+03 1.275758371889698983e+00
1.510620326305541084e+03 1.979278215077424420e+03 1.275839570319048599e+00
1.510641159653941941e+03 1.976859706445688289e+03 1.274914639551368190e+00
1.510661993001877363e+03 1.978995543606953106e+03 1.276273599942582937e+00
1.510682826348414892e+03 1.979692776466827354e+03 1.275575399523201314e+00
1.510703659694022917e+03 1.976865045071776194e+03 1.274954658524863227e+00
1.510724493038698483e+03 1.980476875781143917e+03 1.276161790241039817e+00
1.510745326382442499e+03 1.981011050442962414e+03 1.275615210862379056e+00
1.510766159724790441e+03 1.980072880726286940e+03 1.275993450058296563e+00
1.510786993066671585e+03 1.976262819793050994e+03 1.274716022132138749e+00
1.510807826407156426e+03 1.979015588441730415e+03 1.275653712665808737e+00
1.510828659746710855e+03 1.978590279006094534e+03 1.275385016856927178e+00
1.510849493085332597e+03 1.976166189565979721e+03 1.274744030558615515e+00
1.510870326423023016e+03 1.979699252391641949e+03 1.275966403324564347e+00
1.510891159759316452e+03 1.978305348771514900e+03 1.275632733065067193e+00
1.510911993094679019e+03 1.976387858167334343e+03 1.274962325567989829e+00
1.510932826429576380e+03 1.977779975713999875e+03 1.275336038025937535e+00
1.510953659763076075e+03 1.977780792465806599e+03 1.275272147735093897e+00
1.510974493095178559e+03 1.976319528471597323e+03 1.275395158230960613e+00
1.511016159757521564e+03 1.979294149084410037e+03 1.276420002598338321e+00
1.511036993086830535e+03 1.977967761900163850e+03 1.275037871527607169e+00
1.511057826415208638e+03 1.979840262721404770e+03 1.275787104951186191e+00
1.511078659742654509e+03 1.977226284070259226e+03 1.275279158530520318e+00
1.511099493069169057e+03 1.976846567101668825e+03 1.275301078702245627e+00
1.511120326394287076e+03 1.980976230079959123e+03 1.276218069949303091e+00
1.511141159718473091e+03 1.976835977344443791e+03 1.275112150907027786e+00
1.511161993042195036e+03 1.977916100955721959e+03 1.275719172409320645e+00
1.511182826364518405e+03 1.975061281244432848e+03 1.274717097592263038e+00
1.511203659685445018e+03 1.977111169068399249e+03 1.276229372296843856e+00
1.511224493005906879e+03 1.980095462567529694e+03 1.276223534319909758e+00
1.511245326324971074e+03 1.975161282962862970e+03 1.274844883851516064e+00
1.511266159643569608e+03 1.976619896439892273e+03 1.275212881604373072e+00
1.511286992960770931e+03 1.978904132457079413e+03 1.275716182173053381e+00
1.511307826276575497e+03 1.975300901754365213e+03 1.275460023729820147e+00
1.511328659591914857e+03 1.978451518113526618e+03 1.275964161082562054e+00
1.511349492905856550e+03 1.979234965913442011e+03 1.275977988178806033e+00
1.511370326218866921e+03 1.976163834271202404e+03 1.274997481175346836e+00
1.511391159530946879e+03 1.977018716636716817e+03 1.275510773541848941e+00
1.511411992842095060e+03 1.979092787900523945e+03 1.276521423874290573e+00
1.511432826152311463e+03 1.979513959346026923e+03 1.276285415516708266e+00
1.511453659461130883e+03 1.978623069682801770e+03 1.276248567376747856e+00
1.511474492769018980e+03 1.977538641890770350e+03 1.276198734296210890e+00
1.511495326075977118e+03 1.979741129719755463e+03 1.276232361330697174e+00
1.511516159382002570e+03 1.979694012044847568e+03 1.276272432389794043e+00
1.511536992686631038e+03 1.977961529191981299e+03 1.276000363466456289e+00
1.511557825990794527e+03 1.977898481479522616e+03 1.275760988260289386e+00
1.511578659293560577e+03 1.978427318655021281e+03 1.276035443764388821e+00
1.511599492595395077e+03 1.977063062548060770e+03 1.275915157768096941e+00
1.511620325895832593e+03 1.976332388493809049e+03 1.275226950548757676e+00
1.511641159195804448e+03 1.977329336436627045e+03 1.275908477475552250e+00
1.511661992494380002e+03 1.977154717209649107e+03 1.276272759304682758e+00
1.511682825792024005e+03 1.976782675684757805e+03 1.276600379335161017e+00
1.511703659088271024e+03 1.976108145895384951e+03 1.275221107982725366e+00
1.511724492384051473e+03 1.974711813926333207e+03 1.275146227286435341e+00
1.511745325678436075e+03 1.973054479273113657e+03 1.275528203720454057e+00
1.511766158971889126e+03 1.973163708864252840e+03 1.275035861389867131e+00
1.511786992264410401e+03 1.974293262107396686e+03 1.274948487456661894e+00
1.511807825556001035e+03 1.976465271787765914e+03 1.275569091274433964e+00
1.511828658846194458e+03 1.975530986795847639e+03 1.275708659828949099e+00
1.511849492135455876e+03 1.976357539027673965e+03 1.275757063702391614e+00
1.511870325423787563e+03 1.970725438321944921e+03 1.274299750919732244e+00
1.511891158710720902e+03 1.977687268584113781e+03 1.276039367466107244e+00
1.511911991997188579e+03 1.977280040581326148e+03 1.275895116785533689e+00
1.511932825282259500e+03 1.974978049994177809e+03 1.275298367912512276e+00
1.511953658565933438e+03 1.974570215913645370e+03 1.275219659022206908e+00
1.511974491849141941e+03 1.976424302172642456e+03 1.275224333082485062e+00
1.511995325130953461e+03 1.976388918450253414e+03 1.275351741367448888e+00
1.512016158411832976e+03 1.973190016680071267e+03 1.275236251858652414e+00
1.512036991691781623e+03 1.975851193290415040e+03 1.275851109607392120e+00
1.512057824970799174e+03 1.974763664703675204e+03 1.275635349693347242e+00
1.512078658248419970e+03 1.974237923047202685e+03 1.275190819691335964e+00
1.512099491525108988e+03 1.975254252391925093e+03 1.275496707728079882e+00
1.512120324800866456e+03 1.974747371845047383e+03 1.275377025210439941e+00
1.512141158075226940e+03 1.976245891410494778e+03 1.275748747337424494e+00
1.512161991348656102e+03 1.977767337192064588e+03 1.276333330518221620e+00
1.512182824621154850e+03 1.978852475424321483e+03 1.276748425170691981e+00
1.512203657892721367e+03 1.976791845205562367e+03 1.276212932485513596e+00
1.512224491162890899e+03 1.975635421811020024e+03 1.276085143094716434e+00
1.512245324432129564e+03 1.975727453528461183e+03 1.275813688296799642e+00
1.512266157700436452e+03 1.973733051754571534e+03 1.275105232683127809e+00
1.512286990967347492e+03 1.977248413733174630e+03 1.276526326632337449e+00
1.512307824233791962e+03 1.973958222922368350e+03 1.275710949242719883e+00
1.512328657498373559e+03 1.972466152368360326e+03 1.274835579686166787e+00
1.512349490762489495e+03 1.976927979173817675e+03 1.276344678544591549e+00
1.512370324025208447e+03 1.973329028392359987e+03 1.275489698128424054e+00
1.512391157286996986e+03 1.975975863672489140e+03 1.275899508076709044e+00
1.512411990547853520e+03 1.975824047519490705e+03 1.276183835368511321e+00
1.512432823807313071e+03 1.975821038272611077e+03 1.275996813342620495e+00
1.512453657065841071e+03 1.973677392208963738e+03 1.275716182173053381e+00
1.512474490323437976e+03 1.974621854878118256e+03 1.275476800364405694e+00
1.512495323580103559e+03 1.976470149641903163e+03 1.276443350751578665e+00
1.512516156835371930e+03 1.975479401725568550e+03 1.275788553267235281e+00
1.512536990089244000e+03 1.972998153135660004e+03 1.275195587340465675e+00
1.512557823342649954e+03 1.976232847953771170e+03 1.276309606746201641e+00
1.512578656594658469e+03 1.973820744702024285e+03 1.275483716572922699e+00
1.512599489845736116e+03 1.977457780731765070e+03 1.277523389777593499e+00
1.512620323095417007e+03 1.976174893153397306e+03 1.276157119614297564e+00
1.512641156344631554e+03 1.974047028348769345e+03 1.275470865479901628e+00
1.512661989591983911e+03 1.974050025054146545e+03 1.275674458301420344e+00
1.512682822838870834e+03 1.973808394718987529e+03 1.275817892993174496e+00
1.512703656084360546e+03 1.975350764081807938e+03 1.276590714440513086e+00
1.512724489328918935e+03 1.972935043976622637e+03 1.275745617006230459e+00
1.512745322572081022e+03 1.972644820755302817e+03 1.275721648693424193e+00
1.512766155814310878e+03 1.973565051359872996e+03 1.275445817159180706e+00
1.512786989055609411e+03 1.974084963597994829e+03 1.276493921387211739e+00
1.512807822295510960e+03 1.971544631563187750e+03 1.274903185291516694e+00
1.512828655534482095e+03 1.974444894657263148e+03 1.277021268214929339e+00
1.512849488772521454e+03 1.973466869137294680e+03 1.275682448084606735e+00
1.512870322009162919e+03 1.973933667220999268e+03 1.275660861537800228e+00
1.512891155244874426e+03 1.972388185165972800e+03 1.276402257716239275e+00
1.512911988479188039e+03 1.973011736783258812e+03 1.275602454547428488e+00
1.512932821712570330e+03 1.973634799342073848e+03 1.275559885848031705e+00
1.512953654945021526e+03 1.975171407665976176e+03 1.276468612972353700e+00
1.512974488176075965e+03 1.972331223819910974e+03 1.275905020527215772e+00
1.512995321406199082e+03 1.971639244901943130e+03 1.275102147517124695e+00
1.513016154635390421e+03 1.974665686431824724e+03 1.275993590195320548e+00
1.513036987863185004e+03 1.971127278142235355e+03 1.275144451036754667e+00
1.513057821090048037e+03 1.973800663127856751e+03 1.276006809718696733e+00
1.513078654315514541e+03 1.973592285695583541e+03 1.275655161133304683e+00
1.513099487540049040e+03 1.972817868886292672e+03 1.275585539383622402e+00
1.513120320763187010e+03 1.972094241845423767e+03 1.275277148773105385e+00
1.513141153985393430e+03 1.972701551291688475e+03 1.276172626029249857e+00
1.513161987206669437e+03 1.971710164589930173e+03 1.275968692275877503e+00
1.513182820426547551e+03 1.972982347996220369e+03 1.275846577996479603e+00
1.513203653645495024e+03 1.971595732987679639e+03 1.275586240292654772e+00
1.513224486863044604e+03 1.973503325800762696e+03 1.275890818911450397e+00
1.513245320079663088e+03 1.971357971535807792e+03 1.276033295065478246e+00
1.513266153294884589e+03 1.971651410878661409e+03 1.275823592670580764e+00
1.513286986509174994e+03 1.970579136193567592e+03 1.275823966419029398e+00
1.513307819722534532e+03 1.972846698859474827e+03 1.275713191929776835e+00
1.513328652934495949e+03 1.971946765019856230e+03 1.275760661214258906e+00
1.513349486145061974e+03 1.971777491748357079e+03 1.276677509109099384e+00
1.513370319354695539e+03 1.971566205498042109e+03 1.275531428043741755e+00
1.513391152563398009e+03 1.970149400875485298e+03 1.275397401473311598e+00
1.513411985770703041e+03 1.972486127988986937e+03 1.275873767420525606e+00
1.513432818977077432e+03 1.971720741890922000e+03 1.276109338120777981e+00
1.513453652182053929e+03 1.973212952440864683e+03 1.276005408362284266e+00
1.513474485385634580e+03 1.969566044774300053e+03 1.275654787335398721e+00
1.513495318588283453e+03 1.969818004249895466e+03 1.276259542536017921e+00
1.513516151790001004e+03 1.971868578737029111e+03 1.276217929836928722e+00
1.513536984990320889e+03 1.973136036574598620e+03 1.277564773335843284e+00
1.513557818189709906e+03 1.970315522045729494e+03 1.275571100571871508e+00
1.513578651387702394e+03 1.970998916602904501e+03 1.275635723496948870e+00
1.513599484584297443e+03 1.973355650431743470e+03 1.276331182320802116e+00
1.513620317779962079e+03 1.972107608952792134e+03 1.277058374099813598e+00
1.513641150974694483e+03 1.972286209435405226e+03 1.276220545265382755e+00
1.513661984168029903e+03 1.970941933335887597e+03 1.275912541713644544e+00
1.513682817359968340e+03 1.972232648786332902e+03 1.276067019878939224e+00
1.513703650550975908e+03 1.971551961613972253e+03 1.275948652134166306e+00
1.513724483740586948e+03 1.972249402193104061e+03 1.276261784259069554e+00
1.513745316929265982e+03 1.971045735747619801e+03 1.276898741125620962e+00
1.513766150116548033e+03 1.971748304216743691e+03 1.276032687823825951e+00
1.513786983302432873e+03 1.974325474802759800e+03 1.277468940596180325e+00
1.513807816487386390e+03 1.971537653056063391e+03 1.277033917008759456e+00
1.513828649670942923e+03 1.971899548310518185e+03 1.276471367971740989e+00
1.513849482853568588e+03 1.973389259161730251e+03 1.277231193972988565e+00
1.513870316034797042e+03 1.970944986196599984e+03 1.275990974301671299e+00
1.513891149215093947e+03 1.974842801795944524e+03 1.277599437449312925e+00
1.513911982393527978e+03 1.973319560557359637e+03 1.277391205352352399e+00
1.513932815571497031e+03 1.971633150313739861e+03 1.276563540286663967e+00
1.513953648747602983e+03 1.975876109673118890e+03 1.277501367766064266e+00
1.513974481922778523e+03 1.972857374912309979e+03 1.276916525786832679e+00
1.513995315096556624e+03 1.973051100349033732e+03 1.277795181063755559e+00
1.514016148269402493e+03 1.970095723102097509e+03 1.278805843785822294e+00
1.514036981440852514e+03 1.971001710575633979e+03 1.276117792259185979e+00
1.514057814610904416e+03 1.971004574763352139e+03 1.276436813311720542e+00
1.514078647780025676e+03 1.970605410028586675e+03 1.277094732153813084e+00
1.514099480947284064e+03 1.973022754348520721e+03 1.277542472103475379e+00
1.514141147279006873e+03 1.970477694831231474e+03 1.276610277605527255e+00
1.514161980443006541e+03 1.973707432690454880e+03 1.277662651547012196e+00
1.514182813605607862e+03 1.972147084911106504e+03 1.277144296922051891e+00
1.514203646766813108e+03 1.970691255661174182e+03 1.276746137617284615e+00
1.514224479927087032e+03 1.972072005856014357e+03 1.276898507729470333e+00
1.514245313085963517e+03 1.972363834260097292e+03 1.277541865579165714e+00
1.514266146243443018e+03 1.970739394843825949e+03 1.277772417379736236e+00
1.514286979399525535e+03 1.970582943869616429e+03 1.276434291718827385e+00
1.514307812554211068e+03 1.969794969551589247e+03 1.276571851343574426e+00
1.514328645707965507e+03 1.970785528953825406e+03 1.276667377921587798e+00
1.514349478860322961e+03 1.970320864760637050e+03 1.276356680256937937e+00
1.514370312011283659e+03 1.970754191280668465e+03 1.276383531928394488e+00
1.514391145160846463e+03 1.969127136438385151e+03 1.276694409805193775e+00
1.514411978309478400e+03 1.971687843267496191e+03 1.277176032298373842e+00
1.514432811456248146e+03 1.969762907497433389e+03 1.276411550461579614e+00
1.514453644602086570e+03 1.967586432528433306e+03 1.275989059090420596e+00
1.514474477746527100e+03 1.970026398803741813e+03 1.276499851515178863e+00
1.514495310889571556e+03 1.970094986870948560e+03 1.276593469176394935e+00
1.514516144031218573e+03 1.970870811350651593e+03 1.277502067623966120e+00
1.514536977171468607e+03 1.970043117933673557e+03 1.276549112536901287e+00
1.514557810310787545e+03 1.970098828256579054e+03 1.276955361771280106e+00
1.514578643448243383e+03 1.970495818476974591e+03 1.276709302774597488e+00
1.514599476584769036e+03 1.968001155556387630e+03 1.276122556445106193e+00
1.514620309719430452e+03 1.967159963089116900e+03 1.275798551275109771e+00
1.514641142853161909e+03 1.970071647789288136e+03 1.277054780243652710e+00
1.514661975985495928e+03 1.970049711985952626e+03 1.277361621789992796e+00
1.514682809116432963e+03 1.967697065483113420e+03 1.276181453392156495e+00
1.514703642245507581e+03 1.971396102940034780e+03 1.277696146753225293e+00
1.514724475373650421e+03 1.970852679938594520e+03 1.277510185947607235e+00
1.514745308500396504e+03 1.969598863394403907e+03 1.277031163222985377e+00
1.514766141625279943e+03 1.969815119559960976e+03 1.277410756258086977e+00
1.514786974749232058e+03 1.968253622479095384e+03 1.276933329963531483e+00
1.514807807871786963e+03 1.970594503248467618e+03 1.277150737400437164e+00
1.514828640992479450e+03 1.970513238847118146e+03 1.277839774318582755e+00
1.514849474112239932e+03 1.966907701010474057e+03 1.276322029091273125e+00
1.514870307230138451e+03 1.970625243164743324e+03 1.277511958907975531e+00
1.514891140347106102e+03 1.970900710299755019e+03 1.278082957427366662e+00
1.514911973462209971e+03 1.970124026045781648e+03 1.277796860335859375e+00
1.514932806575917994e+03 1.969338589674373679e+03 1.277658826133330150e+00
1.514953639688228122e+03 1.968120720742269668e+03 1.276727090074663451e+00
1.514974472798676061e+03 1.972615247178984873e+03 1.278127447373115233e+00
1.514995305908192449e+03 1.969561640948528748e+03 1.277554742494978690e+00
1.515016139015845965e+03 1.968930369402836959e+03 1.277471553463380260e+00
1.515036972122569068e+03 1.970877254625296928e+03 1.277828113052838832e+00
1.515057805226962955e+03 1.973405834666074497e+03 1.278252374695710181e+00
1.515078638330425974e+03 1.971347498741589561e+03 1.278122783929447337e+00
1.515099471432491555e+03 1.972074063209393898e+03 1.278497344159354121e+00
1.515120304532694490e+03 1.972207765719882900e+03 1.278196557613745732e+00
1.515141137631500897e+03 1.971050676907139177e+03 1.278445966940111589e+00
1.515161970728444430e+03 1.971978458694989740e+03 1.278315789642376021e+00
1.515182803823991435e+03 1.971120828695859927e+03 1.278395426898721432e+00
1.515203636918141001e+03 1.969635650618015916e+03 1.278104176619820675e+00
1.515224470010893583e+03 1.970986651621165038e+03 1.278333414708565652e+00
1.515245303101783520e+03 1.971589568410125594e+03 1.278781792999634792e+00
1.515266136190811494e+03 1.971568965036165537e+03 1.278422701984735177e+00
1.515286969278907009e+03 1.971696648918794608e+03 1.278301241785625209e+00
1.515307802364675354e+03 1.968275043987156778e+03 1.277628642284627025e+00
1.515328635449511467e+03 1.971653976690503669e+03 1.278395753270711976e+00
1.515349468532485389e+03 1.972224349171106496e+03 1.278490770601295790e+00
1.515370301613596439e+03 1.970660288787684294e+03 1.278116814696723225e+00
1.515391134693310505e+03 1.970060653019846541e+03 1.278437388328485858e+00
1.515411967771161926e+03 1.969841103036575078e+03 1.278447412244012815e+00
1.515432800847616363e+03 1.970558716511809280e+03 1.278101331869412993e+00
1.515453633922207928e+03 1.970929304044014543e+03 1.278508066912023233e+00
1.515474466995402963e+03 1.970977834156626841e+03 1.278716583262796025e+00
1.515495300066735126e+03 1.969554072489909458e+03 1.277867574346864377e+00
1.515516133136205099e+03 1.971077790422618364e+03 1.279980798443179690e+00
1.515536966204277633e+03 1.970788912531828373e+03 1.278498789405174918e+00
1.515557799270022088e+03 1.970671869955640432e+03 1.278639063716870972e+00
1.515578632334834992e+03 1.970907369190911368e+03 1.278586526752660824e+00
1.515599465397319364e+03 1.974478538972013439e+03 1.279974092802484975e+00
1.515620298458407433e+03 1.970721878406524866e+03 1.278448344697275640e+00
1.515641131517632857e+03 1.970102818778027313e+03 1.278236846880030253e+00
1.515661964574995636e+03 1.969935253208077711e+03 1.279066085381682205e+00
1.515682797630494406e+03 1.972970936210300124e+03 1.279087894056202268e+00
1.515703630684597556e+03 1.969194720468012520e+03 1.277932407633367129e+00
1.515724463736371945e+03 1.969107446978520329e+03 1.278276202298307185e+00
1.515745296786749577e+03 1.968880487239053082e+03 1.278288232504268374e+00
1.515766129835264564e+03 1.969734157128243169e+03 1.279117344496636166e+00
1.515786962881916452e+03 1.967360835903993575e+03 1.277942668715351893e+00
1.515807795926705921e+03 1.972576367962101813e+03 1.278890950106180480e+00
1.515828628969632973e+03 1.971805636724954411e+03 1.280161278741682063e+00
1.515849462010697607e+03 1.970137694745819317e+03 1.278400415718622174e+00
1.515870295049898459e+03 1.971170042411383747e+03 1.279015430038230150e+00
1.515891128087237576e+03 1.970099862625747392e+03 1.278464662519284145e+00
1.515911961122713365e+03 1.969248177823585365e+03 1.279332750123172602e+00
1.515932794156327418e+03 1.969103257892548527e+03 1.279591813195485983e+00
1.515953627188078372e+03 1.972050735433665295e+03 1.279325854723051492e+00
1.515974460217967135e+03 1.973626333133767275e+03 1.280578856188407055e+00
1.515995293245527591e+03 1.971614360409198753e+03 1.279386421156361253e+00
1.516016126271690609e+03 1.969267003233873311e+03 1.278724181137385063e+00
1.516036959295990528e+03 1.968299744828818348e+03 1.278495898911899520e+00
1.516057792318428028e+03 1.972860921528486642e+03 1.280196524374960454e+00
1.516078625339002883e+03 1.970030728657277223e+03 1.279755115702248869e+00
