1.492078368781329118e+03 1.980045764321313982e+03 1.257777101006754439e+00
1.492099202820772007e+03 1.981836362003087288e+03 1.257862350708080168e+00
1.492120036859283118e+03 1.979540683992678851e+03 1.256990768511005108e+00
1.492140870896862907e+03 1.979568352527012621e+03 1.257728810813723674e+00
1.492161704933977944e+03 1.981549995049285144e+03 1.258355870371377749e+00
1.492182538969695543e+03 1.976305654677907796e+03 1.257364892394301048e+00
1.492203373004947025e+03 1.978030037252607599e+03 1.257914663395145238e+00
1.492224207039267412e+03 1.978406506339657199e+03 1.257889976247789976e+00
1.492245041073122593e+03 1.977249709982464992e+03 1.257350433965177094e+00
1.492265875105580562e+03 1.979776764855341753e+03 1.258627633337815466e+00
1.492286709137106982e+03 1.976930754685587772e+03 1.257018792545287145e+00
1.492307543167702079e+03 1.977233098378561863e+03 1.259407027904571041e+00
1.492328377197831969e+03 1.975405514808350517e+03 1.257452255692586673e+00
1.492349211226563966e+03 1.976459599801711192e+03 1.257518283718657814e+00
1.492370045254830984e+03 1.978973927074639960e+03 1.257713693090576346e+00
1.492390879281701018e+03 1.977185435002886607e+03 1.258232378330906398e+00
1.492411713308105391e+03 1.981213060276262240e+03 1.258577102560506367e+00
1.492432547333113462e+03 1.977298747890518371e+03 1.257636063800355641e+00
1.492453381357189983e+03 1.979263858651956525e+03 1.258404136501529491e+00
1.492474215380800615e+03 1.977853114568448063e+03 1.257680755729091437e+00
1.492495049403014036e+03 1.978387419889467310e+03 1.258336165511289240e+00
1.492515883424295453e+03 1.976524094507039990e+03 1.258320107716830893e+00
1.492536717445112117e+03 1.975512443812475567e+03 1.258331902399996816e+00
1.492557551464532025e+03 1.976112664180580168e+03 1.257888933785608732e+00
1.492578385483019929e+03 1.976211793057409295e+03 1.257862208551075334e+00
1.492599219500110848e+03 1.977784611035981925e+03 1.258755916517155127e+00
1.492620053516736562e+03 1.974619743275110523e+03 1.257698053875406563e+00
1.492640887532430497e+03 1.973972145307852770e+03 1.257438082677949875e+00
1.492661721547193565e+03 1.973589996416239956e+03 1.257813921625506870e+00
1.492682555560558967e+03 1.976193356679725412e+03 1.258355965105536933e+00
1.492703389572993956e+03 1.976328422555339330e+03 1.258318639294722097e+00
1.492724223584962147e+03 1.975580528854453405e+03 1.258454342680370708e+00
1.492745057595534035e+03 1.973726708471530628e+03 1.258426303250083089e+00
1.492765891605175057e+03 1.976410627475662750e+03 1.258368138385624224e+00
1.492786725613417957e+03 1.973496792010212403e+03 1.257853252627373797e+00
1.492807559621196106e+03 1.974791361404107874e+03 1.257980572388256890e+00
1.492828393627577043e+03 1.973159263978622675e+03 1.258180268348595199e+00
1.492849227633491864e+03 1.973830734471649066e+03 1.259324059982513955e+00
1.492870061638009929e+03 1.974475330596930462e+03 1.258357149281922105e+00
1.492890895641597126e+03 1.978131757391566907e+03 1.259046293009021378e+00
1.492911729644252546e+03 1.974521766429680838e+03 1.257974981392761871e+00
1.492932563645977552e+03 1.973946201477383283e+03 1.258917565959530860e+00
1.492953397646305575e+03 1.971834679186411222e+03 1.258568862110142073e+00
1.492974231646167027e+03 1.976358678706473256e+03 1.258566162640531783e+00
1.492995065644631950e+03 1.975437964926485620e+03 1.260265446358438401e+00
1.493015899642165095e+03 1.974731534538250116e+03 1.258671390310074134e+00
1.493036733638766918e+03 1.976205921232326091e+03 1.259467700357825404e+00
1.493057567634437419e+03 1.977732179846765121e+03 1.259373188254139464e+00
1.493078401629177051e+03 1.974979710250024254e+03 1.258780586681729652e+00
1.493099235622519018e+03 1.976070280074516177e+03 1.259333715401088849e+00
1.493120069614929889e+03 1.974141381075718300e+03 1.259123788015599654e+00
1.493140903606410120e+03 1.976825491892076343e+03 1.258495074523574564e+00
1.493161737596958119e+03 1.975179710068378654e+03 1.259402531779620249e+00
1.493182571586575023e+03 1.973363275660960880e+03 1.259098745862524016e+00
1.493203405575261058e+03 1.973918708849696486e+03 1.259161468653339666e+00
1.493224239562549883e+03 1.977499499762292089e+03 1.260471920767461063e+00
1.493245073548906930e+03 1.974851150096145375e+03 1.259879362900956812e+00
1.493265907534798998e+03 1.975792075114651425e+03 1.259667633740337411e+00
1.493286741519293628e+03 1.975427109060331532e+03 1.259487292865832275e+00
1.493307575502391046e+03 1.977835458503310520e+03 1.260130884018109576e+00
1.493328409485023485e+03 1.974560100315047521e+03 1.259643690728639465e+00
1.493349243466258486e+03 1.975736021431011068e+03 1.259050364337606531e+00
1.493370077447028052e+03 1.974654711967059256e+03 1.259717458351228059e+00
1.493390911426400635e+03 1.974686070533228303e+03 1.259365804936844357e+00
1.493411745404841440e+03 1.974040243997283596e+03 1.259213680035128125e+00
1.493432579381886171e+03 1.976014476554101975e+03 1.261215582038668126e+00
1.493453413358464559e+03 1.977270040521824058e+03 1.260366796132198042e+00
1.493474247333646417e+03 1.972476725600570944e+03 1.259359604810037947e+00
1.493495081308363069e+03 1.974811930484254844e+03 1.259539254128441144e+00
1.493515915281681828e+03 1.976597466137705396e+03 1.260691410522538414e+00
1.493536749254070401e+03 1.976541819210311360e+03 1.260174967182781103e+00
1.493557583225526969e+03 1.976669873650731461e+03 1.259218792184615188e+00
1.493578417195586098e+03 1.975672602965330725e+03 1.259774188818396645e+00
1.493599251165179567e+03 1.977243364042954909e+03 1.259955765916544124e+00
1.493620085133376051e+03 1.976968140360134157e+03 1.260418295530837840e+00
1.493640919100641440e+03 1.975211224596745978e+03 1.259823678031937622e+00
1.493661753066975052e+03 1.974895265511301204e+03 1.259776459876492449e+00
1.493682587032378024e+03 1.975883062264011642e+03 1.259622349834616406e+00
1.493703420996849445e+03 1.974733244167661951e+03 1.260029799093851599e+00
1.493724254959923428e+03 1.976061978598619817e+03 1.260664602857608729e+00
1.493745088922066998e+03 1.975147879307032099e+03 1.260205379883495347e+00
1.493765922883743997e+03 1.975457926655599294e+03 1.260808468708167984e+00
1.493786756844024467e+03 1.975235794625785957e+03 1.259698389905769877e+00
1.493807590803373387e+03 1.975236840623089620e+03 1.259811660753453078e+00
1.493828424761326005e+03 1.975784906558021021e+03 1.260567674444554864e+00
1.493849258718812052e+03 1.975727630763581601e+03 1.261976233507946743e+00
1.493870092674901116e+03 1.972775040970533837e+03 1.260945558581310300e+00
1.493890926630524973e+03 1.976933552906718887e+03 1.260625595977748148e+00
1.493911760584751846e+03 1.975260671852277710e+03 1.262307280759583872e+00
1.493932594538047397e+03 1.976968894649927279e+03 1.260332603909061877e+00
1.493953428490411625e+03 1.976961560204699254e+03 1.260905520424779214e+00
1.493974262441378414e+03 1.975097281462102501e+03 1.260410540016773995e+00
1.493995096391879997e+03 1.975865715313776036e+03 1.261278294074852591e+00
1.494015930340984596e+03 1.977499442416838292e+03 1.260657794470980475e+00
1.494036764289157873e+03 1.977612887623276720e+03 1.261070013823705205e+00
1.494057598236865488e+03 1.976034709390640728e+03 1.261284721055380587e+00
1.494078432183176119e+03 1.976967974589380447e+03 1.260696185725788565e+00
1.494099266128089994e+03 1.973635772062398246e+03 1.260048531399943439e+00
1.494120100072539117e+03 1.976832237321504863e+03 1.260671742167981835e+00
1.494140934016054871e+03 1.975250862919159545e+03 1.261363259892637867e+00
1.494161767958175005e+03 1.977926555843871938e+03 1.260910531172761528e+00
1.494182601899362908e+03 1.974496754686281747e+03 1.260227089278439738e+00
1.494203435840086058e+03 1.973678066748286710e+03 1.260538594467253803e+00
1.494224269779411543e+03 1.977080135498955542e+03 1.261064625586774124e+00
1.494245103717805478e+03 1.975865011143273705e+03 1.260362019680971279e+00
1.494265937654803110e+03 1.976985504620020038e+03 1.260689755744915042e+00
1.494286771591334400e+03 1.975651815041833515e+03 1.260875597335993081e+00
1.494307605526468933e+03 1.976367539648211732e+03 1.261159908906894112e+00
1.494328439461138032e+03 1.976603267273067559e+03 1.261085138576288234e+00
1.494349273394409920e+03 1.976476494005478344e+03 1.260903487757184527e+00
1.494370107326751167e+03 1.975283732654456799e+03 1.260555522405553797e+00
1.494390941258159955e+03 1.974376555672614813e+03 1.260516890437242576e+00
1.494411775188637876e+03 1.976053034317164020e+03 1.261197197889172728e+00
1.494432609118184928e+03 1.975425949819529478e+03 1.260359418635562001e+00
1.494453443046334996e+03 1.977723117725867269e+03 1.261812802993002691e+00
1.494474276974020086e+03 1.975773769571378125e+03 1.260862691898428034e+00
1.494495110900307054e+03 1.973867476125551775e+03 1.262114046608234563e+00
1.494515944825662473e+03 1.977376137810126238e+03 1.261726025067309687e+00
1.494536778750087024e+03 1.977802809202544495e+03 1.261387831809689164e+00
1.494557612673580024e+03 1.975108238024206230e+03 1.261034469941078928e+00
1.494578446596141930e+03 1.976243864307242802e+03 1.260944613184949326e+00
1.494599280517772513e+03 1.973733927890638370e+03 1.260512729273328469e+00
1.494620114438471546e+03 1.978873089467754880e+03 1.261226782533085844e+00
1.494640948357774050e+03 1.977166809003967728e+03 1.260679259676263930e+00
1.494661782276144550e+03 1.977263434889225437e+03 1.262378106984187509e+00
1.494682616194049842e+03 1.979148288279902999e+03 1.261379231693169567e+00
1.494703450110557924e+03 1.975449430122076137e+03 1.261604327514086465e+00
1.494724284026135138e+03 1.977986187706728515e+03 1.261768682572450562e+00
1.494745117940780574e+03 1.974519224643344614e+03 1.262006980640915987e+00
1.494765951854495142e+03 1.976737590636509594e+03 1.261571869700790716e+00
1.494786785766812045e+03 1.975911557677833798e+03 1.260781758084102089e+00
1.494828453589118453e+03 1.973653367088367304e+03 1.260209683954481408e+00
1.494849287499107049e+03 1.974045807968878989e+03 1.260285357526593986e+00
1.494870121407699116e+03 1.978354231341274954e+03 1.261169077656211224e+00
1.494890955315359861e+03 1.974830417781868391e+03 1.259792924925247970e+00
1.494911789222089965e+03 1.975405180714165908e+03 1.260780576185007940e+00
1.494932623127888519e+03 1.974011312196467770e+03 1.260299309345344509e+00
1.494953457032755068e+03 1.978128957826092801e+03 1.261131646054008959e+00
1.494974290936690977e+03 1.975919802582405737e+03 1.260705121453576716e+00
1.494995124839228993e+03 1.976342421258071454e+03 1.261596910008823347e+00
1.495015958741302029e+03 1.979336803282311394e+03 1.261725788864484388e+00
1.495036792641976945e+03 1.976715278736248138e+03 1.260800242841765062e+00
1.495057626541722129e+03 1.975889627945376105e+03 1.260378713535542206e+00
1.495078460441000516e+03 1.975789958767807775e+03 1.260796791743902023e+00
1.495099294338881919e+03 1.978036116004366022e+03 1.261741283676125924e+00
1.495120128235832453e+03 1.975759595475256447e+03 1.260852811822154695e+00
1.495140962131852120e+03 1.976696911231465492e+03 1.261275883948711263e+00
1.495161796026473894e+03 1.979427065148339807e+03 1.261690263456116012e+00
1.495182629920630461e+03 1.976852678858783975e+03 1.260909916648136786e+00
1.495203463813855478e+03 1.977093119347741549e+03 1.261505250612173334e+00
1.495224297705683966e+03 1.975969189931627398e+03 1.261176119588521827e+00
1.495245131596580450e+03 1.974222358334484625e+03 1.261015185074882750e+00
1.495265965487012181e+03 1.976058106588091277e+03 1.261272528667395143e+00
1.495286799376046019e+03 1.976089384742120956e+03 1.261268606284962734e+00
1.495307633264148990e+03 1.976284223962193437e+03 1.260986918978261873e+00
1.495328467151319956e+03 1.976915231588955066e+03 1.261562467645470420e+00
1.495349301037560508e+03 1.978881515672610476e+03 1.261624359284902130e+00
1.495370134922404077e+03 1.974555961552328654e+03 1.260926745060430232e+00
1.495390968806781530e+03 1.975600427054311240e+03 1.260568241852073612e+00
1.495411802690227432e+03 1.977683403336235642e+03 1.261918090568269424e+00
1.495432636572277033e+03 1.977503289263299848e+03 1.261658894444810608e+00
1.495453470453395994e+03 1.975716733308344146e+03 1.261134859922039997e+00
1.495474304334047929e+03 1.976818370774880350e+03 1.261723521315112562e+00
1.495495138213303107e+03 1.975151837249306027e+03 1.261493438349837293e+00
1.495515972091626963e+03 1.978159984470033578e+03 1.261735331423430750e+00
1.495536805969019952e+03 1.977844941492136741e+03 1.261398558246471513e+00
1.495557639845480935e+03 1.974596251741594415e+03 1.261374459075736087e+00
1.495578473721011051e+03 1.975724149079614108e+03 1.261622563997663038e+00
1.495599307595143955e+03 1.974708961968793801e+03 1.260737176082942668e+00
1.495620141468812108e+03 1.979325038456853918e+03 1.262197492257233655e+00
1.495640975341081912e+03 1.977321510945806722e+03 1.261815306568043082e+00
1.495661809212886965e+03 1.974674025813568278e+03 1.261352911192014759e+00
1.495682643083294579e+03 1.979633907719250146e+03 1.262606376472081182e+00
1.495703476952770870e+03 1.975970878752297267e+03 1.262360353583757755e+00
1.495724310821781955e+03 1.975969120581497009e+03 1.260857680960328464e+00
1.495745144689395602e+03 1.976085846354816113e+03 1.261329519980501912e+00
1.495765978555612492e+03 1.975853189031924103e+03 1.261624453773633414e+00
1.495786812421363493e+03 1.974702478683936988e+03 1.261690735875023783e+00
1.495807646286182944e+03 1.975972959020171402e+03 1.261431823796324236e+00
1.495828480150071982e+03 1.977119098368456662e+03 1.262152913038318447e+00
1.495849314012562900e+03 1.977805273549889080e+03 1.261602768424243459e+00
1.495870147874588838e+03 1.978745547971221640e+03 1.262856504886160192e+00
1.495890981735218020e+03 1.978646291097241374e+03 1.261909966402383176e+00
1.495911815594915424e+03 1.976496927616758967e+03 1.261290061095174275e+00
1.495932649454146940e+03 1.976541226604968870e+03 1.261314634438225557e+00
1.495953483311981927e+03 1.977761060273018984e+03 1.261561758944993228e+00
1.495974317168886046e+03 1.977369092785187377e+03 1.261893056633566212e+00
1.495995151024857932e+03 1.978027796307103017e+03 1.261532418395807209e+00
1.496015984879433518e+03 1.975870777240106008e+03 1.261750212002519689e+00
1.496036818733542987e+03 1.975340451194267871e+03 1.262530322702188679e+00
1.496057652586720906e+03 1.976285335490938905e+03 1.261308774684506195e+00
1.496078486438502523e+03 1.976938492567155208e+03 1.262072439783754607e+00
1.496099320289818024e+03 1.977694027562281690e+03 1.261705758704039448e+00
1.496120154139736997e+03 1.976694353668058966e+03 1.262553455618562248e+00
1.496140987988723964e+03 1.979387215575704431e+03 1.262207975700807117e+00
1.496161821837245952e+03 1.977430732432881314e+03 1.261285902482061294e+00
1.496182655684370502e+03 1.976507159688819229e+03 1.262093786475710244e+00
1.496203489530564184e+03 1.975737923338790779e+03 1.261651855207116313e+00
1.496224323375826089e+03 1.979314009307544666e+03 1.262418145651637902e+00
1.496245157219691009e+03 1.977891910402710209e+03 1.261899574951177661e+00
1.496265991063090496e+03 1.977731011165612927e+03 1.263035515244347540e+00
1.496286824905558433e+03 1.977946737523660886e+03 1.261841995313993436e+00
1.496307658746629386e+03 1.979164552514727575e+03 1.262362100604982107e+00
1.496328492587234905e+03 1.977935655337864318e+03 1.261862401195584571e+00
1.496349326426443440e+03 1.977465693932762633e+03 1.262240889369991237e+00
1.496370160264720425e+03 1.976327850746766671e+03 1.261619209638343619e+00
1.496390994102066088e+03 1.977231610424772043e+03 1.262355915194637968e+00
1.496411827938481110e+03 1.978906328824339880e+03 1.262153621406862047e+00
1.496432661773964583e+03 1.976584396850490748e+03 1.261884554429558714e+00
1.496453495608516505e+03 1.977971806601789240e+03 1.264064061714405218e+00
1.496474329442136877e+03 1.978097016916791745e+03 1.261649729255124530e+00
1.496495163274825927e+03 1.976315180051209154e+03 1.261839019428690367e+00
1.496515997106117993e+03 1.978027477421613412e+03 1.262760877566555973e+00
1.496536830936945080e+03 1.975390643873552563e+03 1.261418924049450441e+00
1.496557664766373819e+03 1.978458564087531613e+03 1.261944777140451279e+00
1.496578498594872599e+03 1.978196598204895736e+03 1.263236393836946192e+00
1.496599332422439147e+03 1.978700201529626611e+03 1.262007358481208597e+00
1.496620166249075055e+03 1.978077886158547926e+03 1.262082829811664864e+00
1.496641000074778958e+03 1.977673056925003038e+03 1.262268324642100481e+00
1.496661833899552448e+03 1.978607458985160520e+03 1.262032390148596583e+00
1.496682667723393934e+03 1.978724949847377957e+03 1.262211422940256345e+00
1.496703501546303869e+03 1.975921222068692032e+03 1.261876335577898134e+00
1.496724335367817503e+03 1.978039179477151720e+03 1.262257227831051543e+00
1.496745169188865020e+03 1.976989682954952968e+03 1.261990686170665121e+00
1.496766003008516009e+03 1.975709943047042771e+03 1.262151118502895519e+00
1.496786836827234993e+03 1.977612510480414812e+03 1.262249105847941699e+00
1.496807670645488997e+03 1.974606936815582458e+03 1.261971226991412509e+00
1.496828504462345563e+03 1.977267455681293995e+03 1.262231964514376026e+00
1.496849338278271034e+03 1.977582632289876528e+03 1.262535704683832583e+00
1.496870172093264955e+03 1.980425025992323754e+03 1.262803075312028733e+00
1.496891005906862119e+03 1.976884804614068344e+03 1.262655141004092485e+00
1.496911839719993623e+03 1.977929753679612986e+03 1.262825825636726851e+00
1.496932673531728142e+03 1.977429132649077701e+03 1.262016662762722508e+00
1.496953507342996545e+03 1.980640476218167350e+03 1.263434787306702889e+00
1.496974341152868419e+03 1.982179253262214388e+03 1.263413180207535680e+00
1.496995174961808971e+03 1.978021643532331382e+03 1.262561575643807998e+00
1.497016008770283861e+03 1.976534296167244975e+03 1.262182616951382563e+00
1.497036842577361540e+03 1.977954765998136054e+03 1.262158391078037845e+00
1.497057676383507896e+03 1.980570983765729807e+03 1.263025510589224076e+00
1.497078510188257496e+03 1.978358032305720599e+03 1.263693572009927157e+00
1.497099343992540980e+03 1.979540054294496713e+03 1.262966283295315684e+00
1.497120177795894051e+03 1.979523850281500472e+03 1.263421436238830964e+00
1.497141011597849001e+03 1.979095079268382506e+03 1.262661088920755681e+00
1.497161845398873538e+03 1.976771949669099968e+03 1.262862074269971657e+00
1.497182679199431959e+03 1.978319316529383968e+03 1.263047690613960494e+00
1.497203512998593396e+03 1.976471397965822462e+03 1.262730479211691570e+00
1.497224346796823966e+03 1.975620926981229331e+03 1.262143609761215535e+00
1.497245180594122985e+03 1.977054743433379599e+03 1.262385944842165264e+00
1.497266014390490454e+03 1.978560544901701178e+03 1.262864481368932479e+00
1.497286848185460940e+03 1.977068482236885302e+03 1.262953635194572044e+00
1.497307681979965992e+03 1.977691335968059548e+03 1.262954484697843771e+00
1.497328515773074059e+03 1.977320942755099622e+03 1.262973645564290370e+00
1.497349349565716011e+03 1.979202291303857010e+03 1.263383033440807379e+00
1.497370183356962116e+03 1.980093955962710197e+03 1.263372890000748372e+00
1.497391017147276443e+03 1.978681646982525990e+03 1.263041272604296106e+00
1.497411850936658993e+03 1.980071767009782207e+03 1.263210536697465303e+00
1.497432684725110448e+03 1.977143245606951950e+03 1.262543683193352084e+00
1.497453518512164919e+03 1.978483906691839820e+03 1.263181328817548188e+00
1.497474352298753502e+03 1.980669505369688750e+03 1.264702684571936908e+00
1.497495186083945100e+03 1.981186171737499990e+03 1.264128329869866452e+00
1.497516019868671037e+03 1.977795063886152775e+03 1.263759981412173161e+00
1.497536853651999991e+03 1.981263751140675595e+03 1.263918019868448983e+00
1.497557687434398076e+03 1.977751511764857696e+03 1.263188595461444796e+00
1.497578521215864384e+03 1.981409025660099587e+03 1.263931412848978031e+00
1.497599354996399597e+03 1.977169891722539433e+03 1.262774802034422938e+00
1.497620188776003488e+03 1.978867797729038102e+03 1.263539562344141887e+00
1.497641022554209940e+03 1.979587246016735662e+03 1.263774743823647517e+00
1.497661856331951412e+03 1.978272202188768006e+03 1.262969634076901215e+00
1.497682690108295446e+03 1.978611591234838443e+03 1.263580083092697981e+00
1.497703523883708385e+03 1.977581670125177880e+03 1.265230658991822299e+00
1.497724357658190002e+03 1.977749882351326050e+03 1.264434207165474833e+00
1.497745191431739840e+03 1.977451195815101300e+03 1.264264116841684160e+00
1.497766025194579925e+03 1.978633330516606065e+03 1.263545977822811306e+00
1.497786858966268028e+03 1.978510091233308685e+03 1.265091065231251255e+00
1.497807692736558465e+03 1.979592343076293446e+03 1.263657677407082014e+00
1.497828526506383014e+03 1.978446187419488524e+03 1.264302492877071860e+00
1.497849360274811033e+03 1.979145521576486544e+03 1.263673054194895062e+00
1.497870194042307503e+03 1.978264006200251742e+03 1.263724324524932108e+00
1.497891027808872877e+03 1.979239246074732364e+03 1.264712204669486750e+00
1.497911861574506929e+03 1.978822631780016309e+03 1.263538854752588314e+00
1.497953529102514949e+03 1.978068493368041118e+03 1.263318680189265963e+00
1.497974362864889372e+03 1.978891115409864142e+03 1.263918161344337099e+00
1.497995196626332472e+03 1.978472367813248184e+03 1.263534326157261800e+00
1.498016030386844022e+03 1.982836804689965675e+03 1.264483702545909249e+00
1.498036864146424023e+03 1.978870554215133780e+03 1.263586262510589808e+00
1.498057697905072018e+03 1.976977519322990020e+03 1.263076901584179401e+00
1.498078531662324167e+03 1.978769884319555786e+03 1.263455403342859329e+00
1.498099365419110427e+03 1.980000118999446613e+03 1.263669469439001825e+00
1.498120199174500158e+03 1.976150771653656420e+03 1.263446581418906423e+00
1.498141032928957884e+03 1.976788883348317995e+03 1.263030418543149347e+00
1.498161866682484970e+03 1.979747836148061651e+03 1.264112015592523841e+00
1.498182700435080505e+03 1.978128325916427002e+03 1.263406622521376255e+00
1.498203534186278830e+03 1.979085898816873396e+03 1.263807050735937354e+00
1.498224367937011493e+03 1.978897613371753550e+03 1.263271073658378540e+00
1.498245201686347627e+03 1.979812126430674653e+03 1.264271518698393937e+00
1.498266035434751984e+03 1.978884894720278908e+03 1.264311450260651837e+00
1.498286869182225018e+03 1.981498437921527739e+03 1.264527209742228875e+00
1.498307702928766957e+03 1.976604025480993641e+03 1.263049719830818596e+00
1.498328536673911913e+03 1.979395070697488791e+03 1.263761066195883576e+00
1.498349370418592116e+03 1.980208102036858236e+03 1.263426437008693837e+00
1.498370204161873971e+03 1.977518864813263917e+03 1.263765688307342927e+00
1.498391037904224959e+03 1.978536186702433497e+03 1.263883216318854696e+00
1.498411871645643942e+03 1.979849938668920004e+03 1.263876425270602732e+00
1.498432705386132511e+03 1.978540093293276641e+03 1.263986822439868485e+00
1.498453539125223870e+03 1.979501322182688909e+03 1.263612253471777302e+00
1.498474372863849112e+03 1.977511441131805213e+03 1.263654705797679245e+00
1.498495206601078053e+03 1.980720958851385376e+03 1.264107724808310795e+00
1.498516040337375443e+03 1.979407268975305215e+03 1.263781535418294188e+00
1.498536874072275623e+03 1.978189096988484607e+03 1.263570554465424545e+00
1.498557707806709914e+03 1.978853331241935393e+03 1.264420253831959107e+00
1.498578541539748130e+03 1.978985301190873315e+03 1.264092683372812331e+00
1.498599375272320003e+03 1.980650469095208337e+03 1.263771913981772688e+00
1.498620209003494892e+03 1.979464430555579384e+03 1.264334079157552804e+00
1.498641042733273025e+03 1.979851316544825295e+03 1.264903534011795561e+00
1.498661876462585496e+03 1.978929953226109092e+03 1.263484227488488543e+00
1.498682710190500984e+03 1.979318544900601637e+03 1.263616451598661872e+00
1.498703543917950583e+03 1.980120443107305164e+03 1.265240787538140621e+00
1.498724377644002971e+03 1.978024924177937464e+03 1.264032610149670832e+00
1.498745211368658602e+03 1.977593031453964841e+03 1.263574233844868111e+00
1.498766045092847889e+03 1.978720981734705219e+03 1.263467291613531884e+00
1.498786878815641103e+03 1.978262319104626840e+03 1.263728852439396144e+00
1.498807712537502994e+03 1.977053662111805579e+03 1.263810257800417558e+00
1.498828546258433107e+03 1.979231153241353240e+03 1.264410495834932258e+00
1.498849379978431898e+03 1.980645753110075475e+03 1.264239082215358634e+00
1.498870213697034615e+03 1.979726082949223837e+03 1.264029026413469481e+00
1.498891047415170988e+03 1.979539155139573950e+03 1.264035580870661812e+00
1.498911881131910377e+03 1.976910095367898521e+03 1.263364209038535968e+00
1.498932714847253010e+03 1.979012299745133987e+03 1.264588107875669776e+00
1.498953548562129981e+03 1.979173236054439258e+03 1.263509371418951144e+00
1.498974382275609969e+03 1.980988179816554748e+03 1.265232307830469249e+00
1.498995215988157952e+03 1.979710784339701831e+03 1.264021387362918247e+00
1.499016049699775976e+03 1.979263001113361497e+03 1.264101170725190126e+00
1.499036883410461542e+03 1.978358741309290508e+03 1.264037136959823115e+00
1.499057717119750578e+03 1.979276433663433636e+03 1.263874774663084732e+00
1.499078550828573952e+03 1.980624331028583356e+03 1.264130121598477041e+00
1.499099384535534455e+03 1.979401688815424222e+03 1.264101265028785281e+00
1.499120218242029523e+03 1.979674951994216826e+03 1.264138325797047546e+00
1.499141051947127380e+03 1.975886803188211843e+03 1.263756632726150464e+00
1.499161885651760031e+03 1.978069730451317810e+03 1.264296269815329943e+00
1.499182719354529127e+03 1.979259076237699446e+03 1.264516604117287946e+00
1.499203553056833471e+03 1.977464069191147701e+03 1.263563761736765434e+00
1.499224386757739921e+03 1.980060007172595533e+03 1.264024263800952230e+00
1.499245220458182075e+03 1.978691902350689816e+03 1.264285332238645365e+00
1.499266054156759992e+03 1.977541687117936817e+03 1.264334927733308023e+00
1.499286887854872930e+03 1.978939059915998314e+03 1.265253412775375175e+00
1.499307721551589111e+03 1.976749707533752826e+03 1.264051094522406382e+00
1.499328555247373970e+03 1.979922033941449172e+03 1.264692080418516440e+00
1.499349388942227051e+03 1.975635832272036623e+03 1.263764745020662827e+00
1.499370222636149037e+03 1.974406771700023000e+03 1.263136265254760859e+00
1.499391056328674495e+03 1.978003384959557479e+03 1.264217253125296647e+00
1.499411890020267947e+03 1.977893572321472902e+03 1.264293441140775798e+00
1.499432723710464870e+03 1.979290125163188577e+03 1.264573920569458609e+00
1.499453557399730471e+03 1.978109815724142209e+03 1.264247992901890161e+00
1.499474391088530410e+03 1.977244603526861738e+03 1.264421008070139907e+00
1.499495224775467477e+03 1.978909385839836659e+03 1.264723185683103823e+00
1.499516058461938883e+03 1.975039564420637589e+03 1.263557912413380890e+00
1.499536892147013987e+03 1.977182707275681196e+03 1.264732140087154511e+00
1.499557725831157086e+03 1.977105483936307110e+03 1.265012380893717703e+00
1.499578559513902974e+03 1.977278632393668886e+03 1.264842745313427885e+00
1.499599393195717994e+03 1.979112794695545062e+03 1.265354881189236336e+00
1.499620226876601919e+03 1.978461397246160232e+03 1.264670494800405054e+00
1.499641060556554066e+03 1.977574819778605615e+03 1.263871096158575069e+00
1.499661894235109003e+03 1.976472321674068780e+03 1.264323943347559931e+00
1.499682727912733526e+03 1.977351690576188730e+03 1.264629726197846304e+00
1.499703561588959928e+03 1.975940305270503359e+03 1.264754902839394735e+00
1.499724395264720442e+03 1.980564270357854184e+03 1.265411123406598559e+00
1.499745228939084427e+03 1.976271686335658387e+03 1.264967806636389192e+00
1.499766062612051883e+03 1.975069683434904618e+03 1.263769508611196857e+00
1.499786896284088016e+03 1.974670854997795914e+03 1.263978617257924153e+00
1.499807729955192372e+03 1.974536640102538968e+03 1.264552710014143155e+00
1.499828563625365859e+03 1.977612416717062160e+03 1.265332930030865777e+00
1.499849397294142364e+03 1.977050676913628649e+03 1.265445366815435957e+00
1.499870230961988000e+03 1.976526109955033007e+03 1.264795997288406637e+00
1.499891064628435970e+03 1.978767297904257930e+03 1.265093185400179010e+00
1.499911898293952618e+03 1.976751701397487977e+03 1.265277862037035295e+00
1.499932731958537943e+03 1.976807611627016058e+03 1.264580849273772456e+00
1.499953565621725829e+03 1.977230543896209838e+03 1.264681099134817410e+00
1.499974399283983530e+03 1.976462692565061843e+03 1.264128707076100699e+00
1.499995232945309453e+03 1.978086010251819516e+03 1.264282927844877058e+00
1.500016066605237938e+03 1.976384306527892932e+03 1.264719368259996868e+00
1.500036900264236010e+03 1.977402598025894122e+03 1.264703297253639835e+00
1.500057733921835506e+03 1.977175134479352437e+03 1.265236877457775355e+00
1.500078567578504135e+03 1.976496698894409064e+03 1.264695992183239248e+00
1.500099401234242123e+03 1.976313959555051952e+03 1.265833849217249174e+00
1.500120234888583127e+03 1.974715289540236199e+03 1.264585609790108256e+00
1.500141068541992581e+03 1.975609770209080807e+03 1.265642048285303023e+00
1.500161902194005052e+03 1.978578743527493543e+03 1.264908434678827964e+00
1.500182735845085972e+03 1.976882043755378163e+03 1.265082348943884050e+00
1.500203569494770818e+03 1.977513674220678695e+03 1.265159003099402657e+00
1.500224403143989093e+03 1.974295026078326600e+03 1.264651076855353828e+00
1.500245236791345178e+03 1.975827682127531943e+03 1.265161641389624503e+00
1.500266070437770850e+03 1.976260407936186539e+03 1.264949429899690614e+00
1.500286904083264062e+03 1.974156958151864274e+03 1.266044735478196070e+00
1.500307737727359836e+03 1.976599283251232009e+03 1.265457283492773533e+00
1.500328571370524969e+03 1.975148695763261912e+03 1.265173796298513675e+00
1.500349405012759007e+03 1.976884043639739048e+03 1.264784922654334398e+00
1.500370238653596061e+03 1.974181085644774157e+03 1.266517748151501976e+00
1.500391072293034995e+03 1.978232784731139873e+03 1.265020249547708753e+00
1.500411905931542606e+03 1.978033620965232785e+03 1.265680429634116422e+00
1.500432739569120031e+03 1.975959241952918774e+03 1.265138603276770857e+00
1.500453573205300017e+03 1.975888170259715707e+03 1.265173419403868404e+00
1.500474406840083020e+03 1.976902305484271665e+03 1.265331281323338386e+00
1.500495240473934928e+03 1.978364456468122171e+03 1.265487663447048439e+00
1.500516074106854830e+03 1.976274749481935487e+03 1.265282761254228117e+00
1.500536907738378886e+03 1.974379471162960954e+03 1.264822010515553430e+00
1.500557741368505049e+03 1.975815299465295539e+03 1.265380835822942585e+00
1.500578574998166005e+03 1.976594980043149690e+03 1.265185008862856453e+00
1.500599408625963861e+03 1.977542480799016403e+03 1.265602111609442026e+00
1.500620242252831076e+03 1.975748612393094390e+03 1.265666819693919809e+00
1.500641075878300853e+03 1.977063923958801297e+03 1.265170451354612924e+00
1.500661909502839990e+03 1.974625506517125814e+03 1.265262975837637027e+00
1.500682743126446439e+03 1.974828720552417508e+03 1.266633514965969320e+00
1.500703576748190471e+03 1.976704643704892760e+03 1.265586146005525991e+00
1.500724410369468842e+03 1.976161599029992203e+03 1.265757424290774980e+00
1.500745243988885477e+03 1.974817585293016236e+03 1.265194996441532993e+00
1.500766077607370562e+03 1.975699632282389075e+03 1.266658549324594984e+00
1.500786911224924097e+03 1.975713528319200350e+03 1.265503630293421056e+00
1.500807744841080876e+03 1.974759494572614813e+03 1.265441174756015030e+00
1.500828578455840443e+03 1.976274260945816650e+03 1.265573524087605595e+00
1.500849412069669143e+03 1.974745412932748195e+03 1.265249361407004391e+00
1.500870245682099949e+03 1.974424571573461890e+03 1.265243284330124673e+00
1.500891079293135135e+03 1.973425083683166349e+03 1.265086777767672643e+00
1.500911912903238090e+03 1.973927224718663865e+03 1.265687587744626974e+00
1.500932746512409494e+03 1.975328315139624465e+03 1.265662298712545208e+00
1.500953580119718936e+03 1.974551204860102416e+03 1.265554685169985261e+00
1.500974413726095918e+03 1.975177536655105769e+03 1.265611907514505363e+00
1.501141082532413975e+03 1.974351710902047216e+03 1.265296799290747565e+00
1.501161916127615996e+03 1.977039834741442519e+03 1.266260387909014407e+00
1.501182749721421033e+03 1.973643684811632284e+03 1.265942710276258598e+00
1.501203583313829995e+03 1.974189011101627329e+03 1.265374052812160865e+00
1.501224416905305588e+03 1.974977184052985194e+03 1.265475652854623156e+00
1.501245250495384425e+03 1.974552598656784539e+03 1.265494116149632031e+00
1.501266084084066961e+03 1.973736822237998467e+03 1.265701291645889182e+00
1.501286917671352967e+03 1.975065423070430825e+03 1.266125897787120147e+00
1.501307751257706968e+03 1.971827515235135706e+03 1.265001779336394128e+00
1.501328584842664441e+03 1.973838741897743603e+03 1.265688906339516029e+00
1.501349418426224929e+03 1.976984959777535778e+03 1.266976706097246996e+00
1.501370252008388434e+03 1.973955932994559134e+03 1.265897745013426556e+00
1.501391085589154955e+03 1.973320266127883087e+03 1.265268675953667987e+00
1.501411919168990153e+03 1.974895065380476808e+03 1.266035460799583623e+00
1.501432752747427912e+03 1.973478850972705004e+03 1.265949019410496978e+00
1.501453586324003481e+03 1.974170478775068887e+03 1.265805502370663582e+00
1.501474419899646364e+03 1.972176085037323219e+03 1.265842560329966338e+00
1.501495253474358833e+03 1.974449177006139962e+03 1.266714451331898861e+00
1.501516087047209112e+03 1.972629277875063735e+03 1.265964980438067489e+00
1.501536920618662407e+03 1.974032895803321253e+03 1.265872366008125693e+00
1.501557754189183925e+03 1.975778584825899088e+03 1.266381638021244704e+00
1.501578587757843479e+03 1.973741537132878875e+03 1.266541702397174340e+00
1.501599421325571484e+03 1.972869044072515180e+03 1.266048078112207209e+00
1.501620254891437071e+03 1.972778384586921220e+03 1.266197922625153405e+00
1.501641088456370426e+03 1.974961895656589377e+03 1.265865679803309218e+00
1.501661922019907479e+03 1.971427894114381388e+03 1.265502217306291755e+00
1.501682755582047548e+03 1.977524332856736919e+03 1.267189283640178799e+00
1.501703589142789951e+03 1.971977343303978159e+03 1.266487722347128919e+00
1.501724422701669482e+03 1.974788852898498817e+03 1.266495346521622656e+00
1.501745256259618600e+03 1.974949892273202067e+03 1.266591303658097578e+00
1.501766089816170506e+03 1.972635734528645344e+03 1.266608480112542567e+00
1.501786923371325884e+03 1.973409034741125197e+03 1.266625421044929034e+00
1.501807756924617934e+03 1.973213944509483099e+03 1.266310094328104707e+00
1.501828590476979116e+03 1.974516571629075315e+03 1.266207572700705164e+00
1.501849424027477426e+03 1.972314663689599683e+03 1.266892210848656442e+00
1.501870257577044868e+03 1.972904988248825475e+03 1.266767857090127514e+00
1.501891091124748982e+03 1.975532427894489501e+03 1.267357946708363325e+00
1.501911924671056113e+03 1.971384900784905994e+03 1.267790789757976544e+00
1.501932758216431466e+03 1.973484474558010561e+03 1.266762728352927470e+00
1.501953591759479423e+03 1.972749658582580196e+03 1.266499770404299285e+00
1.501974425301596057e+03 1.969335377799443904e+03 1.267640710352467170e+00
1.501995258842315479e+03 1.973289754753801617e+03 1.266695629382707411e+00
1.502016092381172484e+03 1.971470417749324952e+03 1.266433692931301369e+00
1.502036925918631823e+03 1.975517744892327755e+03 1.267435780013743019e+00
1.502057759454695088e+03 1.974828635994219439e+03 1.267240646884678856e+00
1.502078592989360914e+03 1.972175450193095458e+03 1.266436799214522235e+00
1.502099426522164549e+03 1.971702182788005075e+03 1.267002956814465842e+00
1.502120260053570064e+03 1.975102474434983378e+03 1.267110118079007197e+00
1.502141093583579050e+03 1.973183207418222310e+03 1.267478104276220208e+00
1.502161927112190824e+03 1.974180736023913596e+03 1.267737144993305032e+00
1.502182760638941545e+03 1.973082217427475598e+03 1.266637561907094200e+00
1.502203594164293918e+03 1.970868955398663275e+03 1.267037157201833075e+00
1.502224427687784100e+03 1.974467947600014440e+03 1.267509000095413896e+00
1.502245261209877526e+03 1.971501588841410921e+03 1.267240176534741858e+00
1.502266094730573514e+03 1.973134571607133012e+03 1.267324225296838192e+00
1.502286928249407083e+03 1.973588616415057004e+03 1.267788156939060107e+00
1.502307761766842987e+03 1.974478667123619971e+03 1.267490848305071305e+00
1.502328595282416018e+03 1.972044140640029809e+03 1.266853207521676072e+00
1.502349428796592974e+03 1.974108210243371104e+03 1.267597215975987179e+00
1.502370262308907058e+03 1.971969020503740921e+03 1.267231804276653939e+00
1.502391095819824386e+03 1.976296440825989521e+03 1.267610334977534725e+00
1.502411929328879069e+03 1.977211592241402514e+03 1.268272879576310519e+00
1.502432762836536540e+03 1.974375409690639799e+03 1.268139025900609118e+00
1.502453596342331366e+03 1.970470817751837558e+03 1.266945609113760085e+00
1.502474429846729436e+03 1.974902447268926608e+03 1.268881434881544923e+00
1.502495263349264405e+03 1.975443464412575850e+03 1.268655187136588314e+00
1.502516096849935821e+03 1.975694529355994291e+03 1.268854847226097204e+00
1.502536930349212071e+03 1.974133381411780647e+03 1.268294826847057299e+00
1.502557763846624994e+03 1.974199774171458103e+03 1.268669845604801782e+00
1.502578597342175044e+03 1.973990102898344730e+03 1.268245574197504499e+00
1.502599430836329020e+03 1.971922598307410226e+03 1.267909637032205161e+00
1.502620264328154008e+03 1.974057176943211061e+03 1.269240360679487534e+00
1.502641097818582011e+03 1.975839239343594045e+03 1.269021034418103433e+00
1.502661931307613031e+03 1.973713197585131411e+03 1.269054053193222842e+00
1.502682764794315062e+03 1.972288362941533478e+03 1.268376691046238181e+00
1.502703598279620564e+03 1.971634714988584392e+03 1.268503424450766914e+00
1.502724431763063421e+03 1.974233950549440351e+03 1.268544209519972821e+00
1.502745265244644088e+03 1.972854281918772358e+03 1.268790254752939939e+00
1.502766098724362109e+03 1.972829316219716475e+03 1.268713819993276148e+00
1.502786932202217486e+03 1.972351891366585733e+03 1.269190909909103659e+00
1.502807765678675878e+03 1.974819920095363159e+03 1.269837844213432820e+00
1.502828599152805964e+03 1.971118887082707715e+03 1.269149910800974057e+00
1.502849432625537929e+03 1.973626475775175322e+03 1.269585382334490475e+00
1.502870266096407931e+03 1.976207670141587869e+03 1.270476708115722664e+00
1.502891099565415061e+03 1.975816039027014540e+03 1.270725146623778778e+00
1.502911933032095021e+03 1.975276957478632767e+03 1.270752304912595498e+00
1.505120287184659901e+03 1.973573597981308922e+03 1.275003792252230372e+00
1.505141120797090935e+03 1.975749964586772649e+03 1.274375803873763591e+00
1.505161954408125894e+03 1.976799203485016506e+03 1.273643149404312558e+00
1.505182788018694509e+03 1.976866342479663217e+03 1.273504384162464476e+00
1.505203621628330893e+03 1.977672097301777740e+03 1.273706185482963438e+00
1.505224455237036636e+03 1.978350447086063014e+03 1.272953854323046974e+00
1.505245288845277173e+03 1.979562329035707307e+03 1.273087154943938648e+00
1.505266122452585932e+03 1.976004928287967005e+03 1.273364199535550689e+00
1.505286956058498617e+03 1.981339079744830997e+03 1.273471340361688409e+00
1.505307789663944959e+03 1.979041666044756539e+03 1.272875656033357838e+00
1.505328623268924957e+03 1.975201300359693732e+03 1.272151461460704569e+00
1.505349456872507972e+03 1.977230160668320877e+03 1.272479908377985636e+00
1.505370290475161028e+03 1.978649059541263114e+03 1.273275727838068194e+00
1.505391124076882079e+03 1.977902651589913376e+03 1.273246423158653107e+00
1.505411957678137014e+03 1.978992959213963331e+03 1.272707209026426867e+00
1.505432791277995420e+03 1.979499402593856530e+03 1.272931238185726954e+00
1.505453624876921822e+03 1.978820039181884567e+03 1.272271869047945314e+00
1.505474458475383472e+03 1.978032962464083312e+03 1.273021700324256100e+00
1.505495292072448137e+03 1.979138017764641745e+03 1.273083315781613933e+00
1.505516125668581026e+03 1.980523769537678618e+03 1.273843150677537839e+00
1.505536959263783046e+03 1.975854035737088452e+03 1.272558318340010208e+00
1.505557792858052380e+03 1.976286789004838283e+03 1.271827569400518776e+00
1.505578626451391528e+03 1.977636154331775288e+03 1.272453770650265215e+00
1.505599460043799581e+03 1.977621870069678380e+03 1.272922294633393347e+00
1.505620293635276084e+03 1.980807583626841961e+03 1.272949827462575012e+00
1.505641127225821492e+03 1.978507296922866317e+03 1.273224467613430777e+00
1.505661960815434441e+03 1.978253725668078914e+03 1.273146285945159883e+00
1.505682794403651087e+03 1.979968569048304744e+03 1.273064260255805547e+00
1.505703627991401845e+03 1.975946161893970157e+03 1.272083522189780602e+00
1.505724461577756983e+03 1.979920185730816229e+03 1.273611793993969288e+00
1.505745295163179890e+03 1.975808090668150271e+03 1.272348043215991042e+00
1.505766128747670336e+03 1.978067753883183968e+03 1.272753338655233879e+00
1.505786962331229915e+03 1.974963013821270124e+03 1.272266621950887355e+00
1.505807795913859536e+03 1.976491105673824450e+03 1.272390859903595350e+00
1.505828629495091491e+03 1.978769815623455997e+03 1.272764671770125755e+00
1.505849463075392578e+03 1.977504304044231276e+03 1.272526514642720485e+00
1.505870296655226866e+03 1.977332730886926356e+03 1.272873033732012216e+00
1.505891130233663944e+03 1.978044909832130998e+03 1.273032188272283705e+00
1.505911963810705402e+03 1.976893053196022947e+03 1.272593634032748167e+00
1.505932797387280971e+03 1.973811680758021112e+03 1.271905410365556710e+00
1.505953630962924990e+03 1.976803847317334203e+03 1.272421121157323753e+00
1.505974464537171571e+03 1.974078202648661772e+03 1.271685981295499923e+00
1.505995298110487056e+03 1.977653240436310625e+03 1.273915534601494315e+00
1.506016131682872128e+03 1.977091344539212969e+03 1.273700242348170475e+00
1.506036965254324969e+03 1.976181392621623672e+03 1.272470586920195323e+00
1.506057798824380825e+03 1.976043116452634422e+03 1.272424821787572435e+00
1.506078632393505359e+03 1.979973418564887197e+03 1.273375995297453489e+00
1.506099465962164004e+03 1.978009336948322016e+03 1.273285511518559066e+00
1.506120299528960459e+03 1.978854219485401927e+03 1.272637004484310941e+00
1.506141133095291480e+03 1.976160002117006115e+03 1.272309300835729573e+00
1.506161966660690950e+03 1.975565921807165751e+03 1.272600050704597807e+00
1.506182800224692983e+03 1.975795213142410375e+03 1.273181678959784291e+00
1.506203633787763465e+03 1.975209618931995237e+03 1.272401821493495788e+00
1.506224467349903989e+03 1.975343482223608135e+03 1.273831125283356291e+00
1.506245300911112508e+03 1.977032582498801730e+03 1.272554852290826988e+00
1.506266134470922907e+03 1.973628137475905532e+03 1.272671100302663838e+00
1.506286968030268554e+03 1.977070736593265337e+03 1.273032890587145305e+00
1.506307801588217444e+03 1.976315150757571246e+03 1.272657143608327601e+00
1.506328635145235467e+03 1.976261713638499032e+03 1.273004516758363680e+00
1.506349468700856050e+03 1.973940384750002295e+03 1.272501829929197692e+00
1.506370302256010518e+03 1.978035151229763414e+03 1.273058407764336541e+00
1.506391135809768002e+03 1.974727652947403840e+03 1.272670257285201556e+00
1.506411969362594391e+03 1.979147253190569018e+03 1.273752793673071260e+00
1.506432802914489912e+03 1.978491283458212138e+03 1.273644927747737299e+00
1.506453636464988449e+03 1.974581896189535655e+03 1.272575367417486669e+00
1.506474470015020415e+03 1.978571100753177461e+03 1.273198251541116433e+00
1.506495303563655398e+03 1.974885731897395317e+03 1.272474755821818349e+00
1.506516137111359967e+03 1.972465027478848924e+03 1.271696105297976276e+00
1.506536970658132987e+03 1.976896740365860296e+03 1.273080366173427125e+00
1.506557804203508567e+03 1.976736574857251071e+03 1.273425096322716277e+00
1.506578637748418487e+03 1.975799088558983385e+03 1.273715263918798302e+00
1.506599471291931877e+03 1.973794670201352346e+03 1.272652506954526697e+00
1.506620304834513945e+03 1.973204348813981596e+03 1.273108363766187301e+00
1.506641138376165145e+03 1.974634720278218765e+03 1.274174108606181965e+00
1.506661971916418679e+03 1.976700445456625403e+03 1.273232004634317294e+00
1.506682805456206097e+03 1.976465304552423731e+03 1.272989159042692719e+00
1.506703638994596986e+03 1.975944195115079992e+03 1.273247967990861929e+00
1.506724472532057007e+03 1.977369210096572033e+03 1.273487581543718550e+00
1.506745306068119589e+03 1.977654843657941456e+03 1.273486037002178550e+00
1.506766139603716056e+03 1.976627218082566287e+03 1.272976142297147284e+00
1.506786973137915993e+03 1.976231753133621169e+03 1.273010135388536801e+00
1.506807806671185062e+03 1.975463778718568392e+03 1.273877027053126110e+00
1.506828640203523037e+03 1.974431111218791330e+03 1.273480420471696073e+00
1.506849473734928551e+03 1.974221232028924533e+03 1.272804383706960252e+00
1.506870307265402971e+03 1.975308543247936996e+03 1.273016690425729625e+00
1.506891140794481089e+03 1.974728374902110772e+03 1.273395420619590546e+00
1.506911974322627430e+03 1.974949343358003944e+03 1.272931238185726954e+00
1.506932807849841993e+03 1.976242344584704369e+03 1.273439512660770490e+00
1.506953641376125461e+03 1.973115966698647981e+03 1.272375120019611838e+00
1.506974474901012400e+03 1.976827590112778807e+03 1.273638001554085797e+00
1.506995308425435041e+03 1.976439478857921586e+03 1.273971071384946363e+00
1.507016141948458426e+03 1.976477897228821121e+03 1.273003112096945388e+00
1.507036975470551170e+03 1.977709279306445069e+03 1.274028056064850034e+00
1.507057808991712591e+03 1.974326388971093820e+03 1.272921545432439849e+00
1.507078642511477483e+03 1.979831905081156947e+03 1.274288992755369776e+00
1.507099476030776486e+03 1.976626317140652191e+03 1.273405811875077065e+00
1.507120309548678051e+03 1.975124332803766492e+03 1.273312334333564610e+00
1.507141143065648066e+03 1.975032421408476921e+03 1.273551935776158883e+00
1.507161976581687441e+03 1.977093152056263989e+03 1.274017810238918580e+00
1.507182810096330059e+03 1.979143447598113653e+03 1.274561754343097819e+00
1.507203643610505878e+03 1.976374222715834321e+03 1.273962275492988239e+00
1.507224477123285396e+03 1.978411906414239411e+03 1.274380434257591288e+00
1.507245310635134047e+03 1.978959105773799365e+03 1.274978033512352615e+00
1.507266144146050920e+03 1.977719497292920778e+03 1.274277345770690850e+00
1.507286977656036470e+03 1.976162818951404688e+03 1.274140614371522151e+00
1.507307811164625036e+03 1.977300984169689173e+03 1.273879647287735617e+00
1.507328644672281825e+03 1.977950019454498715e+03 1.274233937596897404e+00
1.507349478179474090e+03 1.977807758155469401e+03 1.274565916404846178e+00
1.507370311685268462e+03 1.974285600216609510e+03 1.272813328087806894e+00
1.507391145189666076e+03 1.977058530406906129e+03 1.273992405849321941e+00
1.507411978693598030e+03 1.975306667896879617e+03 1.273232566398062593e+00
1.507432812196599116e+03 1.975543957344043292e+03 1.272868163729466096e+00
1.507453645698202536e+03 1.974019810616163568e+03 1.272987239315206409e+00
1.507474479198874633e+03 1.974133535467156207e+03 1.272797921235612639e+00
1.507495312698616090e+03 1.976150077978189984e+03 1.273448592997720397e+00
1.507516146197425996e+03 1.975995881348528201e+03 1.273496380714332910e+00
1.507536979694838010e+03 1.973988951566118658e+03 1.272686134020300841e+00
1.507557813191785044e+03 1.979279965875299240e+03 1.274293529905328182e+00
1.507578646687335095e+03 1.977175393470999779e+03 1.273544681461675765e+00
1.507599480181954505e+03 1.976118812187366530e+03 1.273827803072732134e+00
1.507620313675641455e+03 1.978478863417222101e+03 1.274223927312515103e+00
1.507641147168397083e+03 1.975935348684586643e+03 1.274101599027155585e+00
1.507661980659756864e+03 1.978553796305909145e+03 1.274503577585388348e+00
1.507682814150650529e+03 1.979975568292082244e+03 1.274691707139344654e+00
1.507703647640146528e+03 1.976774613865174615e+03 1.274297973490144509e+00
1.507724481128711432e+03 1.975704635624021421e+03 1.273899813555886329e+00
1.507745314616345468e+03 1.977834610232230261e+03 1.273907299792276904e+00
1.507766148102582974e+03 1.977935799829463122e+03 1.274040453871897904e+00
1.507786981588353456e+03 1.978952777826443480e+03 1.274258729084150943e+00
1.507807815072727408e+03 1.977012949775411471e+03 1.273415922204433226e+00
1.507828648556636381e+03 1.977490472914101247e+03 1.273992171920728556e+00
1.507849482039147915e+03 1.976511942729547172e+03 1.274105669028964716e+00
1.507891149000910900e+03 1.980401466828424645e+03 1.275176516636994162e+00
1.507911982480628922e+03 1.976360326406247850e+03 1.274122369934738819e+00
1.507932815959416075e+03 1.978639305986746422e+03 1.274876723220158770e+00
1.507953649436805335e+03 1.980117619288115748e+03 1.275146367516567958e+00
1.507974482913262818e+03 1.978849624047152020e+03 1.274301528346841073e+00
1.507995316388789433e+03 1.978246127105970572e+03 1.274672862700908071e+00
1.508016149863385635e+03 1.980016785687377478e+03 1.274883642684077500e+00
1.508036983336583489e+03 1.978250705166811485e+03 1.273847923370607926e+00
1.508057816809316137e+03 1.979515380681775241e+03 1.274825340350337122e+00
1.508078650280652028e+03 1.980641409888619137e+03 1.275254480359676812e+00
1.508099483751055459e+03 1.979551639476420178e+03 1.274891029637895024e+00
1.508120317220993911e+03 1.979692361991374355e+03 1.274451244294165564e+00
1.508141150689070400e+03 1.982689569881854140e+03 1.275678383113449277e+00
1.508161984156681001e+03 1.979245225463084125e+03 1.275009869556000819e+00
1.508182817623360052e+03 1.979511578002299075e+03 1.275046239276239168e+00
1.508203651088641436e+03 1.976807458467947299e+03 1.274027120376403088e+00
1.508224484552993090e+03 1.977780693002171120e+03 1.274417055791503994e+00
1.508245318016877945e+03 1.977999709166404955e+03 1.274358872428047240e+00
1.508266151479366044e+03 1.979798891858856223e+03 1.274499181484529675e+00
1.508286984940456932e+03 1.979133108669682315e+03 1.274605151352707466e+00
1.508307818401082386e+03 1.979228459949395074e+03 1.274167185289083237e+00
1.508328651860776517e+03 1.978767392576489783e+03 1.274860265965900963e+00
1.508349485319072983e+03 1.978426720427377859e+03 1.274389975601517122e+00
1.508370318776439490e+03 1.978831218567735959e+03 1.275744682577519828e+00
1.508391152232873992e+03 1.979648130600485956e+03 1.274723550333954236e+00
1.508411985688377627e+03 1.978113151322164640e+03 1.273768048593756808e+00
1.508432819142949029e+03 1.980076545300295720e+03 1.274837496630310207e+00
1.508453652596589563e+03 1.978663983943938547e+03 1.274488799143584483e+00
1.508474486048833114e+03 1.983288060311826939e+03 1.275776873252261634e+00
1.508495319500610549e+03 1.978066529633487335e+03 1.273866546060791860e+00
1.508516152950991454e+03 1.980007893963945435e+03 1.274077038395457606e+00
1.508536986400441492e+03 1.980287996907861498e+03 1.274537202578701178e+00
1.508557819848959525e+03 1.978219839454704925e+03 1.274734398347819209e+00
1.508578653296546008e+03 1.981417290845309481e+03 1.274995330727199061e+00
1.508599486743201851e+03 1.980114559162435171e+03 1.274137713991343901e+00
1.508620320188460937e+03 1.979562535835956851e+03 1.274293904102541841e+00
1.508641153632788019e+03 1.978578772437071848e+03 1.273904539247728174e+00
1.508661987076649439e+03 1.980399297818202285e+03 1.274027588220712381e+00
1.508682820519114102e+03 1.982109238657756805e+03 1.275549652326490868e+00
1.508703653960647443e+03 1.978747209774313660e+03 1.274415605916809691e+00
1.508724487401249007e+03 1.981015156980401116e+03 1.274341098845224618e+00
1.508745320840454497e+03 1.980155936561664703e+03 1.275313277184741079e+00
1.508766154279193870e+03 1.979505367815185537e+03 1.274623295354044616e+00
1.508786987716536487e+03 1.977526930079682415e+03 1.274226687165126659e+00
1.508807821152946872e+03 1.979470784808820326e+03 1.274888037459227519e+00
1.508828654588892960e+03 1.979725290194256786e+03 1.275316735737091589e+00
1.508849488023440927e+03 1.981424232912551133e+03 1.275275466183066531e+00
1.508870321456591910e+03 1.979978637189802839e+03 1.275083916838361864e+00
1.508891154889277914e+03 1.979092807900468870e+03 1.274406438928946006e+00
1.508911988321033505e+03 1.979740241265644499e+03 1.275144077089138239e+00
1.508932821751390520e+03 1.979093985799566553e+03 1.274904961877338483e+00
1.508953655180816440e+03 1.977917637392232336e+03 1.274359340150563513e+00
1.508974488609776927e+03 1.981122508272724190e+03 1.274957557046587642e+00
1.508995322037340429e+03 1.978607887223489797e+03 1.275279298746035739e+00
1.509016155463506948e+03 1.979616052172343188e+03 1.275135289288581664e+00
1.509036988889208033e+03 1.976577755750980714e+03 1.274763715578587142e+00
1.509057822313977340e+03 1.979288630162970776e+03 1.274594536056910199e+00
1.509078655737348981e+03 1.980934751723500085e+03 1.275115376282368373e+00
1.509099489160256553e+03 1.979848591438496214e+03 1.275447265862774238e+00
1.509120322581767141e+03 1.978082213666439429e+03 1.274459849737222594e+00
1.509141156002345497e+03 1.976722221414094975e+03 1.274204374287224661e+00
1.509161989421992075e+03 1.980368167217871360e+03 1.274926046956859960e+00
1.509182822840708468e+03 1.979483813992738533e+03 1.275248637919772721e+00
1.509203656258026967e+03 1.977510215735220299e+03 1.274250402940338756e+00
1.509224489674880033e+03 1.976808181353653254e+03 1.274559836984236583e+00
1.509245323090337024e+03 1.980780425230163473e+03 1.275735011200162861e+00
1.509266156504861556e+03 1.978981761552608987e+03 1.274891730928754185e+00
1.509286989918454992e+03 1.980381823139428207e+03 1.275409225164665372e+00
1.509307823331117106e+03 1.976774361551096945e+03 1.274577747809517270e+00
1.509328656742849034e+03 1.980739792423872814e+03 1.275130381182125294e+00
1.509349490153647821e+03 1.981290195420541522e+03 1.275992515811077865e+00
1.509370323563050079e+03 1.978891499138288054e+03 1.275545119644595493e+00
1.509391156971988039e+03 1.977891142119928190e+03 1.275404691983703431e+00
1.509411990379527424e+03 1.978996648843423145e+03 1.275609136442597880e+00
1.509432823786135941e+03 1.979806979134562425e+03 1.274943952637504596e+00
1.509453657191813818e+03 1.979033824684474894e+03 1.275245646580181136e+00
1.509474490596559463e+03 1.981260424066925907e+03 1.275513764259663674e+00
1.509495324000374012e+03 1.979897347534209757e+03 1.275628434306955494e+00
1.509516157402792032e+03 1.980489497840550484e+03 1.275508857609563673e+00
1.509536990804743937e+03 1.980592179261235287e+03 1.275828124363134863e+00
1.509557824205298402e+03 1.980116820748953842e+03 1.276385166359722767e+00
1.509578657604923137e+03 1.980522449497804018e+03 1.275897732875713286e+00
1.509599491003614958e+03 1.978687301082806698e+03 1.275797243129001890e+00
1.509620324401375910e+03 1.979018245768430916e+03 1.276152262144352179e+00
1.509641157798205995e+03 1.979580478232771611e+03 1.275254153183749573e+00
1.509661991194104985e+03 1.977172716140378043e+03 1.275035019935918612e+00
1.509682824588606536e+03 1.978051002827082584e+03 1.275939823160665565e+00
1.509703657982176082e+03 1.979199843321059234e+03 1.275807521383716781e+00
1.509724491375281104e+03 1.977906782628808060e+03 1.275475959201352483e+00
1.509745324766988460e+03 1.978362667609628033e+03 1.275145058701397716e+00
1.509766158157764039e+03 1.979850745432587701e+03 1.275763744787785425e+00
1.509786991547143998e+03 1.978500088541706191e+03 1.275766968515775757e+00
1.509807824936057386e+03 1.977067747944636039e+03 1.275110000652268427e+00
1.509828658323573563e+03 1.979807473377317365e+03 1.275943513585591660e+00
1.509849491710624989e+03 1.980334484778582237e+03 1.276012415128956468e+00
1.509870325096278521e+03 1.978556675014013763e+03 1.274826181942685377e+00
1.509891158481001412e+03 1.978496974947827312e+03 1.275483950227960905e+00
1.509911991864792981e+03 1.978854423165267463e+03 1.275166887693062412e+00
1.509932825247653000e+03 1.978160085412914896e+03 1.274875741401289897e+00
1.509953658629115580e+03 1.977910010641186773e+03 1.275668617784974757e+00
1.509974492010112954e+03 1.978750942998221717e+03 1.276233061884493925e+00
1.509995325378071357e+03 1.978883710900633560e+03 1.275796168579409917e+00
1.510016158756740424e+03 1.980844483368397960e+03 1.276797163089788967e+00
1.510036992134478623e+03 1.983253965100173900e+03 1.276136521946444669e+00
1.510057825511285046e+03 1.981185435917630684e+03 1.277008899347038762e+00
1.510078658887159463e+03 1.980764316728776748e+03 1.275617593896085644e+00
1.510099492262103468e+03 1.979123055721048104e+03 1.275052082643557849e+00
1.510120325635650488e+03 1.981171009586261789e+03 1.275584231019065040e+00
1.510141159008264822e+03 1.981619674712901769e+03 1.275855781354369389e+00
1.510161992380415541e+03 1.980084985313527113e+03 1.274931423362583693e+00
1.510182825751167911e+03 1.980838823068413149e+03 1.275790235180583654e+00
1.510203659120988959e+03 1.980077178942914770e+03 1.275202177884911636e+00
1.510224492489413933e+03 1.978280606300384306e+03 1.274907112477915883e+00
1.510245325857372336e+03 1.978596810712017941e+03 1.275020621637864560e+00
1.510266159223933983e+03 1.978897846193308851e+03 1.275244244387332193e+00
1.510286992590030422e+03 1.982309260667389253e+03 1.276595850383977382e+00
1.510307825954729424e+03 1.978931515157180911e+03 1.275025109436517479e+00
1.510328659318497103e+03 1.980266600426338300e+03 1.275325662497785340e+00
1.510349492680868025e+03 1.977085804851643616e+03 1.274899351597886588e+00
1.510370326042773513e+03 1.979745310516007294e+03 1.275473248783296265e+00
1.510391159403746997e+03 1.981232733532123802e+03 1.275497455416436221e+00
1.510411992763323951e+03 1.978125835569026549e+03 1.275612220382409401e+00
1.510432826121969583e+03 1.979370790808299262e+03 1.276319740773634193e+00
1.510453659479683438e+03 1.979577402755806133e+03 1.275588763561982031e+00
1.510474492836467107e+03 1.978674045246705418e+03 1.275496240422634653e+00
1.510495326192318544e+03 1.978066177558039954e+03 1.276227223924437659e+00
1.510516159546772997e+03 1.980418399062705930e+03 1.275481707137826826e+00
1.510536992900762016e+03 1.978478040383071630e+03 1.276966470886113036e+00
1.510557826253353596e+03 1.980084152390074451e+03 1.276117185057741743e+00
1.510578659605014082e+03 1.980846374969233239e+03 1.276682831451893207e+00
1.510599492955743017e+03 1.979990737584216049e+03 1.275758371889698983e+00
1.510620326305541084e+03 1.978193203549372811e+03 1.275839570319048599e+00
1.510641159653941941e+03 1.976594976171159260e+03 1.274914639551368190e+00
1.510661993001877363e+03 1.979475565852152840e+03 1.276273599942582937e+00
1.510682826348414892e+03 1.977600450720098934e+03 1.275575399523201314e+00
1.510703659694022917e+03 1.977450771804074520e+03 1.274954658524863227e+00
1.510724493038698483e+03 1.980266380141814352e+03 1.276161790241039817e+00
1.510745326382442499e+03 1.981375513762046467e+03 1.275615210862379056e+00
1.510766159724790441e+03 1.979337735773637633e+03 1.275993450058296563e+00
1.510786993066671585e+03 1.974818661065753304e+03 1.274716022132138749e+00
1.510807826407156426e+03 1.978895004474889902e+03 1.275653712665808737e+00
1.510828659746710855e+03 1.980188766080502319e+03 1.275385016856927178e+00
1.510849493085332597e+03 1.975392714594592007e+03 1.274744030558615515e+00
1.510870326423023016e+03 1.978553167338514641e+03 1.275966403324564347e+00
1.510891159759316452e+03 1.977966607653004075e+03 1.275632733065067193e+00
1.510911993094679019e+03 1.976045892417024788e+03 1.274962325567989829e+00
1.510932826429576380e+03 1.976947653583947385e+03 1.275336038025937535e+00
1.510953659763076075e+03 1.978109891466877343e+03 1.275272147735093897e+00
1.510974493095178559e+03 1.974960655234982596e+03 1.275395158230960613e+00
1.511016159757521564e+03 1.978250217383819745e+03 1.276420002598338321e+00
1.511036993086830535e+03 1.978505702174674752e+03 1.275037871527607169e+00
1.511057826415208638e+03 1.980028122202286113e+03 1.275787104951186191e+00
1.511078659742654509e+03 1.978590018506489287e+03 1.275279158530520318e+00
1.511099493069169057e+03 1.977727045952029812e+03 1.275301078702245627e+00
1.511120326394287076e+03 1.980466455267539459e+03 1.276218069949303091e+00
1.511141159718473091e+03 1.978300032182923360e+03 1.275112150907027786e+00
1.511161993042195036e+03 1.977961045352559495e+03 1.275719172409320645e+00
1.511182826364518405e+03 1.975126371573335291e+03 1.274717097592263038e+00
1.511203659685445018e+03 1.980077866325248124e+03 1.276229372296843856e+00
1.511224493005906879e+03 1.981346922354538947e+03 1.276223534319909758e+00
1.511245326324971074e+03 1.976623920931351904e+03 1.274844883851516064e+00
1.511266159643569608e+03 1.978585476930176355e+03 1.275212881604373072e+00
1.511286992960770931e+03 1.979271612822166617e+03 1.275716182173053381e+00
1.511307826276575497e+03 1.976482096180679491e+03 1.275460023729820147e+00
1.511328659591914857e+03 1.977454414794629884e+03 1.275964161082562054e+00
1.511349492905856550e+03 1.978929345503782770e+03 1.275977988178806033e+00
1.511370326218866921e+03 1.976275881396854629e+03 1.274997481175346836e+00
1.511391159530946879e+03 1.975922790251935794e+03 1.275510773541848941e+00
1.511411992842095060e+03 1.978305866971646537e+03 1.276521423874290573e+00
1.511432826152311463e+03 1.978285499428008507e+03 1.276285415516708266e+00
1.511453659461130883e+03 1.978209650658753617e+03 1.276248567376747856e+00
1.511474492769018980e+03 1.978121359429298082e+03 1.276198734296210890e+00
1.511495326075977118e+03 1.979399857849285127e+03 1.276232361330697174e+00
1.511516159382002570e+03 1.979169564003766482e+03 1.276272432389794043e+00
1.511536992686631038e+03 1.978710971960779034e+03 1.276000363466456289e+00
1.511557825990794527e+03 1.978057154411285637e+03 1.275760988260289386e+00
1.511578659293560577e+03 1.978806919585135120e+03 1.276035443764388821e+00
1.511599492595395077e+03 1.977240520880297936e+03 1.275915157768096941e+00
1.511620325895832593e+03 1.977319995617737959e+03 1.275226950548757676e+00
1.511641159195804448e+03 1.976294943182713723e+03 1.275908477475552250e+00
1.511661992494380002e+03 1.976987375693064450e+03 1.276272759304682758e+00
1.511682825792024005e+03 1.979121726680694792e+03 1.276600379335161017e+00
1.511703659088271024e+03 1.979373006429675570e+03 1.275221107982725366e+00
1.511724492384051473e+03 1.977792134871908502e+03 1.275146227286435341e+00
1.511745325678436075e+03 1.976973985561326117e+03 1.275528203720454057e+00
1.511766158971889126e+03 1.975447202511767728e+03 1.275035861389867131e+00
1.511786992264410401e+03 1.978583374436980193e+03 1.274948487456661894e+00
1.511807825556001035e+03 1.977662427085865602e+03 1.275569091274433964e+00
1.511828658846194458e+03 1.978001669813534818e+03 1.275708659828949099e+00
1.511849492135455876e+03 1.979207910894788483e+03 1.275757063702391614e+00
1.511870325423787563e+03 1.974101226134030640e+03 1.274299750919732244e+00
1.511891158710720902e+03 1.979500877646225035e+03 1.276039367466107244e+00
1.511911991997188579e+03 1.978674332883675334e+03 1.275895116785533689e+00
1.511932825282259500e+03 1.976313740284300820e+03 1.275298367912512276e+00
1.511953658565933438e+03 1.976931661017573106e+03 1.275219659022206908e+00
1.511974491849141941e+03 1.977722099258069875e+03 1.275224333082485062e+00
1.511995325130953461e+03 1.977836920186516863e+03 1.275351741367448888e+00
1.512016158411832976e+03 1.973996159251130166e+03 1.275236251858652414e+00
1.512036991691781623e+03 1.976509624375898056e+03 1.275851109607392120e+00
1.512057824970799174e+03 1.975377537482722346e+03 1.275635349693347242e+00
1.512078658248419970e+03 1.975279112964479964e+03 1.275190819691335964e+00
1.512099491525108988e+03 1.976911172535363903e+03 1.275496707728079882e+00
1.512120324800866456e+03 1.976907414010805951e+03 1.275377025210439941e+00
1.512141158075226940e+03 1.977411671324483905e+03 1.275748747337424494e+00
1.512161991348656102e+03 1.977346937684350905e+03 1.276333330518221620e+00
1.512182824621154850e+03 1.978274988869439312e+03 1.276748425170691981e+00
1.512203657892721367e+03 1.977021155359325121e+03 1.276212932485513596e+00
1.512224491162890899e+03 1.977490872860058744e+03 1.276085143094716434e+00
1.512245324432129564e+03 1.976878799625473448e+03 1.275813688296799642e+00
1.512266157700436452e+03 1.974511281180697551e+03 1.275105232683127809e+00
1.512286990967347492e+03 1.979397689350837254e+03 1.276526326632337449e+00
1.512307824233791962e+03 1.974759970992275157e+03 1.275710949242719883e+00
1.512328657498373559e+03 1.975146862329415399e+03 1.274835579686166787e+00
1.512349490762489495e+03 1.975527700686771595e+03 1.276344678544591549e+00
1.512370324025208447e+03 1.973544547517028377e+03 1.275489698128424054e+00
1.512391157286996986e+03 1.977292143448477418e+03 1.275899508076709044e+00
1.512411990547853520e+03 1.976755267208048735e+03 1.276183835368511321e+00
1.512432823807313071e+03 1.976332405972371816e+03 1.275996813342620495e+00
1.512453657065841071e+03 1.972688276160008627e+03 1.275716182173053381e+00
1.512474490323437976e+03 1.973910662904848778e+03 1.275476800364405694e+00
1.512495323580103559e+03 1.976387502057087886e+03 1.276443350751578665e+00
1.512516156835371930e+03 1.976859748696393126e+03 1.275788553267235281e+00
1.512536990089244000e+03 1.972921552397341657e+03 1.275195587340465675e+00
1.512557823342649954e+03 1.977021824407636359e+03 1.276309606746201641e+00
1.512578656594658469e+03 1.974194162733684607e+03 1.275483716572922699e+00
1.512599489845736116e+03 1.977572729079562123e+03 1.277523389777593499e+00
1.512620323095417007e+03 1.976155547991366575e+03 1.276157119614297564e+00
1.512641156344631554e+03 1.974977319333438118e+03 1.275470865479901628e+00
1.512661989591983911e+03 1.974855774514516270e+03 1.275674458301420344e+00
1.512682822838870834e+03 1.973927591755235198e+03 1.275817892993174496e+00
1.512703656084360546e+03 1.976552301838146604e+03 1.276590714440513086e+00
1.512724489328918935e+03 1.973609063367796807e+03 1.275745617006230459e+00
1.512745322572081022e+03 1.973357538823784580e+03 1.275721648693424193e+00
1.512766155814310878e+03 1.974139797809099264e+03 1.275445817159180706e+00
1.512786989055609411e+03 1.972989485526854878e+03 1.276493921387211739e+00
1.512807822295510960e+03 1.972565974413590084e+03 1.274903185291516694e+00
1.512828655534482095e+03 1.976650202499978150e+03 1.277021268214929339e+00
1.512849488772521454e+03 1.974520649277148550e+03 1.275682448084606735e+00
1.512870322009162919e+03 1.974909297875942229e+03 1.275660861537800228e+00
1.512891155244874426e+03 1.973485512092140425e+03 1.276402257716239275e+00
1.512911988479188039e+03 1.973977378500288523e+03 1.275602454547428488e+00
1.512932821712570330e+03 1.975312310125926842e+03 1.275559885848031705e+00
1.512953654945021526e+03 1.975276942237686626e+03 1.276468612972353700e+00
1.512974488176075965e+03 1.973267153196651407e+03 1.275905020527215772e+00
1.512995321406199082e+03 1.973900921477276370e+03 1.275102147517124695e+00
1.513016154635390421e+03 1.974938418741866826e+03 1.275993590195320548e+00
1.513036987863185004e+03 1.972196829306831205e+03 1.275144451036754667e+00
1.513057821090048037e+03 1.974292864608399441e+03 1.276006809718696733e+00
1.513078654315514541e+03 1.974507191782098744e+03 1.275655161133304683e+00
1.513099487540049040e+03 1.973904497284615900e+03 1.275585539383622402e+00
1.513120320763187010e+03 1.973786758015481155e+03 1.275277148773105385e+00
1.513141153985393430e+03 1.973144728509896140e+03 1.276172626029249857e+00
1.513161987206669437e+03 1.973369792211832191e+03 1.275968692275877503e+00
1.513182820426547551e+03 1.975213992781412571e+03 1.275846577996479603e+00
1.513203653645495024e+03 1.973159075847584973e+03 1.275586240292654772e+00
1.513224486863044604e+03 1.977639406112854431e+03 1.275890818911450397e+00
1.513245320079663088e+03 1.972960121127553293e+03 1.276033295065478246e+00
1.513266153294884589e+03 1.974747138978341809e+03 1.275823592670580764e+00
1.513286986509174994e+03 1.974678260119685774e+03 1.275823966419029398e+00
1.513307819722534532e+03 1.974281517760437509e+03 1.275713191929776835e+00
1.513328652934495949e+03 1.972530937703359541e+03 1.275760661214258906e+00
1.513349486145061974e+03 1.974559631413627130e+03 1.276677509109099384e+00
1.513370319354695539e+03 1.974784113766634164e+03 1.275531428043741755e+00
1.513391152563398009e+03 1.971412396604147261e+03 1.275397401473311598e+00
1.513411985770703041e+03 1.976222674616443783e+03 1.275873767420525606e+00
1.513432818977077432e+03 1.974099787276287771e+03 1.276109338120777981e+00
1.513453652182053929e+03 1.975405123802956268e+03 1.276005408362284266e+00
1.513474485385634580e+03 1.973096910046839639e+03 1.275654787335398721e+00
1.513495318588283453e+03 1.971769209247158187e+03 1.276259542536017921e+00
1.513516151790001004e+03 1.975334320790816719e+03 1.276217929836928722e+00
1.513536984990320889e+03 1.977040474529790345e+03 1.277564773335843284e+00
1.513557818189709906e+03 1.973632929138444069e+03 1.275571100571871508e+00
1.513578651387702394e+03 1.973304536134293130e+03 1.275635723496948870e+00
1.513599484584297443e+03 1.976080864613088352e+03 1.276331182320802116e+00
1.513620317779962079e+03 1.973528524099530159e+03 1.277058374099813598e+00
1.513641150974694483e+03 1.975191070180528413e+03 1.276220545265382755e+00
1.513661984168029903e+03 1.973643337667715514e+03 1.275912541713644544e+00
1.513682817359968340e+03 1.975340696047068377e+03 1.276067019878939224e+00
1.513703650550975908e+03 1.973728529110566797e+03 1.275948652134166306e+00
1.513724483740586948e+03 1.974667957011293993e+03 1.276261784259069554e+00
1.513745316929265982e+03 1.973158035047180419e+03 1.276898741125620962e+00
1.513766150116548033e+03 1.975890495198543249e+03 1.276032687823825951e+00
1.513786983302432873e+03 1.976278497495556849e+03 1.277468940596180325e+00
1.513807816487386390e+03 1.972726131707436707e+03 1.277033917008759456e+00
1.513828649670942923e+03 1.973118155429709304e+03 1.276471367971740989e+00
1.513849482853568588e+03 1.976047882131261758e+03 1.277231193972988565e+00
1.513870316034797042e+03 1.974589011280746263e+03 1.275990974301671299e+00
1.513891149215093947e+03 1.976416016539692009e+03 1.277599437449312925e+00
1.513911982393527978e+03 1.977332553196095205e+03 1.277391205352352399e+00
1.513932815571497031e+03 1.973669811443708113e+03 1.276563540286663967e+00
1.513953648747602983e+03 1.977512488142217080e+03 1.277501367766064266e+00
1.513974481922778523e+03 1.974070282027311350e+03 1.276916525786832679e+00
1.513995315096556624e+03 1.976330524729910394e+03 1.277795181063755559e+00
1.514016148269402493e+03 1.971818026104905357e+03 1.278805843785822294e+00
1.514036981440852514e+03 1.971928337687944577e+03 1.276117792259185979e+00
1.514057814610904416e+03 1.974279876301049853e+03 1.276436813311720542e+00
1.514078647780025676e+03 1.975413390339118450e+03 1.277094732153813084e+00
1.514099480947284064e+03 1.973890161705113314e+03 1.277542472103475379e+00
1.514141147279006873e+03 1.974418956911349596e+03 1.276610277605527255e+00
1.514161980443006541e+03 1.977741613365736157e+03 1.277662651547012196e+00
1.514182813605607862e+03 1.976782693527563652e+03 1.277144296922051891e+00
1.514203646766813108e+03 1.975544187069295731e+03 1.276746137617284615e+00
1.514224479927087032e+03 1.976310995855119927e+03 1.276898507729470333e+00
1.514245313085963517e+03 1.974856619555451061e+03 1.277541865579165714e+00
1.514266146243443018e+03 1.972881246150163406e+03 1.277772417379736236e+00
1.514286979399525535e+03 1.974566813038940836e+03 1.276434291718827385e+00
1.514307812554211068e+03 1.975577894191578480e+03 1.276571851343574426e+00
1.514328645707965507e+03 1.974213427557660225e+03 1.276667377921587798e+00
1.514349478860322961e+03 1.976067077537189789e+03 1.276356680256937937e+00
1.514370312011283659e+03 1.976592420804895482e+03 1.276383531928394488e+00
1.514391145160846463e+03 1.973501838440812662e+03 1.276694409805193775e+00
1.514411978309478400e+03 1.977159567008666045e+03 1.277176032298373842e+00
1.514432811456248146e+03 1.975481568079645058e+03 1.276411550461579614e+00
1.514453644602086570e+03 1.974578722619957944e+03 1.275989059090420596e+00
1.514474477746527100e+03 1.977799358319192606e+03 1.276499851515178863e+00
1.514495310889571556e+03 1.975188384858017798e+03 1.276593469176394935e+00
1.514516144031218573e+03 1.977688048886785509e+03 1.277502067623966120e+00
1.514536977171468607e+03 1.976685125711859428e+03 1.276549112536901287e+00
1.514557810310787545e+03 1.975535692042467645e+03 1.276955361771280106e+00
1.514578643448243383e+03 1.978738582040543179e+03 1.276709302774597488e+00
1.514599476584769036e+03 1.976162493711888828e+03 1.276122556445106193e+00
1.514620309719430452e+03 1.974834242839676108e+03 1.275798551275109771e+00
1.514641142853161909e+03 1.977268294962401569e+03 1.277054780243652710e+00
1.514661975985495928e+03 1.977168694383758520e+03 1.277361621789992796e+00
1.514682809116432963e+03 1.976101558323893414e+03 1.276181453392156495e+00
1.514703642245507581e+03 1.978746119754321626e+03 1.277696146753225293e+00
1.514724475373650421e+03 1.979110281158461703e+03 1.277510185947607235e+00
1.514745308500396504e+03 1.977458150090484651e+03 1.277031163222985377e+00
1.514766141625279943e+03 1.978531508506204091e+03 1.277410756258086977e+00
1.514786974749232058e+03 1.976904868654406982e+03 1.276933329963531483e+00
1.514807807871786963e+03 1.978797417552891147e+03 1.277150737400437164e+00
1.514828640992479450e+03 1.978710830744480518e+03 1.277839774318582755e+00
1.514849474112239932e+03 1.976236807243083376e+03 1.276322029091273125e+00
1.514870307230138451e+03 1.978351324626095902e+03 1.277511958907975531e+00
1.514891140347106102e+03 1.978986259081806566e+03 1.278082957427366662e+00
1.514911973462209971e+03 1.976846642873494375e+03 1.277796860335859375e+00
1.514932806575917994e+03 1.978654670071723558e+03 1.277658826133330150e+00
1.514953639688228122e+03 1.975391111249860614e+03 1.276727090074663451e+00
1.514974472798676061e+03 1.980205394437883115e+03 1.278127447373115233e+00
1.514995305908192449e+03 1.977157518707142799e+03 1.277554742494978690e+00
1.515016139015845965e+03 1.976965149025564642e+03 1.277471553463380260e+00
1.515036972122569068e+03 1.977923545258788863e+03 1.277828113052838832e+00
1.515057805226962955e+03 1.980748102680585589e+03 1.278252374695710181e+00
1.515078638330425974e+03 1.978092759717719673e+03 1.278122783929447337e+00
1.515099471432491555e+03 1.978352109447644125e+03 1.278497344159354121e+00
1.515120304532694490e+03 1.978627151585093998e+03 1.278196557613745732e+00
1.515141137631500897e+03 1.977681835880243170e+03 1.278445966940111589e+00
1.515161970728444430e+03 1.977300421259334598e+03 1.278315789642376021e+00
1.515182803823991435e+03 1.979006966177941877e+03 1.278395426898721432e+00
1.515203636918141001e+03 1.976767687636074697e+03 1.278104176619820675e+00
1.515224470010893583e+03 1.977389062463757909e+03 1.278333414708565652e+00
1.515245303101783520e+03 1.977740737968767235e+03 1.278781792999634792e+00
1.515266136190811494e+03 1.978284242388998791e+03 1.278422701984735177e+00
1.515286969278907009e+03 1.978957032254179012e+03 1.278301241785625209e+00
1.515307802364675354e+03 1.973610705409334287e+03 1.277628642284627025e+00
1.515328635449511467e+03 1.977998164491688613e+03 1.278395753270711976e+00
1.515349468532485389e+03 1.977896246703201996e+03 1.278490770601295790e+00
1.515370301613596439e+03 1.978347387422585598e+03 1.278116814696723225e+00
1.515391134693310505e+03 1.977776798484490882e+03 1.278437388328485858e+00
1.515411967771161926e+03 1.976649102157119842e+03 1.278447412244012815e+00
1.515432800847616363e+03 1.978016138989818955e+03 1.278101331869412993e+00
1.515453633922207928e+03 1.978644756381772368e+03 1.278508066912023233e+00
1.515474466995402963e+03 1.977665600216578696e+03 1.278716583262796025e+00
1.515495300066735126e+03 1.977011701124628871e+03 1.277867574346864377e+00
1.515516133136205099e+03 1.978012171996013649e+03 1.279980798443179690e+00
1.515536966204277633e+03 1.977945214982902826e+03 1.278498789405174918e+00
1.515557799270022088e+03 1.976871461346653405e+03 1.278639063716870972e+00
1.515578632334834992e+03 1.977575776191513114e+03 1.278586526752660824e+00
1.515599465397319364e+03 1.978878249099330560e+03 1.279974092802484975e+00
1.515620298458407433e+03 1.976190518151626293e+03 1.278448344697275640e+00
1.515641131517632857e+03 1.975583279733711151e+03 1.278236846880030253e+00
1.515661964574995636e+03 1.975187565916462972e+03 1.279066085381682205e+00
1.515682797630494406e+03 1.977505105566778411e+03 1.279087894056202268e+00
1.515703630684597556e+03 1.974845514307495705e+03 1.277932407633367129e+00
1.515724463736371945e+03 1.975106281857123349e+03 1.278276202298307185e+00
1.515745296786749577e+03 1.975242073052822889e+03 1.278288232504268374e+00
1.515766129835264564e+03 1.975273513562804283e+03 1.279117344496636166e+00
1.515786962881916452e+03 1.972343196382268616e+03 1.277942668715351893e+00
1.515807795926705921e+03 1.977256766371676804e+03 1.278890950106180480e+00
1.515828628969632973e+03 1.978062578985493019e+03 1.280161278741682063e+00
1.515849462010697607e+03 1.975634653304141011e+03 1.278400415718622174e+00
1.515870295049898459e+03 1.974891407203373319e+03 1.279015430038230150e+00
1.515891128087237576e+03 1.975260528190762216e+03 1.278464662519284145e+00
1.515911961122713365e+03 1.975040751120642199e+03 1.279332750123172602e+00
1.515932794156327418e+03 1.972217489155405474e+03 1.279591813195485983e+00
1.515953627188078372e+03 1.974765118086186249e+03 1.279325854723051492e+00
1.515974460217967135e+03 1.979628717002220355e+03 1.280578856188407055e+00
1.515995293245527591e+03 1.975850037274376746e+03 1.279386421156361253e+00
1.516016126271690609e+03 1.974204126782746016e+03 1.278724181137385063e+00
1.516036959295990528e+03 1.973060458819892801e+03 1.278495898911899520e+00
1.516057792318428028e+03 1.977510357950104662e+03 1.280196524374960454e+00
1.516078625339002883e+03 1.972157500971286481e+03 1.279755115702248869e+00
