1.842535217285156250e+03 6.448075233745602191e+02 1.184537152787760173e+00
1.842556030273437500e+03 6.452625177127179086e+02 1.177799710158501822e+00
1.842576843261718750e+03 6.429233951407863970e+02 1.185221896179740275e+00
1.842597717285156250e+03 6.437050049258315312e+02 1.176590701065394651e+00
1.842618530273437500e+03 6.401680431306662058e+02 1.184754510633064806e+00
1.842639343261718750e+03 6.419414892666170545e+02 1.178797961217038059e+00
1.842660217285156250e+03 6.411237316239338497e+02 1.175280087142483110e+00
1.842681030273437500e+03 6.429919977074455346e+02 1.176584014087959762e+00
1.842701843261718750e+03 6.449703215641413863e+02 1.179433327886663330e+00
1.842722717285156250e+03 6.407682140460832443e+02 1.175814048334983042e+00
1.842743530273437500e+03 6.454410474679606295e+02 1.181777013048288971e+00
1.842764343261718750e+03 6.421849286901898495e+02 1.181946164817369915e+00
1.842785217285156250e+03 6.444740616413189400e+02 1.174561028965098064e+00
1.842806030273437500e+03 6.443529539487803959e+02 1.185273291303663878e+00
1.842826843261718750e+03 6.433671812272816624e+02 1.178017147399243347e+00
1.842847717285156250e+03 6.425425608553442771e+02 1.176838396407705822e+00
1.842868530273437500e+03 6.423677677819038081e+02 1.175488609826686126e+00
1.842889343261718750e+03 6.407156526348151147e+02 1.181493425264601882e+00
1.842910217285156250e+03 6.408025227587643258e+02 1.177813272696079938e+00
1.842931030273437500e+03 6.405846150591778496e+02 1.175683964858292407e+00
1.842951843261718750e+03 6.389802898030416145e+02 1.177689078552778490e+00
1.842972717285156250e+03 6.396124530868428337e+02 1.186717277360194611e+00
1.842993530273437500e+03 6.418612270772877082e+02 1.182704326969358677e+00
1.843014343261718750e+03 6.423926865530107762e+02 1.176877850626827149e+00
1.843035217285156250e+03 6.416901784754745677e+02 1.180244213388224717e+00
1.843056030273437500e+03 6.423950904207021040e+02 1.177375194633379474e+00
1.843076843261718750e+03 6.406526924371585210e+02 1.177634366219196371e+00
1.843097717285156250e+03 6.416417922574771637e+02 1.180442214960443437e+00
1.843118530273437500e+03 6.376923190359818818e+02 1.176494698768276725e+00
1.843139343261718750e+03 6.367839943018213944e+02 1.175417162518609171e+00
1.843160217285156250e+03 6.349670099031393420e+02 1.174704429299481490e+00
1.843181030273437500e+03 6.354077049009927123e+02 1.176370872100374720e+00
1.843201843261718750e+03 6.326919648548491750e+02 1.176077821151612524e+00
1.843222717285156250e+03 6.328139169058538300e+02 1.176493533520774903e+00
1.843243530273437500e+03 6.346272352920573212e+02 1.175474158450432904e+00
1.843264343261718750e+03 6.341654211374193437e+02 1.178349019818026422e+00
1.843285217285156250e+03 6.337255327126996463e+02 1.174148185878743256e+00
1.843306030273437500e+03 6.334844475363651100e+02 1.176193215826817795e+00
1.843326843261718750e+03 6.343124969077134665e+02 1.173879409659894346e+00
1.843347717285156250e+03 6.341262699029339274e+02 1.175993333109947026e+00
1.843368530273437500e+03 6.324205757691041754e+02 1.176197877999985986e+00
1.843389343261718750e+03 6.316134819100891491e+02 1.174645518541935107e+00
1.843410217285156250e+03 6.328216977682761808e+02 1.174461967979528287e+00
1.843431030273437500e+03 6.332994167750038059e+02 1.175481916579772301e+00
1.843451843261718750e+03 6.346575691510092838e+02 1.175992724895680741e+00
1.843472717285156250e+03 6.332167980894649872e+02 1.176190479325264437e+00
1.843493530273437500e+03 6.343558633185426743e+02 1.179245468085652337e+00
1.843514343261718750e+03 6.359814652415100227e+02 1.184448235897161306e+00
1.843535217285156250e+03 6.327132316241406897e+02 1.175963885041464208e+00
1.843556030273437500e+03 6.320968291288564842e+02 1.174242603417585240e+00
1.843576843261718750e+03 6.344115776013971981e+02 1.177469960860160203e+00
1.843597717285156250e+03 6.330061435068643050e+02 1.176415560641553171e+00
1.843618530273437500e+03 6.350850870614219730e+02 1.175703888943005815e+00
1.843639343261718750e+03 6.355238394179024226e+02 1.177893177163044314e+00
1.843660217285156250e+03 6.337358761386877859e+02 1.177991038834015125e+00
1.843681030273437500e+03 6.316989002733382677e+02 1.177347907430475793e+00
1.843701843261718750e+03 6.286499849534416171e+02 1.174847609194882958e+00
1.843722717285156250e+03 6.289088762662082672e+02 1.173442707481969327e+00
1.843743530273437500e+03 6.266186715467086970e+02 1.173622151359881904e+00
1.843764343261718750e+03 6.277993903818137369e+02 1.174427507819338246e+00
1.843785217285156250e+03 6.260131650726909811e+02 1.172672763126206386e+00
1.843806030273437500e+03 6.241416997743123147e+02 1.172901619407569429e+00
1.843826843261718750e+03 6.232822659846415263e+02 1.174544688537781711e+00
1.843847717285156250e+03 6.249124207471841146e+02 1.171550298847555904e+00
1.843868530273437500e+03 6.216030889920117488e+02 1.172206882529107208e+00
1.843889343261718750e+03 6.242357635904990047e+02 1.176445149399103052e+00
1.843910217285156250e+03 6.219010572139766282e+02 1.182499748213823754e+00
1.843931030273437500e+03 6.217987371119372710e+02 1.172005658813068951e+00
1.843951843261718750e+03 6.231107389335586504e+02 1.173214668013412343e+00
1.843972717285156250e+03 6.225679182735384529e+02 1.173630124877960590e+00
1.843993530273437500e+03 6.263917782906356706e+02 1.174514036936734840e+00
1.844014343261718750e+03 6.245948874285818420e+02 1.174835686659154943e+00
1.844035217285156250e+03 6.261888097635998065e+02 1.173147197629222482e+00
1.844056091308593750e+03 6.252193607236530397e+02 1.173346752411516869e+00
1.844076904296875000e+03 6.266515473432862109e+02 1.173983444626776507e+00
1.844097717285156250e+03 6.266205175843402913e+02 1.177549838005567562e+00
1.844118591308593750e+03 6.282383219485933523e+02 1.177251916251543795e+00
1.844139404296875000e+03 6.252748409929004083e+02 1.174776528798678443e+00
1.844160217285156250e+03 6.261113994666213785e+02 1.173443774169727893e+00
1.844181091308593750e+03 6.246657150070096804e+02 1.177229031123109504e+00
1.844201904296875000e+03 6.242182391678268232e+02 1.176659696295375479e+00
1.844222717285156250e+03 6.241645757275878168e+02 1.173196784675060167e+00
1.844243591308593750e+03 6.242818647435057073e+02 1.181632856863670478e+00
1.844264404296875000e+03 6.263722114436503716e+02 1.173711888402445114e+00
1.844285217285156250e+03 6.258283552131014176e+02 1.175967939896737979e+00
1.844306091308593750e+03 6.259516312524328896e+02 1.174234887860557741e+00
1.844326904296875000e+03 6.267737577344914826e+02 1.175265785349845604e+00
1.844347717285156250e+03 6.286972881246672387e+02 1.174674137056723744e+00
1.844368591308593750e+03 6.267051942817971621e+02 1.177041882935724315e+00
1.844389404296875000e+03 6.275102827408185249e+02 1.179654607251102272e+00
1.844410217285156250e+03 6.236897847137857980e+02 1.174692505310549695e+00
1.844431091308593750e+03 6.248642440759756482e+02 1.174139860527210644e+00
1.844451904296875000e+03 6.242893868549620038e+02 1.172759523361594836e+00
1.844472717285156250e+03 6.268663194593910930e+02 1.172897909679594397e+00
1.844493591308593750e+03 6.343143311580123509e+02 1.176669979378969222e+00
1.844514404296875000e+03 6.380855700150308394e+02 1.178534493755225787e+00
1.844535217285156250e+03 6.376635286664773048e+02 1.185120105129369605e+00
1.844556091308593750e+03 6.392051065117314010e+02 1.179416903351272694e+00
1.844576904296875000e+03 6.379688931459363630e+02 1.180411363036124817e+00
1.844597717285156250e+03 6.349527704654750551e+02 1.177589167156746219e+00
1.844618591308593750e+03 6.328810184817410800e+02 1.178282501054116471e+00
1.844639404296875000e+03 6.278230991540683590e+02 1.175369849739284156e+00
1.844660217285156250e+03 6.286588035767820202e+02 1.175970676916143987e+00
1.844681091308593750e+03 6.274197443819487034e+02 1.175341603152831427e+00
1.844701904296875000e+03 6.259732180577785812e+02 1.176986836666890524e+00
1.844722717285156250e+03 6.232087899407159739e+02 1.172646891374240719e+00
1.844743591308593750e+03 6.221710318174606300e+02 1.174281941818194674e+00
1.844764404296875000e+03 6.217396256068698221e+02 1.179630151832602891e+00
1.844785217285156250e+03 6.250030594600608538e+02 1.174482724789842614e+00
1.844806091308593750e+03 6.226783063862066001e+02 1.174204938836513890e+00
1.844826904296875000e+03 6.235124868428144964e+02 1.174888500036624928e+00
1.844847717285156250e+03 6.227578458034248570e+02 1.175083041807572837e+00
1.844868591308593750e+03 6.224462949314406615e+02 1.174251080319819396e+00
1.844889404296875000e+03 6.216220412903298893e+02 1.176268821833275080e+00
1.844910217285156250e+03 6.213391082626799289e+02 1.173146841976856258e+00
1.844931091308593750e+03 6.229282328963602140e+02 1.174192451390670522e+00
1.844951904296875000e+03 6.213439893164705836e+02 1.172970425111797388e+00
1.844972717285156250e+03 6.220741505095875254e+02 1.172819240356559378e+00
1.844993591308593750e+03 6.206077324560616262e+02 1.173110361632857535e+00
1.845014404296875000e+03 6.200198037618322360e+02 1.180389145111644833e+00
1.845035217285156250e+03 6.203311789125560836e+02 1.174798852869577193e+00
1.845056091308593750e+03 6.212939126069657050e+02 1.173611892358844555e+00
1.845076904296875000e+03 6.215393875030709978e+02 1.174521699911988737e+00
1.845097717285156250e+03 6.225632981337111005e+02 1.178415990049977546e+00
1.845118591308593750e+03 6.222095073669795511e+02 1.175703280579004417e+00
1.845139404296875000e+03 6.222304642203703224e+02 1.174594165841813753e+00
1.845160217285156250e+03 6.219938661535510391e+02 1.178981645624046060e+00
1.845181091308593750e+03 6.219529328938426715e+02 1.173947954964084106e+00
1.845201904296875000e+03 6.230677282826894725e+02 1.175356968974363037e+00
1.845222717285156250e+03 6.232167359154757378e+02 1.174191689956750162e+00
1.845243591308593750e+03 6.231781988889366630e+02 1.173128347905238567e+00
1.845264404296875000e+03 6.207417940037574908e+02 1.174780587752213501e+00
1.845285217285156250e+03 6.188639713818868131e+02 1.174495919637465580e+00
1.845306091308593750e+03 6.200379353840513659e+02 1.175033585088709698e+00
1.845326904296875000e+03 6.210799535556567434e+02 1.172150032829795574e+00
1.845347717285156250e+03 6.211808409752012494e+02 1.174974792291237469e+00
1.845368591308593750e+03 6.186855868999734867e+02 1.181484798528939395e+00
1.845389404296875000e+03 6.203706412778923323e+02 1.173334713026521703e+00
1.845410217285156250e+03 6.197008019310214877e+02 1.175251838398631454e+00
1.845431091308593750e+03 6.184100837554453847e+02 1.172815225436923958e+00
1.845451904296875000e+03 6.149434059018873313e+02 1.171876525877912911e+00
1.845472717285156250e+03 6.169200508493270263e+02 1.171406970339997855e+00
1.845493591308593750e+03 6.171054477254452877e+02 1.175110838106096178e+00
1.845514404296875000e+03 6.152147394355982897e+02 1.172195085680465043e+00
1.845535217285156250e+03 6.142899344426980406e+02 1.170967462714729956e+00
1.845556091308593750e+03 6.135239259246989150e+02 1.170725245707501472e+00
1.845576904296875000e+03 6.141003056989470679e+02 1.169860023048057140e+00
1.845597717285156250e+03 6.117711991789863077e+02 1.174412485106078430e+00
1.845618591308593750e+03 6.134477513523592052e+02 1.173140186176971689e+00
1.845639404296875000e+03 6.131543045377976568e+02 1.171823881941736811e+00
1.845660217285156250e+03 6.131559151574543876e+02 1.170511597019839201e+00
1.845681091308593750e+03 6.142483118270429259e+02 1.171435006511106103e+00
1.845701904296875000e+03 6.138766509399198412e+02 1.173461907713269081e+00
1.845722717285156250e+03 6.143401657343542865e+02 1.170599332121725844e+00
1.845743591308593750e+03 6.138051264403153482e+02 1.171636582599261178e+00
1.845764465332031250e+03 6.140907043344265048e+02 1.172248373950197431e+00
1.845785278320312500e+03 6.140706941932969585e+02 1.171149728771882392e+00
1.845806091308593750e+03 6.135997692661044312e+02 1.172473551161092198e+00
1.845826965332031250e+03 6.129635556024346670e+02 1.170896554011594981e+00
1.845847778320312500e+03 6.131537759715464517e+02 1.170021167547343977e+00
1.845868591308593750e+03 6.131471022219751603e+02 1.169691569438177092e+00
1.845889465332031250e+03 6.158007576384800359e+02 1.172712916581375886e+00
1.845910278320312500e+03 6.163921017809407203e+02 1.171598172869548593e+00
1.845931091308593750e+03 6.180912230870939084e+02 1.174400710412701887e+00
1.845951965332031250e+03 6.159430596892339054e+02 1.176904439694673954e+00
1.845972778320312500e+03 6.174662225098273893e+02 1.172194119553980229e+00
1.845993591308593750e+03 6.183139078254378092e+02 1.173927087150794968e+00
1.846014465332031250e+03 6.217270935941900234e+02 1.174674390763843279e+00
1.846035278320312500e+03 6.235833275799241164e+02 1.174268592289327229e+00
1.846056091308593750e+03 6.231680898823510688e+02 1.173730830319386520e+00
1.846076965332031250e+03 6.204293532608977557e+02 1.174722695600991074e+00
1.846097778320312500e+03 6.184777782191747519e+02 1.174835940331387718e+00
1.846118591308593750e+03 6.176320535419885118e+02 1.175351238509953822e+00
1.846139465332031250e+03 6.177797223295367530e+02 1.172058599712607618e+00
1.846160278320312500e+03 6.171800454535830340e+02 1.171588201396084772e+00
1.846181091308593750e+03 6.164454334625338561e+02 1.178291201820732770e+00
1.846201965332031250e+03 6.177646868408420460e+02 1.173202525662819573e+00
1.846222778320312500e+03 6.174210992994874232e+02 1.174536924217801426e+00
1.846243591308593750e+03 6.203831184441847881e+02 1.172629710995675811e+00
1.846264465332031250e+03 6.230171164487578608e+02 1.179411647451640288e+00
1.846285278320312500e+03 6.244379605669255398e+02 1.174560673740834504e+00
1.846306091308593750e+03 6.282517342927297932e+02 1.177290900954766739e+00
1.846326965332031250e+03 6.320678353455274419e+02 1.180021175663273025e+00
1.846347778320312500e+03 6.345071448507143259e+02 1.178720343045790209e+00
1.846368591308593750e+03 6.352276183946918309e+02 1.183036446378332274e+00
1.846389465332031250e+03 6.341757503964652187e+02 1.180758110446604947e+00
1.846410278320312500e+03 6.281361634714256752e+02 1.179444193222834558e+00
1.846431091308593750e+03 6.268049975800305447e+02 1.175421472805780576e+00
1.846451965332031250e+03 6.272976074794419219e+02 1.177930116598019161e+00
1.846472778320312500e+03 6.272626493006616784e+02 1.176392659242951444e+00
1.846493591308593750e+03 6.284136777728559764e+02 1.186590448692840694e+00
1.846514465332031250e+03 6.315321659140179236e+02 1.179393150541674373e+00
1.846535278320312500e+03 6.318340375726834282e+02 1.180424087659079024e+00
1.846556091308593750e+03 6.299041533793508734e+02 1.177628494994452879e+00
1.846576965332031250e+03 6.328646887172079687e+02 1.177736146334048328e+00
1.846597778320312500e+03 6.324474094430596551e+02 1.177917263830137173e+00
1.846618591308593750e+03 6.317491903022972792e+02 1.187107322417452648e+00
1.846639465332031250e+03 6.310466470060288202e+02 1.179932726704251422e+00
1.846660278320312500e+03 6.301737966801513267e+02 1.181051110372146162e+00
1.846681091308593750e+03 6.302047276171956582e+02 1.182546725327848547e+00
1.846701965332031250e+03 6.299123857814258827e+02 1.176834800386146851e+00
1.846722778320312500e+03 6.295212633451504871e+02 1.181914091386651933e+00
1.846743591308593750e+03 6.288629681128430775e+02 1.178217546789454673e+00
1.846764465332031250e+03 6.298774297592412950e+02 1.177062644889213638e+00
1.846785278320312500e+03 6.303341329301420046e+02 1.177444700736532068e+00
1.846806091308593750e+03 6.317888924626124663e+02 1.178043002404246309e+00
1.846826965332031250e+03 6.326742068533027350e+02 1.179288733581562276e+00
1.846847778320312500e+03 6.326020219129114821e+02 1.181330919269379942e+00
1.846868591308593750e+03 6.317882725525356591e+02 1.181547656224559040e+00
1.846889465332031250e+03 6.314053754241290335e+02 1.181542863821385625e+00
1.846910278320312500e+03 6.299331572885397463e+02 1.178112620888186912e+00
1.846931091308593750e+03 6.312270079789120700e+02 1.181341868062615763e+00
1.846951965332031250e+03 6.310122547282106780e+02 1.178013807963871118e+00
1.846972778320312500e+03 6.301323799174106171e+02 1.179736963712979536e+00
1.846993591308593750e+03 6.288694378653082140e+02 1.178102148021594742e+00
1.847014465332031250e+03 6.275774599596261396e+02 1.180204013144298125e+00
1.847035278320312500e+03 6.288328727456985234e+02 1.178686361364806423e+00
1.847056091308593750e+03 6.265461494755872991e+02 1.179248197497958950e+00
1.847076965332031250e+03 6.254110350968819603e+02 1.178709976714215957e+00
1.847097778320312500e+03 6.250751006192527939e+02 1.176130173323016948e+00
1.847118591308593750e+03 6.239534185172084335e+02 1.177076215919424129e+00
1.847139465332031250e+03 6.237072162545579204e+02 1.181684609847686529e+00
1.847160278320312500e+03 6.252345883254483851e+02 1.175943255748748584e+00
1.847181091308593750e+03 6.242908684035965052e+02 1.176334035711239956e+00
1.847201965332031250e+03 6.242964511351929104e+02 1.177838322494805690e+00
1.847222778320312500e+03 6.253301899368168506e+02 1.179435248278943194e+00
1.847243591308593750e+03 6.239318083772457157e+02 1.181351404025659191e+00
1.847264465332031250e+03 6.261062630257595174e+02 1.178890085077912264e+00
1.847285278320312500e+03 6.290089012460133517e+02 1.178275469573688783e+00
1.847306091308593750e+03 6.304037209306892464e+02 1.183379402517525048e+00
1.847326965332031250e+03 6.330349797095075246e+02 1.178581477200824956e+00
1.847347778320312500e+03 6.329637510447200839e+02 1.178726663934934082e+00
1.847368591308593750e+03 6.370061588457325570e+02 1.181879898940674689e+00
1.847389465332031250e+03 6.391166374707975137e+02 1.181820488474002007e+00
1.847410278320312500e+03 6.419687252900655494e+02 1.181754467737231362e+00
1.847431091308593750e+03 6.404948846833551670e+02 1.186813356748273041e+00
1.847451965332031250e+03 6.379296980112753772e+02 1.180607064687951624e+00
1.847472778320312500e+03 6.370458696070769520e+02 1.180755737885202050e+00
1.847493591308593750e+03 6.363663643198693762e+02 1.179688712618375046e+00
1.847514465332031250e+03 6.364561078652553761e+02 1.180726761963421412e+00
1.847535278320312500e+03 6.350862096951350395e+02 1.179802289013760719e+00
1.847556091308593750e+03 6.386792108775800898e+02 1.184962170878319121e+00
1.847576965332031250e+03 6.450467336483188774e+02 1.187926868210715581e+00
1.847597778320312500e+03 6.471257468790591929e+02 1.184615748352524589e+00
1.847618591308593750e+03 6.487104533809077793e+02 1.186948648249853022e+00
1.847639465332031250e+03 6.522302162532855618e+02 1.187829122610181587e+00
1.847660339355468750e+03 6.494033083794297454e+02 1.186808937166645705e+00
1.847681152343750000e+03 6.491429356195550326e+02 1.191276918489388770e+00
1.847701965332031250e+03 6.487264555632056044e+02 1.188871244470935284e+00
1.847722839355468750e+03 6.503341839758633114e+02 1.184685584338185604e+00
1.847743652343750000e+03 6.481661731256974690e+02 1.185465575797569171e+00
1.847764465332031250e+03 6.416779470754685235e+02 1.192736524001659415e+00
1.847785339355468750e+03 6.408063838070042948e+02 1.183466183677687633e+00
1.847806152343750000e+03 6.398219542284788304e+02 1.181230205793898147e+00
1.847826965332031250e+03 6.371620379634069877e+02 1.181788915992052269e+00
1.847847839355468750e+03 6.344289625731269098e+02 1.183604224633931112e+00
1.847868652343750000e+03 6.346123392072518072e+02 1.181788462068429579e+00
1.847889465332031250e+03 6.350007404988280086e+02 1.181171418659276773e+00
1.847910339355468750e+03 6.320039047425426588e+02 1.185705887564498351e+00
1.847951965332031250e+03 6.347895212069936406e+02 1.179679516897916169e+00
1.847972839355468750e+03 6.333367985531665454e+02 1.178951008264938816e+00
1.847993652343750000e+03 6.346300471181809826e+02 1.181356903567231553e+00
1.848014465332031250e+03 6.341725367138892580e+02 1.180620796919086501e+00
1.848035339355468750e+03 6.329810352991964919e+02 1.179943082293416046e+00
1.848056152343750000e+03 6.355397290280911875e+02 1.182731742571221822e+00
1.848076965332031250e+03 6.350216639240845780e+02 1.191261407771532221e+00
1.848097839355468750e+03 6.367076012381228338e+02 1.184551946461471772e+00
1.848118652343750000e+03 6.357426270493398306e+02 1.185800892798772432e+00
1.848139465332031250e+03 6.344363066361842129e+02 1.186398246031768133e+00
1.848160339355468750e+03 6.328478300760127695e+02 1.179959903617706862e+00
1.848181152343750000e+03 6.313307069991767548e+02 1.180603126739259601e+00
1.848201965332031250e+03 6.308236409424637259e+02 1.187347301905043562e+00
1.848222839355468750e+03 6.284802263656978312e+02 1.179961823152982703e+00
1.848243652343750000e+03 6.296025864109649319e+02 1.180872442064031524e+00
1.848264465332031250e+03 6.270152589981331630e+02 1.178727725840984730e+00
1.848285339355468750e+03 6.249397035663233737e+02 1.177943121027512863e+00
1.848306152343750000e+03 6.233567262356151559e+02 1.176780098985017453e+00
1.848326965332031250e+03 6.233680235196693502e+02 1.178877495578700474e+00
1.848347839355468750e+03 6.231409209745639828e+02 1.176168181667908152e+00
1.848368652343750000e+03 6.222389781095799890e+02 1.176273230344562437e+00
1.848389465332031250e+03 6.221998763479524541e+02 1.177685738187137288e+00
1.848410339355468750e+03 6.243975192654365856e+02 1.176027899437133595e+00
1.848431152343750000e+03 6.255763448337213504e+02 1.177619080728163015e+00
1.848451965332031250e+03 6.266693982767302487e+02 1.179310214108427068e+00
1.848472839355468750e+03 6.306500264063831764e+02 1.180608175389054049e+00
1.848493652343750000e+03 6.280803831874993648e+02 1.185758116251774963e+00
1.848514465332031250e+03 6.312193363348176263e+02 1.182657255317703271e+00
1.848535339355468750e+03 6.293563122384414328e+02 1.181241861951133787e+00
1.848556152343750000e+03 6.288487353582039532e+02 1.179025780222027864e+00
1.848576965332031250e+03 6.274571992947616081e+02 1.178693390394064622e+00
1.848597839355468750e+03 6.300806405156873780e+02 1.178917993849800894e+00
1.848618652343750000e+03 6.290676332090044980e+02 1.183925770939361133e+00
1.848639465332031250e+03 6.318360567670758883e+02 1.181380415080124591e+00
1.848660339355468750e+03 6.311100371950235512e+02 1.182295537373708738e+00
1.848681152343750000e+03 6.275663568160975956e+02 1.182366871507528838e+00
1.848701965332031250e+03 6.277946126827956732e+02 1.182361225429044316e+00
1.848722839355468750e+03 6.299930824413906976e+02 1.179735801667924466e+00
1.848743652343750000e+03 6.306892079908483311e+02 1.181034203653424930e+00
1.848764465332031250e+03 6.303878353242021149e+02 1.183477163080788985e+00
1.848785339355468750e+03 6.326810858916422831e+02 1.181790832556536941e+00
1.848806152343750000e+03 6.313752825500960171e+02 1.182698833693295981e+00
1.848826965332031250e+03 6.285674025377765020e+02 1.181208255575171728e+00
1.848847839355468750e+03 6.251356211570185906e+02 1.181751391050691380e+00
1.848868652343750000e+03 6.226104878846499560e+02 1.177901020564602108e+00
1.848889465332031250e+03 6.238048586721469064e+02 1.176462628709290081e+00
1.848910339355468750e+03 6.241344053942715391e+02 1.177528021655171564e+00
1.848931152343750000e+03 6.240528218663780535e+02 1.179434439693101355e+00
1.848951965332031250e+03 6.239167878683681465e+02 1.177171107482599233e+00
1.848972839355468750e+03 6.275030707818758628e+02 1.179278624962945221e+00
1.848993652343750000e+03 6.282742852907265387e+02 1.182968730006975555e+00
1.849014465332031250e+03 6.283018176149587362e+02 1.180259818390366311e+00
1.849035339355468750e+03 6.301920653509799877e+02 1.180501341354079914e+00
1.849056152343750000e+03 6.307745264782653294e+02 1.183885343280695945e+00
1.849076965332031250e+03 6.275825713689628174e+02 1.181234494869459306e+00
1.849097839355468750e+03 6.294372523120005098e+02 1.180820804916249411e+00
1.849118652343750000e+03 6.318452584149825952e+02 1.179192647658968696e+00
1.849139465332031250e+03 6.294294128623711231e+02 1.181616765561674498e+00
1.849160339355468750e+03 6.265613491689034618e+02 1.180950070203477642e+00
1.849181152343750000e+03 6.245384475206673187e+02 1.177331706936606714e+00
1.849201965332031250e+03 6.268326318087936215e+02 1.177419541317212381e+00
1.849222839355468750e+03 6.268391139162008585e+02 1.179902770756567909e+00
1.849243652343750000e+03 6.267781624341834004e+02 1.180186740759647801e+00
1.849264465332031250e+03 6.298719349879529545e+02 1.179214584850710512e+00
1.849285339355468750e+03 6.323556437888196342e+02 1.181349638112384470e+00
1.849306152343750000e+03 6.367191633609890005e+02 1.181942332189046985e+00
1.849326965332031250e+03 6.342948391018068151e+02 1.180779564242833590e+00
1.849347839355468750e+03 6.382829544146595708e+02 1.192075247623275658e+00
1.849368652343750000e+03 6.360403523228923177e+02 1.192562105412975360e+00
1.849389465332031250e+03 6.389710743582203349e+02 1.182956939706835353e+00
1.849410339355468750e+03 6.381569208750973985e+02 1.186463606467961229e+00
1.849431152343750000e+03 6.362389157428593762e+02 1.184119230649559151e+00
1.849451965332031250e+03 6.367849354099863604e+02 1.184102065713242169e+00
1.849472839355468750e+03 6.371017589824718925e+02 1.181501749248073496e+00
1.849493652343750000e+03 6.341865586422741217e+02 1.182872640675716625e+00
1.849514465332031250e+03 6.360836233818836263e+02 1.183554670739958237e+00
1.849535339355468750e+03 6.374157587076605296e+02 1.184553606964335204e+00
1.849556152343750000e+03 6.340810571217343750e+02 1.191692830623268806e+00
1.849576965332031250e+03 6.305051190617684824e+02 1.181010231025431567e+00
1.849597839355468750e+03 6.325641822397029728e+02 1.190074438924420663e+00
1.849618652343750000e+03 6.320984049505356097e+02 1.183239471491871031e+00
1.849639465332031250e+03 6.311554784399114624e+02 1.179727566272342321e+00
1.849660339355468750e+03 6.328148037685411964e+02 1.180034763179721891e+00
1.849681152343750000e+03 6.299957691872924670e+02 1.180890663431546139e+00
1.849701965332031250e+03 6.287340725612205006e+02 1.179635154118541696e+00
1.849722839355468750e+03 6.278531874636178145e+02 1.190032016339486853e+00
1.849743652343750000e+03 6.282761842016088849e+02 1.179414174329387111e+00
1.849764465332031250e+03 6.275402926147866083e+02 1.179995060926542605e+00
1.849785339355468750e+03 6.290486998120366025e+02 1.179399012981698469e+00
1.849806152343750000e+03 6.263643258169721548e+02 1.180359503729450088e+00
1.849827026367187500e+03 6.283787689554956160e+02 1.178975932777537539e+00
1.849847839355468750e+03 6.284650454885986619e+02 1.181595326966205395e+00
1.849868713378906250e+03 6.276038856259382328e+02 1.182724586354085616e+00
1.849889526367187500e+03 6.288872741247068916e+02 1.192781448899532082e+00
1.849910339355468750e+03 6.295136387444165393e+02 1.182062499344887829e+00
1.849931213378906250e+03 6.335179254376887457e+02 1.181782712354117582e+00
1.849952026367187500e+03 6.318292766275840222e+02 1.185197103018797549e+00
1.849972839355468750e+03 6.331808590376248276e+02 1.180067544313265326e+00
1.849993713378906250e+03 6.344008800134599824e+02 1.183807857271707897e+00
1.850014526367187500e+03 6.360193962991031640e+02 1.182654836167216006e+00
1.850035339355468750e+03 6.329377363471583067e+02 1.181469209706498047e+00
1.850056213378906250e+03 6.325924500650463642e+02 1.185122016306697112e+00
1.850077026367187500e+03 6.315574945141952412e+02 1.181194076021623518e+00
1.850097839355468750e+03 6.300217199360459972e+02 1.189683813515741484e+00
1.850118713378906250e+03 6.285854458439727068e+02 1.182670812548653361e+00
1.850139526367187500e+03 6.304549512175810833e+02 1.184251055107588879e+00
1.850160339355468750e+03 6.297935247799033505e+02 1.180108304791644080e+00
1.850181213378906250e+03 6.299730106378045775e+02 1.180689354713198469e+00
1.850202026367187500e+03 6.299779416116469974e+02 1.179413214116481035e+00
1.850222839355468750e+03 6.293248925697200775e+02 1.180343294072740523e+00
1.850243713378906250e+03 6.280263935016409960e+02 1.180136336273868380e+00
1.850264526367187500e+03 6.286408481124627770e+02 1.179647331311802327e+00
1.850285339355468750e+03 6.260273428080322446e+02 1.181732174187927198e+00
1.850306213378906250e+03 6.284751364750627545e+02 1.180758110446604947e+00
1.850327026367187500e+03 6.279159995368373757e+02 1.179752221763606057e+00
1.850347839355468750e+03 6.279460629482210834e+02 1.181926951121417879e+00
1.850368713378906250e+03 6.282003077277569218e+02 1.180390710479109151e+00
1.850389526367187500e+03 6.267869541103630127e+02 1.179903882120656444e+00
1.850410339355468750e+03 6.284061843494923778e+02 1.180509571351701759e+00
1.850431213378906250e+03 6.262011830466601623e+02 1.179916965828269548e+00
1.850452026367187500e+03 6.280920292485754999e+02 1.179960964413903080e+00
1.850472839355468750e+03 6.314906077488443543e+02 1.180957338116535915e+00
1.850493713378906250e+03 6.307361657018099095e+02 1.181945307520008370e+00
1.850514526367187500e+03 6.360657897642445278e+02 1.184475409848703809e+00
1.850535339355468750e+03 6.359253941744809708e+02 1.181488531743916326e+00
1.850556213378906250e+03 6.351001136229226631e+02 1.184429163436614196e+00
1.850577026367187500e+03 6.348130044023993150e+02 1.183402773113653828e+00
1.850597839355468750e+03 6.382978196164468727e+02 1.182788486816469309e+00
1.850618713378906250e+03 6.364060784050492430e+02 1.183013219696631202e+00
1.850639526367187500e+03 6.363596555199090972e+02 1.184947985944111215e+00
1.850660339355468750e+03 6.372928526884320490e+02 1.183330292541107109e+00
1.850681213378906250e+03 6.369797577617905517e+02 1.182931645589552661e+00
1.850702026367187500e+03 6.378838446731587055e+02 1.184220201748366952e+00
1.850722839355468750e+03 6.381512792516255104e+02 1.184952965780781797e+00
1.850743713378906250e+03 6.384305629559013369e+02 1.185795212805586640e+00
1.850764526367187500e+03 6.385949985308867554e+02 1.184648503351230175e+00
1.850785339355468750e+03 6.381842584249216088e+02 1.183368674050509162e+00
1.850806213378906250e+03 6.365998414408483086e+02 1.193563240980693552e+00
1.850827026367187500e+03 6.385810911969219887e+02 1.183484667293115189e+00
1.850847839355468750e+03 6.389254865322708383e+02 1.186471443449917729e+00
1.850868713378906250e+03 6.387210259929455560e+02 1.186905963286913224e+00
1.850889526367187500e+03 6.382079048279535982e+02 1.185741779325437228e+00
1.850910339355468750e+03 6.366281068393896021e+02 1.182970896587810072e+00
1.850931213378906250e+03 6.380043877708920945e+02 1.188125947312765440e+00
1.850952026367187500e+03 6.385917296585482745e+02 1.183472378491042365e+00
1.850972839355468750e+03 6.376859493244326131e+02 1.189151769587968532e+00
1.850993713378906250e+03 6.359085443266498032e+02 1.185423843058142079e+00
1.851014526367187500e+03 6.350792453934097921e+02 1.184402944592465090e+00
1.851035339355468750e+03 6.356803795839276745e+02 1.184903971326220384e+00
1.851056213378906250e+03 6.343891714480539576e+02 1.186817876757914059e+00
1.851077026367187500e+03 6.337608888253013220e+02 1.182591684509026742e+00
1.851097839355468750e+03 6.356413014206041225e+02 1.182573892571067153e+00
1.851118713378906250e+03 6.341550865061270770e+02 1.183169600527225862e+00
1.851139526367187500e+03 6.333115307874296604e+02 1.181476121280987002e+00
1.851160339355468750e+03 6.322978426650594201e+02 1.186075711646448649e+00
1.851181213378906250e+03 6.335299204741626227e+02 1.183091412695727707e+00
1.851202026367187500e+03 6.322874630682501902e+02 1.183070051203901851e+00
1.851222839355468750e+03 6.360666487974959864e+02 1.184216376479795718e+00
1.851243713378906250e+03 6.397293070837574760e+02 1.188085311395322474e+00
1.851264526367187500e+03 6.401848499194527449e+02 1.196310287598697064e+00
1.851285339355468750e+03 6.431575067096594012e+02 1.185799736696169893e+00
1.851306213378906250e+03 6.434336825915848976e+02 1.191183901190869365e+00
1.851327026367187500e+03 6.393033470552184099e+02 1.184647798952184639e+00
1.851347839355468750e+03 6.348194283682239529e+02 1.188242429240848663e+00
1.851368713378906250e+03 6.333174655438880336e+02 1.182849763512546337e+00
1.851389526367187500e+03 6.298972048753400941e+02 1.181270825237795918e+00
1.851410339355468750e+03 6.273997890713858396e+02 1.183474896698583301e+00
1.851431213378906250e+03 6.253601061272489687e+02 1.182048430888387180e+00
1.851452026367187500e+03 6.250524245813058997e+02 1.185211536423035117e+00
1.851472839355468750e+03 6.243299643995451333e+02 1.182275169806423776e+00
1.851493713378906250e+03 6.249990699046269356e+02 1.182060230250325805e+00
1.851514526367187500e+03 6.230432968784866716e+02 1.178751947152561375e+00
1.851535339355468750e+03 6.242497403621739522e+02 1.182285555292990731e+00
1.851556213378906250e+03 6.211771926646148358e+02 1.178820108005572243e+00
1.851577026367187500e+03 6.210274277082902472e+02 1.179932474127770581e+00
1.851597839355468750e+03 6.211730713562807296e+02 1.178589113730311499e+00
1.851618713378906250e+03 6.233061869553675933e+02 1.184427251141307869e+00
1.851639526367187500e+03 6.222150511541306059e+02 1.180828326009840445e+00
1.851660339355468750e+03 6.240420855740205752e+02 1.182224148518284501e+00
1.851681213378906250e+03 6.215976075382072850e+02 1.180614587143172800e+00
1.851702026367187500e+03 6.212390627259543407e+02 1.184761151494938991e+00
1.851722839355468750e+03 6.222088617321134052e+02 1.178970118790279686e+00
1.851743713378906250e+03 6.206448968384135014e+02 1.180654167594495929e+00
1.851764526367187500e+03 6.212136412613616585e+02 1.182536745367469333e+00
1.851785339355468750e+03 6.197660250582107437e+02 1.178823344031157294e+00
1.851806213378906250e+03 6.186823388160128161e+02 1.177612804508824773e+00
1.851827026367187500e+03 6.216546137947503894e+02 1.180262090946282205e+00
1.851847839355468750e+03 6.215002290634004112e+02 1.179621107241549893e+00
1.851868713378906250e+03 6.258236520198532844e+02 1.183371897637674808e+00
1.851889526367187500e+03 6.268525342346069920e+02 1.183332911791300956e+00
1.851910339355468750e+03 6.259741503174589070e+02 1.182768581285544851e+00
1.851931213378906250e+03 6.266013089420836195e+02 1.183375020479367601e+00
1.851952026367187500e+03 6.260532102461133945e+02 1.181197507388271672e+00
1.851972839355468750e+03 6.297758237806655188e+02 1.185314777914161954e+00
1.851993713378906250e+03 6.323413367127494666e+02 1.185931324094591011e+00
1.852014526367187500e+03 6.318343040885871460e+02 1.183172824656772981e+00
1.852035339355468750e+03 6.326153789736430326e+02 1.182709215459628371e+00
1.852056213378906250e+03 6.314669900721120257e+02 1.183751111538615897e+00
1.852077026367187500e+03 6.299099561523967168e+02 1.183276546261892159e+00
1.852097839355468750e+03 6.327781766185735250e+02 1.184220453410339768e+00
1.852118713378906250e+03 6.295035718739801496e+02 1.187819839370561681e+00
1.852139526367187500e+03 6.293358432969325804e+02 1.191281071324734153e+00
1.852160339355468750e+03 6.280708706599548350e+02 1.181008212255596934e+00
1.852181213378906250e+03 6.265180030972026088e+02 1.181649351481852683e+00
1.852202026367187500e+03 6.275718250281671544e+02 1.181982523738932089e+00
1.852222839355468750e+03 6.262829689147250747e+02 1.184857137977434194e+00
1.852243713378906250e+03 6.269313747950126299e+02 1.180995342516779623e+00
1.852264526367187500e+03 6.268133785389655941e+02 1.183714605525328700e+00
1.852285339355468750e+03 6.283870906042227489e+02 1.183681371485959088e+00
1.852306213378906250e+03 6.264451815978057994e+02 1.181843385561041515e+00
1.852327026367187500e+03 6.250659278837006241e+02 1.180493212281698900e+00
1.852347839355468750e+03 6.272026813136161536e+02 1.182186486135114123e+00
1.852368713378906250e+03 6.221762684007428561e+02 1.180036783614902385e+00
1.852389526367187500e+03 6.217316762545635811e+02 1.180727367739098588e+00
1.852410339355468750e+03 6.224909328403430209e+02 1.189433080444816548e+00
1.852431213378906250e+03 6.207011429266058258e+02 1.182371509337543092e+00
1.852452026367187500e+03 6.213848559564136167e+02 1.181162587721054091e+00
1.852472900390625000e+03 6.194585881963555494e+02 1.179314712333918935e+00
1.852493713378906250e+03 6.204438489644497849e+02 1.179176573605027034e+00
1.852514587402343750e+03 6.199741837660858437e+02 1.184151647035367905e+00
1.852535400390625000e+03 6.209108501674985519e+02 1.178511835837539490e+00
1.852556213378906250e+03 6.205244620168515439e+02 1.180713182410418005e+00
1.852577087402343750e+03 6.210614325274066232e+02 1.179018146520841137e+00
1.852597900390625000e+03 6.194526729990687954e+02 1.178397882160270083e+00
1.852618713378906250e+03 6.177313279093926894e+02 1.178469300489688232e+00
1.852639587402343750e+03 6.196964407487406561e+02 1.191820016521885073e+00
1.852660400390625000e+03 6.192163563222304674e+02 1.177789234509516891e+00
1.852681213378906250e+03 6.174768531224208346e+02 1.179307585923794255e+00
1.852702087402343750e+03 6.183957285714058116e+02 1.178195591033549983e+00
1.852722900390625000e+03 6.153197600262722062e+02 1.176595462980702944e+00
1.852743713378906250e+03 6.148911855513788396e+02 1.176908136793680226e+00
1.852764587402343750e+03 6.154078012300412865e+02 1.177657243470851878e+00
1.852785400390625000e+03 6.146611134733379913e+02 1.178034400997860276e+00
1.852806213378906250e+03 6.137493846266427227e+02 1.180465795183807121e+00
1.852827087402343750e+03 6.130992452597454303e+02 1.181593157863112920e+00
1.852847900390625000e+03 6.143862745743927007e+02 1.178685653402701483e+00
1.852868713378906250e+03 6.126370204763196625e+02 1.176163772762875981e+00
1.852889587402343750e+03 6.130207031452715682e+02 1.179519995108768482e+00
1.852910400390625000e+03 6.121975704378056662e+02 1.179852606732935127e+00
1.852931213378906250e+03 6.124091299901091361e+02 1.178153853733465706e+00
1.852952087402343750e+03 6.133477864311951180e+02 1.179031745596499370e+00
1.852972900390625000e+03 6.123647677522295680e+02 1.177347401168416852e+00
1.852993713378906250e+03 6.117763914484708039e+02 1.178958440172714450e+00
1.853014587402343750e+03 6.125275339813464370e+02 1.176048273834418678e+00
1.853035400390625000e+03 6.112060952207690434e+02 1.177241942035659239e+00
1.853056213378906250e+03 6.115062055518736770e+02 1.176941156943693167e+00
1.853077087402343750e+03 6.117215742110412293e+02 1.177301532922510052e+00
1.853097900390625000e+03 6.106057785350596987e+02 1.179345239163716030e+00
1.853118713378906250e+03 6.126539686462058398e+02 1.177411188473618475e+00
1.853139587402343750e+03 6.106770430043617353e+02 1.176878914201074933e+00
1.853160400390625000e+03 6.110750201726108344e+02 1.176647538839236784e+00
1.853181213378906250e+03 6.129823294238418612e+02 1.176697991461201465e+00
1.853202087402343750e+03 6.114163933538890205e+02 1.180604691823004870e+00
1.853222900390625000e+03 6.145919542756799956e+02 1.182530142418093178e+00
1.853243713378906250e+03 6.123037381893399242e+02 1.180867293593456768e+00
1.853264587402343750e+03 6.114733043423241270e+02 1.176878458383657788e+00
1.853285400390625000e+03 6.117586402137728783e+02 1.180332184522131289e+00
1.853327087402343750e+03 6.076101714679873567e+02 1.177448649248503898e+00
1.853347900390625000e+03 6.090271952288167085e+02 1.178509357601363883e+00
1.853368713378906250e+03 6.082812169556434583e+02 1.177826632655031958e+00
1.853389587402343750e+03 6.089675004942420173e+02 1.176499005107726425e+00
1.853410400390625000e+03 6.054722088186913425e+02 1.176277182788910913e+00
1.853431213378906250e+03 6.072094774862770237e+02 1.177968977657305683e+00
1.853452087402343750e+03 6.087987074945978065e+02 1.181186809565227591e+00
1.853472900390625000e+03 6.086706085760212090e+02 1.175815366332414458e+00
1.853493713378906250e+03 6.065371645234878315e+02 1.178146264974593072e+00
1.853514587402343750e+03 6.058309802126630075e+02 1.176360941082899236e+00
1.853535400390625000e+03 6.068838183666643999e+02 1.174694179750342959e+00
1.853556213378906250e+03 6.045182243314810648e+02 1.179579976215299197e+00
1.853577087402343750e+03 6.052401535514521811e+02 1.177887459037378459e+00
1.853597900390625000e+03 6.044376790269419644e+02 1.174710162919151646e+00
1.853618713378906250e+03 6.060671814695951980e+02 1.177538752717942172e+00
1.853639587402343750e+03 6.050345393274924390e+02 1.174366959021032608e+00
1.853660400390625000e+03 6.072583549150568842e+02 1.175658717059809844e+00
1.853681213378906250e+03 6.063406220455306084e+02 1.178517803813474263e+00
1.853702087402343750e+03 6.055904171617351039e+02 1.178667650794859689e+00
1.853722900390625000e+03 6.071843426862631077e+02 1.176317111866516552e+00
1.853743713378906250e+03 6.080282551936739992e+02 1.179312690661663332e+00
1.853764587402343750e+03 6.070989088226153854e+02 1.175420154366676684e+00
1.853785400390625000e+03 6.080134386309689489e+02 1.179101356252311383e+00
1.853806213378906250e+03 6.079032340454193672e+02 1.179697504064317837e+00
1.853827087402343750e+03 6.069033100418039339e+02 1.175864688789557633e+00
1.853847900390625000e+03 6.081073203266955716e+02 1.176562686428749283e+00
1.853868713378906250e+03 6.101424748462858361e+02 1.180038349449788138e+00
1.853889587402343750e+03 6.115417213021780753e+02 1.176727421158381359e+00
1.853910400390625000e+03 6.107970115855601989e+02 1.176415813973115565e+00
1.853931213378906250e+03 6.101586065839103412e+02 1.179723120145309112e+00
1.853952087402343750e+03 6.093475234198833732e+02 1.187453871383180370e+00
1.853972900390625000e+03 6.104660945503269431e+02 1.178509003567199231e+00
1.853993713378906250e+03 6.098868100577393534e+02 1.177095154334382165e+00
1.854014587402343750e+03 6.071540905760033411e+02 1.175443531086825422e+00
1.854035400390625000e+03 6.080654812833065535e+02 1.178439863713943048e+00
1.854056213378906250e+03 6.081584895659864287e+02 1.175556199343632757e+00
1.854077087402343750e+03 6.067985762951957440e+02 1.177502256581600237e+00
1.854097900390625000e+03 6.089541542912905925e+02 1.177018284758543976e+00
1.854118713378906250e+03 6.079015568217685086e+02 1.177485956970836023e+00
1.854139587402343750e+03 6.061550935618406584e+02 1.178019626670896436e+00
1.854160400390625000e+03 6.064917259650666210e+02 1.178187142511553986e+00
1.854181213378906250e+03 6.062414661787004206e+02 1.177620649777771256e+00
1.854202087402343750e+03 6.062494139853966999e+02 1.178685198283980995e+00
1.854222900390625000e+03 6.051695923912484432e+02 1.182229996919960779e+00
1.854243713378906250e+03 6.037676461897575564e+02 1.175565731535962222e+00
1.854264587402343750e+03 6.054406838395626664e+02 1.177668327643134338e+00
1.854285400390625000e+03 6.033785533053697918e+02 1.178469199333642470e+00
1.854306213378906250e+03 6.066566126063839874e+02 1.178177833890225346e+00
1.854327087402343750e+03 6.063647307154341206e+02 1.177184221563389199e+00
1.854347900390625000e+03 6.060108955597594331e+02 1.175920142401231105e+00
1.854368713378906250e+03 6.061417403694280210e+02 1.176478385198225007e+00
1.854389587402343750e+03 6.064301052188396852e+02 1.182179578713750123e+00
1.854410400390625000e+03 6.068669717471590275e+02 1.181663273365724409e+00
1.854431213378906250e+03 6.082225807323898152e+02 1.179472695303443563e+00
1.854452087402343750e+03 6.075238164064629700e+02 1.178418620223104396e+00
1.854472900390625000e+03 6.081241757972065898e+02 1.176226357395717237e+00
1.854493713378906250e+03 6.062087679687691661e+02 1.179036851528642016e+00
1.854514587402343750e+03 6.059600435505459473e+02 1.186958691547462141e+00
1.854535400390625000e+03 6.081204863869675137e+02 1.176994686108231436e+00
1.854556213378906250e+03 6.067592326434679535e+02 1.176676260627199211e+00
1.854577087402343750e+03 6.066165100528837684e+02 1.177566035498474495e+00
1.854597900390625000e+03 6.104849546747082059e+02 1.180697431952571375e+00
1.854618713378906250e+03 6.069630873983924175e+02 1.179753181700590403e+00
1.854639587402343750e+03 6.094006594210203502e+02 1.182078735849993345e+00
1.854660400390625000e+03 6.076491821098421724e+02 1.178225539797160382e+00
1.854681213378906250e+03 6.074783560350000471e+02 1.182114384785343253e+00
1.854702087402343750e+03 6.090560912564677665e+02 1.189949019966922483e+00
1.854722900390625000e+03 6.089775442217511454e+02 1.178908337085006419e+00
1.854743713378906250e+03 6.086185215419686756e+02 1.179662590521756593e+00
1.854764587402343750e+03 6.080469436303458224e+02 1.180497907963877768e+00
1.854785400390625000e+03 6.078691140299500830e+02 1.181103090707799508e+00
1.854806213378906250e+03 6.093803627122126727e+02 1.179546120363289097e+00
1.854827087402343750e+03 6.128747008073486313e+02 1.182705284510281007e+00
1.854847900390625000e+03 6.114460414691878896e+02 1.185405138269200354e+00
1.856410461425781250e+03 6.188673295916028110e+02 1.203299868867737432e+00
1.856431274414062500e+03 6.192620643354649701e+02 1.200002557036536466e+00
1.856452087402343750e+03 6.172669337968526406e+02 1.201454637941926418e+00
1.856472961425781250e+03 6.183539391537696019e+02 1.203433752695498349e+00
1.856493774414062500e+03 6.205328371319056942e+02 1.204073197896219583e+00
1.856514587402343750e+03 6.207147068622286952e+02 1.212144361034699580e+00
1.856535461425781250e+03 6.199276562290103811e+02 1.208401343744611056e+00
1.856556274414062500e+03 6.218633212530558012e+02 1.207127341979307600e+00
1.856577087402343750e+03 6.208951207335568370e+02 1.209462997034501663e+00
1.856597961425781250e+03 6.207961925863041870e+02 1.212252044886844571e+00
1.856618774414062500e+03 6.216410988700712323e+02 1.211755882102520943e+00
1.856639587402343750e+03 6.215846626811929809e+02 1.214740515735293735e+00
1.856660461425781250e+03 6.200682554447516850e+02 1.222011457077359919e+00
1.856681274414062500e+03 6.201773598274270398e+02 1.215466845503910154e+00
1.856702087402343750e+03 6.203015709344203970e+02 1.217497353051537390e+00
1.856722961425781250e+03 6.193459766879997233e+02 1.218851916624584808e+00
1.856743774414062500e+03 6.220133765974119342e+02 1.228450415598441703e+00
1.856764587402343750e+03 6.218811803097387383e+02 1.226113692863161075e+00
1.856785461425781250e+03 6.186726225342895304e+02 1.226863848362989229e+00
1.856806274414062500e+03 6.208469097654018469e+02 1.227364879015918397e+00
1.856827087402343750e+03 6.174753932929960456e+02 1.228313095792174403e+00
1.856847961425781250e+03 6.200828880531581717e+02 1.231871613566071000e+00
1.856868774414062500e+03 6.219931480655018277e+02 1.237548804043265172e+00
1.856889587402343750e+03 6.223089906094128310e+02 1.237880461420266531e+00
1.856910461425781250e+03 6.230444026482423396e+02 1.239920845350984902e+00
1.856931274414062500e+03 6.240496021235787794e+02 1.243766069548036812e+00
1.856952087402343750e+03 6.235263128326204196e+02 1.245199187327437507e+00
1.856972961425781250e+03 6.247999074721495845e+02 1.249213114064321895e+00
1.856993774414062500e+03 6.257066146916992011e+02 1.257826905730782041e+00
1.857014587402343750e+03 6.247352134202782281e+02 1.254348391719682265e+00
1.857035461425781250e+03 6.276857441217864562e+02 1.252696895008954536e+00
1.857056274414062500e+03 6.248564158829199187e+02 1.252585169700332290e+00
1.857077087402343750e+03 6.262330881634662774e+02 1.259105325985014012e+00
1.857097961425781250e+03 6.256447107219648842e+02 1.255313404587184101e+00
1.857118774414062500e+03 6.260472398226468158e+02 1.254702924013641363e+00
1.857139587402343750e+03 6.276728120536151891e+02 1.260144837547128915e+00
1.857160461425781250e+03 6.268510538284745053e+02 1.255348065883577613e+00
1.857181274414062500e+03 6.271670399116997032e+02 1.256377687180552316e+00
1.857202087402343750e+03 6.286079786425257225e+02 1.256302252674398545e+00
1.857222961425781250e+03 6.288390135104281171e+02 1.256113409331480746e+00
1.857243774414062500e+03 6.300373710079079501e+02 1.256813505575726353e+00
1.857264587402343750e+03 6.302569186912404575e+02 1.260009741972546227e+00
1.857285461425781250e+03 6.313241990703295414e+02 1.260604508119463008e+00
1.857306274414062500e+03 6.323091550690093072e+02 1.263576969786739834e+00
1.857327087402343750e+03 6.322917267759270317e+02 1.260700346284172602e+00
1.857347961425781250e+03 6.344453831520290805e+02 1.261092559091693044e+00
1.857368774414062500e+03 6.337821660833344595e+02 1.261880019897331229e+00
1.857389587402343750e+03 6.341431845767153845e+02 1.263295419739737913e+00
1.857410461425781250e+03 6.334606143381585071e+02 1.261817337766784286e+00
1.857431274414062500e+03 6.340974667216727312e+02 1.259775986739726683e+00
1.857452087402343750e+03 6.347797739411741986e+02 1.261374222807077228e+00
1.857472961425781250e+03 6.340125017706641302e+02 1.261562703878874370e+00
1.857493774414062500e+03 6.349839285464065597e+02 1.259470350569970254e+00
1.857514587402343750e+03 6.340219712613868523e+02 1.260045645886089138e+00
1.857535461425781250e+03 6.330744008326403218e+02 1.261129613750879841e+00
1.857556274414062500e+03 6.336863519050117475e+02 1.259402863073585399e+00
1.857577087402343750e+03 6.327438792605771596e+02 1.258550155140368387e+00
1.857597961425781250e+03 6.326469528255300929e+02 1.261734244898082835e+00
1.857618774414062500e+03 6.330292870619986161e+02 1.259255428648609731e+00
1.857639587402343750e+03 6.345693193000926158e+02 1.260164750620957674e+00
1.857660461425781250e+03 6.315887430663658506e+02 1.258598697967558966e+00
1.857681274414062500e+03 6.343963738555011105e+02 1.257670518905788626e+00
1.857702087402343750e+03 6.366019848267583257e+02 1.261843081746561790e+00
1.857722961425781250e+03 6.347275326289682198e+02 1.255377550972794021e+00
1.857743774414062500e+03 6.367432944769784626e+02 1.257885237776368292e+00
1.857764587402343750e+03 6.386408783807861482e+02 1.255586870449066028e+00
1.857785461425781250e+03 6.372014947712179946e+02 1.255680813116175853e+00
1.857806274414062500e+03 6.372528532829029473e+02 1.254706249358251036e+00
1.857827087402343750e+03 6.394380220929456300e+02 1.256168973976200309e+00
1.857847961425781250e+03 6.377864714243752360e+02 1.254698268516381443e+00
1.857868774414062500e+03 6.359245946967963619e+02 1.248941641031327876e+00
1.857889587402343750e+03 6.388757017998020729e+02 1.250144854735504296e+00
1.857910461425781250e+03 6.357486926601602590e+02 1.247077099476196826e+00
1.857931274414062500e+03 6.342464529405912117e+02 1.246245037210544471e+00
1.857952087402343750e+03 6.348831823557128473e+02 1.243446479835882412e+00
1.857972961425781250e+03 6.375301904771807813e+02 1.247825399934469504e+00
1.857993774414062500e+03 6.356471239623094789e+02 1.241250746574062092e+00
1.858014587402343750e+03 6.358941219346006619e+02 1.241199028144084782e+00
1.858035461425781250e+03 6.380985591146236402e+02 1.240902794165550604e+00
1.858056274414062500e+03 6.344051741865528129e+02 1.237782471140150165e+00
1.858077087402343750e+03 6.331749199809156607e+02 1.236788743737976759e+00
1.858097961425781250e+03 6.356954137102878803e+02 1.240233798289728018e+00
1.858118774414062500e+03 6.338337794632776649e+02 1.237613919341726154e+00
1.858139587402343750e+03 6.343335277758851589e+02 1.234614240422782450e+00
1.858160461425781250e+03 6.336781332541577285e+02 1.234746949375336245e+00
1.858181274414062500e+03 6.351356237436574474e+02 1.233278149366860976e+00
1.858202087402343750e+03 6.317460760844583092e+02 1.231357556210326276e+00
1.858222961425781250e+03 6.306070010199681519e+02 1.230253558036869865e+00
1.858243774414062500e+03 6.290041914184736243e+02 1.228282330168833925e+00
1.858264587402343750e+03 6.290058437954935471e+02 1.228777640682806593e+00
1.858285461425781250e+03 6.259420316780549456e+02 1.225351209313632506e+00
1.858306274414062500e+03 6.250153212894730359e+02 1.225999350561620238e+00
1.858327087402343750e+03 6.263824312044380349e+02 1.229999658693095688e+00
1.858347961425781250e+03 6.229375434079991010e+02 1.220284938134672759e+00
1.858368774414062500e+03 6.217630583465017935e+02 1.218475359758732335e+00
1.858389587402343750e+03 6.210370686930222064e+02 1.217060091257540000e+00
1.858410461425781250e+03 6.217097853382031190e+02 1.218151826049352904e+00
1.858431274414062500e+03 6.184396885463117997e+02 1.215667739548317305e+00
1.858452087402343750e+03 6.182952240231993528e+02 1.213027233840131780e+00
1.858472961425781250e+03 6.166423169941515425e+02 1.216795797332237417e+00
1.858493774414062500e+03 6.162048575232498706e+02 1.211210601528061037e+00
1.858514587402343750e+03 6.155225128438601132e+02 1.211612095126448407e+00
1.858535461425781250e+03 6.162575350796206521e+02 1.209879653084603435e+00
1.858556274414062500e+03 6.151744820287865423e+02 1.215117592321144357e+00
1.858577087402343750e+03 6.146286656973207982e+02 1.209904186774438895e+00
1.858597961425781250e+03 6.145436197818631854e+02 1.205998197769286184e+00
1.858618774414062500e+03 6.126317267069269974e+02 1.205434341582381608e+00
1.858639587402343750e+03 6.106451318492327118e+02 1.211221083383476005e+00
1.858660461425781250e+03 6.105266552568666611e+02 1.205000270511074500e+00
1.858681274414062500e+03 6.128184114570077554e+02 1.206484081107960238e+00
1.858702087402343750e+03 6.097386784058558078e+02 1.203954584041385223e+00
1.858722961425781250e+03 6.097119162696515104e+02 1.202676169166184472e+00
1.858743774414062500e+03 6.107140742597663348e+02 1.201788767132801805e+00
1.858764587402343750e+03 6.103918663339995874e+02 1.200289369502780312e+00
1.858785461425781250e+03 6.076187176574652540e+02 1.202591517687405132e+00
1.858806274414062500e+03 6.080343930111465625e+02 1.199115413227011429e+00
1.858827087402343750e+03 6.091023231937755327e+02 1.202861063356680082e+00
1.858847961425781250e+03 6.093463086292164235e+02 1.197680850936539532e+00
1.858868774414062500e+03 6.061268540891646808e+02 1.198693623335853831e+00
1.858889587402343750e+03 6.065788341209979535e+02 1.197696676648203118e+00
1.858910461425781250e+03 6.066413883778639047e+02 1.195091227077880180e+00
1.858931274414062500e+03 6.083061316217703052e+02 1.198878982573922336e+00
1.858952087402343750e+03 6.059662956144514965e+02 1.195278890299286134e+00
1.858972961425781250e+03 6.063017870944196375e+02 1.193988540543304611e+00
1.858993774414062500e+03 6.057562279280507482e+02 1.193327908015216821e+00
1.859014587402343750e+03 6.037804260858353018e+02 1.193952796846429854e+00
1.859035461425781250e+03 6.011777075287739081e+02 1.190917368157905054e+00
1.859056274414062500e+03 6.005605387578697218e+02 1.191529514627529318e+00
1.859077087402343750e+03 6.002127837515705551e+02 1.196520674724950384e+00
1.859097961425781250e+03 5.994849573601309203e+02 1.189566119860599791e+00
1.859118774414062500e+03 6.003957727662033221e+02 1.189602145677028266e+00
1.859139587402343750e+03 6.013240806301060957e+02 1.199968929683264740e+00
1.859160461425781250e+03 5.985128030708139022e+02 1.188558809166243790e+00
1.859181274414062500e+03 5.990630252721484794e+02 1.189953427886032644e+00
1.859202087402343750e+03 6.014085242539398450e+02 1.194522721414202460e+00
1.859222961425781250e+03 6.028629280287831307e+02 1.188063136641878570e+00
1.859243774414062500e+03 6.012281679711010156e+02 1.188380366799476340e+00
1.859264587402343750e+03 6.012978570238208249e+02 1.188164474899090495e+00
1.859285461425781250e+03 6.004332259758768942e+02 1.197420592492467684e+00
1.859306274414062500e+03 6.007094100711843794e+02 1.183273322414960971e+00
1.859327087402343750e+03 6.008836478149642062e+02 1.188610561468093296e+00
1.859347961425781250e+03 6.003192498979645961e+02 1.184770207155688482e+00
1.859368774414062500e+03 6.008870141222079155e+02 1.188444615156454276e+00
1.859389587402343750e+03 6.019243831475941988e+02 1.190257534882208645e+00
1.859410461425781250e+03 5.989288233318949324e+02 1.196050029929832670e+00
1.859431274414062500e+03 5.988226234690632737e+02 1.187014932443716253e+00
1.859452087402343750e+03 5.994660079326811228e+02 1.185005881540373673e+00
1.859472961425781250e+03 5.986632458656071094e+02 1.186666848891669401e+00
1.859493774414062500e+03 5.994631865224686180e+02 1.185513491215517190e+00
1.859514587402343750e+03 5.986840133660214178e+02 1.184792141691519252e+00
1.859535461425781250e+03 5.998783951760591435e+02 1.184946678104747964e+00
1.859556274414062500e+03 6.020805628534335483e+02 1.187321448705896065e+00
1.859577087402343750e+03 6.012775238686133434e+02 1.184067986788487348e+00
1.859597961425781250e+03 6.002732800996055857e+02 1.185861109106478573e+00
1.859618774414062500e+03 6.010436347582307235e+02 1.189004797920190759e+00
1.859639587402343750e+03 6.028015659750112718e+02 1.183770648087396404e+00
1.859660461425781250e+03 6.006302737086591605e+02 1.182928219253187585e+00
1.859681274414062500e+03 5.992356267032096184e+02 1.184673056427641757e+00
1.859702087402343750e+03 5.988972872040325228e+02 1.186774132386177572e+00
1.859722961425781250e+03 6.025620865182490888e+02 1.185554265560134324e+00
1.859743774414062500e+03 6.030156082389715948e+02 1.186949351283451692e+00
1.859764587402343750e+03 6.008542850098328927e+02 1.193785046767013913e+00
1.859785461425781250e+03 6.015178829098433653e+02 1.183498366135185442e+00
1.859806274414062500e+03 6.050491060506141139e+02 1.187388063475585787e+00
1.859827087402343750e+03 6.033201535920737797e+02 1.184517025043841709e+00
1.859847961425781250e+03 6.041232734818192966e+02 1.184759139116483784e+00
1.859868774414062500e+03 6.030978155958954403e+02 1.186279271752482156e+00
1.859889587402343750e+03 6.050588454587722254e+02 1.183419696360667794e+00
1.859910461425781250e+03 6.039756188931918359e+02 1.189486398215855001e+00
1.859931274414062500e+03 6.034442940896133223e+02 1.186861519076586546e+00
1.859952087402343750e+03 6.075639323607573488e+02 1.186516505091631091e+00
1.859972961425781250e+03 6.080015139271190492e+02 1.187613833141354602e+00
1.859993774414062500e+03 6.070698570585384459e+02 1.184247129276171151e+00
1.860014587402343750e+03 6.059671855678808470e+02 1.186417337077170897e+00
1.860035461425781250e+03 6.094076336706441452e+02 1.185550444596021213e+00
1.860056274414062500e+03 6.070952334615492418e+02 1.184831129829639007e+00
1.860077087402343750e+03 6.095641468413149369e+02 1.184869865160867786e+00
1.860097961425781250e+03 6.097558333693988288e+02 1.185749872415540862e+00
1.860118774414062500e+03 6.110250113355282338e+02 1.184293986747979810e+00
1.860139587402343750e+03 6.134991051807265876e+02 1.187152259506455199e+00
1.860160461425781250e+03 6.131391733567875235e+02 1.186043749888457954e+00
1.860181274414062500e+03 6.153769668095787893e+02 1.191019414418398759e+00
1.860202087402343750e+03 6.138700684685977649e+02 1.187699451762387115e+00
1.860222961425781250e+03 6.167442276699999866e+02 1.193785196554384420e+00
1.860243774414062500e+03 6.171303370444074972e+02 1.190429687500000000e+00
1.860264587402343750e+03 6.169606435083077258e+02 1.189446911224019798e+00
1.860285461425781250e+03 6.188834982255609702e+02 1.190713299458208363e+00
1.860306274414062500e+03 6.194166750004580990e+02 1.189469711614006053e+00
1.860327087402343750e+03 6.216993917023311269e+02 1.189120893009551594e+00
1.860347961425781250e+03 6.224226400326926978e+02 1.189417846356957131e+00
1.860368774414062500e+03 6.226499597605991312e+02 1.188639044331777361e+00
1.860389587402343750e+03 6.217882897780308440e+02 1.190014586078784742e+00
1.860410461425781250e+03 6.253400291509784665e+02 1.189782358590807165e+00
1.860431274414062500e+03 6.255027683543466992e+02 1.190826425009555045e+00
1.860452087402343750e+03 6.252219536950192378e+02 1.195953845332804244e+00
1.860472961425781250e+03 6.268715053901790952e+02 1.192510124739365018e+00
1.860493774414062500e+03 6.287477399598545844e+02 1.191747797802922504e+00
1.860514587402343750e+03 6.258746978904919160e+02 1.189582704899093679e+00
1.860535461425781250e+03 6.291670393171401656e+02 1.189868071640013847e+00
1.860556274414062500e+03 6.280917339875801417e+02 1.200499307545657146e+00
1.860577087402343750e+03 6.297859473861785773e+02 1.194811248397111836e+00
1.860597961425781250e+03 6.289378168934872519e+02 1.190997844799791761e+00
1.860618774414062500e+03 6.279096861064498398e+02 1.191959140250099747e+00
1.860639587402343750e+03 6.309424354340760601e+02 1.201678508818356139e+00
1.860660461425781250e+03 6.318067615134664265e+02 1.192770954914673220e+00
1.860681274414062500e+03 6.302843316966460634e+02 1.192846659450296221e+00
1.860702087402343750e+03 6.294687102411601245e+02 1.193870672148412027e+00
1.860722961425781250e+03 6.308571065125488531e+02 1.192626478337610152e+00
1.860743774414062500e+03 6.317658905501475601e+02 1.192324875182439792e+00
1.860764587402343750e+03 6.318827050924589912e+02 1.192673906165366615e+00
1.860785461425781250e+03 6.329881231486367597e+02 1.191006552767083226e+00
1.860806274414062500e+03 6.368516107950417791e+02 1.193870921776114313e+00
1.860827087402343750e+03 6.370001558428546105e+02 1.193835973389922200e+00
1.860847961425781250e+03 6.381330917510557583e+02 1.193846807499059137e+00
1.860868774414062500e+03 6.339899137799435493e+02 1.192834117314747866e+00
1.860889587402343750e+03 6.349133429054336375e+02 1.195999048073176141e+00
1.860910461425781250e+03 6.339785307705793684e+02 1.193118106908054754e+00
1.860931274414062500e+03 6.370747642187762949e+02 1.193932777911848042e+00
1.860952087402343750e+03 6.336001506544772610e+02 1.194447971432429201e+00
1.860972961425781250e+03 6.351238645112731547e+02 1.192693696355613397e+00
1.860993774414062500e+03 6.338259451548267407e+02 1.191650765764192599e+00
1.861014587402343750e+03 6.345715176272714189e+02 1.198599441111011243e+00
1.861035461425781250e+03 6.335153450234657839e+02 1.191712487057886127e+00
1.861056274414062500e+03 6.312961348800330370e+02 1.190560913363638118e+00
1.861077087402343750e+03 6.314299468601819854e+02 1.193534026656110747e+00
1.861097961425781250e+03 6.309699371275789872e+02 1.191783207527743693e+00
1.861118774414062500e+03 6.353445955071779281e+02 1.196145658656085908e+00
1.861139648437500000e+03 6.329811012005745852e+02 1.198321227161515790e+00
1.861160461425781250e+03 6.324190724385192652e+02 1.191062352310734429e+00
1.861181274414062500e+03 6.345893415932073367e+02 1.193773263434973808e+00
1.861202148437500000e+03 6.353114962802368382e+02 1.193035824831748304e+00
1.861222961425781250e+03 6.351971848405391938e+02 1.201103444204838278e+00
1.861243835449218750e+03 6.321693720572369557e+02 1.192553408804254422e+00
1.861264648437500000e+03 6.302608653297465935e+02 1.192059297280436025e+00
1.861285461425781250e+03 6.280860452682400137e+02 1.201297759616076988e+00
1.861306335449218750e+03 6.270661715965385383e+02 1.189181442427357682e+00
1.861327148437500000e+03 6.247599036734850415e+02 1.191167138290970096e+00
1.861347961425781250e+03 6.226437358151064245e+02 1.187618601046315892e+00
1.861368835449218750e+03 6.245963028709564924e+02 1.192272534218859370e+00
1.861389648437500000e+03 6.214457304562868103e+02 1.189790975260657468e+00
1.861410461425781250e+03 6.221775834647414740e+02 1.190638760865154966e+00
1.861431335449218750e+03 6.219608079906125795e+02 1.186895015602017489e+00
1.861452148437500000e+03 6.215530609398452953e+02 1.193473698061324084e+00
1.861472961425781250e+03 6.211608278517883264e+02 1.190263644272644861e+00
1.861493835449218750e+03 6.211361910869047733e+02 1.187515610040158709e+00
1.861514648437500000e+03 6.205617232738402436e+02 1.189669835185196645e+00
1.861535461425781250e+03 6.208180903655306793e+02 1.194365281924361533e+00
1.861556335449218750e+03 6.208021882567611556e+02 1.188465228061964751e+00
1.861577148437500000e+03 6.233007388313784531e+02 1.188781849527743129e+00
1.861597961425781250e+03 6.245166119286740241e+02 1.188660606609164949e+00
1.861618835449218750e+03 6.238948540356681178e+02 1.199259505682149785e+00
1.861639648437500000e+03 6.248237780638975210e+02 1.191853173650680331e+00
1.861660461425781250e+03 6.256032262356724232e+02 1.190062869278505131e+00
1.861681335449218750e+03 6.279300943548580562e+02 1.189828998075973754e+00
1.861702148437500000e+03 6.264179627123127148e+02 1.194641573235463161e+00
1.861722961425781250e+03 6.281306752897168053e+02 1.190923073770577378e+00
1.861743835449218750e+03 6.294013922177523455e+02 1.191024919362897228e+00
1.861764648437500000e+03 6.306690470749058477e+02 1.191713437360758299e+00
1.861785461425781250e+03 6.322362710453851378e+02 1.191310290865358112e+00
1.861806335449218750e+03 6.335497303583739495e+02 1.193860886701356483e+00
1.861827148437500000e+03 6.323667223171621572e+02 1.193874815961511793e+00
1.861847961425781250e+03 6.312322783377971973e+02 1.194782513575371796e+00
1.861868835449218750e+03 6.334401797300706676e+02 1.190265396960833888e+00
1.861889648437500000e+03 6.321101121874136197e+02 1.191831369066511215e+00
1.861910461425781250e+03 6.313770766052031149e+02 1.189756157519459512e+00
1.861931335449218750e+03 6.308848355651412021e+02 1.190243713522552538e+00
1.861972961425781250e+03 6.301551425456787001e+02 1.198213236489343192e+00
1.861993835449218750e+03 6.296706167372454956e+02 1.191013358950062218e+00
1.862014648437500000e+03 6.280202236190671101e+02 1.191384087028105165e+00
1.862035461425781250e+03 6.253455567182088544e+02 1.188372391936727723e+00
1.862056335449218750e+03 6.252046683005597743e+02 1.189420001190442555e+00
1.862077148437500000e+03 6.300591444397524583e+02 1.191483041758682804e+00
1.862097961425781250e+03 6.250391540474780641e+02 1.188167334318586565e+00
1.862118835449218750e+03 6.250350037617519092e+02 1.189577944866386794e+00
1.862139648437500000e+03 6.248429769199659631e+02 1.194376011423334383e+00
1.862160461425781250e+03 6.235993172883036095e+02 1.188962587828326978e+00
1.862181335449218750e+03 6.241459545527100090e+02 1.188021796177472833e+00
1.862202148437500000e+03 6.249492645032444216e+02 1.189725146328023397e+00
1.862222961425781250e+03 6.264737012298702439e+02 1.193386445932467899e+00
1.862243835449218750e+03 6.244396166476180952e+02 1.189943560135386491e+00
1.862264648437500000e+03 6.257599338558305817e+02 1.189264793081058924e+00
1.862285461425781250e+03 6.245760985817444180e+02 1.191209570487846037e+00
1.862306335449218750e+03 6.257642005000079735e+02 1.188459610955268531e+00
1.862327148437500000e+03 6.265717232329569697e+02 1.190194135585997959e+00
1.862347961425781250e+03 6.278581743930067205e+02 1.188674346088870903e+00
1.862368835449218750e+03 6.346683344255848169e+02 1.191262958852405962e+00
1.862389648437500000e+03 6.352935262072141995e+02 1.194549217113947126e+00
1.862410461425781250e+03 6.385534062896640535e+02 1.192014695188967854e+00
1.862431335449218750e+03 6.397587737898458045e+02 1.194543129641713275e+00
1.862452148437500000e+03 6.394527844732587027e+02 1.200466985039615686e+00
1.862472961425781250e+03 6.365573856451361507e+02 1.193215619058459742e+00
1.862493835449218750e+03 6.378209634958709557e+02 1.194280141180571686e+00
1.862514648437500000e+03 6.368701917594033830e+02 1.192045696819534317e+00
1.862535461425781250e+03 6.354834621238219370e+02 1.193107016394413744e+00
1.862556335449218750e+03 6.351061074177241608e+02 1.192364816740737243e+00
1.862577148437500000e+03 6.327773341288192341e+02 1.190333499417755903e+00
1.862597961425781250e+03 6.334213463906390871e+02 1.193212521971300566e+00
1.862618835449218750e+03 6.364851224465016912e+02 1.192095397751280039e+00
1.862639648437500000e+03 6.340890018677907847e+02 1.191975491972649515e+00
1.862660461425781250e+03 6.312762628646358962e+02 1.200329046038515646e+00
1.862681335449218750e+03 6.334525609390616410e+02 1.192909617978899828e+00
1.862702148437500000e+03 6.336785357285006057e+02 1.190415367434634719e+00
1.862722961425781250e+03 6.352413905194309791e+02 1.191695931659939367e+00
1.862743835449218750e+03 6.347486877702531274e+02 1.195061202217779117e+00
1.862764648437500000e+03 6.356771579623037951e+02 1.192408655934746209e+00
1.862785461425781250e+03 6.326220723813181621e+02 1.191641212182627863e+00
1.862806335449218750e+03 6.313864355043326668e+02 1.190189227758731150e+00
1.862827148437500000e+03 6.317401616231567232e+02 1.192123997348180975e+00
1.862847961425781250e+03 6.312691555764240547e+02 1.191887730098887488e+00
1.862868835449218750e+03 6.359369829544275490e+02 1.192129747184300426e+00
1.862889648437500000e+03 6.434166055201193331e+02 1.194346417734322818e+00
1.862910461425781250e+03 6.460129514848977124e+02 1.198335751189302689e+00
1.862931335449218750e+03 6.502920166581126296e+02 1.198446267306053192e+00
1.862952148437500000e+03 6.519206086745939501e+02 1.201901445340856078e+00
1.862972961425781250e+03 6.519445385684347229e+02 1.203346975087184578e+00
1.862993835449218750e+03 6.529532840911153926e+02 1.198767163866813368e+00
1.863014648437500000e+03 6.570889343123890285e+02 1.200425972435175126e+00
1.863035461425781250e+03 6.565269672785351531e+02 1.199627635721179253e+00
1.863056335449218750e+03 6.629988914934871218e+02 1.202447774946587389e+00
1.863077148437500000e+03 6.686037481474238575e+02 1.203668496372336305e+00
1.863097961425781250e+03 6.636572464603376602e+02 1.203827046258881150e+00
1.863118835449218750e+03 6.591945279814292462e+02 1.202813393009495524e+00
1.863139648437500000e+03 6.540291209985459773e+02 1.198817729687360112e+00
1.863160461425781250e+03 6.510008524322036010e+02 1.199341410474170866e+00
1.863181335449218750e+03 6.515763713135310127e+02 1.198449748746304611e+00
1.863202148437500000e+03 6.490205167349695330e+02 1.196159112839918270e+00
1.863222961425781250e+03 6.509226905164467780e+02 1.202076789710329052e+00
1.863243835449218750e+03 6.554825343364088894e+02 1.198342316787924799e+00
1.863264648437500000e+03 6.581693126974070083e+02 1.205140592912801401e+00
1.863285461425781250e+03 6.572206236944377906e+02 1.198996806031491502e+00
1.863306335449218750e+03 6.580211530492637166e+02 1.198894245590233387e+00
1.863327148437500000e+03 6.537356390142464306e+02 1.197931748447292888e+00
1.863347961425781250e+03 6.523473877027730623e+02 1.198021654697529526e+00
1.863368835449218750e+03 6.499679429583213732e+02 1.199740417537588311e+00
1.863389648437500000e+03 6.486935466644738426e+02 1.196598283935494722e+00
1.863410461425781250e+03 6.481436750851626130e+02 1.196588969103519862e+00
1.863431335449218750e+03 6.468230593983060999e+02 1.197465441211101211e+00
1.863452148437500000e+03 6.465702891218579680e+02 1.196820622894644748e+00
1.863472961425781250e+03 6.453969724111266260e+02 1.198637383414832280e+00
1.863493835449218750e+03 6.440549385701724532e+02 1.194614281272879275e+00
1.863514648437500000e+03 6.431096717131725882e+02 1.196655267211328866e+00
1.863535461425781250e+03 6.408781579598297640e+02 1.194702740890591475e+00
1.863556335449218750e+03 6.399558876882771301e+02 1.193040720948931543e+00
1.863577148437500000e+03 6.391891587097222782e+02 1.194690467697077763e+00
1.863597961425781250e+03 6.367761981618459686e+02 1.199083699627283339e+00
1.863618835449218750e+03 6.356693937112770527e+02 1.191839220763192486e+00
1.863639648437500000e+03 6.363036792825683960e+02 1.192283982438734347e+00
1.863660461425781250e+03 6.363029445244393401e+02 1.192470787858142645e+00
1.863681335449218750e+03 6.335832402178619986e+02 1.191199913292875889e+00
1.863702148437500000e+03 6.337037038108530851e+02 1.192069747529163282e+00
1.863722961425781250e+03 6.349047479330614578e+02 1.193747399611911231e+00
1.863743835449218750e+03 6.349207687841624193e+02 1.192296730327146337e+00
1.863764648437500000e+03 6.350428654965980968e+02 1.192135946976521810e+00
1.863785461425781250e+03 6.369196404157006555e+02 1.195863484568520985e+00
1.863806335449218750e+03 6.393354597686882244e+02 1.193023684372866766e+00
1.863827148437500000e+03 6.419731383030286906e+02 1.202968141313094819e+00
1.863847961425781250e+03 6.441424345867106922e+02 1.196449636465050315e+00
1.863868835449218750e+03 6.425149550014187980e+02 1.196703431902663262e+00
1.863889648437500000e+03 6.480695976044894451e+02 1.197288774325676819e+00
1.863910461425781250e+03 6.482852350891831748e+02 1.198935857452236187e+00
1.863931335449218750e+03 6.490715107088071818e+02 1.196673397684603568e+00
1.863952148437500000e+03 6.500257181124729868e+02 1.198079366277579050e+00
1.863972961425781250e+03 6.486562153671180795e+02 1.196124928950713207e+00
1.863993835449218750e+03 6.511495154584087004e+02 1.199816328138478161e+00
1.864014648437500000e+03 6.526499817448141130e+02 1.204941010673502122e+00
1.864035461425781250e+03 6.523041978719375038e+02 1.200214283407584182e+00
1.864056335449218750e+03 6.544163773290854351e+02 1.197935330895134820e+00
1.864077148437500000e+03 6.565508265367972172e+02 1.198848107930555074e+00
1.864097961425781250e+03 6.588986732937320312e+02 1.200908799554365469e+00
1.864118835449218750e+03 6.604939932888980820e+02 1.208570615994580599e+00
1.864139648437500000e+03 6.581927930951693497e+02 1.199366110032745736e+00
1.864160461425781250e+03 6.570844317568996757e+02 1.207447659165660880e+00
1.864181335449218750e+03 6.587350562530421030e+02 1.200387590120838066e+00
1.864202148437500000e+03 6.605321856727191516e+02 1.200415495625094309e+00
1.864222961425781250e+03 6.598534147311086144e+02 1.203668347814867090e+00
1.864243835449218750e+03 6.640420267866876429e+02 1.200748573707433930e+00
1.864264648437500000e+03 6.625343970253805992e+02 1.206574338090665721e+00
1.864285461425781250e+03 6.626836740778859394e+02 1.203335978847635435e+00
1.864306335449218750e+03 6.601094972672005952e+02 1.203035574227695470e+00
1.864327148437500000e+03 6.599368350383626876e+02 1.203768471390924910e+00
1.864347961425781250e+03 6.621256506540509008e+02 1.200983643708668280e+00
1.864368835449218750e+03 6.628454269137446317e+02 1.201357496852300422e+00
1.864389648437500000e+03 6.633185876458923076e+02 1.204893224741999669e+00
1.864410461425781250e+03 6.620540232429199250e+02 1.200248499809969172e+00
1.864431335449218750e+03 6.625383768065439654e+02 1.201607825090323933e+00
1.864452148437500000e+03 6.608189309494781583e+02 1.202767851692885026e+00
1.864472961425781250e+03 6.595240969856547508e+02 1.200983296299629188e+00
1.864493835449218750e+03 6.592672121237678766e+02 1.202185623250775048e+00
1.864514648437500000e+03 6.587379328254073698e+02 1.200560573932406117e+00
1.864535461425781250e+03 6.596777461978931569e+02 1.203104985058254028e+00
1.864556335449218750e+03 6.552960201970673779e+02 1.199060783792619045e+00
1.864577148437500000e+03 6.527134999976035488e+02 1.200046663569107608e+00
1.864597961425781250e+03 6.488374065627247091e+02 1.197941401129521521e+00
1.864618835449218750e+03 6.477632813273423835e+02 1.196191053462858145e+00
1.864639648437500000e+03 6.471530033590915991e+02 1.195492749554750045e+00
1.864660461425781250e+03 6.458828796927715530e+02 1.202473996886490371e+00
1.864681335449218750e+03 6.422779814325375582e+02 1.194830653988212532e+00
1.864702148437500000e+03 6.407942670264959588e+02 1.199260947016282719e+00
1.864722961425781250e+03 6.410553193176316427e+02 1.193508007826547423e+00
1.864743835449218750e+03 6.385753260348319600e+02 1.199020369333634539e+00
1.864764648437500000e+03 6.368499921998080708e+02 1.195787921180593960e+00
1.864785461425781250e+03 6.385167126549239356e+02 1.193006048012916764e+00
1.864806335449218750e+03 6.379115293911854678e+02 1.193656672079994152e+00
1.864827148437500000e+03 6.366773589329810648e+02 1.192532416728801392e+00
1.864847961425781250e+03 6.398601734743493807e+02 1.192865247552062691e+00
1.864868835449218750e+03 6.379500346643368403e+02 1.192548160820033454e+00
1.864889648437500000e+03 6.392319377260059809e+02 1.193428149949590455e+00
1.864910461425781250e+03 6.361030630107477464e+02 1.193206078006125104e+00
1.864931335449218750e+03 6.333864415823160243e+02 1.195149778372755156e+00
1.864952148437500000e+03 6.326756339738855104e+02 1.192078347665138205e+00
1.864972961425781250e+03 6.350093094806683212e+02 1.192350519916169693e+00
1.864993835449218750e+03 6.340721049012043977e+02 1.191277969208133447e+00
1.865014648437500000e+03 6.317896226830686146e+02 1.190841691130416713e+00
1.865035461425781250e+03 6.343925346164105576e+02 1.191729292302149190e+00
1.865056335449218750e+03 6.351514718073251515e+02 1.192199942947588465e+00
1.865077148437500000e+03 6.333579634530894964e+02 1.190688870937052224e+00
1.865097961425781250e+03 6.319940251429192131e+02 1.194121621491995633e+00
1.865118835449218750e+03 6.328340377416038791e+02 1.191588991252349405e+00
1.865139648437500000e+03 6.305677415535644741e+02 1.194306392725329902e+00
1.865160461425781250e+03 6.311341225310218306e+02 1.197578078255088441e+00
1.865181335449218750e+03 6.288671749245968385e+02 1.192467688836501560e+00
1.865202148437500000e+03 6.292729738399902999e+02 1.190989236861503375e+00
1.865222961425781250e+03 6.276736350339416504e+02 1.189881095876226036e+00
1.865243835449218750e+03 6.246416274016704619e+02 1.189772739908891097e+00
1.865264648437500000e+03 6.235286179724564590e+02 1.188446520987535004e+00
1.865285461425781250e+03 6.205571140501805303e+02 1.186967027419940202e+00
1.865306335449218750e+03 6.212823210175469058e+02 1.186690456110848224e+00
1.865327148437500000e+03 6.246360945211664557e+02 1.192329424288510076e+00
1.865347961425781250e+03 6.242784478534132404e+02 1.189840770374557266e+00
1.865368835449218750e+03 6.260743689287567122e+02 1.192922359181602499e+00
1.865389648437500000e+03 6.235234632219883224e+02 1.187962642695623128e+00
1.865410461425781250e+03 6.252583724903130360e+02 1.187993900585250895e+00
1.865431335449218750e+03 6.262918680843570201e+02 1.190673452678008726e+00
1.865452148437500000e+03 6.232671465084300735e+02 1.188152184333425954e+00
1.865472961425781250e+03 6.222128133263883001e+02 1.188433280413727866e+00
1.865514648437500000e+03 6.246998732247170665e+02 1.188645011605827362e+00
1.865535461425781250e+03 6.238901849249128873e+02 1.191262008190174582e+00
1.865556335449218750e+03 6.229958603065010720e+02 1.189735516881030852e+00
1.865577148437500000e+03 6.243679111164742608e+02 1.200196504398309827e+00
1.865597961425781250e+03 6.266469079237064079e+02 1.188964492829132080e+00
1.865618835449218750e+03 6.263492537937206635e+02 1.188347564191172046e+00
1.865639648437500000e+03 6.245149001661170587e+02 1.187659604238845645e+00
1.865660461425781250e+03 6.273949434417129396e+02 1.188394059363520050e+00
1.865681335449218750e+03 6.255987295431381199e+02 1.193218366467759584e+00
1.865702148437500000e+03 6.249339012033100289e+02 1.187324761962866848e+00
1.865722961425781250e+03 6.248892958085167493e+02 1.194453011464783332e+00
1.865743835449218750e+03 6.237801565439767728e+02 1.189373145209754012e+00
1.865764648437500000e+03 6.249624979877263513e+02 1.191856624339596271e+00
1.865785461425781250e+03 6.279879821176015184e+02 1.189402812526335174e+00
1.865806335449218750e+03 6.263822290757900646e+02 1.195964112036798754e+00
1.865827148437500000e+03 6.270512947256761436e+02 1.188796540240776523e+00
1.865847961425781250e+03 6.254753758857196999e+02 1.189287296254837756e+00
1.865868835449218750e+03 6.296730185582351851e+02 1.189608809581914617e+00
1.865889648437500000e+03 6.276682471442479709e+02 1.189438943512159730e+00
1.865910461425781250e+03 6.305683294679570281e+02 1.192244888064335262e+00
1.865931335449218750e+03 6.314558072220848999e+02 1.190479656169024736e+00
1.865952148437500000e+03 6.306914132129012387e+02 1.194396971096764126e+00
1.865972961425781250e+03 6.328907099010515367e+02 1.193215019622862805e+00
1.865993835449218750e+03 6.366092995881397201e+02 1.194802618045831100e+00
1.866014648437500000e+03 6.336104182283972932e+02 1.193192240847028796e+00
1.866035461425781250e+03 6.303640372074178231e+02 1.190754896872681101e+00
1.866056335449218750e+03 6.321419419805112057e+02 1.190001012336877384e+00
1.866077148437500000e+03 6.325923124036638683e+02 1.198864713715180663e+00
1.866097961425781250e+03 6.351354864632862700e+02 1.190901752657124835e+00
1.866118835449218750e+03 6.336051126935028606e+02 1.192709688188652306e+00
1.866139648437500000e+03 6.341834358010959249e+02 1.193901675509718041e+00
1.866160461425781250e+03 6.322320450497793445e+02 1.190681462188144746e+00
1.866181335449218750e+03 6.307509662916886555e+02 1.200214035099212317e+00
1.866202148437500000e+03 6.298656777409532879e+02 1.188581476149429328e+00
1.866222961425781250e+03 6.294656543596779557e+02 1.189681759362765767e+00
1.866243835449218750e+03 6.286020509768441116e+02 1.188625805902563837e+00
1.866264648437500000e+03 6.281733648357019320e+02 1.189380762564349769e+00
1.866285461425781250e+03 6.269791733447826800e+02 1.189271308520379433e+00
1.866306335449218750e+03 6.265580057441748068e+02 1.192698493928039172e+00
1.866327148437500000e+03 6.238283389194855317e+02 1.187833688933860543e+00
1.866347961425781250e+03 6.239569589895086210e+02 1.186514395220174878e+00
1.866368835449218750e+03 6.231609156004415127e+02 1.188172200332435979e+00
1.866389648437500000e+03 6.218464874873816370e+02 1.192594892057220690e+00
1.866410461425781250e+03 6.237807322371530745e+02 1.189475424170720608e+00
1.866431335449218750e+03 6.206661170292660472e+02 1.186106918758355722e+00
1.866452148437500000e+03 6.184549488831344206e+02 1.185464721045354386e+00
1.866472961425781250e+03 6.198449258151229060e+02 1.186216011565370598e+00
1.866493835449218750e+03 6.169424594423030612e+02 1.186704268627697845e+00
1.866514648437500000e+03 6.166229705025247085e+02 1.186867344627178911e+00
1.866535461425781250e+03 6.169096078733394961e+02 1.190843843387453305e+00
1.866556335449218750e+03 6.172527853833316840e+02 1.193744553558547361e+00
1.866577148437500000e+03 6.156098435627129675e+02 1.186384681154926790e+00
1.866597961425781250e+03 6.176462151063986994e+02 1.195394376057413277e+00
1.866618835449218750e+03 6.190969238281250000e+02 1.193683886070299405e+00
1.866639648437500000e+03 6.174094476525530126e+02 1.185158831015827197e+00
1.866660461425781250e+03 6.151254443812831596e+02 1.186099029115183612e+00
1.866681335449218750e+03 6.141839290701275331e+02 1.184272546287414185e+00
1.866702148437500000e+03 6.139894768232654769e+02 1.188591856681044945e+00
1.866722961425781250e+03 6.136583193781362979e+02 1.184158794628360267e+00
1.866743835449218750e+03 6.131647794847392561e+02 1.186063901977707502e+00
1.866764648437500000e+03 6.138765616279526967e+02 1.185454966770550511e+00
1.866785461425781250e+03 6.125655790774760590e+02 1.184167502553073348e+00
1.866806335449218750e+03 6.148663841277233360e+02 1.185966957741674044e+00
1.866827148437500000e+03 6.135329368820191576e+02 1.189677350437086112e+00
1.866847961425781250e+03 6.117539450465742448e+02 1.184846976254565698e+00
1.866868835449218750e+03 6.135310679862808456e+02 1.184308531815972509e+00
1.866889648437500000e+03 6.128999727130749307e+02 1.183988952124447325e+00
1.866910461425781250e+03 6.135024119347384612e+02 1.185931223575031224e+00
1.866931335449218750e+03 6.141268825258241577e+02 1.186072595915476535e+00
1.866952148437500000e+03 6.132376911155034804e+02 1.184894816080292568e+00
1.866972961425781250e+03 6.134026806560990508e+02 1.185838943024960512e+00
1.866993835449218750e+03 6.153644235156092464e+02 1.187926416632492099e+00
1.867014648437500000e+03 6.149064229745451939e+02 1.184162016064618683e+00
1.867035461425781250e+03 6.151998240339828499e+02 1.185459491959563572e+00
1.867056335449218750e+03 6.160971552009928018e+02 1.196733216336357764e+00
1.867077148437500000e+03 6.165941374896473235e+02 1.185224662118884664e+00
1.867097961425781250e+03 6.150600148993116818e+02 1.183697233302962948e+00
1.867118835449218750e+03 6.172465901214726500e+02 1.184801700192480212e+00
1.867139648437500000e+03 6.166013128926629179e+02 1.185489659444888044e+00
1.867160461425781250e+03 6.176815571736524362e+02 1.188281404493975124e+00
1.867181335449218750e+03 6.181399204467336403e+02 1.191485042780690895e+00
1.867202148437500000e+03 6.185236641251278797e+02 1.186678401419306361e+00
1.867222961425781250e+03 6.185981716551797263e+02 1.187633055209646349e+00
1.867243835449218750e+03 6.191837984024899697e+02 1.189958336685825291e+00
1.867264648437500000e+03 6.207790044189956689e+02 1.188648822622318191e+00
1.867285461425781250e+03 6.200324965125122390e+02 1.187869416047228288e+00
1.867306335449218750e+03 6.203631465714508977e+02 1.187565801704731250e+00
1.867327148437500000e+03 6.218737847147343700e+02 1.187761328201373479e+00
1.867347961425781250e+03 6.234955794803163371e+02 1.188487545768245779e+00
1.867368835449218750e+03 6.223954625025760379e+02 1.188072066795982984e+00
1.867389648437500000e+03 6.242577346406301331e+02 1.187607860686028305e+00
1.867410461425781250e+03 6.232176063151568997e+02 1.187933340813057237e+00
1.867431335449218750e+03 6.226865711218913475e+02 1.187875989317620062e+00
1.867472961425781250e+03 6.260133064838518067e+02 1.188812233532305696e+00
1.867493835449218750e+03 6.252458486522906469e+02 1.187405682883880376e+00
1.867514648437500000e+03 6.242598505917474085e+02 1.188586340467802538e+00
1.867535461425781250e+03 6.229884125627162348e+02 1.186802006425951905e+00
1.867556335449218750e+03 6.232467244071548294e+02 1.188626407652545014e+00
1.867577148437500000e+03 6.256531730182413185e+02 1.188580272603666943e+00
1.867597961425781250e+03 6.239613361385277130e+02 1.190625544670561142e+00
1.867618774414062500e+03 6.235349372645091535e+02 1.187771314445382531e+00
1.867639648437500000e+03 6.220983776332618618e+02 1.197744948753704630e+00
1.867660461425781250e+03 6.221051123728531138e+02 1.189069162919052847e+00
1.867681274414062500e+03 6.221204699274950372e+02 1.189455379991319894e+00
1.867702087402343750e+03 6.213125395238150759e+02 1.188745848992417864e+00
1.867722961425781250e+03 6.185014546952882029e+02 1.187651875471167129e+00
1.867743774414062500e+03 6.208575186103815895e+02 1.187952858756990526e+00
1.867764587402343750e+03 6.204773959194177451e+02 1.186413870568068685e+00
1.867785461425781250e+03 6.200882470545342358e+02 1.187021008309623760e+00
1.867806274414062500e+03 6.193694407859042030e+02 1.186050082003268002e+00
1.867827087402343750e+03 6.209874175273980654e+02 1.187434295041194243e+00
1.867847961425781250e+03 6.202160373884993305e+02 1.186191791919203764e+00
1.867868774414062500e+03 6.208109630804814287e+02 1.187786920919893685e+00
1.867889587402343750e+03 6.219967884617627760e+02 1.186656602207823097e+00
1.867910461425781250e+03 6.209762884935879583e+02 1.186034100886598219e+00
1.867931274414062500e+03 6.201461224188262804e+02 1.189589719649418065e+00
1.867952087402343750e+03 6.221904108317867212e+02 1.188940529701982163e+00
1.867972961425781250e+03 6.221288478324311200e+02 1.190133437360855417e+00
1.867993774414062500e+03 6.213999757690725119e+02 1.190264094964139874e+00
1.868014587402343750e+03 6.228813274158294462e+02 1.186123602416953471e+00
1.868035461425781250e+03 6.207049151135820466e+02 1.191686028321017110e+00
1.868056274414062500e+03 6.210514021342146407e+02 1.187152259506455199e+00
1.868077087402343750e+03 6.183198110275844783e+02 1.191296331619433602e+00
1.868097961425781250e+03 6.163914531298287329e+02 1.185768722566526989e+00
1.868118774414062500e+03 6.170627514118435784e+02 1.191379884521922339e+00
1.868139587402343750e+03 6.153844415789052391e+02 1.185425401777231658e+00
1.868160461425781250e+03 6.180125118579071568e+02 1.185597300831815026e+00
1.868181274414062500e+03 6.164854844205642621e+02 1.187462203779542813e+00
1.868202087402343750e+03 6.181718074458106003e+02 1.185812453762804086e+00
1.868222961425781250e+03 6.188526696025641058e+02 1.186009425217486202e+00
1.868243774414062500e+03 6.171851198542750581e+02 1.190683714853163044e+00
1.868264587402343750e+03 6.178480159828068281e+02 1.188486342127362816e+00
1.868285461425781250e+03 6.225330374988009225e+02 1.186330570825109731e+00
1.868306274414062500e+03 6.234503436065461983e+02 1.192418353326667235e+00
1.868327087402343750e+03 6.234754514324828278e+02 1.186900389019607260e+00
1.868347961425781250e+03 6.229265500319487501e+02 1.193718689113439479e+00
1.868368774414062500e+03 6.261286932134140670e+02 1.190606120603167728e+00
1.868389587402343750e+03 6.278493881975399518e+02 1.188807721105482162e+00
1.868410461425781250e+03 6.303143992395004034e+02 1.190327190089194520e+00
1.868431274414062500e+03 6.336823763180036622e+02 1.196888202962935743e+00
1.868452087402343750e+03 6.311874725285794057e+02 1.191950789283853673e+00
1.868472961425781250e+03 6.291157455685549849e+02 1.191059700014921008e+00
1.868493774414062500e+03 6.265799200151243440e+02 1.188953614230850775e+00
1.868514587402343750e+03 6.256751969267955928e+02 1.190762755667445605e+00
1.868535461425781250e+03 6.245338588702504694e+02 1.187157029265206054e+00
1.868556274414062500e+03 6.268056758181440955e+02 1.190184470151756546e+00
1.868577087402343750e+03 6.251862399084093340e+02 1.189810863498757199e+00
1.868597961425781250e+03 6.269134421638040067e+02 1.189966551366710590e+00
1.868618774414062500e+03 6.291816127930416087e+02 1.192629227104088585e+00
1.868639587402343750e+03 6.328579875902154299e+02 1.190330745349877706e+00
1.868660461425781250e+03 6.319386707353203292e+02 1.191005251580614432e+00
1.868681274414062500e+03 6.295079083505996778e+02 1.192504876564659311e+00
1.868702087402343750e+03 6.287312021457603350e+02 1.188920376237883492e+00
1.868722961425781250e+03 6.286781872321217861e+02 1.189547530313009194e+00
1.868743774414062500e+03 6.278899116532835478e+02 1.188957674917427987e+00
1.868764587402343750e+03 6.265359204090028697e+02 1.188207265141994595e+00
1.868785461425781250e+03 6.237196719944759025e+02 1.188867785116953790e+00
1.868806274414062500e+03 6.236147718537921492e+02 1.186664086314049849e+00
