1.871806274414062500e+03 6.266346900715413994e+02 9.571173804314762057e-01
1.871827087402343750e+03 6.262344510289145774e+02 9.602852445260690040e-01
1.871847961425781250e+03 6.273995295674717454e+02 9.546271509553643231e-01
1.871868774414062500e+03 6.244745018343847960e+02 9.565433114690395922e-01
1.871889587402343750e+03 6.247349320991098693e+02 9.575795062947525249e-01
1.871910461425781250e+03 6.222431924824129510e+02 9.547586355225858856e-01
1.871931274414062500e+03 6.243985519191892308e+02 9.551725438414809810e-01
1.871952087402343750e+03 6.251292835984340854e+02 9.588023399479640441e-01
1.871972961425781250e+03 6.229218989467091205e+02 9.571984903997974303e-01
1.871993774414062500e+03 6.224304650877311360e+02 9.541099649486876055e-01
1.872014587402343750e+03 6.220210596923425328e+02 9.550451105258553897e-01
1.872035461425781250e+03 6.248917094079785102e+02 9.561271601046721358e-01
1.872056274414062500e+03 6.227121976414553046e+02 9.549579505750426245e-01
1.872077087402343750e+03 6.223032370196929151e+02 9.560514767586056895e-01
1.872097961425781250e+03 6.243485933614700798e+02 9.553597002033388241e-01
1.872118774414062500e+03 6.212845982346743767e+02 9.532546283560541234e-01
1.872139587402343750e+03 6.217086656977713801e+02 9.584123571958098609e-01
1.872160461425781250e+03 6.224298493513477979e+02 9.529169824953032109e-01
1.872181274414062500e+03 6.207464403973215212e+02 9.537015640638752956e-01
1.872202087402343750e+03 6.227567396903676809e+02 9.558942931063838522e-01
1.872222961425781250e+03 6.223638120047590974e+02 9.572944746228788659e-01
1.872243774414062500e+03 6.217154502335622510e+02 9.546015199693510533e-01
1.872264587402343750e+03 6.205960017190341205e+02 9.530040163894190064e-01
1.872285461425781250e+03 6.225470776305857044e+02 9.515058491196815016e-01
1.872306274414062500e+03 6.222585813510955859e+02 9.509890652859243065e-01
1.872327087402343750e+03 6.219536231652823517e+02 9.508639548071283754e-01
1.872347961425781250e+03 6.232339910248845172e+02 9.529419394876504912e-01
1.872368774414062500e+03 6.226996330898099359e+02 9.531340676798751854e-01
1.872389587402343750e+03 6.224716236379489374e+02 9.526945298962892217e-01
1.872410461425781250e+03 6.241606776996112558e+02 9.526806405254759635e-01
1.872431274414062500e+03 6.217415793806494548e+02 9.514641909874563819e-01
1.872452087402343750e+03 6.217571507030093017e+02 9.513051529083031976e-01
1.872472961425781250e+03 6.246085230979074367e+02 9.512031127061436608e-01
1.872493774414062500e+03 6.202049741251247497e+02 9.560716761948997444e-01
1.872514587402343750e+03 6.224806814498796257e+02 9.509251644702115813e-01
1.872535461425781250e+03 6.215842662679727937e+02 9.505786965233318231e-01
1.872556274414062500e+03 6.229044810175972771e+02 9.533025544928952488e-01
1.872577087402343750e+03 6.227216950353484890e+02 9.517054696253270940e-01
1.872597961425781250e+03 6.229087990506692449e+02 9.557525500244319350e-01
1.872618774414062500e+03 6.226304178069765385e+02 9.532618502568860341e-01
1.872639587402343750e+03 6.211418423808370335e+02 9.563018198869783770e-01
1.872660461425781250e+03 6.208354857037885495e+02 9.533490402310480505e-01
1.872681274414062500e+03 6.224792450843521010e+02 9.575948184701771337e-01
1.872702087402343750e+03 6.210799750581868466e+02 9.566943762971913401e-01
1.872722961425781250e+03 6.210798542436912157e+02 9.543743700126562368e-01
1.872743774414062500e+03 6.197766369393693822e+02 9.515436843991214033e-01
1.872764587402343750e+03 6.215066471706329594e+02 9.522594211159398636e-01
1.872785461425781250e+03 6.198316244236475541e+02 9.521871236131235205e-01
1.872806274414062500e+03 6.224976884908209058e+02 9.525368235821640717e-01
1.872827087402343750e+03 6.221865846515571548e+02 9.579036239913085726e-01
1.872847961425781250e+03 6.211366562359704631e+02 9.536682519338428587e-01
1.872868774414062500e+03 6.205545450361372559e+02 9.508954847006566569e-01
1.872889587402343750e+03 6.219530274914591246e+02 9.532943950272617650e-01
1.872910461425781250e+03 6.184790751695261406e+02 9.507105842603029711e-01
1.872931274414062500e+03 6.226924396187065440e+02 9.540469603986346803e-01
1.872952087402343750e+03 6.222455811823660952e+02 9.505553391694977483e-01
1.872972961425781250e+03 6.199814170437751955e+02 9.529545428331455126e-01
1.872993774414062500e+03 6.210968649319370343e+02 9.491624226752950477e-01
1.873014587402343750e+03 6.167805745573683680e+02 9.483300903937520454e-01
1.873035461425781250e+03 6.186212742653738133e+02 9.488062963255895488e-01
1.873056274414062500e+03 6.219395286887628345e+02 9.499531483390676323e-01
1.873077087402343750e+03 6.191399440490697543e+02 9.499757362077965173e-01
1.873097961425781250e+03 6.194898087362502110e+02 9.487118093370600080e-01
1.873118774414062500e+03 6.196851214735988833e+02 9.496572604045496746e-01
1.873139587402343750e+03 6.194057123821675077e+02 9.479940543531526487e-01
1.873160461425781250e+03 6.198107958129720600e+02 9.507801416370260661e-01
1.873181274414062500e+03 6.195041160671802345e+02 9.473040071557106145e-01
1.873202087402343750e+03 6.186588009931793977e+02 9.465174601113731656e-01
1.873222961425781250e+03 6.192558362852919345e+02 9.473313770873532658e-01
1.873243774414062500e+03 6.197020118071147863e+02 9.485917709045927904e-01
1.873264587402343750e+03 6.181951982366059610e+02 9.478857468533203878e-01
1.873285461425781250e+03 6.180567747535089893e+02 9.469255289123365005e-01
1.873306274414062500e+03 6.161351179896633994e+02 9.465793916159161991e-01
1.873327087402343750e+03 6.170519738714315281e+02 9.484407352599718566e-01
1.873347961425781250e+03 6.174198287383690058e+02 9.479929226116176055e-01
1.873368774414062500e+03 6.176662978702862574e+02 9.458116206787232638e-01
1.873389648437500000e+03 6.169306356000014375e+02 9.478490861270421064e-01
1.873410461425781250e+03 6.153578524728479806e+02 9.498596225723204833e-01
1.873431274414062500e+03 6.182472827256756318e+02 9.442532176699466318e-01
1.873452148437500000e+03 6.189910612298228898e+02 9.484332252670056862e-01
1.873472961425781250e+03 6.164880173451922474e+02 9.495763850630914993e-01
1.873493835449218750e+03 6.179214931736131575e+02 9.480517399446567461e-01
1.873514648437500000e+03 6.137243488653264194e+02 9.452949711459143201e-01
1.873535461425781250e+03 6.156482389195961105e+02 9.447767142248564287e-01
1.873556335449218750e+03 6.180269109813160640e+02 9.462855981659045179e-01
1.873577148437500000e+03 6.165755444677822652e+02 9.441784132630495208e-01
1.873597961425781250e+03 6.195259612298140155e+02 9.449674433695972597e-01
1.873618835449218750e+03 6.152610043627362302e+02 9.478756228493585567e-01
1.873639648437500000e+03 6.164318525286309978e+02 9.441822640987239668e-01
1.873660461425781250e+03 6.175121415871832369e+02 9.436721125413803923e-01
1.873681335449218750e+03 6.153237098886197600e+02 9.445535434713984158e-01
1.873702148437500000e+03 6.168635238433329278e+02 9.432659221349751766e-01
1.873722961425781250e+03 6.166748367924601553e+02 9.426365011818941264e-01
1.873743835449218750e+03 6.171689765155240366e+02 9.425525571704552741e-01
1.873764648437500000e+03 6.149968125042964857e+02 9.433058571492817235e-01
1.873785461425781250e+03 6.149838186227261758e+02 9.451175204877745317e-01
1.873806335449218750e+03 6.153862555624738206e+02 9.451540664443304207e-01
1.873827148437500000e+03 6.131261977441886302e+02 9.434987788533615305e-01
1.873847961425781250e+03 6.168892047440930355e+02 9.445259037292474957e-01
1.873868835449218750e+03 6.142822012084192238e+02 9.419613543072894446e-01
1.873889648437500000e+03 6.163318166372959013e+02 9.453328343245727128e-01
1.873910461425781250e+03 6.154758569599885050e+02 9.436376567946309635e-01
1.873931335449218750e+03 6.167072718557021744e+02 9.454400473054921372e-01
1.873952148437500000e+03 6.165801490025975227e+02 9.501322051965634952e-01
1.873972961425781250e+03 6.146863121940480141e+02 9.437690303475355647e-01
1.873993835449218750e+03 6.164592842527176799e+02 9.485022269822572794e-01
1.874014648437500000e+03 6.157138281847184089e+02 9.481828790850919120e-01
1.874035461425781250e+03 6.159462679716905313e+02 9.433419678150227750e-01
1.874056335449218750e+03 6.138747304927641153e+02 9.438880718358139132e-01
1.874077148437500000e+03 6.165106661383910023e+02 9.459388801456259932e-01
1.874097961425781250e+03 6.164629732319074265e+02 9.445568879515522376e-01
1.874118835449218750e+03 6.155708121487062954e+02 9.430273194284702898e-01
1.874139648437500000e+03 6.162200866122293519e+02 9.425735517786902884e-01
1.874160461425781250e+03 6.149764483270146229e+02 9.427306803097208476e-01
1.874181335449218750e+03 6.194872222323936057e+02 9.430649260341139595e-01
1.874202148437500000e+03 6.147016341501937404e+02 9.422056673996517251e-01
1.874222961425781250e+03 6.136367088323254393e+02 9.409255387259543024e-01
1.874243835449218750e+03 6.130544941674107804e+02 9.442542907702193844e-01
1.874264648437500000e+03 6.141084122041310138e+02 9.421832095628921433e-01
1.874285461425781250e+03 6.142425396070777879e+02 9.413492019273067557e-01
1.874306335449218750e+03 6.142961810956909403e+02 9.419602785948569812e-01
1.874327148437500000e+03 6.140412701646463347e+02 9.403343271173388862e-01
1.874347961425781250e+03 6.131621776609709968e+02 9.425035784726800703e-01
1.874368835449218750e+03 6.160747443994250716e+02 9.408578818851904835e-01
1.874389648437500000e+03 6.133602472191792003e+02 9.405523519248002451e-01
1.874410461425781250e+03 6.133459009906770234e+02 9.438645804871680367e-01
1.874431335449218750e+03 6.134832343873605396e+02 9.428222264289798371e-01
1.874452148437500000e+03 6.162128399062726203e+02 9.408488225943003602e-01
1.874472961425781250e+03 6.148585153185339323e+02 9.409380496405773675e-01
1.874493835449218750e+03 6.163875480495648844e+02 9.417930220054817614e-01
1.874514648437500000e+03 6.157533694928762316e+02 9.440684368675463789e-01
1.874535461425781250e+03 6.183833870418244487e+02 9.424590559244276911e-01
1.874556335449218750e+03 6.164588030396155318e+02 9.413008571528048707e-01
1.874577148437500000e+03 6.114186581824020550e+02 9.449691148787064954e-01
1.874597961425781250e+03 6.128804379660236918e+02 9.435769850935578074e-01
1.874618835449218750e+03 6.129308658692730205e+02 9.416209565661620706e-01
1.874639648437500000e+03 6.126310435208916942e+02 9.426608767428321656e-01
1.874660461425781250e+03 6.136960372976939198e+02 9.404705034788801710e-01
1.874681335449218750e+03 6.147426447848876023e+02 9.413951699012435004e-01
1.874702148437500000e+03 6.147406691244506192e+02 9.410843358146129267e-01
1.874722961425781250e+03 6.142107749458967874e+02 9.417578646010196231e-01
1.874743835449218750e+03 6.149925458068287298e+02 9.412146092280108123e-01
1.874764648437500000e+03 6.132123132068815039e+02 9.415834505451522451e-01
1.874785461425781250e+03 6.127203359065466657e+02 9.425058867576774357e-01
1.874806335449218750e+03 6.125971180899601904e+02 9.398048044001132695e-01
1.874827148437500000e+03 6.117537665034059273e+02 9.404773799096577402e-01
1.874847961425781250e+03 6.153235495504756045e+02 9.396442686792072507e-01
1.874868835449218750e+03 6.142933890114611586e+02 9.395536182607749920e-01
1.874889648437500000e+03 6.125399283140324087e+02 9.390699909946025326e-01
1.874910461425781250e+03 6.143960902895358913e+02 9.396420167978351001e-01
1.874931335449218750e+03 6.117626256967603240e+02 9.383170064676782385e-01
1.874952148437500000e+03 6.144193550528203787e+02 9.484565406157512424e-01
1.874972961425781250e+03 6.134286197081625005e+02 9.386484740884791789e-01
1.874993835449218750e+03 6.110603221619979877e+02 9.428741281184990219e-01
1.875014648437500000e+03 6.102342106141452405e+02 9.384843744593892589e-01
1.875035461425781250e+03 6.145084123417135515e+02 9.388439082732910057e-01
1.875056335449218750e+03 6.118305137931050695e+02 9.374334311692965604e-01
1.875077148437500000e+03 6.112544581015000631e+02 9.388296552710526655e-01
1.875097961425781250e+03 6.111050417932493701e+02 9.399306259527901997e-01
1.875118835449218750e+03 6.116731059987317849e+02 9.394691450057724991e-01
1.875139648437500000e+03 6.136529757092923774e+02 9.372998341814076095e-01
1.875160461425781250e+03 6.137024047082001061e+02 9.372760505220445459e-01
1.875181335449218750e+03 6.132523829163316123e+02 9.383343480671013648e-01
1.875202148437500000e+03 6.107038329186201508e+02 9.375372561363504165e-01
1.875222961425781250e+03 6.140823752236857445e+02 9.407768203030444365e-01
1.875243835449218750e+03 6.118065975821807569e+02 9.395593912213656695e-01
1.875264648437500000e+03 6.135721110672557188e+02 9.374675109319999811e-01
1.875285461425781250e+03 6.112210786387291819e+02 9.391225126008353463e-01
1.875306335449218750e+03 6.132970396096472996e+02 9.385973865482403200e-01
1.875327148437500000e+03 6.127796048697812239e+02 9.377148064253822968e-01
1.875347961425781250e+03 6.106449655171180666e+02 9.372608515573449539e-01
1.875368835449218750e+03 6.107223846922616985e+02 9.364813038374731891e-01
1.875389648437500000e+03 6.109636885560419159e+02 9.415374917634992125e-01
1.875410461425781250e+03 6.131070400022740614e+02 9.378519033551903084e-01
1.875431335449218750e+03 6.152244754040759744e+02 9.420328231547828723e-01
1.875452148437500000e+03 6.118545853463781441e+02 9.377934314552253126e-01
1.875472961425781250e+03 6.142749510409230425e+02 9.388446066330959905e-01
1.875493835449218750e+03 6.137251490335968356e+02 9.394357088818180435e-01
1.875514648437500000e+03 6.119549503322971304e+02 9.396336118408268323e-01
1.875535461425781250e+03 6.129604619217681147e+02 9.409705455682197961e-01
1.875556335449218750e+03 6.170141895080255381e+02 9.444034714007690789e-01
1.875577148437500000e+03 6.131959065230163333e+02 9.399095088946507470e-01
1.875597961425781250e+03 6.092253384493142221e+02 9.396284736791365999e-01
1.875618835449218750e+03 6.123283298027295132e+02 9.404747497600444150e-01
1.875639648437500000e+03 6.119670095183230387e+02 9.403832603395020362e-01
1.875660461425781250e+03 6.134949573571922201e+02 9.404176451802321868e-01
1.875681335449218750e+03 6.131746870668392830e+02 9.412606470992721519e-01
1.875702148437500000e+03 6.086831135042027654e+02 9.389352302820926921e-01
1.875722961425781250e+03 6.110066639926617427e+02 9.382389653037501720e-01
1.875743835449218750e+03 6.133495486807178168e+02 9.392905937339526279e-01
1.875764648437500000e+03 6.107812974866196782e+02 9.390976326411445418e-01
1.875785461425781250e+03 6.132114870152189496e+02 9.397379231347982032e-01
1.875806335449218750e+03 6.120320762879798622e+02 9.384336590759758678e-01
1.875827148437500000e+03 6.108631268041243629e+02 9.392655595795863510e-01
1.875847961425781250e+03 6.111475681161564353e+02 9.394651162379531462e-01
1.875868835449218750e+03 6.107401255471100967e+02 9.383290439855491716e-01
1.875889648437500000e+03 6.108513413236876204e+02 9.419971052275155632e-01
1.875910461425781250e+03 6.121972915673297848e+02 9.380480118280229984e-01
1.875931335449218750e+03 6.103413714671773960e+02 9.368055950818635624e-01
1.875952148437500000e+03 6.130661520342647464e+02 9.384249574761193147e-01
1.875972961425781250e+03 6.129309625520016880e+02 9.381015754840187348e-01
1.875993835449218750e+03 6.091065206018145091e+02 9.397375108599856919e-01
1.876014648437500000e+03 6.102039315414073144e+02 9.405987707390803809e-01
1.876035461425781250e+03 6.116048576402315575e+02 9.401891921771873273e-01
1.876056335449218750e+03 6.111431379757132163e+02 9.391690020855150145e-01
1.876077148437500000e+03 6.128821820337868758e+02 9.450845049358703731e-01
1.876097961425781250e+03 6.113782907778136178e+02 9.390842403491322932e-01
1.876118835449218750e+03 6.109287201351928616e+02 9.382379170876511409e-01
1.876139648437500000e+03 6.120738994435986342e+02 9.396271732757350836e-01
1.876160461425781250e+03 6.108448552904320650e+02 9.390459665375853193e-01
1.876181335449218750e+03 6.089204468505445220e+02 9.384970766935512021e-01
1.876202148437500000e+03 6.123615265283769986e+02 9.406988564831545441e-01
1.876222961425781250e+03 6.093188497091068712e+02 9.380581465859086920e-01
1.876243835449218750e+03 6.109803392952543390e+02 9.386172948265234517e-01
1.876264648437500000e+03 6.092701479727148808e+02 9.405558690619304496e-01
1.876285461425781250e+03 6.130696458165878084e+02 9.400363626447275633e-01
1.876306335449218750e+03 6.101639075947036872e+02 9.410554224247109634e-01
1.876327148437500000e+03 6.083959150363594972e+02 9.398934963946563581e-01
1.876347961425781250e+03 6.086934068313400985e+02 9.416996352295595729e-01
1.876368835449218750e+03 6.120195046623584858e+02 9.394260013971205137e-01
1.876389648437500000e+03 6.143856987776739516e+02 9.401757837351757408e-01
1.876410461425781250e+03 6.097762880095027640e+02 9.394996298463913487e-01
1.876431335449218750e+03 6.112993660747370086e+02 9.404938261000829192e-01
1.876452148437500000e+03 6.123729254535791142e+02 9.403354046898058094e-01
1.876472961425781250e+03 6.079856491087539325e+02 9.391729686585421621e-01
1.876493835449218750e+03 6.104454226325387936e+02 9.386665715557107603e-01
1.876514648437500000e+03 6.074940502201227446e+02 9.391726830658437830e-01
1.876535461425781250e+03 6.090212811393200809e+02 9.395391857041095474e-01
1.876556335449218750e+03 6.128708017408271189e+02 9.382099006961513998e-01
1.876577148437500000e+03 6.115696153744835328e+02 9.383965655636359315e-01
1.876597961425781250e+03 6.104235834577442574e+02 9.427584359078108323e-01
1.876618835449218750e+03 6.116976997686037976e+02 9.389432606073780940e-01
1.876639648437500000e+03 6.130343495402121334e+02 9.388300679445378272e-01
1.876660461425781250e+03 6.120884970828839187e+02 9.416419402958111640e-01
1.876681335449218750e+03 6.113044092026520957e+02 9.401082948433787667e-01
1.876702148437500000e+03 6.115404976931744159e+02 9.407749829529428176e-01
1.876743835449218750e+03 6.128842567264301806e+02 9.391670981245112682e-01
1.876764648437500000e+03 6.112751336677849849e+02 9.395965974185861436e-01
1.876785461425781250e+03 6.114754887048941328e+02 9.394077599372047116e-01
1.876806335449218750e+03 6.093530313735799382e+02 9.400559551243750089e-01
1.876827148437500000e+03 6.112981807141238733e+02 9.425917952076235951e-01
1.876847961425781250e+03 6.099730546420105384e+02 9.425370638614826158e-01
1.876868835449218750e+03 6.083885242255059893e+02 9.424891594685796958e-01
1.876889648437500000e+03 6.118340703525946083e+02 9.439632149657612992e-01
1.876910461425781250e+03 6.108154630261224156e+02 9.432515463797407351e-01
1.876931335449218750e+03 6.096388181410601419e+02 9.380289175196022677e-01
1.876952148437500000e+03 6.103969072719141877e+02 9.401764177083721252e-01
1.876972961425781250e+03 6.067114722666468651e+02 9.449305432644695690e-01
1.876993835449218750e+03 6.108878866011807531e+02 9.407307587540674199e-01
1.877014648437500000e+03 6.114132789790423885e+02 9.437525149179258888e-01
1.877035461425781250e+03 6.085522963769484477e+02 9.430748804728249501e-01
1.877056335449218750e+03 6.095587822945361722e+02 9.421901683864479793e-01
1.877077148437500000e+03 6.112385775484081023e+02 9.428578498814974562e-01
1.877097961425781250e+03 6.111172141808849574e+02 9.397869825461360183e-01
1.877118835449218750e+03 6.101639120744586080e+02 9.409035887953122179e-01
1.877139648437500000e+03 6.129942687756930582e+02 9.401244621868748430e-01
1.877160461425781250e+03 6.112459146068947575e+02 9.411426665874347286e-01
1.877181335449218750e+03 6.100801430138398018e+02 9.412202136834728616e-01
1.877202148437500000e+03 6.106514236973667948e+02 9.405230736241938505e-01
1.877222961425781250e+03 6.102451134305337064e+02 9.398263677573546193e-01
1.877243835449218750e+03 6.126578727450086035e+02 9.411167950241489111e-01
1.877264648437500000e+03 6.097573305996777435e+02 9.407987098359811284e-01
1.877285461425781250e+03 6.108424819816922309e+02 9.415893693160984901e-01
1.877306335449218750e+03 6.099067630688223289e+02 9.435928403341801163e-01
1.877327148437500000e+03 6.129394210159770182e+02 9.412598555455454763e-01
1.877347961425781250e+03 6.119523959677343328e+02 9.435730686185866967e-01
1.877368774414062500e+03 6.096212075368015348e+02 9.427635570108739982e-01
1.877389648437500000e+03 6.127819867411014911e+02 9.451118760768717486e-01
1.877410461425781250e+03 6.088114422433809523e+02 9.457963067984311856e-01
1.877431274414062500e+03 6.077208870793957658e+02 9.414640226879503748e-01
1.877452087402343750e+03 6.100790500980555180e+02 9.407171045878273130e-01
1.877472961425781250e+03 6.109084128319656202e+02 9.446512542040286231e-01
1.877493774414062500e+03 6.082422259482019626e+02 9.448607445095800195e-01
1.877514587402343750e+03 6.132946700035770391e+02 9.441620628186330189e-01
1.877535461425781250e+03 6.104382607417679765e+02 9.468223557142778635e-01
1.877556274414062500e+03 6.110603423077268417e+02 9.417114712737821858e-01
1.877577087402343750e+03 6.107248901130577678e+02 9.422497274874613860e-01
1.877597961425781250e+03 6.133063853141100026e+02 9.427375086419870209e-01
1.877618774414062500e+03 6.109939329327266933e+02 9.425025666199400298e-01
1.877639587402343750e+03 6.121063664424682429e+02 9.435670991214316627e-01
1.877660461425781250e+03 6.111985149694488655e+02 9.430741536443478790e-01
1.877681274414062500e+03 6.128546167994991265e+02 9.434684548191317743e-01
1.877702087402343750e+03 6.128025970419375881e+02 9.460175147239718862e-01
1.877722961425781250e+03 6.127246053076174803e+02 9.445335394466346512e-01
1.877743774414062500e+03 6.126283198845757170e+02 9.461178147321215315e-01
1.877764587402343750e+03 6.125521087724634981e+02 9.445001563924778631e-01
1.877785461425781250e+03 6.108206059605456630e+02 9.440649012484880753e-01
1.877806274414062500e+03 6.100251888200817802e+02 9.448399584343851743e-01
1.877827087402343750e+03 6.109095562302587723e+02 9.425947040059423632e-01
1.877847961425781250e+03 6.099628702264478761e+02 9.424339478212846455e-01
1.877868774414062500e+03 6.087425479842563618e+02 9.424943452761576079e-01
1.877889587402343750e+03 6.112754998915263513e+02 9.417666936315833848e-01
1.877910461425781250e+03 6.124262841740653585e+02 9.427227454725967126e-01
1.877931274414062500e+03 6.115685596219486797e+02 9.452202176535330347e-01
1.877952087402343750e+03 6.092689249278141688e+02 9.416405477249213396e-01
1.877972961425781250e+03 6.110674428771779958e+02 9.420531966360529141e-01
1.877993774414062500e+03 6.105302052170625302e+02 9.424600045801980741e-01
1.878014587402343750e+03 6.114604562473859914e+02 9.459781037391438163e-01
1.878035461425781250e+03 6.102064106946295396e+02 9.421260503717766577e-01
1.878056274414062500e+03 6.110750948828501805e+02 9.420764484404202666e-01
1.878077087402343750e+03 6.099595010290556729e+02 9.431446849975574365e-01
1.878097961425781250e+03 6.078892832436038134e+02 9.430212832705813231e-01
1.878118774414062500e+03 6.128331519842703301e+02 9.465260558292668547e-01
1.878139587402343750e+03 6.135633102786927111e+02 9.426082993573223767e-01
1.878160461425781250e+03 6.130480395285674149e+02 9.444414965421509267e-01
1.878181274414062500e+03 6.111009274780299165e+02 9.416035488940913689e-01
1.878202087402343750e+03 6.098500577869448307e+02 9.422638971281106501e-01
1.878222961425781250e+03 6.104166982909766830e+02 9.458786711280655624e-01
1.878243774414062500e+03 6.106717474592669532e+02 9.465328567815171068e-01
1.878264587402343750e+03 6.105174591256015901e+02 9.432597295288127626e-01
1.878285461425781250e+03 6.124777055580088927e+02 9.409691203317663843e-01
1.878306274414062500e+03 6.085919154779991231e+02 9.472669463787497524e-01
1.878327087402343750e+03 6.094676014094130778e+02 9.414269852630050561e-01
1.878347961425781250e+03 6.102868617649357930e+02 9.439605629571263812e-01
1.878368774414062500e+03 6.110836910740327994e+02 9.418728253922294957e-01
1.878389587402343750e+03 6.112364397959547659e+02 9.475837409323010219e-01
1.878410461425781250e+03 6.089490942287326334e+02 9.414031475854934827e-01
1.878431274414062500e+03 6.111094818357834129e+02 9.432407723184488280e-01
1.878452087402343750e+03 6.084070303560015418e+02 9.428453328323948002e-01
1.878472961425781250e+03 6.104302902701300582e+02 9.416657719284352579e-01
1.878493774414062500e+03 6.114197263527480573e+02 9.422659846018054397e-01
1.878514587402343750e+03 6.091095610074082742e+02 9.429212860070689262e-01
1.878535461425781250e+03 6.111872902618496255e+02 9.416112399597977856e-01
1.878556274414062500e+03 6.113885503616970709e+02 9.455140269452902979e-01
1.878577087402343750e+03 6.082660561766691671e+02 9.409692786914789497e-01
1.878597961425781250e+03 6.104260181329104853e+02 9.410246079436949129e-01
1.878618774414062500e+03 6.090213163538436447e+02 9.417857438026546735e-01
1.878639587402343750e+03 6.101193905236876844e+02 9.436489316366795110e-01
1.878660461425781250e+03 6.095735624225035281e+02 9.413952965316803034e-01
1.878681274414062500e+03 6.086450230256828036e+02 9.410494052877584892e-01
1.878702087402343750e+03 6.110667950392456760e+02 9.413746555455891896e-01
1.878722961425781250e+03 6.096545562198574544e+02 9.411221783945683539e-01
1.878743774414062500e+03 6.072002870749807926e+02 9.410000316425282119e-01
1.878764587402343750e+03 6.077464086577228954e+02 9.417360290086480568e-01
1.878785461425781250e+03 6.093137873589937499e+02 9.415745248416019786e-01
1.878806274414062500e+03 6.111216823760333909e+02 9.408415687635340863e-01
1.878827087402343750e+03 6.076521949940812419e+02 9.393905333289896964e-01
1.878847961425781250e+03 6.090110775137505925e+02 9.404060146881773052e-01
1.878868774414062500e+03 6.093124521177880979e+02 9.392944011514464675e-01
1.878889587402343750e+03 6.078892783487474389e+02 9.413080124626180822e-01
1.878910461425781250e+03 6.089990084206851861e+02 9.406513653985711931e-01
1.878931274414062500e+03 6.111841476501439274e+02 9.401236062756597178e-01
1.878952087402343750e+03 6.099840150460710220e+02 9.399899794673469700e-01
1.878972961425781250e+03 6.076506303119053882e+02 9.416603916656811624e-01
1.878993774414062500e+03 6.085952961522926898e+02 9.460232797423719919e-01
1.879014587402343750e+03 6.085997315131718324e+02 9.404666374450268984e-01
1.879035461425781250e+03 6.085144620878227215e+02 9.476610439899447735e-01
1.879056274414062500e+03 6.089493852984609248e+02 9.430086735804865672e-01
1.879077087402343750e+03 6.050319664626392751e+02 9.392829471238633987e-01
1.879097961425781250e+03 6.072479765747631291e+02 9.390780836389593933e-01
1.879118774414062500e+03 6.073461090920012566e+02 9.395163151987613315e-01
1.879139587402343750e+03 6.080018991377426119e+02 9.416318441102004000e-01
1.879160461425781250e+03 6.095992477884234404e+02 9.391710647055798722e-01
1.879181274414062500e+03 6.081387039302874200e+02 9.395204071886007480e-01
1.879202087402343750e+03 6.069850972425697364e+02 9.418025468729075422e-01
1.879222961425781250e+03 6.081683419987614343e+02 9.380615459942812651e-01
1.879243774414062500e+03 6.092712815474747003e+02 9.385328960679257815e-01
1.879264587402343750e+03 6.065043115057932255e+02 9.384943139722509153e-01
1.879285461425781250e+03 6.060792623170790421e+02 9.376631912612741759e-01
1.879306274414062500e+03 6.078190920025643891e+02 9.371589358137147885e-01
1.879327087402343750e+03 6.080620165423151775e+02 9.390731011171551401e-01
1.879347961425781250e+03 6.092797990677848929e+02 9.382792095635403840e-01
1.879368774414062500e+03 6.082621334950470100e+02 9.387015590030171053e-01
1.879389587402343750e+03 6.089772543498850155e+02 9.390036604183299440e-01
1.879410461425781250e+03 6.082485219825545073e+02 9.443066187097322040e-01
1.879431274414062500e+03 6.070104687969463839e+02 9.396880365693032200e-01
1.879452087402343750e+03 6.059778687563443782e+02 9.389380869274162045e-01
1.879472961425781250e+03 6.074120034118587910e+02 9.417681809511665447e-01
1.879493774414062500e+03 6.071487792552502469e+02 9.385380084735283068e-01
1.879514587402343750e+03 6.070970257844174967e+02 9.389002832841135682e-01
1.879535461425781250e+03 6.056184135814530691e+02 9.368776799037030756e-01
1.879556274414062500e+03 6.068973800564258454e+02 9.389124402892624621e-01
1.879577087402343750e+03 6.074576955087434271e+02 9.386909549597992619e-01
1.879597961425781250e+03 6.081328958364046002e+02 9.402704945921895874e-01
1.879618774414062500e+03 6.100962582608882485e+02 9.379716958084376444e-01
1.879639587402343750e+03 6.056432263812109795e+02 9.373971882712238690e-01
1.879660461425781250e+03 6.092645046623327971e+02 9.379458321016780342e-01
1.879681274414062500e+03 6.074912671859607372e+02 9.378670927413733649e-01
1.879702087402343750e+03 6.084627331292916779e+02 9.418177041875686051e-01
1.879722961425781250e+03 6.050979679036271364e+02 9.419551531246309617e-01
1.879743774414062500e+03 6.093780152895955098e+02 9.372152531843427337e-01
1.879764587402343750e+03 6.051142771827595652e+02 9.406983179052429422e-01
1.879785461425781250e+03 6.073172801628816160e+02 9.380174162677301641e-01
1.879806274414062500e+03 6.072710705649708416e+02 9.390718951524901215e-01
1.879827087402343750e+03 6.069903268300622585e+02 9.381619024166493181e-01
1.879847961425781250e+03 6.069820388685479884e+02 9.365224191860991310e-01
1.879868774414062500e+03 6.068626805011435863e+02 9.385587118437771492e-01
1.879889587402343750e+03 6.062598871097153506e+02 9.411591328179260696e-01
1.879910461425781250e+03 6.075003536772794632e+02 9.375120480081148289e-01
1.879931274414062500e+03 6.082134174192946148e+02 9.399001550911536551e-01
1.879952087402343750e+03 6.054678790529410435e+02 9.381334707753223867e-01
1.879972961425781250e+03 6.076650391039480610e+02 9.386163422869419071e-01
1.879993774414062500e+03 6.058279229336029630e+02 9.360572203422135029e-01
1.880014587402343750e+03 6.056865828822411686e+02 9.409616457230184361e-01
1.880035461425781250e+03 6.035480104320969303e+02 9.383116387648070544e-01
1.880056274414062500e+03 6.058148995823391942e+02 9.368882090405270535e-01
1.880077087402343750e+03 6.047815713274306972e+02 9.422144289739071699e-01
1.880097961425781250e+03 6.038717017116894112e+02 9.394769804338670705e-01
1.880118774414062500e+03 6.055593031833820987e+02 9.392160286972636163e-01
1.880139587402343750e+03 6.068759487516590525e+02 9.379970504454089308e-01
1.880160461425781250e+03 6.055633692053320374e+02 9.400166746446173560e-01
1.880181274414062500e+03 6.038095077613124886e+02 9.368505453591582377e-01
1.880202087402343750e+03 6.053701036650837750e+02 9.385947511304707502e-01
1.880222961425781250e+03 6.085622047989119210e+02 9.409116973430399211e-01
1.880243774414062500e+03 6.063938790845151061e+02 9.391347619306770200e-01
1.880264587402343750e+03 6.033935310346961387e+02 9.390771950382815758e-01
1.880285461425781250e+03 6.051625343632307477e+02 9.445047316445309704e-01
1.880306274414062500e+03 6.075495400841220999e+02 9.376965316767713610e-01
1.880327087402343750e+03 6.071046319352897171e+02 9.410268565165202936e-01
1.880347961425781250e+03 6.070726742412667818e+02 9.399186406536891303e-01
1.880368774414062500e+03 6.051499654681383618e+02 9.369536715324371379e-01
1.880389587402343750e+03 6.025396923223679551e+02 9.355838903698024955e-01
1.880410461425781250e+03 6.049731224891754664e+02 9.349573304644849259e-01
1.880431274414062500e+03 6.038885075884375055e+02 9.370514750432861195e-01
1.880452087402343750e+03 6.025529799668647684e+02 9.365082899664600724e-01
1.880472961425781250e+03 6.047393517738202036e+02 9.360221022131923752e-01
1.880493774414062500e+03 6.047719770686688889e+02 9.358165248834485750e-01
1.880514587402343750e+03 6.020482765060984320e+02 9.408199653205128188e-01
1.880535461425781250e+03 6.041998088086363623e+02 9.359936692541352965e-01
1.880556274414062500e+03 6.052555316702679420e+02 9.361274208122102314e-01
1.880577087402343750e+03 6.039990221609858736e+02 9.376953239417080699e-01
1.880597961425781250e+03 6.008031248070881247e+02 9.430230214351909002e-01
1.880618774414062500e+03 6.012379904599071097e+02 9.343599822199439853e-01
1.880639587402343750e+03 6.016985404674072697e+02 9.349123210391727667e-01
1.880660461425781250e+03 6.044135468056847458e+02 9.363361445828699559e-01
1.880681274414062500e+03 6.051072897612850738e+02 9.370828972240590193e-01
1.880702087402343750e+03 6.055942853717981507e+02 9.359812832941702965e-01
1.880722961425781250e+03 6.032064507498457715e+02 9.351663472611240202e-01
1.880743774414062500e+03 6.020892210114540148e+02 9.358525423901861151e-01
1.880764587402343750e+03 6.023020549892912641e+02 9.362728670737499037e-01
1.880785461425781250e+03 6.014346801558310744e+02 9.335519629667389241e-01
1.880806274414062500e+03 6.031188713309483092e+02 9.334755028573671343e-01
1.880827087402343750e+03 6.022622232530433166e+02 9.347088271666487147e-01
1.880847961425781250e+03 6.026952040296786208e+02 9.378540959805222732e-01
1.880868774414062500e+03 6.024933341325053107e+02 9.342264561288253777e-01
1.880889587402343750e+03 6.048519927706157659e+02 9.344058475059116020e-01
1.880910461425781250e+03 6.035956257978943995e+02 9.342625668348860657e-01
1.880931274414062500e+03 6.027791862612178875e+02 9.341080338427766305e-01
1.880952087402343750e+03 6.052573455145985690e+02 9.355890188898667859e-01
1.880972961425781250e+03 6.027223124632623694e+02 9.382178101703416706e-01
1.880993774414062500e+03 6.030633049400735217e+02 9.332728452893210846e-01
1.881014587402343750e+03 6.003773000093013934e+02 9.331194898030014118e-01
1.881035461425781250e+03 6.040029476331230853e+02 9.336891285206502245e-01
1.881056274414062500e+03 6.047091846955672736e+02 9.358786868561200789e-01
1.881077087402343750e+03 6.014861749907867079e+02 9.337638157405896422e-01
1.881097961425781250e+03 6.029881037671345894e+02 9.336083383098743305e-01
1.881118774414062500e+03 6.018649486289713195e+02 9.338289547162329507e-01
1.881139587402343750e+03 6.018726577940933566e+02 9.329422149692392363e-01
1.881160461425781250e+03 6.018724813743315281e+02 9.335407577223050479e-01
1.881181274414062500e+03 6.024030483528282502e+02 9.334437357512572753e-01
1.881202087402343750e+03 6.015573177612697009e+02 9.376473946734046327e-01
1.881222961425781250e+03 6.012009759799190078e+02 9.348296599846148691e-01
1.881243774414062500e+03 6.003429853958696185e+02 9.354642700169595315e-01
1.881264587402343750e+03 6.026870386164024467e+02 9.358049645940550443e-01
1.881285461425781250e+03 6.040617222958322827e+02 9.351653912064805674e-01
1.881306274414062500e+03 6.009728415631493590e+02 9.333815712611243098e-01
1.881327087402343750e+03 5.999672455971402769e+02 9.347005372714890514e-01
1.881347961425781250e+03 6.023386425763686702e+02 9.325271962472315712e-01
1.881368774414062500e+03 5.990789740449290548e+02 9.333899047997956666e-01
1.881389587402343750e+03 6.003344811630494178e+02 9.379288646142622810e-01
1.881410461425781250e+03 6.022473390041656103e+02 9.324695410368897264e-01
1.881431274414062500e+03 6.010360784857825820e+02 9.320511143526855058e-01
1.881452087402343750e+03 6.012945905329293055e+02 9.326265504377029281e-01
1.881472961425781250e+03 6.003448513406921165e+02 9.342216710365414123e-01
1.881493774414062500e+03 6.034917755953886171e+02 9.327355754067189197e-01
1.881514587402343750e+03 5.995776271830383166e+02 9.356692877144880960e-01
1.881535461425781250e+03 6.001828894778660697e+02 9.317931684131003367e-01
1.881556274414062500e+03 6.010103043152116697e+02 9.343605563473128539e-01
1.881577087402343750e+03 6.019496599756358819e+02 9.329350593858505292e-01
1.881597961425781250e+03 6.016332548842771075e+02 9.344145546390342227e-01
1.881618774414062500e+03 6.009844012694234152e+02 9.332357701898490454e-01
1.881639587402343750e+03 6.027845564372279341e+02 9.363864643381508701e-01
1.881660461425781250e+03 6.003706930017800687e+02 9.341832937098817347e-01
1.881681274414062500e+03 5.985985173949155751e+02 9.358757253394125453e-01
1.881702087402343750e+03 6.039689402996805256e+02 9.364981066129152154e-01
1.881722961425781250e+03 5.998507718051298525e+02 9.341506254830604927e-01
1.881743774414062500e+03 6.013600992128818916e+02 9.374549854915691371e-01
1.881764587402343750e+03 6.047987415641777034e+02 9.343403659895664903e-01
1.881785461425781250e+03 6.021154539730582655e+02 9.327310382793878585e-01
1.881806274414062500e+03 6.002327031346840158e+02 9.340198773345798067e-01
1.881827087402343750e+03 5.996955735054490333e+02 9.342812277393266474e-01
1.881847961425781250e+03 5.997792337104571061e+02 9.345008242293754153e-01
1.881868774414062500e+03 6.016852335185316178e+02 9.411225267292405716e-01
1.881889587402343750e+03 6.009841926921446884e+02 9.332054958896212060e-01
1.881910461425781250e+03 5.981501562134651522e+02 9.340606224370459065e-01
1.881931274414062500e+03 6.005323672312774761e+02 9.336349925105165148e-01
1.881952087402343750e+03 6.013065430460042080e+02 9.333073004997537447e-01
1.881972961425781250e+03 5.998986028611039956e+02 9.331816398156076442e-01
1.881993774414062500e+03 5.994175270328790930e+02 9.335985063886584889e-01
1.882014587402343750e+03 5.997465733182706344e+02 9.366322634160901828e-01
1.882035461425781250e+03 6.008369760694679371e+02 9.357313639206525924e-01
1.882056274414062500e+03 5.994146165293296917e+02 9.336960868131622959e-01
1.882077087402343750e+03 5.985227335174847667e+02 9.350644900780966662e-01
1.882097961425781250e+03 6.016282653718086522e+02 9.348879347160279352e-01
1.882118774414062500e+03 5.981338758071626671e+02 9.348956810287876174e-01
1.882139587402343750e+03 5.997143904217500676e+02 9.351831099270693226e-01
1.882160461425781250e+03 6.003564543664432449e+02 9.344268975788275755e-01
1.882181274414062500e+03 5.997511712882204620e+02 9.355064494850079404e-01
1.882202087402343750e+03 6.023805754608387133e+02 9.353954853698477345e-01
1.882222961425781250e+03 6.021175401069647251e+02 9.349619205390793386e-01
1.882243774414062500e+03 5.976931698707437590e+02 9.339380946034614439e-01
1.882264587402343750e+03 6.000150494131288497e+02 9.357162035648904919e-01
1.882285461425781250e+03 6.014593233431928638e+02 9.394203545134695021e-01
1.882306274414062500e+03 5.979111121281177930e+02 9.344087179983237013e-01
1.882327087402343750e+03 6.013336500313932902e+02 9.357541358422195588e-01
1.882347961425781250e+03 5.991720499268355979e+02 9.349984490794818193e-01
1.882368774414062500e+03 6.002776325906894499e+02 9.339495822707258865e-01
1.882389587402343750e+03 5.971420662412862157e+02 9.343164113025580475e-01
1.882410461425781250e+03 5.998698289403976105e+02 9.329511593712970230e-01
1.882431274414062500e+03 5.980335581504102720e+02 9.336063910869470961e-01
1.882452087402343750e+03 5.972426309669259581e+02 9.345032479549683080e-01
1.882472961425781250e+03 5.987705384711229044e+02 9.360767687570733520e-01
1.882493774414062500e+03 5.972939510039781226e+02 9.380307284773505838e-01
1.882514587402343750e+03 5.975459596841614029e+02 9.354249241612420107e-01
1.882535461425781250e+03 5.985423577867676386e+02 9.344154157796593640e-01
1.882556274414062500e+03 5.981194965546201274e+02 9.404122894674260547e-01
1.882577087402343750e+03 5.966557965315653291e+02 9.360412374586464246e-01
1.882597961425781250e+03 5.990195594350982446e+02 9.339888626431162022e-01
1.882618774414062500e+03 5.993824046817829867e+02 9.409885983764495476e-01
1.882639587402343750e+03 5.991528440433402238e+02 9.352070742812716997e-01
1.882660461425781250e+03 5.974870172942747786e+02 9.366342998039383083e-01
1.882681274414062500e+03 5.984487119062034708e+02 9.434232828358495304e-01
1.882702087402343750e+03 5.938059742504653968e+02 9.338944082672551161e-01
1.882722961425781250e+03 5.962819365135650287e+02 9.353705062748071120e-01
1.882743774414062500e+03 5.980945925177222762e+02 9.345941650152966851e-01
1.882764587402343750e+03 5.990530077429357334e+02 9.353926816271083133e-01
1.882785461425781250e+03 5.976416220052728931e+02 9.386798110607385004e-01
1.882806274414062500e+03 5.968554819074297484e+02 9.329725616995639959e-01
1.882827087402343750e+03 5.982279520595778877e+02 9.340157612465259662e-01
1.882847961425781250e+03 5.967299604622882043e+02 9.346824267832245514e-01
1.882868774414062500e+03 5.977597445506963822e+02 9.351066238378402673e-01
1.882889587402343750e+03 5.988032443144652461e+02 9.352120136662468441e-01
1.882910461425781250e+03 5.986660450884428428e+02 9.367574930331671323e-01
1.882931274414062500e+03 5.949280480523365213e+02 9.344655838247363233e-01
1.882952087402343750e+03 5.963359756362500548e+02 9.339927873986443307e-01
1.882993774414062500e+03 5.970846119087726720e+02 9.332076994319555840e-01
1.883014587402343750e+03 5.958211721275390573e+02 9.355947526057224461e-01
1.883035461425781250e+03 5.946057396785170113e+02 9.335814598902572037e-01
1.883056274414062500e+03 5.984589964757215057e+02 9.341182113476330651e-01
1.883077087402343750e+03 5.981443163684381261e+02 9.345160680831468003e-01
1.883097961425781250e+03 5.992650887172651437e+02 9.349052442893414083e-01
1.883118774414062500e+03 5.981500798307110927e+02 9.347339833599609404e-01
1.883139587402343750e+03 5.947617541305112354e+02 9.347892990972164196e-01
1.883160461425781250e+03 5.972651418718975265e+02 9.362678377924904538e-01
1.883181274414062500e+03 5.962506365404328790e+02 9.338522517278086132e-01
1.883202087402343750e+03 5.963855514487758001e+02 9.386675240443208557e-01
1.883222900390625000e+03 5.954154307050508805e+02 9.344041252062317282e-01
1.883243713378906250e+03 5.962648758933590898e+02 9.330487755560696872e-01
1.883264587402343750e+03 5.927810469487982346e+02 9.349970147396308162e-01
1.883285400390625000e+03 5.968561960092044956e+02 9.364426053897200175e-01
1.883306213378906250e+03 5.940173012315733558e+02 9.364355083791419121e-01
1.883327087402343750e+03 5.961117772709376368e+02 9.337114714776690860e-01
1.883347900390625000e+03 5.953072816513667931e+02 9.338013486008047703e-01
1.883368713378906250e+03 5.948311087884719655e+02 9.341561766099841790e-01
1.883389587402343750e+03 5.928002563570230450e+02 9.357780855730113423e-01
1.883410400390625000e+03 5.944206480813805911e+02 9.359017099405836371e-01
1.883431213378906250e+03 5.920290942413655557e+02 9.350354542869594443e-01
1.883452087402343750e+03 5.936784934087245347e+02 9.345703762775905421e-01
1.883472900390625000e+03 5.958891918224932169e+02 9.340962609794002391e-01
1.883493713378906250e+03 5.916403563325202413e+02 9.380435957080476284e-01
1.883514587402343750e+03 5.934478493496910687e+02 9.392146959916984894e-01
1.883535400390625000e+03 5.948960704536808635e+02 9.384761496710688489e-01
1.883556213378906250e+03 5.924423529477485317e+02 9.405104621272855070e-01
1.883577087402343750e+03 5.916938039344969411e+02 9.370809254177893122e-01
1.883597900390625000e+03 5.930641372909666416e+02 9.370218647163536252e-01
1.883618713378906250e+03 5.917840665434313223e+02 9.383119246195802399e-01
1.888285339355468750e+03 6.134018984911454027e+02 9.641912624735512471e-01
1.888306213378906250e+03 6.137853377217281832e+02 9.638355253791541788e-01
1.888327026367187500e+03 6.160132394669331006e+02 9.655735483628233862e-01
1.888347839355468750e+03 6.144894018773265998e+02 9.650289998613643672e-01
1.888368713378906250e+03 6.130652415045512953e+02 9.681229561672715089e-01
1.888389526367187500e+03 6.126879008394513448e+02 9.666075858334884918e-01
1.888410339355468750e+03 6.140099465189318835e+02 9.650184380543783691e-01
1.888431213378906250e+03 6.145297915681961740e+02 9.662903046190366441e-01
1.888452026367187500e+03 6.117946580771715617e+02 9.655209840225748019e-01
1.888472839355468750e+03 6.161656048891504724e+02 9.675574191499498600e-01
1.888493713378906250e+03 6.120055100763181599e+02 9.646720887965224422e-01
1.888514526367187500e+03 6.135958878944335311e+02 9.648634256063313153e-01
1.888535339355468750e+03 6.095755735987169146e+02 9.616081564660479142e-01
1.888556213378906250e+03 6.114824231887719179e+02 9.626452769833760970e-01
1.888577026367187500e+03 6.098892946948039935e+02 9.630627584675525155e-01
1.888597839355468750e+03 6.119287423047524044e+02 9.644471252922246496e-01
1.888618713378906250e+03 6.110115701176497396e+02 9.625948128508781121e-01
1.888639526367187500e+03 6.120306581176159852e+02 9.631906780843721982e-01
1.888660339355468750e+03 6.116028594920633168e+02 9.631670077382112893e-01
1.888681213378906250e+03 6.116508266259828588e+02 9.623748140544243768e-01
1.888702026367187500e+03 6.100394954713754032e+02 9.624131819967786106e-01
1.888722839355468750e+03 6.082751903978855808e+02 9.619139385707407008e-01
1.888743713378906250e+03 6.084126720558411989e+02 9.607600536728668761e-01
1.888764526367187500e+03 6.096370901663768791e+02 9.589006189258983959e-01
1.888785339355468750e+03 6.095710613566509437e+02 9.600051140152298101e-01
1.888806213378906250e+03 6.079745641589897787e+02 9.595977002844975345e-01
1.888827026367187500e+03 6.077535113105923301e+02 9.574654042042225477e-01
1.888847839355468750e+03 6.060509466601112081e+02 9.604562624356454137e-01
1.888868713378906250e+03 6.088445242926384253e+02 9.589276267856614577e-01
1.888889526367187500e+03 6.093080818042385545e+02 9.571029636217204262e-01
1.888910339355468750e+03 6.054708207751314148e+02 9.565182926564453902e-01
1.888931213378906250e+03 6.047909265458873733e+02 9.573879277947415778e-01
1.888952026367187500e+03 6.069752179431236527e+02 9.562762337869671336e-01
1.888972839355468750e+03 6.043039846268038673e+02 9.581463914786244596e-01
1.888993713378906250e+03 6.046952922837012920e+02 9.570438929131418471e-01
1.889014526367187500e+03 6.076527515889857796e+02 9.603661179772935430e-01
1.889035339355468750e+03 6.040523673594484535e+02 9.559094452147202103e-01
1.889056213378906250e+03 6.035270677115946683e+02 9.569147155811812411e-01
1.889077026367187500e+03 6.045591583616466096e+02 9.589152262632580914e-01
1.889097839355468750e+03 6.063770699488015907e+02 9.575748378998821808e-01
1.889118713378906250e+03 6.075711978756422695e+02 9.559153999899082654e-01
1.889139526367187500e+03 6.052475154602680050e+02 9.545922164692378642e-01
1.889160339355468750e+03 6.047502518454602978e+02 9.563737440139645773e-01
1.889181213378906250e+03 6.038556319633062230e+02 9.568455730076884658e-01
1.889202026367187500e+03 6.025054292807640195e+02 9.533099010784487071e-01
1.889222839355468750e+03 6.045446344220257515e+02 9.560180282967820631e-01
1.889243713378906250e+03 6.055218740571775697e+02 9.533100261262233976e-01
1.889264526367187500e+03 6.032131583214693364e+02 9.553532740383474664e-01
1.889285339355468750e+03 6.074454547661854349e+02 9.556750594924707798e-01
1.889306213378906250e+03 6.042804660310941927e+02 9.559684924974873876e-01
1.889327026367187500e+03 6.050950063587450813e+02 9.547234873380526787e-01
1.889347839355468750e+03 6.054380293583178627e+02 9.556179588263050695e-01
1.889368713378906250e+03 6.063165864243436545e+02 9.549319227530007614e-01
1.889389526367187500e+03 6.026563481471006298e+02 9.587694847981779178e-01
1.889410339355468750e+03 6.065177589622971936e+02 9.601901179549056087e-01
1.889431152343750000e+03 6.031861887068419037e+02 9.585539246037705352e-01
1.889451965332031250e+03 6.003164869900103895e+02 9.542045108225600814e-01
1.889472839355468750e+03 6.029081270331057567e+02 9.535076748939651514e-01
1.889493652343750000e+03 6.015568714015552132e+02 9.573556778309313398e-01
1.889514465332031250e+03 6.008909570841224195e+02 9.570895430269740212e-01
1.889535339355468750e+03 6.021812897973914005e+02 9.533395682033204421e-01
1.889556152343750000e+03 6.043292253492738837e+02 9.548136651167540290e-01
1.889576965332031250e+03 6.030196511767145466e+02 9.541845841925734595e-01
1.889597839355468750e+03 6.029278746374683351e+02 9.549295820867551576e-01
1.889618652343750000e+03 6.009148510633500564e+02 9.534586025567119982e-01
1.889639465332031250e+03 6.032761795780536431e+02 9.539857948373255958e-01
1.889660339355468750e+03 6.004525084794865961e+02 9.526696289884916125e-01
1.889681152343750000e+03 6.034066215271470810e+02 9.550228609973786531e-01
1.889701965332031250e+03 6.039704153256035397e+02 9.543840191308161636e-01
1.889722839355468750e+03 6.035269196286968736e+02 9.535766219492118889e-01
1.889743652343750000e+03 6.025894986065768535e+02 9.531554545555573910e-01
1.889764465332031250e+03 6.022009478020526103e+02 9.594907647285275676e-01
1.889785339355468750e+03 6.047234699585767430e+02 9.576090722670909106e-01
1.889806152343750000e+03 6.047571083627913140e+02 9.581900295975372961e-01
1.889826965332031250e+03 6.032262222866442016e+02 9.582035591880290193e-01
1.889847839355468750e+03 6.026249246945163804e+02 9.584211571851385392e-01
1.889868652343750000e+03 6.091889671558748205e+02 9.599236823582114608e-01
1.889889465332031250e+03 6.035711081240530120e+02 9.654121423570573013e-01
1.889910339355468750e+03 6.070897672728974612e+02 9.625286481978247988e-01
1.889931152343750000e+03 6.055968426759864087e+02 9.637828353255794012e-01
1.889951965332031250e+03 6.050907547689936337e+02 9.625698894045942033e-01
1.889972839355468750e+03 6.040702925617011942e+02 9.568066080320503097e-01
1.889993652343750000e+03 6.001146132602964371e+02 9.561909937885451072e-01
1.890014465332031250e+03 6.064869475146755349e+02 9.553637555279320681e-01
1.890035339355468750e+03 6.020238937142394207e+02 9.544396323731716425e-01
1.890056152343750000e+03 6.038866280147905172e+02 9.547539221200345150e-01
1.890076965332031250e+03 6.040412058294316466e+02 9.573879900523083464e-01
1.890097839355468750e+03 6.046827388976452085e+02 9.564217319740504486e-01
1.890118652343750000e+03 6.027147266958637601e+02 9.576442390245110126e-01
1.890139465332031250e+03 6.031731085377939507e+02 9.566543771262326912e-01
1.890160339355468750e+03 6.014248554966413849e+02 9.582624340091635551e-01
1.890181152343750000e+03 6.033766107771234601e+02 9.600148307131557424e-01
1.890201965332031250e+03 6.001736492012488497e+02 9.599853698787899070e-01
1.890222839355468750e+03 6.015671497330620241e+02 9.576433365309530155e-01
1.890243652343750000e+03 6.006889875825814897e+02 9.569836974494343451e-01
1.890264465332031250e+03 6.026736224841972671e+02 9.566434736353501833e-01
1.890285339355468750e+03 6.049043904783541166e+02 9.550412410798766460e-01
1.890306152343750000e+03 6.039356207406331123e+02 9.568256079386204815e-01
1.890326965332031250e+03 6.019648051572393115e+02 9.568427075319602126e-01
1.890347839355468750e+03 6.050913796904624178e+02 9.567251844873504441e-01
1.890368652343750000e+03 6.045975172118482988e+02 9.578333393462219458e-01
1.890389465332031250e+03 6.050445225416309540e+02 9.603530222781003767e-01
1.890410339355468750e+03 6.042106175982406739e+02 9.618173308556386969e-01
1.890431152343750000e+03 6.062227728477838582e+02 9.598612767562559878e-01
1.890451965332031250e+03 6.028657916065186555e+02 9.617331087727850614e-01
1.890472839355468750e+03 6.061902856021359867e+02 9.618520029254857828e-01
1.890493652343750000e+03 6.065362938625848983e+02 9.621321532588299474e-01
1.890514465332031250e+03 6.028557698161084772e+02 9.630084787789748857e-01
1.890535339355468750e+03 6.081785464452437964e+02 9.607353307917867458e-01
1.890556152343750000e+03 6.063434999593646353e+02 9.636117273926623206e-01
1.890576965332031250e+03 6.038145199080831844e+02 9.608744468781661441e-01
1.890597839355468750e+03 6.038969953774352462e+02 9.607875365806745060e-01
1.890618652343750000e+03 6.062504394301730599e+02 9.593371890193589380e-01
1.890639465332031250e+03 6.053718035416102339e+02 9.576244462119570811e-01
1.890660339355468750e+03 6.044967542315753235e+02 9.602599818141153154e-01
1.890681152343750000e+03 6.023090056541806234e+02 9.595712392698875215e-01
1.890701965332031250e+03 6.013226793824823062e+02 9.563114495572989648e-01
1.890722839355468750e+03 6.040766298966715340e+02 9.564120722535669472e-01
1.890743652343750000e+03 6.018554681966561475e+02 9.566966814943936859e-01
1.890764465332031250e+03 6.027957440898818504e+02 9.579663748922476740e-01
1.890785339355468750e+03 6.024565522465211416e+02 9.575854506846133152e-01
1.890806152343750000e+03 6.047734940329559095e+02 9.570977012763708380e-01
1.890826965332031250e+03 6.060519051548964171e+02 9.574053286270861607e-01
1.890847839355468750e+03 6.009821553950746420e+02 9.570928125627542471e-01
1.890868652343750000e+03 6.025315632631896960e+02 9.563783871101227962e-01
1.890889465332031250e+03 6.035912246960642733e+02 9.566676169123786710e-01
1.890910339355468750e+03 6.027334384854294740e+02 9.563037208975389003e-01
1.890931152343750000e+03 6.017434242029435154e+02 9.584191359933239562e-01
1.890951965332031250e+03 6.013680857374451989e+02 9.581707146097316885e-01
1.890972839355468750e+03 6.047760638827708135e+02 9.590111940444604466e-01
1.890993652343750000e+03 6.019008428674433162e+02 9.625319921452832883e-01
1.891014465332031250e+03 6.028919631468583020e+02 9.609850739898802008e-01
1.891035339355468750e+03 6.007135336626051867e+02 9.623518668784870611e-01
1.891056152343750000e+03 6.039768393143513094e+02 9.603640388142284934e-01
1.891076965332031250e+03 6.043535321510639733e+02 9.641790532860866625e-01
1.891097839355468750e+03 6.012932148781712840e+02 9.622087521016435829e-01
1.891118652343750000e+03 6.033266079271757008e+02 9.614135679415656277e-01
1.891139465332031250e+03 6.051621603707964141e+02 9.596649365519379637e-01
1.891160339355468750e+03 6.065640956805310680e+02 9.596518312842110543e-01
1.891181152343750000e+03 6.037818281187433058e+02 9.637513868962660490e-01
1.891201965332031250e+03 6.048131198075990369e+02 9.611465412811309728e-01
1.891222839355468750e+03 6.018380352141713274e+02 9.624263735267435393e-01
1.891243652343750000e+03 6.021278891033213085e+02 9.601174553901394848e-01
1.891264465332031250e+03 6.068801979640981017e+02 9.624079486871446321e-01
1.891285339355468750e+03 6.027795670165502315e+02 9.597292491461145714e-01
1.891306152343750000e+03 6.022228780192489239e+02 9.594279582165609055e-01
1.891326965332031250e+03 6.021813448601077425e+02 9.597467317378962637e-01
1.891347839355468750e+03 6.036118126110753792e+02 9.600676965189806067e-01
1.891368652343750000e+03 6.041722577780988104e+02 9.603426573090079188e-01
1.891389465332031250e+03 6.050370535267730929e+02 9.595451502312626335e-01
1.891410339355468750e+03 6.041723526613174045e+02 9.579874361225763080e-01
1.891431152343750000e+03 6.034136948740358548e+02 9.586930774566517766e-01
1.891451965332031250e+03 6.021784660754565266e+02 9.585755325489013767e-01
1.891493652343750000e+03 6.020980138046127195e+02 9.587524506538831481e-01
1.891514465332031250e+03 6.044498902688129647e+02 9.581699370255802872e-01
1.891535339355468750e+03 6.019965597921237759e+02 9.592871722052144223e-01
1.891556152343750000e+03 6.031740806786481244e+02 9.577137284745469437e-01
1.891576965332031250e+03 6.031430278894255252e+02 9.580777421757016299e-01
1.891597839355468750e+03 6.022100640326015082e+02 9.582284717962996634e-01
1.891618652343750000e+03 6.052565073698023070e+02 9.577011566413234922e-01
1.891639465332031250e+03 6.023088973650080789e+02 9.568830102825692796e-01
1.891660339355468750e+03 6.032060466807724879e+02 9.571516622969992172e-01
1.891681152343750000e+03 6.029180502044603145e+02 9.562002505656561624e-01
1.891701965332031250e+03 6.001054718188057677e+02 9.570544804458965826e-01
1.891722778320312500e+03 6.053258110906044749e+02 9.563292750989033086e-01
1.891743591308593750e+03 6.008822031891771758e+02 9.544295778888127746e-01
1.891764465332031250e+03 6.019968172965481017e+02 9.557961727147923359e-01
1.891785278320312500e+03 6.003564420445914038e+02 9.568261374388096208e-01
1.891806091308593750e+03 6.020790962913686144e+02 9.567827485986041269e-01
1.891826965332031250e+03 6.039966160101521382e+02 9.561721682818848933e-01
1.891847778320312500e+03 6.024753074105325368e+02 9.568927275387777431e-01
1.891868591308593750e+03 6.043802093443930517e+02 9.600227468001092390e-01
1.891889465332031250e+03 6.030723623112436371e+02 9.580842122791730642e-01
1.891910278320312500e+03 6.000324128450902208e+02 9.579909514674795901e-01
1.891931091308593750e+03 6.021332712242591469e+02 9.571587925216810122e-01
1.891951965332031250e+03 6.045150779633030425e+02 9.565692019796394607e-01
1.891972778320312500e+03 6.033519043245928515e+02 9.559314870504947992e-01
1.891993591308593750e+03 6.018792850972655515e+02 9.574143246400060869e-01
1.892014465332031250e+03 6.016564872075377934e+02 9.552354741513309211e-01
1.892035278320312500e+03 6.038823137134036187e+02 9.573546505458906397e-01
1.892056091308593750e+03 6.031118433030253527e+02 9.558067428883435523e-01
1.892076965332031250e+03 6.031673930513486539e+02 9.545615892058132435e-01
1.892097778320312500e+03 6.030647707443889658e+02 9.564765100919925267e-01
1.892118591308593750e+03 5.998199906493015305e+02 9.566710124985967623e-01
1.892139465332031250e+03 6.035026806297897792e+02 9.547682495430714900e-01
1.892160278320312500e+03 6.019902720843570023e+02 9.589294915120023521e-01
1.892181091308593750e+03 6.040038454543358739e+02 9.548669437268841875e-01
1.892201965332031250e+03 6.027411696859254562e+02 9.549425961183510836e-01
1.892222778320312500e+03 6.023074484995901230e+02 9.561007588929635315e-01
1.892243591308593750e+03 6.029827268727241290e+02 9.566015719210825274e-01
1.892264465332031250e+03 6.034545044689690485e+02 9.575840812996443407e-01
1.892285278320312500e+03 6.024211447258765020e+02 9.573513819043366624e-01
1.892306091308593750e+03 6.019004294897255249e+02 9.600280551983276789e-01
1.892326965332031250e+03 6.030441356757468157e+02 9.585586815025680663e-01
1.892347778320312500e+03 6.020352931878195477e+02 9.617081320057955240e-01
1.892368591308593750e+03 6.049867212164563171e+02 9.611259213692581183e-01
1.892389465332031250e+03 6.070076018526888220e+02 9.587608123428237317e-01
1.892410278320312500e+03 6.030331061801141459e+02 9.586613687979894660e-01
1.892431091308593750e+03 6.021703985583337726e+02 9.627846433181096453e-01
1.892451965332031250e+03 6.041711595382366795e+02 9.582416276314715819e-01
1.892472778320312500e+03 6.009741818789382251e+02 9.592479335871021418e-01
1.892493591308593750e+03 5.999331494746874114e+02 9.587160500355643711e-01
1.892535278320312500e+03 6.046148586274276795e+02 9.578928280574738885e-01
1.892556091308593750e+03 6.029752561407477742e+02 9.611226965610835116e-01
1.892576965332031250e+03 6.026498222542649046e+02 9.596219555735820972e-01
1.892597778320312500e+03 6.032235112780490454e+02 9.579191798779634892e-01
1.892618591308593750e+03 6.059771777681008871e+02 9.580272552041615430e-01
1.892639465332031250e+03 6.044300794779546777e+02 9.623496681324986701e-01
1.892660278320312500e+03 6.028459919122498150e+02 9.599146167216509040e-01
1.892681091308593750e+03 6.047839069652472972e+02 9.617141438427341260e-01
1.892701965332031250e+03 6.038126272986064578e+02 9.610878741451095442e-01
1.892722778320312500e+03 6.023350211456117904e+02 9.599628312644246098e-01
1.892743591308593750e+03 6.061528551575610209e+02 9.608355212179806593e-01
1.892764465332031250e+03 6.031514922902630360e+02 9.582345987680117583e-01
1.892785278320312500e+03 6.046192455948846600e+02 9.597365775892527928e-01
1.892806091308593750e+03 6.037518750571255168e+02 9.568036178484585763e-01
1.892826965332031250e+03 6.046231529491512902e+02 9.601113093934322551e-01
1.892847778320312500e+03 6.022878563549602404e+02 9.566042511934267356e-01
1.892868591308593750e+03 6.036766699340724927e+02 9.640774792167496887e-01
1.892889465332031250e+03 6.043409977501460162e+02 9.611806794409564203e-01
1.892910278320312500e+03 6.033979374599269931e+02 9.591276601741813845e-01
1.892931091308593750e+03 6.047994680154957905e+02 9.618673400375608029e-01
1.892951965332031250e+03 6.051420118289084940e+02 9.601077397308188655e-01
1.892972778320312500e+03 6.061471906845570174e+02 9.645534186671380628e-01
1.892993591308593750e+03 6.025028036662044997e+02 9.603042687095270091e-01
1.893014465332031250e+03 6.061570717755180340e+02 9.626120266804857328e-01
1.893035278320312500e+03 6.047441562525851850e+02 9.624441167783691631e-01
1.893056091308593750e+03 6.057640899462073776e+02 9.650828262223242193e-01
1.893076965332031250e+03 6.033091592269080365e+02 9.647966133989770432e-01
1.893097778320312500e+03 6.082191939731426373e+02 9.675242452516054081e-01
1.893118591308593750e+03 6.064177871697814908e+02 9.662497156989109381e-01
1.893139465332031250e+03 6.054824460603401803e+02 9.708111892816104760e-01
1.893160278320312500e+03 6.061219942576788071e+02 9.663436906405800109e-01
1.893181091308593750e+03 6.054218275923773263e+02 9.654233481206555556e-01
1.893201965332031250e+03 6.080938480526518788e+02 9.667461651690737456e-01
1.893222778320312500e+03 6.085540927614365501e+02 9.681140904461422725e-01
1.893243591308593750e+03 6.067202906736741852e+02 9.693737175623701186e-01
1.893264465332031250e+03 6.080307437822049224e+02 9.700855155491873161e-01
1.893285278320312500e+03 6.062783535182129526e+02 9.712141752570726538e-01
1.893306091308593750e+03 6.098778961030570827e+02 9.706771816417291143e-01
1.893326965332031250e+03 6.090828036965085630e+02 9.705610881330626327e-01
1.893347778320312500e+03 6.100061159050646893e+02 9.701956452849354040e-01
1.893368591308593750e+03 6.062869520177597451e+02 9.728239290256578409e-01
1.893389465332031250e+03 6.096374737242641686e+02 9.679714581541735141e-01
1.893410278320312500e+03 6.081507629158885493e+02 9.680161927106258890e-01
1.893431091308593750e+03 6.066676201533366566e+02 9.687475081380974018e-01
1.893451965332031250e+03 6.087900160355973185e+02 9.676909964944918618e-01
1.893472778320312500e+03 6.035800639859982084e+02 9.694449792882930961e-01
1.893493591308593750e+03 6.050882463420336990e+02 9.686451516786761529e-01
1.893514465332031250e+03 6.067230073795929002e+02 9.691575023899000607e-01
1.893535278320312500e+03 6.052435279590714572e+02 9.678446630911036186e-01
1.893556091308593750e+03 6.072691201624139694e+02 9.674915014677351044e-01
1.893576965332031250e+03 6.082828750417638730e+02 9.693073699695388123e-01
1.893597778320312500e+03 6.060869696092643153e+02 9.691938798472669037e-01
1.893618591308593750e+03 6.087734500023547071e+02 9.689774400074901983e-01
1.893639465332031250e+03 6.049588738045159744e+02 9.744389142208518262e-01
1.893660278320312500e+03 6.096004409702928797e+02 9.721728429667331195e-01
1.893681091308593750e+03 6.099080845696571487e+02 9.736857347252637629e-01
1.893701904296875000e+03 6.082490303486539460e+02 9.711195361518522029e-01
1.893722717285156250e+03 6.083887335664919647e+02 9.733834975741110229e-01
1.893743591308593750e+03 6.094393829196741308e+02 9.738631822478374112e-01
1.893764404296875000e+03 6.067713281853000353e+02 9.767177000697682132e-01
1.893785217285156250e+03 6.117952031932676391e+02 9.738234292233480804e-01
1.893806091308593750e+03 6.085440477118199851e+02 9.741380121200778897e-01
1.893826904296875000e+03 6.084294252292389729e+02 9.737360525540211809e-01
1.893847717285156250e+03 6.103113703496961762e+02 9.742531899587686395e-01
1.893868591308593750e+03 6.090222989675734198e+02 9.770727731802367755e-01
1.893889404296875000e+03 6.111792595440247169e+02 9.785868605459968617e-01
1.893910217285156250e+03 6.113010722660156944e+02 9.786723119954452432e-01
1.893931091308593750e+03 6.104954926230133196e+02 9.816895745577828292e-01
1.893951904296875000e+03 6.151484392382983515e+02 9.791554930570222082e-01
1.893972717285156250e+03 6.123428094592893558e+02 9.804723367207490714e-01
1.893993591308593750e+03 6.114472009623011672e+02 9.811747771180032718e-01
1.894014404296875000e+03 6.105727393319805287e+02 9.809955230497965362e-01
1.894035217285156250e+03 6.134119039023640880e+02 9.799171202996723729e-01
1.894056091308593750e+03 6.116183026631972552e+02 9.788753434620122151e-01
1.894076904296875000e+03 6.125189671642422127e+02 9.776813963658279594e-01
1.894097717285156250e+03 6.105763291266882788e+02 9.767614543429657958e-01
1.894118591308593750e+03 6.085263769413663795e+02 9.785814396392873427e-01
1.894139404296875000e+03 6.114729770287881365e+02 9.776445116603770247e-01
1.894160217285156250e+03 6.100657675771211643e+02 9.773590501400316599e-01
1.894181091308593750e+03 6.136862338461766058e+02 9.768517637997695680e-01
1.894201904296875000e+03 6.145810451344409557e+02 9.787387250930480453e-01
1.894222717285156250e+03 6.107915488312734169e+02 9.765368038611494939e-01
1.894243591308593750e+03 6.103819574382993096e+02 9.773329480349556286e-01
1.894264404296875000e+03 6.098070721901079878e+02 9.799761807700003713e-01
1.894285217285156250e+03 6.080500186259919246e+02 9.761973499455948167e-01
1.894306091308593750e+03 6.137838542189509781e+02 9.758215572929055392e-01
1.894326904296875000e+03 6.101398197658626259e+02 9.763526996316771456e-01
1.894347717285156250e+03 6.092686567229708317e+02 9.778957268859986840e-01
1.894368591308593750e+03 6.123649112680553799e+02 9.780090299844734769e-01
1.894389404296875000e+03 6.088531274764530963e+02 9.750312702348530314e-01
1.894410217285156250e+03 6.116706872139299094e+02 9.788142374913679777e-01
1.894431091308593750e+03 6.089765562032987418e+02 9.794109459118705008e-01
1.894451904296875000e+03 6.112601354627747696e+02 9.776187525077563167e-01
1.894472717285156250e+03 6.091600063459138710e+02 9.761117123629892145e-01
1.894493591308593750e+03 6.115959635635954328e+02 9.758367053874126285e-01
1.894514404296875000e+03 6.108766812994244901e+02 9.767851308729731397e-01
1.894535217285156250e+03 6.100536715937677172e+02 9.747137346372569677e-01
1.894556091308593750e+03 6.103371405669612386e+02 9.758603127352660778e-01
1.894576904296875000e+03 6.123402544111726229e+02 9.789879243454699953e-01
1.894597717285156250e+03 6.143977760173178240e+02 9.795468316091638927e-01
1.894618591308593750e+03 6.116465792865963067e+02 9.802261599555761595e-01
1.894639404296875000e+03 6.129954097740778707e+02 9.835651638976421474e-01
1.894660217285156250e+03 6.140593964056355389e+02 9.809390456134908787e-01
1.894681091308593750e+03 6.145356189059157259e+02 9.826261334589230234e-01
1.894701904296875000e+03 6.114188596429576137e+02 9.816564228503503742e-01
1.894722717285156250e+03 6.146229901416518260e+02 9.862715601045161096e-01
1.894743591308593750e+03 6.121643179392143566e+02 9.794316372929925407e-01
1.894764404296875000e+03 6.122176336492793780e+02 9.814833296819062136e-01
1.894785217285156250e+03 6.122224321310524147e+02 9.782108586077762347e-01
1.894806091308593750e+03 6.140470316998350881e+02 9.788678234014094315e-01
1.894826904296875000e+03 6.120347994270558729e+02 9.784855942676887741e-01
1.894847717285156250e+03 6.126367732951921425e+02 9.788332060210784835e-01
1.894868591308593750e+03 6.106369949167612958e+02 9.779708472706469813e-01
1.894889404296875000e+03 6.134958936200764583e+02 9.787273977308026396e-01
1.894910217285156250e+03 6.123594643105459454e+02 9.802473813804901681e-01
1.894931091308593750e+03 6.088801553928501562e+02 9.753374579456054461e-01
1.894951904296875000e+03 6.098274091928295775e+02 9.726201858881821094e-01
1.894972717285156250e+03 6.081325322058547727e+02 9.735047343197258396e-01
1.894993591308593750e+03 6.099105171433413943e+02 9.753273744435864145e-01
1.895014404296875000e+03 6.085909357806854132e+02 9.767174254551694856e-01
1.895035217285156250e+03 6.137949051930741007e+02 9.765433652910534557e-01
1.895056091308593750e+03 6.113075533645178439e+02 9.760767835055723651e-01
1.895076904296875000e+03 6.107011553436453823e+02 9.751061222814909613e-01
1.895097717285156250e+03 6.110331710154821394e+02 9.730843823530636039e-01
1.895118591308593750e+03 6.084666145224238107e+02 9.759761728618424614e-01
1.895139404296875000e+03 6.079340259252927581e+02 9.758564952856410013e-01
1.895160217285156250e+03 6.125710487314263446e+02 9.746527652599292768e-01
1.895181091308593750e+03 6.081329384597936496e+02 9.796356065747132691e-01
1.895201904296875000e+03 6.095662282529657432e+02 9.739290358816915516e-01
1.895222717285156250e+03 6.102730321846083825e+02 9.745346377046121278e-01
1.895243591308593750e+03 6.094716806109704521e+02 9.743639191590189874e-01
1.895264404296875000e+03 6.092208248005264295e+02 9.731138447518447032e-01
1.895285217285156250e+03 6.113840672514919561e+02 9.748393305418315835e-01
1.895306091308593750e+03 6.064888007601617801e+02 9.732755964172845609e-01
1.895326904296875000e+03 6.099408673458653993e+02 9.738500844328764616e-01
1.895347717285156250e+03 6.078938643838740745e+02 9.714223242907443767e-01
1.895368591308593750e+03 6.098148827328468542e+02 9.707447864334507459e-01
1.895389404296875000e+03 6.072142630278832485e+02 9.724891243255410211e-01
1.895410217285156250e+03 6.082894639594873070e+02 9.696149963555286133e-01
1.895431091308593750e+03 6.095441033018437338e+02 9.694374783006658447e-01
1.895451904296875000e+03 6.090531889138122779e+02 9.684020309624691292e-01
1.895472717285156250e+03 6.083418047945990565e+02 9.686973619003973468e-01
1.895493530273437500e+03 6.069556198207882289e+02 9.691739539027985906e-01
1.895514343261718750e+03 6.084124670002505582e+02 9.709220040775747851e-01
1.895535217285156250e+03 6.078842861224964054e+02 9.705445680127963159e-01
1.895556030273437500e+03 6.090544207503668304e+02 9.689603392610938171e-01
1.895576843261718750e+03 6.023531079277601066e+02 9.704883115163813745e-01
1.895597717285156250e+03 6.052805468424585342e+02 9.681428113940302449e-01
1.895618530273437500e+03 6.071489468602540001e+02 9.722365120942634276e-01
1.895639343261718750e+03 6.089684870123303426e+02 9.683552830014515722e-01
1.895660217285156250e+03 6.080051594171859506e+02 9.689763635305569389e-01
1.895681030273437500e+03 6.093220049449311091e+02 9.720717669432621388e-01
1.895701843261718750e+03 6.120883288985219224e+02 9.734119711968054478e-01
1.895722717285156250e+03 6.084504697076721413e+02 9.746759426340462218e-01
1.895743530273437500e+03 6.117875735875393275e+02 9.794591744089968799e-01
1.895764343261718750e+03 6.099703802295966852e+02 9.746686959417312224e-01
1.895785217285156250e+03 6.072850360985960378e+02 9.745027411154669750e-01
1.895806030273437500e+03 6.111782471896763127e+02 9.736903870910315062e-01
1.895826843261718750e+03 6.088814252157884539e+02 9.730556541239786528e-01
1.895847717285156250e+03 6.117522806524287944e+02 9.740676750508243664e-01
1.895868530273437500e+03 6.109096327867862328e+02 9.736232010989676056e-01
1.895889343261718750e+03 6.104426465451332433e+02 9.730880269185165909e-01
1.895910217285156250e+03 6.119523231829593897e+02 9.738633046564921791e-01
1.895931030273437500e+03 6.021395165860050156e+02 9.718268048274266713e-01
1.895951843261718750e+03 6.088697095137013093e+02 9.709178909566010818e-01
1.895972717285156250e+03 6.083234166837049770e+02 9.713870734128517981e-01
1.895993530273437500e+03 6.081963491319573905e+02 9.715759835422611568e-01
1.896014343261718750e+03 6.093403910505074919e+02 9.705926843828509565e-01
1.896035217285156250e+03 6.076515638977433582e+02 9.726862768724263697e-01
1.896056030273437500e+03 6.080495058852471857e+02 9.724705223872232018e-01
1.896076843261718750e+03 6.092386003731782012e+02 9.731351600268489666e-01
1.896097717285156250e+03 6.087553519590990163e+02 9.733918866634742040e-01
1.896118530273437500e+03 6.088859527331313757e+02 9.726118514257282577e-01
1.896139343261718750e+03 6.091831716188224846e+02 9.727659355119084861e-01
1.896160217285156250e+03 6.106186593785146215e+02 9.729615923347327833e-01
1.896181030273437500e+03 6.089927538415948902e+02 9.745507843814508186e-01
1.896201843261718750e+03 6.109862351338916824e+02 9.800300072435582655e-01
1.896222717285156250e+03 6.087173779545512389e+02 9.756960878248994717e-01
1.896243530273437500e+03 6.110783816716714227e+02 9.760670740382269006e-01
1.896264343261718750e+03 6.102430887661631687e+02 9.748514979317962625e-01
1.896285217285156250e+03 6.092095348342350007e+02 9.739953746313758653e-01
1.896306030273437500e+03 6.103866862268068871e+02 9.780901747283874403e-01
1.896326843261718750e+03 6.080241100786374773e+02 9.768127120863078217e-01
1.896347717285156250e+03 6.119702171209972903e+02 9.751043801799342825e-01
1.896368530273437500e+03 6.082046970547345381e+02 9.802917381473922331e-01
1.896389343261718750e+03 6.113915332725871394e+02 9.760141282622423198e-01
1.896410217285156250e+03 6.094767722676141375e+02 9.742726143612314704e-01
1.896431030273437500e+03 6.076705843244976677e+02 9.739876333035168976e-01
1.896451843261718750e+03 6.113862230381387235e+02 9.750784622312833605e-01
1.896472717285156250e+03 6.088912907100557277e+02 9.737913563164322106e-01
1.896493530273437500e+03 6.096766694182194897e+02 9.765614318841815411e-01
1.896514343261718750e+03 6.077825429456395341e+02 9.727898318317699244e-01
1.896535217285156250e+03 6.090808086392834184e+02 9.744901106338978991e-01
1.896556030273437500e+03 6.057172756772436060e+02 9.728534912139270574e-01
1.896576843261718750e+03 6.063810123159474870e+02 9.709522687453604473e-01
1.896597717285156250e+03 6.079599101768610581e+02 9.716240795076662717e-01
1.896618530273437500e+03 6.040593053676431055e+02 9.716433417648879800e-01
1.896639343261718750e+03 6.079836386519409643e+02 9.716629410263881717e-01
1.896660217285156250e+03 6.081657070008136543e+02 9.707964539515391289e-01
1.896681030273437500e+03 6.084817815904749523e+02 9.705415280343817619e-01
1.896701843261718750e+03 6.062757756521826877e+02 9.690991664569164055e-01
1.896722717285156250e+03 6.069431503746458247e+02 9.726797200630639129e-01
1.896743530273437500e+03 6.064760595178755693e+02 9.711867112266322488e-01
1.896764343261718750e+03 6.083033985993864690e+02 9.697079690339650559e-01
1.896785217285156250e+03 6.052875565433574820e+02 9.681504455433778134e-01
1.896806030273437500e+03 6.068173962045442522e+02 9.680310627213375430e-01
1.896826843261718750e+03 6.079561366931759494e+02 9.695485730587055651e-01
1.896847717285156250e+03 6.080559854887051188e+02 9.694452867045807443e-01
1.896868530273437500e+03 6.104952493762457379e+02 9.714727286763114034e-01
1.896889343261718750e+03 6.058848545044871798e+02 9.727477371514989812e-01
1.896910217285156250e+03 6.091618214140812597e+02 9.688386876518131352e-01
1.896931030273437500e+03 6.083206397448587950e+02 9.703846030850399318e-01
1.896951843261718750e+03 6.071086858567246054e+02 9.696575343830938776e-01
1.896972717285156250e+03 6.061506745280720452e+02 9.689058055486030607e-01
1.896993530273437500e+03 6.034446360454959404e+02 9.699490110524343622e-01
1.897014343261718750e+03 6.072399479887011466e+02 9.694280097580031397e-01
1.897035156250000000e+03 6.067165948111352236e+02 9.705843939212185356e-01
1.897055969238281250e+03 6.122097938154902295e+02 9.722421829505765167e-01
1.897076843261718750e+03 6.070276738078758854e+02 9.706103704643275210e-01
1.897097656250000000e+03 6.052088601840218871e+02 9.719093549734052484e-01
1.897118469238281250e+03 6.076543215364013122e+02 9.735013974497619405e-01
1.897139343261718750e+03 6.059673871521017645e+02 9.698830715472394060e-01
1.897160156250000000e+03 6.079014605224214165e+02 9.729310838555537133e-01
1.897180969238281250e+03 6.054082808762576633e+02 9.723518538715851811e-01
1.897201843261718750e+03 6.061521839193502501e+02 9.717152037910837814e-01
1.897222656250000000e+03 6.104165997311819183e+02 9.750169043420460202e-01
1.897243469238281250e+03 6.085073791460954453e+02 9.733620958835983439e-01
1.897264343261718750e+03 6.109393459723818296e+02 9.759523240232995667e-01
1.897285156250000000e+03 6.078392540040799759e+02 9.780408122239436786e-01
1.897305969238281250e+03 6.095068347879038129e+02 9.762981514772269831e-01
1.897326843261718750e+03 6.089301951517577436e+02 9.765083908349498909e-01
1.897347656250000000e+03 6.075238279010236511e+02 9.771494817947398159e-01
1.897368469238281250e+03 6.100091862971639785e+02 9.752177631063794205e-01
1.897389343261718750e+03 6.068039057945293280e+02 9.736859183717023747e-01
1.897410156250000000e+03 6.091441979260871449e+02 9.741493010679519449e-01
1.897430969238281250e+03 6.069110568769849579e+02 9.749177127739809823e-01
1.897451843261718750e+03 6.095393747121221395e+02 9.751825271828779007e-01
1.897472656250000000e+03 6.095895694861848142e+02 9.749038954589380745e-01
1.897493469238281250e+03 6.091342756748332476e+02 9.765630493162517078e-01
1.897514343261718750e+03 6.102482909137008846e+02 9.779992178092745680e-01
1.897535156250000000e+03 6.071225547021531384e+02 9.825508533547261392e-01
1.897555969238281250e+03 6.106664234316590409e+02 9.787698442145250644e-01
1.897576843261718750e+03 6.115883520768620656e+02 9.831446269914169145e-01
1.897597656250000000e+03 6.094860099426293800e+02 9.814167075472295387e-01
1.897618469238281250e+03 6.128543584178199808e+02 9.808247136623428064e-01
1.897639343261718750e+03 6.114638493223511659e+02 9.811584964535362552e-01
1.897660156250000000e+03 6.098382322249052550e+02 9.843207147555708136e-01
1.897680969238281250e+03 6.112161005182995268e+02 9.802049380712186677e-01
1.897701843261718750e+03 6.093121173101742443e+02 9.816851118931460007e-01
1.897722656250000000e+03 6.073982562768371736e+02 9.793325581267292579e-01
1.897743469238281250e+03 6.087267581031669579e+02 9.813892860932464934e-01
1.897764343261718750e+03 6.089839917100161983e+02 9.810891791083961033e-01
