1.683361450195312500e+03 1.692094630865782165e+03 1.330992083571097329e+00
1.683382263183593750e+03 1.692187693291154574e+03 1.329687971570013172e+00
1.683403137207031250e+03 1.689276651180906811e+03 1.330193378759735090e+00
1.683423950195312500e+03 1.689097456934954153e+03 1.332949861377680456e+00
1.683444763183593750e+03 1.692245754439070197e+03 1.332109689500510008e+00
1.683465637207031250e+03 1.689984425120944252e+03 1.336787349472364772e+00
1.683486450195312500e+03 1.685511777540392359e+03 1.335286612086765468e+00
1.683507263183593750e+03 1.683872637923764159e+03 1.332764365074982305e+00
1.683528137207031250e+03 1.687137130069759223e+03 1.331248167869489185e+00
1.683548950195312500e+03 1.684715890041892635e+03 1.331234690976657475e+00
1.683569763183593750e+03 1.687447977294498969e+03 1.332983711220421252e+00
1.683590637207031250e+03 1.692132907564206334e+03 1.331302745651729680e+00
1.683611450195312500e+03 1.688371390515792200e+03 1.338680863718978431e+00
1.683632263183593750e+03 1.683683247715623111e+03 1.333795894415939376e+00
1.683653137207031250e+03 1.687779094211331994e+03 1.340089069295744562e+00
1.683673950195312500e+03 1.689324801153362387e+03 1.333817701972093372e+00
1.683694763183593750e+03 1.684665334018738577e+03 1.333350191407124408e+00
1.683715637207031250e+03 1.685002776259564598e+03 1.337397441318825875e+00
1.683736450195312500e+03 1.682070613769548117e+03 1.335064653052617345e+00
1.683757263183593750e+03 1.687113706600496243e+03 1.333538511503245871e+00
1.683778137207031250e+03 1.681325427021160522e+03 1.332052459995404892e+00
1.683798950195312500e+03 1.682881715548214515e+03 1.330134856908910201e+00
1.683819763183593750e+03 1.679800284750910123e+03 1.331351053405246398e+00
1.683840637207031250e+03 1.686307253807053712e+03 1.330250509017161686e+00
1.683861450195312500e+03 1.686421247853675595e+03 1.332379113917213864e+00
1.683882263183593750e+03 1.684838731231762267e+03 1.332240337171425315e+00
1.683903137207031250e+03 1.692115663711438174e+03 1.333678717384218171e+00
1.683923950195312500e+03 1.688813851665900756e+03 1.333161844709237709e+00
1.683944763183593750e+03 1.686682478006358224e+03 1.333879100840086984e+00
1.683965637207031250e+03 1.688614960310011156e+03 1.332612881128653948e+00
1.683986450195312500e+03 1.685859457647714407e+03 1.334260568469346486e+00
1.684007263183593750e+03 1.685040463988613510e+03 1.330238590279727573e+00
1.684028137207031250e+03 1.685007674391718183e+03 1.331862318675811396e+00
1.684048950195312500e+03 1.687819280629698596e+03 1.333372721487637413e+00
1.684069763183593750e+03 1.684129037953756324e+03 1.334134228892015939e+00
1.684090637207031250e+03 1.686163638785622425e+03 1.340230101998571177e+00
1.684111450195312500e+03 1.687903853384321565e+03 1.332965959164380099e+00
1.684132263183593750e+03 1.687954855639958623e+03 1.332169287904066080e+00
1.684153137207031250e+03 1.687959955720953531e+03 1.333683856943582935e+00
1.684173950195312500e+03 1.686654739061241116e+03 1.336127150609600633e+00
1.684194763183593750e+03 1.687157938805847152e+03 1.336940767900618221e+00
1.684215637207031250e+03 1.686364272296142190e+03 1.338710650552276560e+00
1.684236450195312500e+03 1.684510135069725948e+03 1.339548951573438673e+00
1.684257263183593750e+03 1.686130122577729935e+03 1.342037085030684418e+00
1.684278137207031250e+03 1.693031609113565082e+03 1.355308061468883940e+00
1.684298950195312500e+03 1.688695619832906459e+03 1.356255075120000209e+00
1.684319763183593750e+03 1.689739627978659428e+03 1.351974248183771987e+00
1.684340637207031250e+03 1.691003912112059652e+03 1.354347094717925692e+00
1.684361450195312500e+03 1.694338260326428554e+03 1.358894219276708393e+00
1.684382263183593750e+03 1.689931491880971407e+03 1.361922278106606266e+00
1.684403137207031250e+03 1.692478701230283832e+03 1.366896985386965024e+00
1.684423950195312500e+03 1.693348360177511040e+03 1.373094191624476990e+00
1.684444763183593750e+03 1.690636460554471796e+03 1.375048636529950574e+00
1.684465637207031250e+03 1.695069101003313563e+03 1.377048353865715669e+00
1.684486450195312500e+03 1.691117965480806788e+03 1.390097142879864078e+00
1.684507263183593750e+03 1.696849961610188529e+03 1.387269375510241876e+00
1.684528137207031250e+03 1.698001325801172015e+03 1.392796995450262365e+00
1.684548950195312500e+03 1.697366058892137971e+03 1.396736389041947302e+00
1.684569763183593750e+03 1.695041602652222991e+03 1.398845804801028159e+00
1.684590637207031250e+03 1.705414355790925811e+03 1.401566398895862431e+00
1.684611450195312500e+03 1.699911376892085627e+03 1.408910734929517794e+00
1.684632263183593750e+03 1.708466523313250718e+03 1.410283429019259627e+00
1.684653137207031250e+03 1.710466847452944194e+03 1.419112907745902374e+00
1.684673950195312500e+03 1.704609039913913421e+03 1.411696419805796854e+00
1.684694763183593750e+03 1.705889575596097529e+03 1.413425323076273887e+00
1.684715637207031250e+03 1.709746668520436515e+03 1.415552018665371170e+00
1.684736450195312500e+03 1.709657419889944322e+03 1.416618944748071929e+00
1.684757263183593750e+03 1.704297440530478752e+03 1.416414528268650219e+00
1.684778137207031250e+03 1.703308082572318199e+03 1.416928753264394825e+00
1.684798950195312500e+03 1.699137445697200064e+03 1.416804400461644686e+00
1.684819763183593750e+03 1.697085906329720729e+03 1.415662671528972183e+00
1.684840637207031250e+03 1.696945690490711513e+03 1.419707858027624559e+00
1.684861450195312500e+03 1.694401014326428594e+03 1.417579450314980560e+00
1.684882263183593750e+03 1.698311088594248076e+03 1.416451727699347352e+00
1.684903137207031250e+03 1.691795471603597889e+03 1.422574887575518199e+00
1.684923950195312500e+03 1.692433711663858503e+03 1.412154665229902628e+00
1.684944763183593750e+03 1.689821785832755040e+03 1.412827980312766574e+00
1.684965637207031250e+03 1.693343581586186247e+03 1.411683668704522665e+00
1.684986450195312500e+03 1.688075053199659806e+03 1.420376081900506460e+00
1.685007263183593750e+03 1.688604273841316171e+03 1.405762439554022469e+00
1.685028137207031250e+03 1.685648712904573586e+03 1.406097785341127393e+00
1.685048950195312500e+03 1.693404714960584897e+03 1.406418684273076591e+00
1.685069763183593750e+03 1.685919957928741951e+03 1.408638599800972058e+00
1.685090637207031250e+03 1.685825872325828414e+03 1.411007273016555041e+00
1.685111450195312500e+03 1.687880716335560464e+03 1.411573759569920483e+00
1.685132263183593750e+03 1.685369033113343448e+03 1.415228094581358675e+00
1.685153137207031250e+03 1.682171242306810200e+03 1.416418988885419949e+00
1.685173950195312500e+03 1.689500955349037440e+03 1.417901155736521979e+00
1.685194763183593750e+03 1.680166244038299737e+03 1.418050632266918631e+00
1.685215637207031250e+03 1.688174013705394600e+03 1.420830479206041330e+00
1.685236450195312500e+03 1.684202448997536976e+03 1.422502651647902017e+00
1.685257263183593750e+03 1.683811760065843600e+03 1.419658652232300700e+00
1.685278137207031250e+03 1.679620676248759764e+03 1.420668708608858299e+00
1.685298950195312500e+03 1.686234399601375571e+03 1.418472915008959001e+00
1.685319763183593750e+03 1.678157778418617227e+03 1.416366133881885592e+00
1.685340637207031250e+03 1.683510881689290272e+03 1.415192800401323225e+00
1.685361450195312500e+03 1.678956960276496602e+03 1.414506452640771128e+00
1.685382263183593750e+03 1.676399193204874337e+03 1.416876758629877386e+00
1.685403137207031250e+03 1.677104422200965701e+03 1.415229779245746666e+00
1.685423950195312500e+03 1.679845948067433710e+03 1.425384884438803512e+00
1.685444763183593750e+03 1.678961329806797039e+03 1.428072908816247155e+00
1.685465637207031250e+03 1.679879578240090950e+03 1.426442115943699740e+00
1.685486450195312500e+03 1.677909646406424827e+03 1.423581869967399438e+00
1.685507263183593750e+03 1.681138612670163639e+03 1.426320096967174988e+00
1.685528137207031250e+03 1.680594137624605992e+03 1.429718100632002331e+00
1.685548950195312500e+03 1.679672946676585980e+03 1.431681425546252662e+00
1.685569763183593750e+03 1.675732673092457162e+03 1.436504101963473667e+00
1.685590637207031250e+03 1.678910561064438753e+03 1.439563017212769802e+00
1.685611450195312500e+03 1.683807027012079743e+03 1.444771330272491161e+00
1.685632263183593750e+03 1.676831891551349827e+03 1.447905570154641941e+00
1.685653137207031250e+03 1.679662124708107740e+03 1.446278182458232253e+00
1.685673950195312500e+03 1.674745913941027993e+03 1.456769822626873712e+00
1.685694763183593750e+03 1.674412365419739672e+03 1.447616966937417482e+00
1.685715637207031250e+03 1.671490208476817770e+03 1.448227535695860491e+00
1.685736450195312500e+03 1.678057272196589111e+03 1.453785325832306796e+00
1.685757263183593750e+03 1.673761906322623872e+03 1.450256551868807531e+00
1.685778137207031250e+03 1.679981776359167725e+03 1.452288232884196173e+00
1.685798950195312500e+03 1.665256429696081568e+03 1.455556905946436830e+00
1.685819763183593750e+03 1.674584853136255106e+03 1.454653110773739044e+00
1.685840637207031250e+03 1.670697260191782107e+03 1.452721980822364145e+00
1.685861450195312500e+03 1.675055955515068263e+03 1.453410294941904990e+00
1.685882263183593750e+03 1.675009432157828996e+03 1.452175773768634492e+00
1.685903137207031250e+03 1.672487833689946456e+03 1.452146385206813051e+00
1.685923950195312500e+03 1.667333718962619969e+03 1.448537743647827281e+00
1.685944763183593750e+03 1.667260032106848257e+03 1.447480591164557184e+00
1.685965637207031250e+03 1.671522318143651091e+03 1.442836971492674314e+00
1.685986450195312500e+03 1.670172449799991682e+03 1.438220465524111757e+00
1.686007263183593750e+03 1.674968381590536410e+03 1.437175714154575124e+00
1.686028137207031250e+03 1.668509640820730965e+03 1.435226466953592572e+00
1.686048950195312500e+03 1.666370969828540183e+03 1.435246816403356940e+00
1.686069763183593750e+03 1.663469226761834989e+03 1.436946845396854577e+00
1.686090637207031250e+03 1.671165412205068151e+03 1.449703659819463031e+00
1.686111450195312500e+03 1.666342900598476717e+03 1.439903985769701800e+00
1.686132263183593750e+03 1.663479826014442324e+03 1.443125043747588654e+00
1.686153137207031250e+03 1.674768556193758286e+03 1.447847524771366245e+00
1.686173950195312500e+03 1.669406391694170452e+03 1.448537825944120172e+00
1.686194763183593750e+03 1.667029585004522914e+03 1.449955262118799437e+00
1.686215637207031250e+03 1.665905842029644646e+03 1.451770520369554340e+00
1.686236450195312500e+03 1.666122307232573576e+03 1.445563876999335973e+00
1.686257263183593750e+03 1.667447378886915430e+03 1.443142060269457572e+00
1.686278137207031250e+03 1.666899887682610370e+03 1.442146999993146883e+00
1.686298950195312500e+03 1.668406222035513110e+03 1.439924683058196875e+00
1.686319763183593750e+03 1.673184772976438126e+03 1.442792520465294048e+00
1.686340637207031250e+03 1.673909697036717944e+03 1.440252157359666940e+00
1.686361450195312500e+03 1.668020418200489075e+03 1.439944717750091918e+00
1.686382263183593750e+03 1.674556941869086131e+03 1.435849693693685092e+00
1.686403137207031250e+03 1.674160961899580343e+03 1.439094819773552025e+00
1.686423950195312500e+03 1.666489850376269942e+03 1.440115663598669604e+00
1.686444763183593750e+03 1.671291546566736997e+03 1.440080648256644169e+00
1.686465637207031250e+03 1.671505396208935508e+03 1.447581144835472955e+00
1.686486450195312500e+03 1.671083157601839503e+03 1.446129068183436006e+00
1.686507263183593750e+03 1.670893741042434613e+03 1.449607611870727730e+00
1.686528137207031250e+03 1.672955605942293914e+03 1.457621600540393469e+00
1.686548950195312500e+03 1.666824796131835683e+03 1.459250715628404915e+00
1.686569763183593750e+03 1.670351330082580944e+03 1.461790600738181789e+00
1.686590637207031250e+03 1.672857902115287061e+03 1.465849914861815151e+00
1.686611450195312500e+03 1.672792140777790564e+03 1.473774209895440501e+00
1.686632263183593750e+03 1.674747910320578512e+03 1.480143166525202947e+00
1.686653137207031250e+03 1.672064734010107259e+03 1.479482196232765334e+00
1.686673950195312500e+03 1.673818413190261481e+03 1.480355371648033547e+00
1.686694763183593750e+03 1.677576658800433961e+03 1.483387910003172161e+00
1.686715637207031250e+03 1.676026928590194302e+03 1.487410563497000959e+00
1.686736450195312500e+03 1.682899235132252215e+03 1.502728365079693207e+00
1.686757263183593750e+03 1.684752616831158775e+03 1.491477757573564933e+00
1.686778137207031250e+03 1.684974981178699636e+03 1.493260182791579682e+00
1.686798950195312500e+03 1.682072708191000402e+03 1.494680190055529545e+00
1.686819763183593750e+03 1.681880507684655413e+03 1.497948913156383899e+00
1.686840637207031250e+03 1.692043342100138489e+03 1.498304601032438788e+00
1.686861450195312500e+03 1.684324809043450614e+03 1.496665745644969236e+00
1.686882263183593750e+03 1.676758396144140988e+03 1.494126662644117198e+00
1.686903137207031250e+03 1.683390161998806661e+03 1.494270428772378922e+00
1.686923950195312500e+03 1.678520744834555899e+03 1.489962371760674698e+00
1.686944763183593750e+03 1.684630545372487632e+03 1.487520599222603046e+00
1.686965637207031250e+03 1.682163128629964831e+03 1.485191843247457122e+00
1.686986450195312500e+03 1.679716223561612196e+03 1.481186021155464827e+00
1.687007263183593750e+03 1.687890023389339149e+03 1.479922392588860491e+00
1.687028137207031250e+03 1.684754508876339742e+03 1.488905407843990725e+00
1.687048950195312500e+03 1.681475334875241515e+03 1.475958241339785593e+00
1.687069763183593750e+03 1.685577030553933582e+03 1.475356724808899456e+00
1.687090637207031250e+03 1.673355629715628311e+03 1.477327501842084612e+00
1.687111450195312500e+03 1.674525644340108556e+03 1.476584943974182718e+00
1.687132263183593750e+03 1.672813072716546003e+03 1.478183643556841620e+00
1.687153137207031250e+03 1.670516791766303868e+03 1.480241501409934823e+00
1.687173950195312500e+03 1.674182225130110965e+03 1.478984078255171752e+00
1.687194763183593750e+03 1.675166104604704515e+03 1.481136765155719015e+00
1.687215637207031250e+03 1.676612566769340219e+03 1.480211220438014230e+00
1.687236450195312500e+03 1.676874893494110893e+03 1.481585481534230420e+00
1.687257263183593750e+03 1.673056485408308617e+03 1.476672294611715230e+00
1.687278137207031250e+03 1.674112142580066347e+03 1.474294545499938103e+00
1.687298950195312500e+03 1.673100817115899190e+03 1.470346354339051587e+00
1.687319763183593750e+03 1.674856329992931023e+03 1.468210486484581301e+00
1.687340637207031250e+03 1.673742083762772609e+03 1.464867024554681318e+00
1.687361450195312500e+03 1.670722435255080882e+03 1.462669855019274268e+00
1.687382263183593750e+03 1.673464289494920877e+03 1.465518562014528348e+00
1.687403137207031250e+03 1.672815096019169005e+03 1.458702703655538446e+00
1.687423950195312500e+03 1.675015014942905964e+03 1.457791945464855132e+00
1.687444763183593750e+03 1.669682274823058606e+03 1.462656407266092362e+00
1.687465637207031250e+03 1.669515625975915782e+03 1.461521868186841155e+00
1.687486450195312500e+03 1.669786722490778857e+03 1.466530360404751931e+00
1.687507263183593750e+03 1.664888525581639215e+03 1.471762631413468636e+00
1.687528137207031250e+03 1.666332302476171208e+03 1.476024953693253483e+00
1.687548950195312500e+03 1.667467459121746970e+03 1.479236341456255488e+00
1.687569763183593750e+03 1.670065754002012000e+03 1.487482292005777751e+00
1.687590637207031250e+03 1.673322722059008356e+03 1.490640127557091743e+00
1.687611450195312500e+03 1.666794001518630466e+03 1.495080270940589484e+00
1.687632263183593750e+03 1.664535153046051164e+03 1.498013532085949562e+00
1.687653137207031250e+03 1.666224921114358040e+03 1.499218021649078914e+00
1.687673950195312500e+03 1.662228445322162770e+03 1.501714441906285780e+00
1.687694763183593750e+03 1.669003429282980733e+03 1.505662561362187901e+00
1.687715637207031250e+03 1.663401689916951000e+03 1.501392115870719079e+00
1.687736450195312500e+03 1.659864183214472177e+03 1.511665441869360693e+00
1.687757263183593750e+03 1.659599679420301527e+03 1.501549635563104612e+00
1.687778137207031250e+03 1.661314161935721813e+03 1.502130029228522901e+00
1.687798950195312500e+03 1.666555065195922680e+03 1.502747324487883729e+00
1.687819763183593750e+03 1.663118454763410682e+03 1.508783373775683501e+00
1.687840637207031250e+03 1.663459832900240144e+03 1.506911962523365345e+00
1.687861450195312500e+03 1.658770385829819588e+03 1.505349554105144039e+00
1.687882263183593750e+03 1.661770264139821393e+03 1.507251536325673547e+00
1.687923950195312500e+03 1.661414503937513246e+03 1.503676042648599109e+00
1.687944763183593750e+03 1.659939586296990910e+03 1.502521065232662822e+00
1.687965637207031250e+03 1.660740425542151115e+03 1.500559940731102104e+00
1.687986450195312500e+03 1.657498130806410700e+03 1.496960899102298459e+00
1.688007263183593750e+03 1.660706436032900001e+03 1.495035379814053655e+00
1.688028137207031250e+03 1.660468990608348349e+03 1.493178113692879450e+00
1.688048950195312500e+03 1.663684506434376544e+03 1.493323807189280039e+00
1.688069763183593750e+03 1.658189220184763371e+03 1.490958541564924023e+00
1.688090637207031250e+03 1.654828870028397660e+03 1.491746927300701353e+00
1.688111450195312500e+03 1.657460598738543922e+03 1.493674610741388076e+00
1.688132263183593750e+03 1.659743885789443084e+03 1.501688563109248697e+00
1.688153137207031250e+03 1.655727245367193291e+03 1.497779474178853931e+00
1.688173950195312500e+03 1.664238069459813687e+03 1.499323374410833187e+00
1.688194763183593750e+03 1.658558287087993676e+03 1.501272774173422864e+00
1.688215637207031250e+03 1.660654172542571359e+03 1.502182326668008328e+00
1.688236450195312500e+03 1.660320611167964216e+03 1.498851654448650539e+00
1.688257263183593750e+03 1.660928578152049795e+03 1.496258121554482567e+00
1.688278137207031250e+03 1.666514941220185847e+03 1.493761041831860314e+00
1.688298950195312500e+03 1.667557773479386697e+03 1.499343489983266053e+00
1.688319763183593750e+03 1.666401235713819005e+03 1.487011946424302788e+00
1.688340637207031250e+03 1.665539873634802007e+03 1.484056860310001280e+00
1.688361450195312500e+03 1.665390305561534888e+03 1.482967713475932703e+00
1.688382263183593750e+03 1.662234582961507385e+03 1.479189277082109122e+00
1.688403137207031250e+03 1.668382434314257580e+03 1.479169129203931510e+00
1.688423950195312500e+03 1.666727455551340654e+03 1.479365357857898911e+00
1.688444763183593750e+03 1.658157194742758975e+03 1.482570314074694195e+00
1.688465637207031250e+03 1.666503708699569415e+03 1.483839480522785470e+00
1.688486450195312500e+03 1.664427763291997508e+03 1.488044539723296422e+00
1.688507263183593750e+03 1.664995292241266043e+03 1.494401178517581474e+00
1.688528137207031250e+03 1.669848935024275534e+03 1.500222825348221711e+00
1.688548950195312500e+03 1.669068273655148914e+03 1.506549681929644890e+00
1.688569763183593750e+03 1.664117461445162917e+03 1.511005243086538607e+00
1.688590637207031250e+03 1.662009379724380324e+03 1.514468823721268231e+00
1.688611450195312500e+03 1.657262518778937192e+03 1.520019374397679091e+00
1.688632263183593750e+03 1.661095645260627180e+03 1.521410723606477333e+00
1.688653137207031250e+03 1.666170529951489698e+03 1.526135525296179241e+00
1.688673950195312500e+03 1.659753071338172958e+03 1.528882122677855504e+00
1.688694763183593750e+03 1.662971304360881504e+03 1.528825514293739696e+00
1.688715637207031250e+03 1.665884176835135349e+03 1.532951032967563076e+00
1.688736450195312500e+03 1.665958287265979379e+03 1.534108199718919430e+00
1.688757263183593750e+03 1.671414409896747657e+03 1.533690706706502427e+00
1.688778137207031250e+03 1.673403129822424489e+03 1.533371448388654690e+00
1.688798950195312500e+03 1.666565748545529232e+03 1.534308279416496834e+00
1.688819763183593750e+03 1.661163661277993697e+03 1.536084076726103032e+00
1.688840637207031250e+03 1.659038023563053230e+03 1.538375236309737382e+00
1.688861450195312500e+03 1.664288879478568788e+03 1.537120465210746634e+00
1.688882263183593750e+03 1.668359670886025697e+03 1.538215132842807531e+00
1.688903137207031250e+03 1.664803311077835133e+03 1.536709763811422880e+00
1.688923950195312500e+03 1.671291373964219247e+03 1.535799391660036983e+00
1.688944763183593750e+03 1.668592639250957063e+03 1.534708127531957400e+00
1.688965637207031250e+03 1.670182608894160921e+03 1.529724217286887233e+00
1.688986450195312500e+03 1.671879948756955855e+03 1.528595238475977558e+00
1.689007263183593750e+03 1.667150533771553455e+03 1.523926015925366473e+00
1.689028137207031250e+03 1.665904125347313538e+03 1.528334352471453217e+00
1.689048950195312500e+03 1.661350311049608536e+03 1.521639736406584120e+00
1.689069763183593750e+03 1.673965407688255709e+03 1.525061499809530208e+00
1.689090637207031250e+03 1.667599501739670131e+03 1.524121487954072096e+00
1.689111450195312500e+03 1.668119412659451882e+03 1.524461060018849290e+00
1.689132263183593750e+03 1.670132478964395659e+03 1.529559934945091682e+00
1.689153137207031250e+03 1.667425000803210878e+03 1.524695791326340810e+00
1.689173950195312500e+03 1.661316118212820584e+03 1.526585617593198441e+00
1.689194763183593750e+03 1.667757373456043752e+03 1.524588595069603869e+00
1.689215637207031250e+03 1.667719294396280930e+03 1.526576793529552001e+00
1.689236450195312500e+03 1.664881198348087992e+03 1.519082912801528407e+00
1.689257263183593750e+03 1.670570453912339190e+03 1.515132391404350409e+00
1.689278137207031250e+03 1.668072342701761272e+03 1.513395892179189017e+00
1.689298950195312500e+03 1.665821958294695833e+03 1.506877312676242475e+00
1.689319763183593750e+03 1.665391381582592885e+03 1.502200816829308394e+00
1.689340637207031250e+03 1.672740406659538621e+03 1.498675079127510967e+00
1.689361450195312500e+03 1.668395733816346137e+03 1.495399971598897482e+00
1.689382263183593750e+03 1.670665039475536332e+03 1.496989487508532779e+00
1.689403137207031250e+03 1.668814969318719477e+03 1.494910108102819546e+00
1.689423950195312500e+03 1.670543703753001409e+03 1.492209708962262571e+00
1.689444763183593750e+03 1.670334758580786456e+03 1.498180477943687805e+00
1.689465637207031250e+03 1.671628928711088292e+03 1.498526485215423198e+00
1.689486450195312500e+03 1.669914073727262803e+03 1.502516860232590901e+00
1.689507263183593750e+03 1.667768724971387428e+03 1.508268139239900441e+00
1.689528137207031250e+03 1.668604129902702425e+03 1.515917798891152080e+00
1.689548950195312500e+03 1.663405480667840038e+03 1.523283574079743463e+00
1.689569763183593750e+03 1.668634436897378919e+03 1.533675161213113647e+00
1.689590637207031250e+03 1.660892129716166210e+03 1.541839031515882752e+00
1.689611450195312500e+03 1.664837034206751014e+03 1.540972381487878184e+00
1.689632263183593750e+03 1.664895860323844317e+03 1.544997723401808853e+00
1.689653137207031250e+03 1.665575944940163708e+03 1.550467048543365367e+00
1.689673950195312500e+03 1.664256653420947032e+03 1.551126974854206253e+00
1.689694763183593750e+03 1.656785897762126524e+03 1.553758122982234369e+00
1.689715637207031250e+03 1.656220674169901031e+03 1.552977345008450971e+00
1.689736450195312500e+03 1.659116759049649090e+03 1.553608198623356973e+00
1.689757263183593750e+03 1.668070357502587967e+03 1.555411242231953262e+00
1.689778137207031250e+03 1.660255371405627102e+03 1.555291140123962634e+00
1.689798950195312500e+03 1.659186118986088559e+03 1.551737684979990650e+00
1.689819763183593750e+03 1.659361557036926115e+03 1.562196702130711712e+00
1.689840637207031250e+03 1.658686366077279672e+03 1.559609065711966114e+00
1.689861450195312500e+03 1.659968120234069374e+03 1.558754054647768728e+00
1.689882263183593750e+03 1.659444921970093901e+03 1.551271529251939674e+00
1.689903137207031250e+03 1.655570850175531859e+03 1.550729284689010390e+00
1.689923950195312500e+03 1.655362688416646961e+03 1.548614833620137299e+00
1.689944763183593750e+03 1.660755594055785195e+03 1.546778049706062363e+00
1.689965637207031250e+03 1.654922077132393269e+03 1.544831284134824401e+00
1.689986450195312500e+03 1.654081505012522939e+03 1.549815917620386729e+00
1.690007263183593750e+03 1.659222598074188909e+03 1.542842270701244800e+00
1.690028137207031250e+03 1.655314181027683162e+03 1.544105053430913310e+00
1.690048950195312500e+03 1.656137691772816424e+03 1.542867922808311754e+00
1.690069763183593750e+03 1.657980634318100556e+03 1.545261967742102671e+00
1.690090637207031250e+03 1.661205424755570903e+03 1.548390426459116398e+00
1.690111450195312500e+03 1.658352670502318233e+03 1.546026440235175992e+00
1.690132263183593750e+03 1.656847501653031941e+03 1.548313589363698783e+00
1.690153137207031250e+03 1.666784868012299057e+03 1.547378997385870925e+00
1.690173950195312500e+03 1.663907592475799447e+03 1.545119165682789175e+00
1.690194763183593750e+03 1.655591789642628328e+03 1.544649160358095852e+00
1.690215637207031250e+03 1.658032094633922270e+03 1.540780285172585362e+00
1.690236450195312500e+03 1.664886807140369910e+03 1.539841043517329089e+00
1.690257263183593750e+03 1.655339313050041255e+03 1.533268590610715298e+00
1.690278137207031250e+03 1.657348442442510304e+03 1.527579521069698076e+00
1.690298950195312500e+03 1.663185223477328691e+03 1.521662847312877709e+00
1.690319763183593750e+03 1.664325293925368442e+03 1.517379531729140973e+00
1.690340637207031250e+03 1.665913001954399761e+03 1.511610396886008845e+00
1.690361450195312500e+03 1.659481210483929999e+03 1.504697596435898621e+00
1.690382263183593750e+03 1.660614217861010729e+03 1.502287233492744400e+00
1.690403137207031250e+03 1.658318498841893188e+03 1.501306521124345039e+00
1.690423950195312500e+03 1.658491804904019318e+03 1.501457459966600405e+00
1.690444763183593750e+03 1.662265417441975615e+03 1.505436265136678609e+00
1.690465637207031250e+03 1.654028686523437500e+03 1.515263779844870928e+00
1.690486450195312500e+03 1.657809830177938920e+03 1.518990153096812623e+00
1.690507263183593750e+03 1.661309242625206707e+03 1.525961013415916945e+00
1.690528137207031250e+03 1.664861405857278214e+03 1.535398740762996983e+00
1.690548950195312500e+03 1.660902150311983178e+03 1.541272430875462618e+00
1.690569763183593750e+03 1.662101549990273725e+03 1.556340091656061020e+00
1.690590637207031250e+03 1.651246195961724425e+03 1.555277573444558747e+00
1.690611450195312500e+03 1.659727471773720254e+03 1.566186751590286530e+00
1.690632324218750000e+03 1.661137226050085019e+03 1.565992952460048881e+00
1.690653137207031250e+03 1.664112608953041217e+03 1.570438740528676602e+00
1.690673950195312500e+03 1.654069656100778047e+03 1.572840918260153265e+00
1.690694824218750000e+03 1.657384534529700886e+03 1.574930640615914479e+00
1.690715637207031250e+03 1.654512703900932138e+03 1.577242462851255356e+00
1.690736511230468750e+03 1.660576743411802681e+03 1.579786804277591328e+00
1.690757324218750000e+03 1.652902820548496948e+03 1.582405328675874356e+00
1.690778137207031250e+03 1.658449667292292133e+03 1.583612551245846545e+00
1.690799011230468750e+03 1.661543701121027880e+03 1.582929342161743858e+00
1.690819824218750000e+03 1.655573493697460890e+03 1.586341167622716819e+00
1.690840637207031250e+03 1.664194280216088828e+03 1.589545969526031000e+00
1.690861511230468750e+03 1.657137691383023139e+03 1.595092058783715849e+00
1.690882324218750000e+03 1.662032498119514457e+03 1.592755699409774239e+00
1.690903137207031250e+03 1.664315206893741106e+03 1.593378809169526455e+00
1.690924011230468750e+03 1.665797748846594004e+03 1.594692923663509232e+00
1.690944824218750000e+03 1.672748848898581628e+03 1.592692604095384379e+00
1.690965637207031250e+03 1.668251516466109024e+03 1.588581830960507091e+00
1.690986511230468750e+03 1.671545036285616106e+03 1.586619038080698818e+00
1.691007324218750000e+03 1.673840340257346043e+03 1.584799974016153801e+00
1.691028137207031250e+03 1.670755736512093790e+03 1.583442567102377518e+00
1.691049011230468750e+03 1.664634775771652130e+03 1.582699858111476843e+00
1.691069824218750000e+03 1.671424424756578901e+03 1.582386344335626527e+00
1.691090637207031250e+03 1.669269556107944709e+03 1.587105156763561231e+00
1.691111511230468750e+03 1.667905711777547822e+03 1.582909912244914619e+00
1.691132324218750000e+03 1.669364027642042174e+03 1.581722653278741397e+00
1.691153137207031250e+03 1.669413511775649340e+03 1.583450321426414398e+00
1.691174011230468750e+03 1.670731119197891530e+03 1.580580132972522422e+00
1.691194824218750000e+03 1.669156469678668827e+03 1.579647576103974549e+00
1.691215637207031250e+03 1.664027722675745736e+03 1.575052499653014193e+00
1.691236511230468750e+03 1.665456305763742876e+03 1.572892304625486126e+00
1.691257324218750000e+03 1.665078137250388863e+03 1.568342120882090684e+00
1.691278137207031250e+03 1.670008989640116852e+03 1.563905693981762823e+00
1.691299011230468750e+03 1.671489222790525673e+03 1.559457639901049575e+00
1.691319824218750000e+03 1.675243112492348246e+03 1.555480984573109460e+00
1.691340637207031250e+03 1.672070066425519826e+03 1.552277119804350791e+00
1.691361511230468750e+03 1.671219174840303140e+03 1.547600470071594625e+00
1.691382324218750000e+03 1.669094162031565702e+03 1.544586801181162761e+00
1.691403137207031250e+03 1.669583893739766609e+03 1.544340967276533139e+00
1.691424011230468750e+03 1.671112273374605593e+03 1.546541120158249072e+00
1.691444824218750000e+03 1.670531638823667890e+03 1.546850647397480349e+00
1.691465637207031250e+03 1.666820932108792476e+03 1.549359109111511534e+00
1.691486511230468750e+03 1.669149930302182838e+03 1.557580680778102966e+00
1.691507324218750000e+03 1.665548318747952408e+03 1.562849844867945093e+00
1.691528137207031250e+03 1.660812912558787502e+03 1.570381428738277574e+00
1.691549011230468750e+03 1.662976422146964296e+03 1.580884202102852853e+00
1.691569824218750000e+03 1.662776529964620295e+03 1.589426196702956373e+00
1.691590637207031250e+03 1.659878209459296613e+03 1.593139157387588600e+00
1.691611511230468750e+03 1.660063979571346636e+03 1.600579979206420589e+00
1.691632324218750000e+03 1.661929143156591635e+03 1.605380164902286966e+00
1.691653137207031250e+03 1.661438302558787655e+03 1.611977186391802430e+00
1.691674011230468750e+03 1.656686058076870268e+03 1.618214746301900986e+00
1.691694824218750000e+03 1.661263477985796726e+03 1.620369549503824835e+00
1.691715637207031250e+03 1.656456846881841102e+03 1.625012177641795619e+00
1.691736511230468750e+03 1.665893217174009351e+03 1.627636091809293140e+00
1.691757324218750000e+03 1.660612483050013907e+03 1.627052038512921239e+00
1.691778137207031250e+03 1.659437071109197859e+03 1.630347257144558304e+00
1.691799011230468750e+03 1.656304581293527917e+03 1.632731531499292954e+00
1.691819824218750000e+03 1.660419631496129568e+03 1.636055823476612936e+00
1.691840637207031250e+03 1.654706405581767285e+03 1.638090737634741556e+00
1.691861511230468750e+03 1.660303234502662690e+03 1.642344708816673826e+00
1.691882324218750000e+03 1.659148136984691064e+03 1.645610102069207104e+00
1.691903137207031250e+03 1.661769095967462363e+03 1.647047785864237834e+00
1.691924011230468750e+03 1.656513969296780033e+03 1.646901214796324009e+00
1.691944824218750000e+03 1.660698750318413659e+03 1.648504825320021183e+00
1.691965637207031250e+03 1.664357752086194978e+03 1.644239531170643476e+00
1.691986511230468750e+03 1.671490448387012748e+03 1.641460678164111453e+00
1.692007324218750000e+03 1.661530648749534066e+03 1.638422404817596600e+00
1.692028137207031250e+03 1.665465008548871992e+03 1.635456335797458305e+00
1.692049011230468750e+03 1.660822533954547907e+03 1.640013589919003811e+00
1.692069824218750000e+03 1.663062553293978908e+03 1.633717920153294090e+00
1.692090637207031250e+03 1.666659336920826263e+03 1.632266158549950497e+00
1.692111511230468750e+03 1.668673486823638086e+03 1.632696485276445175e+00
1.692132324218750000e+03 1.669023612970239810e+03 1.632377237958868799e+00
1.692153137207031250e+03 1.664051689675936359e+03 1.630051829795363894e+00
1.692174011230468750e+03 1.676074177548830903e+03 1.632414919986043822e+00
1.692194824218750000e+03 1.672147877739089836e+03 1.631747834106148654e+00
1.692215637207031250e+03 1.667585806272365971e+03 1.626170617056586165e+00
1.692236511230468750e+03 1.673532184642602715e+03 1.623419726864671286e+00
1.692257324218750000e+03 1.677712956279284299e+03 1.624664418709041991e+00
1.692278137207031250e+03 1.668715043827597583e+03 1.618078014270669662e+00
1.692299011230468750e+03 1.674263079020262467e+03 1.612809673411067957e+00
1.692319824218750000e+03 1.672536187745886309e+03 1.612126858734055590e+00
1.692340637207031250e+03 1.668615597590852985e+03 1.605041892672551596e+00
1.692361511230468750e+03 1.672124678312687593e+03 1.598410729028398203e+00
1.692382324218750000e+03 1.671025668299528661e+03 1.594415936933301969e+00
1.692424011230468750e+03 1.669758339676526248e+03 1.588799736030802601e+00
1.692444824218750000e+03 1.668092618305064661e+03 1.594113252419255167e+00
1.692465637207031250e+03 1.670847558552243981e+03 1.592473060823206499e+00
1.692486511230468750e+03 1.663025576215769433e+03 1.597313506056418753e+00
1.692507324218750000e+03 1.669666813512466888e+03 1.600139376411017444e+00
1.692528137207031250e+03 1.660074794145260057e+03 1.609189291303913860e+00
1.692549011230468750e+03 1.670584996927575958e+03 1.614455343116179886e+00
1.692569824218750000e+03 1.669701939595574459e+03 1.622598560907474896e+00
1.692590637207031250e+03 1.663464567718018316e+03 1.628200753292935232e+00
1.692611511230468750e+03 1.665461334339133828e+03 1.635253760450874339e+00
1.692632324218750000e+03 1.655965892968668868e+03 1.639837602855543031e+00
1.692653137207031250e+03 1.671804457107394228e+03 1.641440125469430189e+00
1.692674011230468750e+03 1.655155297106474336e+03 1.646417618707115560e+00
1.692694824218750000e+03 1.660849794156469670e+03 1.651599184204476600e+00
1.692715637207031250e+03 1.650060811066456608e+03 1.655970783809806557e+00
1.692736511230468750e+03 1.660560994951935299e+03 1.659255126531376412e+00
1.692757324218750000e+03 1.662997822667416131e+03 1.661917078031367678e+00
1.692778137207031250e+03 1.659413718056016023e+03 1.666647823545112761e+00
1.692799011230468750e+03 1.661047023058789819e+03 1.671408543623938980e+00
1.692819824218750000e+03 1.658600401745489307e+03 1.673433094749030792e+00
1.692840637207031250e+03 1.653397326407312903e+03 1.692776448762213004e+00
1.692861511230468750e+03 1.659969108575603059e+03 1.684280503263908990e+00
1.692882324218750000e+03 1.661219328905694056e+03 1.688711508560022390e+00
1.692903137207031250e+03 1.661136445450263182e+03 1.697759383080035711e+00
1.692924011230468750e+03 1.650895382249276736e+03 1.693608495565557481e+00
1.692944824218750000e+03 1.661608454246081692e+03 1.696145270648798942e+00
1.692965637207031250e+03 1.651751915013838243e+03 1.691345354706341064e+00
1.692986511230468750e+03 1.654063169740973080e+03 1.698602463783481564e+00
1.693007324218750000e+03 1.655381527943704441e+03 1.683504673134753382e+00
1.693028137207031250e+03 1.654705171725505352e+03 1.681174254572398663e+00
1.693049011230468750e+03 1.659666054405146951e+03 1.682525649987604455e+00
1.693069824218750000e+03 1.662683898350144318e+03 1.670920340095160217e+00
1.693090637207031250e+03 1.664936761817435126e+03 1.668600565759516430e+00
1.693111511230468750e+03 1.664454459680356194e+03 1.664595827414643070e+00
1.693132324218750000e+03 1.665444430332072898e+03 1.662208061112607549e+00
1.693153137207031250e+03 1.665210114665342644e+03 1.661377293953170353e+00
1.693174011230468750e+03 1.665520002904258490e+03 1.662961568790906508e+00
1.693194824218750000e+03 1.661689091830873167e+03 1.659529839312068100e+00
1.693215637207031250e+03 1.665635372977404131e+03 1.658013969928525455e+00
1.693236511230468750e+03 1.666592034223649989e+03 1.655713192299813619e+00
1.693257324218750000e+03 1.662189919088526949e+03 1.652970215558513756e+00
1.693278137207031250e+03 1.672612997765534601e+03 1.649438490836348192e+00
1.693299011230468750e+03 1.671054414411779362e+03 1.646943196978416291e+00
1.693319824218750000e+03 1.666233341954238767e+03 1.641457918453281151e+00
1.693340637207031250e+03 1.663948057672224877e+03 1.633206114712642654e+00
1.693361511230468750e+03 1.662117292794120203e+03 1.626880731151215453e+00
1.693382324218750000e+03 1.672624906001674844e+03 1.621299123968335865e+00
1.693403137207031250e+03 1.668007596002561513e+03 1.615987655106216669e+00
1.693424011230468750e+03 1.671178115482702196e+03 1.611071830942993000e+00
1.693444824218750000e+03 1.674654972669183280e+03 1.612846703923359604e+00
1.693465637207031250e+03 1.673583258319119068e+03 1.610894088086180176e+00
1.693486511230468750e+03 1.680845273236081994e+03 1.612089368004183898e+00
1.693507324218750000e+03 1.682131917002714090e+03 1.617143123589136922e+00
1.693528137207031250e+03 1.671707460189018548e+03 1.625766133389822787e+00
1.693549011230468750e+03 1.677226413795175176e+03 1.628119482225085068e+00
1.693569824218750000e+03 1.676598489823590171e+03 1.634853930350027573e+00
1.693590637207031250e+03 1.674960651304264047e+03 1.639605250650352453e+00
1.693611511230468750e+03 1.680425720731163437e+03 1.644447668855673284e+00
1.693632324218750000e+03 1.679800346003660707e+03 1.652040566479733297e+00
1.693653137207031250e+03 1.674636984333758846e+03 1.655062411649874665e+00
1.693674011230468750e+03 1.674776280366932042e+03 1.662059169060331465e+00
1.693694824218750000e+03 1.683024474249771174e+03 1.661712276300859603e+00
1.693715637207031250e+03 1.679741646735610630e+03 1.666470071005955234e+00
1.693736511230468750e+03 1.681359046996310099e+03 1.665803169039724141e+00
1.693757324218750000e+03 1.681844358915808243e+03 1.666835283650873079e+00
1.693778137207031250e+03 1.680599733633429423e+03 1.666178472862428928e+00
1.693799011230468750e+03 1.684627860914441953e+03 1.669344189758362740e+00
1.693819824218750000e+03 1.681874174116261202e+03 1.668122974564604455e+00
1.693840637207031250e+03 1.672060538785905919e+03 1.670076632997123278e+00
1.693861511230468750e+03 1.684034336540551976e+03 1.672548532736898297e+00
1.693882324218750000e+03 1.678521124094258084e+03 1.673439648481712005e+00
1.693903137207031250e+03 1.675891927888457303e+03 1.677345879264229955e+00
1.693924011230468750e+03 1.677899388982548317e+03 1.677293215427039685e+00
1.693944824218750000e+03 1.671872866028205408e+03 1.676919119556982807e+00
1.693965637207031250e+03 1.677729850872748102e+03 1.674340471265522323e+00
1.693986511230468750e+03 1.678982477548389397e+03 1.666944488575961669e+00
1.694007324218750000e+03 1.674237021595965871e+03 1.661740899846316566e+00
1.694028137207031250e+03 1.681193194006013073e+03 1.653147112116189144e+00
1.694049011230468750e+03 1.681499241838820581e+03 1.646008405749711301e+00
1.694069824218750000e+03 1.691154581578703528e+03 1.637656951254836457e+00
1.694090637207031250e+03 1.681537951370051815e+03 1.631720072515518538e+00
1.694111511230468750e+03 1.687582215436374554e+03 1.629403969083207837e+00
1.694132324218750000e+03 1.684013019092185004e+03 1.626157055250526673e+00
1.694153137207031250e+03 1.687535522244209915e+03 1.626335768787280367e+00
1.694174011230468750e+03 1.683926101424753142e+03 1.625224024662623501e+00
1.694194824218750000e+03 1.684229587076025837e+03 1.622667766414469304e+00
1.694215637207031250e+03 1.681985095268136774e+03 1.622702147670835426e+00
1.694236511230468750e+03 1.681396731987620569e+03 1.619124280159132789e+00
1.694257324218750000e+03 1.678334162069855211e+03 1.616971282510529129e+00
1.694278137207031250e+03 1.681799399410559090e+03 1.613680736967125329e+00
1.694299011230468750e+03 1.685777215093149152e+03 1.609751240722253840e+00
1.694319824218750000e+03 1.684487301247121650e+03 1.602181887065295740e+00
1.694340637207031250e+03 1.679412871866507885e+03 1.595046245538317864e+00
1.694361511230468750e+03 1.679823907409698677e+03 1.587442294896754813e+00
1.694382324218750000e+03 1.678354209520950235e+03 1.580180727123038142e+00
1.694403137207031250e+03 1.682063356500397049e+03 1.574501258357766664e+00
1.694424011230468750e+03 1.679865758563867303e+03 1.577783679876496592e+00
1.694444824218750000e+03 1.680903381296561292e+03 1.564160723274386822e+00
1.694465637207031250e+03 1.684062573315907002e+03 1.560721491472482958e+00
1.694486511230468750e+03 1.675911226437610821e+03 1.559896971161373713e+00
1.694507324218750000e+03 1.677818632181298653e+03 1.560039413883467674e+00
1.694528137207031250e+03 1.681848666004831784e+03 1.564895776806508598e+00
1.694549011230468750e+03 1.677495736571622956e+03 1.563704827233274974e+00
1.694569824218750000e+03 1.676694415545443690e+03 1.568345465307441344e+00
1.694590637207031250e+03 1.682016057449905929e+03 1.574726789483602341e+00
1.694611511230468750e+03 1.676827349999534590e+03 1.574068881111471807e+00
1.694632324218750000e+03 1.686690383004088972e+03 1.575813564712466697e+00
1.694653137207031250e+03 1.679349965977721467e+03 1.578405374227617397e+00
1.694674011230468750e+03 1.676440272944187200e+03 1.577846389198033883e+00
1.694694824218750000e+03 1.683968028053499211e+03 1.578936075705584363e+00
1.694715637207031250e+03 1.677724101154991558e+03 1.578907159033980268e+00
1.694736511230468750e+03 1.681848140241261262e+03 1.577138762547724005e+00
1.694757324218750000e+03 1.675706851491713451e+03 1.572666131418246849e+00
1.694778137207031250e+03 1.680014140201251394e+03 1.570052471741892886e+00
1.694799011230468750e+03 1.680210074270340101e+03 1.567899073490998330e+00
1.694819824218750000e+03 1.687296731390305240e+03 1.567055432126112535e+00
1.694840637207031250e+03 1.684097884630830777e+03 1.568251818701627442e+00
1.694861511230468750e+03 1.679438596073898452e+03 1.569964621807385496e+00
1.694882324218750000e+03 1.680880698533771920e+03 1.567840908523858490e+00
1.694903137207031250e+03 1.682865315851584910e+03 1.569221155304752369e+00
1.694924011230468750e+03 1.678082842850179077e+03 1.574590823594900657e+00
1.694944824218750000e+03 1.676544268525048892e+03 1.565456720929048418e+00
1.694965637207031250e+03 1.679762404205378061e+03 1.563258254126568936e+00
1.694986511230468750e+03 1.683967980087757724e+03 1.562869676727501878e+00
1.695007324218750000e+03 1.680662986468087638e+03 1.557191988031180641e+00
1.695028137207031250e+03 1.676814784170356461e+03 1.550758034943128694e+00
1.695049011230468750e+03 1.685234442143604838e+03 1.549312943804238563e+00
1.695069824218750000e+03 1.684424474256244366e+03 1.540417766754662798e+00
1.695090637207031250e+03 1.684684140592915583e+03 1.535153299188083187e+00
1.695111511230468750e+03 1.682666217447543204e+03 1.529615425071790380e+00
1.695132324218750000e+03 1.678363852467930656e+03 1.524694931284251043e+00
1.695153137207031250e+03 1.689940758421416831e+03 1.519981415660081714e+00
1.695174011230468750e+03 1.688672808330068847e+03 1.523668790034787834e+00
1.695194824218750000e+03 1.685198254936872218e+03 1.515464223612460026e+00
1.695215637207031250e+03 1.684115866216518498e+03 1.514544386889872252e+00
1.695236511230468750e+03 1.682939900242088243e+03 1.520676286853985371e+00
1.695257324218750000e+03 1.684447517087963888e+03 1.509192907118237281e+00
1.695278137207031250e+03 1.688655484860610386e+03 1.507112409701235167e+00
1.695299011230468750e+03 1.683614436542770591e+03 1.506606494298398102e+00
1.695319824218750000e+03 1.687567368931277542e+03 1.505305761156288336e+00
1.695340637207031250e+03 1.685573825009724032e+03 1.502437597746635323e+00
1.695361511230468750e+03 1.683741326658788694e+03 1.498403812542905778e+00
1.695382324218750000e+03 1.680762170438823432e+03 1.496039008590758446e+00
1.695403137207031250e+03 1.685985593734155600e+03 1.495715140700177193e+00
1.695424011230468750e+03 1.686812027620062509e+03 1.488899082691413023e+00
1.695444824218750000e+03 1.684814049209412133e+03 1.483881255902662399e+00
1.695465637207031250e+03 1.684735448331683529e+03 1.481376027729494504e+00
1.695486511230468750e+03 1.684972523904337322e+03 1.478971101252848808e+00
1.695507324218750000e+03 1.682896614690568867e+03 1.480316879011509767e+00
1.695528137207031250e+03 1.684555709772716455e+03 1.483019239767724651e+00
1.695549011230468750e+03 1.689354084481322388e+03 1.482702336776475782e+00
1.695569824218750000e+03 1.682753261031849206e+03 1.485519610347110220e+00
1.695590637207031250e+03 1.687083412575064813e+03 1.489634381822250386e+00
1.695611511230468750e+03 1.687388268293262854e+03 1.492395196810119007e+00
1.695632324218750000e+03 1.685909619756799430e+03 1.504816508085687454e+00
1.695653137207031250e+03 1.684482434849974425e+03 1.502755495205104985e+00
1.695674011230468750e+03 1.690211205376687985e+03 1.502925721597675235e+00
1.695694824218750000e+03 1.683017217091177827e+03 1.511182034260193374e+00
1.695715637207031250e+03 1.685715831371330069e+03 1.506447050256071840e+00
1.695736511230468750e+03 1.682180470519534538e+03 1.506852630107434976e+00
1.695757324218750000e+03 1.691281072203696112e+03 1.504647525561378263e+00
1.695778137207031250e+03 1.684410024041746965e+03 1.502253508572759078e+00
1.695799011230468750e+03 1.691524411027189444e+03 1.500934627545300826e+00
1.695819824218750000e+03 1.689517876818873674e+03 1.487792407875468514e+00
1.695840637207031250e+03 1.691978175371426005e+03 1.481646549887845499e+00
1.695861511230468750e+03 1.683785283440291323e+03 1.476884998444280006e+00
1.695882324218750000e+03 1.682230071366748234e+03 1.468131564187761917e+00
1.695903137207031250e+03 1.685112929901918733e+03 1.461889599306843479e+00
1.695924011230468750e+03 1.684511555522986100e+03 1.450436966923944304e+00
1.695944824218750000e+03 1.681919673678861727e+03 1.436539038515726396e+00
1.695965637207031250e+03 1.684931711276449050e+03 1.420671225927284897e+00
1.695986511230468750e+03 1.686406428694721626e+03 1.413307409850979690e+00
1.696007324218750000e+03 1.684391489472470994e+03 1.395138391992887472e+00
1.696028137207031250e+03 1.683780507659957948e+03 1.375700338779903165e+00
1.696049011230468750e+03 1.688933029950062974e+03 1.361546503007625919e+00
1.696069824218750000e+03 1.689061110611793993e+03 1.350911022017688090e+00
1.696090637207031250e+03 1.692515862946934703e+03 1.339190354358296142e+00
1.696111511230468750e+03 1.689542993251744974e+03 1.331624973123446853e+00
1.696132324218750000e+03 1.690754526709669108e+03 1.330127104586999565e+00
1.696153137207031250e+03 1.686695422429416794e+03 1.336925609641855806e+00
1.696174011230468750e+03 1.686812884276273962e+03 1.329246765322190660e+00
1.696194824218750000e+03 1.689234427076756219e+03 1.328893775589852222e+00
1.696215637207031250e+03 1.693119382352820139e+03 1.329300663012528139e+00
1.696236511230468750e+03 1.690515100993539363e+03 1.330452080810919924e+00
1.696257324218750000e+03 1.686109279664390215e+03 1.329480410809935842e+00
1.696278137207031250e+03 1.689029289460979953e+03 1.329260845295770377e+00
1.696299011230468750e+03 1.688194629318767966e+03 1.332117698750367341e+00
1.696319824218750000e+03 1.692136717723031552e+03 1.329769731751372364e+00
1.696340637207031250e+03 1.692130986404656142e+03 1.330798969067976012e+00
1.696361511230468750e+03 1.695708511539555730e+03 1.334295859212224489e+00
1.697361511230468750e+03 1.641678090164469268e+03 1.336679575985399104e+00
1.697382385253906250e+03 1.641101063876577427e+03 1.339256892121215570e+00
1.697403198242187500e+03 1.642812742752181748e+03 1.335772141601693441e+00
1.697424011230468750e+03 1.640050080080000726e+03 1.336819541604777006e+00
1.697444885253906250e+03 1.639636017998721400e+03 1.340214625151634698e+00
1.697465698242187500e+03 1.642962845460267545e+03 1.338592656966558270e+00
1.697486511230468750e+03 1.646668241494043741e+03 1.337886214423044784e+00
1.697507385253906250e+03 1.638597977981879467e+03 1.337357864670867258e+00
1.697528198242187500e+03 1.641398248995955782e+03 1.343950167983821720e+00
1.697549011230468750e+03 1.640786359599674370e+03 1.339860432245703725e+00
1.697569885253906250e+03 1.644562207194317580e+03 1.337832217090128895e+00
1.697590698242187500e+03 1.646712031913582450e+03 1.338913085506929779e+00
1.697611511230468750e+03 1.649818131775347865e+03 1.339909543571247141e+00
1.697632385253906250e+03 1.648782418808783177e+03 1.346028945965869861e+00
1.697653198242187500e+03 1.651424905929480701e+03 1.341735349796575161e+00
1.697674011230468750e+03 1.653169979477302149e+03 1.344721553795932500e+00
1.697694885253906250e+03 1.654794483928110822e+03 1.342646700340003330e+00
1.697715698242187500e+03 1.653758320955380668e+03 1.343732611965079871e+00
1.697736511230468750e+03 1.651938950923775792e+03 1.342645634898110396e+00
1.697757385253906250e+03 1.654563486929675491e+03 1.344119886012722365e+00
1.697778198242187500e+03 1.651805904442026986e+03 1.344638929649005998e+00
1.697799011230468750e+03 1.651800054722677032e+03 1.343961477272536342e+00
1.697819885253906250e+03 1.652718055447874121e+03 1.340630169838493924e+00
1.697840698242187500e+03 1.652674368975801826e+03 1.345028291425993894e+00
1.697861511230468750e+03 1.645863866081504511e+03 1.349035027679100551e+00
1.697882385253906250e+03 1.648038987869366792e+03 1.337952015157453767e+00
1.697903198242187500e+03 1.654326321025897869e+03 1.346478110338405587e+00
1.697924011230468750e+03 1.646317178301273088e+03 1.349089636972664596e+00
1.697944885253906250e+03 1.646855963578691444e+03 1.336626510960313485e+00
1.697965698242187500e+03 1.647631262442624120e+03 1.344599477487599115e+00
1.697986511230468750e+03 1.647997093689985149e+03 1.337853780642874302e+00
1.698007385253906250e+03 1.649920895454145466e+03 1.342967626228328326e+00
1.698028198242187500e+03 1.649891294623191698e+03 1.338223336609605463e+00
1.698049011230468750e+03 1.651042600702462778e+03 1.338827743338782961e+00
1.698069885253906250e+03 1.653632788122512011e+03 1.339175933698214527e+00
1.698090698242187500e+03 1.648055336520434594e+03 1.343671663351822421e+00
1.698111511230468750e+03 1.656530267095556155e+03 1.339574803532347813e+00
1.698132385253906250e+03 1.652347800828398704e+03 1.339829558806154841e+00
1.698153198242187500e+03 1.656650120349619101e+03 1.346092356073916418e+00
1.698174011230468750e+03 1.653342793771256311e+03 1.339508059074077329e+00
1.698194885253906250e+03 1.653414272716326195e+03 1.347840669701537486e+00
1.698215698242187500e+03 1.651497580642858111e+03 1.350258479274830004e+00
1.698236511230468750e+03 1.656747185797067687e+03 1.346513257935616048e+00
1.698257385253906250e+03 1.655563642565278315e+03 1.343654496103666274e+00
1.698278198242187500e+03 1.655798213376026069e+03 1.346527201627429227e+00
1.698299011230468750e+03 1.655868301428031828e+03 1.351071483525194683e+00
1.698319885253906250e+03 1.656094777964964578e+03 1.348375211583244138e+00
1.698340698242187500e+03 1.651303517527882605e+03 1.350163347463777974e+00
1.698361511230468750e+03 1.656030314456255383e+03 1.353963626409631305e+00
1.698382385253906250e+03 1.651488713408362628e+03 1.357378710602493266e+00
1.698403198242187500e+03 1.658176603296299163e+03 1.360858327180943128e+00
1.698424011230468750e+03 1.657731863969198912e+03 1.367713086056302041e+00
1.698444885253906250e+03 1.656561128905013447e+03 1.371294490541039135e+00
1.698465698242187500e+03 1.656421458656422374e+03 1.368235812868671353e+00
1.698486511230468750e+03 1.656421676685020884e+03 1.377149332555042571e+00
1.698507385253906250e+03 1.658086134620011762e+03 1.375725381421925020e+00
1.698528198242187500e+03 1.654028362361438894e+03 1.379891624341556211e+00
1.698549011230468750e+03 1.653459615768032336e+03 1.384441730621791322e+00
1.698569885253906250e+03 1.656341924763122051e+03 1.384764678050848685e+00
1.698590698242187500e+03 1.656324931159554581e+03 1.384581086811941253e+00
1.698611511230468750e+03 1.649459997218767057e+03 1.384970064769273979e+00
1.698632385253906250e+03 1.652438998890580024e+03 1.391314517750448010e+00
1.698653198242187500e+03 1.651188198894088600e+03 1.389685152470892193e+00
1.698674011230468750e+03 1.650116565112522494e+03 1.389083136114531047e+00
1.698694885253906250e+03 1.646246049696807404e+03 1.386703147263124825e+00
1.698715698242187500e+03 1.644490159006626072e+03 1.385896680847945373e+00
1.698736511230468750e+03 1.644305776451892598e+03 1.385538679022862985e+00
1.698757385253906250e+03 1.648100943590052339e+03 1.389750730887294727e+00
1.698778198242187500e+03 1.642929546061928022e+03 1.392850744840578470e+00
1.698799011230468750e+03 1.643625925124189280e+03 1.391852019676565355e+00
1.698819885253906250e+03 1.649706544547318117e+03 1.393310054914655982e+00
1.698840698242187500e+03 1.647213099166688608e+03 1.394503467614317094e+00
1.698861511230468750e+03 1.648562561897901787e+03 1.396938564893900336e+00
1.698882385253906250e+03 1.645813674285415345e+03 1.393854484576124486e+00
1.698903198242187500e+03 1.654225904048534630e+03 1.394125828727257543e+00
1.698924011230468750e+03 1.653152927233063338e+03 1.393728628978333717e+00
1.698944885253906250e+03 1.651658088818928718e+03 1.391365411363653326e+00
1.698965698242187500e+03 1.653080741245156332e+03 1.389804383653684638e+00
1.698986511230468750e+03 1.652993382216507143e+03 1.391055951153914894e+00
1.699007385253906250e+03 1.650235496375283901e+03 1.394527061306515714e+00
1.699028198242187500e+03 1.652938301564753147e+03 1.398107649619193760e+00
1.699049011230468750e+03 1.657374917057440598e+03 1.395815730576997149e+00
1.699069885253906250e+03 1.658261230321722678e+03 1.398671988322265136e+00
1.699090698242187500e+03 1.657348077809819642e+03 1.399336584466032152e+00
1.699111511230468750e+03 1.657005793731515041e+03 1.404071943708525172e+00
1.699132385253906250e+03 1.661592254376530036e+03 1.404652005469584797e+00
1.699153198242187500e+03 1.663727581005184220e+03 1.402729034626121196e+00
1.699174011230468750e+03 1.660356329092266151e+03 1.408604960045239274e+00
1.699194885253906250e+03 1.657004506038497311e+03 1.407778989539109515e+00
1.699215698242187500e+03 1.662908477127296010e+03 1.402542950181628889e+00
1.699236511230468750e+03 1.660742136363252712e+03 1.402791751292581157e+00
1.699257385253906250e+03 1.663152152586253578e+03 1.400420546378281728e+00
1.699278198242187500e+03 1.666125586330159422e+03 1.401762137765790284e+00
1.699299011230468750e+03 1.667482027473529570e+03 1.404183373884802410e+00
1.699319885253906250e+03 1.670587134806281711e+03 1.402960766396672998e+00
1.699340698242187500e+03 1.667928259286205503e+03 1.402489317243013511e+00
1.699361511230468750e+03 1.676982707978709414e+03 1.406239996980481965e+00
1.699382385253906250e+03 1.673818680381787317e+03 1.408788678333013689e+00
1.699403198242187500e+03 1.671887470155143546e+03 1.410708543824415129e+00
1.699424011230468750e+03 1.673708568623585506e+03 1.414524824742436904e+00
1.699444885253906250e+03 1.674395980380657647e+03 1.417174313787753492e+00
1.699465698242187500e+03 1.678332586039656690e+03 1.421106067706846998e+00
1.699486511230468750e+03 1.680622174276133137e+03 1.425075157592822439e+00
1.699507385253906250e+03 1.677108807573325521e+03 1.439200846331158301e+00
1.699528198242187500e+03 1.677992709424160239e+03 1.435269574221736733e+00
1.699549011230468750e+03 1.678963027261776915e+03 1.437492121799276212e+00
1.699569885253906250e+03 1.677149425763927411e+03 1.437105207548659891e+00
1.699590698242187500e+03 1.683435149028983687e+03 1.440651879711485117e+00
1.699611572265625000e+03 1.685663262742926236e+03 1.441048761298584724e+00
1.699632385253906250e+03 1.682975857446900591e+03 1.440471563215453887e+00
1.699653259277343750e+03 1.688924196829268112e+03 1.439561278215197193e+00
1.699674072265625000e+03 1.684125587416157941e+03 1.439888504003411285e+00
1.699694885253906250e+03 1.689447905252729242e+03 1.443690198840551719e+00
1.699715759277343750e+03 1.693082436549196473e+03 1.439967235748753849e+00
1.699736572265625000e+03 1.691144848306186304e+03 1.450747031125165343e+00
1.699757385253906250e+03 1.680689912175945892e+03 1.440289817096776614e+00
1.699778259277343750e+03 1.688535413259293136e+03 1.442406201544244482e+00
1.699799072265625000e+03 1.680675818228933167e+03 1.442432482773959856e+00
1.699819885253906250e+03 1.685992430158417392e+03 1.443605807151117526e+00
1.699840759277343750e+03 1.684167928400541314e+03 1.445534354013779055e+00
1.699861572265625000e+03 1.681623533737794787e+03 1.446641300846277067e+00
1.699882385253906250e+03 1.681707992486113426e+03 1.446736721739241949e+00
1.699903259277343750e+03 1.687249931786684556e+03 1.451510034440401942e+00
1.699924072265625000e+03 1.689212911508061552e+03 1.447532392412808955e+00
1.699944885253906250e+03 1.686930821023240242e+03 1.445388791931748296e+00
1.699965759277343750e+03 1.689581910953810393e+03 1.449178360944305410e+00
1.699986572265625000e+03 1.695260737643562834e+03 1.444626433979539604e+00
1.700007385253906250e+03 1.695809756567555496e+03 1.442011264270272042e+00
1.700028259277343750e+03 1.696832273766809521e+03 1.439668264059735137e+00
1.700049072265625000e+03 1.689831470539679458e+03 1.439760917975893006e+00
1.700069885253906250e+03 1.688842977577707188e+03 1.445057119540730017e+00
1.700090759277343750e+03 1.696797939736222361e+03 1.446696840197186473e+00
1.700111572265625000e+03 1.694047995123447208e+03 1.445003414612005876e+00
1.700132385253906250e+03 1.695250338733083481e+03 1.445415266352825912e+00
1.700153259277343750e+03 1.698876004394321399e+03 1.448466555603344252e+00
1.700174072265625000e+03 1.698278851608429932e+03 1.453786883817002051e+00
1.700194885253906250e+03 1.700599152717214338e+03 1.446708046691965066e+00
1.700215759277343750e+03 1.696443605311058036e+03 1.446398765014652810e+00
1.700236572265625000e+03 1.696983301125745356e+03 1.443061023481916338e+00
1.700257385253906250e+03 1.694567449909347260e+03 1.441575616743382193e+00
1.700278259277343750e+03 1.689735186340481278e+03 1.437560287538232950e+00
1.700299072265625000e+03 1.689066183901481281e+03 1.437801578234003896e+00
1.700319885253906250e+03 1.688317786299790896e+03 1.445920084495360358e+00
1.700340759277343750e+03 1.690086546905956766e+03 1.433761961004889063e+00
1.700361572265625000e+03 1.690677961525988394e+03 1.433969640695081260e+00
1.700382385253906250e+03 1.682517634172244470e+03 1.434918033638119539e+00
1.700403259277343750e+03 1.682579323057051624e+03 1.436869026692681794e+00
1.700424072265625000e+03 1.679816254889452011e+03 1.439470267743707010e+00
1.700444885253906250e+03 1.679560830815068584e+03 1.443106540117451209e+00
1.700465759277343750e+03 1.681989339679799286e+03 1.445767964947566542e+00
1.700486572265625000e+03 1.674160495072748290e+03 1.445405204480446182e+00
1.700507385253906250e+03 1.678968732027410624e+03 1.457709106180508529e+00
1.700528259277343750e+03 1.672442215530770682e+03 1.451889250969049527e+00
1.700549072265625000e+03 1.667727618699246023e+03 1.454431910038665565e+00
1.700569885253906250e+03 1.674256023118141457e+03 1.456720150213766551e+00
1.700590759277343750e+03 1.670484016577041302e+03 1.457284368460837864e+00
1.700611572265625000e+03 1.678357498481034554e+03 1.459781862841811328e+00
1.700632385253906250e+03 1.674415540802565147e+03 1.461987531162637577e+00
1.700653259277343750e+03 1.672542120233573996e+03 1.464676829682345138e+00
1.700674072265625000e+03 1.673134491687000718e+03 1.460396487994060299e+00
1.700694885253906250e+03 1.677887480617061328e+03 1.463125131143452551e+00
1.700715759277343750e+03 1.677316436401292549e+03 1.462138207834404513e+00
1.700736572265625000e+03 1.676901422960905620e+03 1.461050426994128904e+00
1.700757385253906250e+03 1.674385993603521001e+03 1.461457348707886572e+00
1.700778259277343750e+03 1.674746311866259020e+03 1.463130345585316405e+00
1.700799072265625000e+03 1.673412331980867748e+03 1.463363184063231737e+00
1.700819885253906250e+03 1.670818181073089363e+03 1.467161171446367707e+00
1.700840759277343750e+03 1.671226961195132162e+03 1.463780864386917901e+00
1.700861572265625000e+03 1.673347904518207542e+03 1.463851307686759418e+00
1.700882385253906250e+03 1.660388898393518957e+03 1.462315771122806085e+00
1.700903259277343750e+03 1.663824959790240428e+03 1.467886650709050445e+00
1.700924072265625000e+03 1.661344592931101033e+03 1.458516200271518404e+00
1.700944885253906250e+03 1.663454956006475186e+03 1.455678685313310572e+00
1.700965759277343750e+03 1.660322635012662886e+03 1.455263103017844895e+00
1.700986572265625000e+03 1.665106517873080975e+03 1.451926937282753016e+00
1.701007385253906250e+03 1.665807959879993177e+03 1.449542150889234993e+00
1.701028259277343750e+03 1.665114970579029432e+03 1.456447044433939020e+00
1.701049072265625000e+03 1.661219106781546998e+03 1.449369767127351549e+00
1.701069885253906250e+03 1.661217910260681265e+03 1.449097250397719083e+00
1.701090759277343750e+03 1.666275417108601914e+03 1.452518705815528666e+00
1.701111572265625000e+03 1.666761034387692462e+03 1.451172614322027377e+00
1.701132385253906250e+03 1.661223799845814028e+03 1.452319834790827047e+00
1.701153259277343750e+03 1.661779557951438619e+03 1.455158738329035861e+00
1.701174072265625000e+03 1.666857884414637738e+03 1.457417209426581373e+00
1.701194885253906250e+03 1.670814512444484308e+03 1.455921640336348188e+00
1.701215759277343750e+03 1.668513591272548638e+03 1.452994145890248667e+00
1.701236572265625000e+03 1.666791122415367681e+03 1.449510241700933344e+00
1.701257385253906250e+03 1.661966332525554208e+03 1.445415761197201387e+00
1.701278259277343750e+03 1.667070226799672355e+03 1.446784100241564008e+00
1.701299072265625000e+03 1.663260506617313695e+03 1.439996127812159576e+00
1.701319885253906250e+03 1.662613743094646907e+03 1.437846515189317831e+00
1.701340759277343750e+03 1.662864268896469184e+03 1.437164516277636972e+00
1.701361572265625000e+03 1.664283949200103280e+03 1.437377012216068728e+00
1.701382385253906250e+03 1.662987697742243881e+03 1.448598477040382582e+00
1.701403259277343750e+03 1.664318999687641508e+03 1.441652023740872091e+00
1.701424072265625000e+03 1.664828452574185803e+03 1.447069739136831235e+00
1.701444885253906250e+03 1.664400907643939718e+03 1.448650978923903043e+00
1.701465759277343750e+03 1.660048687175357827e+03 1.453779093876829354e+00
1.701486572265625000e+03 1.662417025372948956e+03 1.458189884578374951e+00
1.701507385253906250e+03 1.664333770746627579e+03 1.463377114092162534e+00
1.701528259277343750e+03 1.662603759111744466e+03 1.468184910278972355e+00
1.701549072265625000e+03 1.665845572060048198e+03 1.474033268437925148e+00
1.701569885253906250e+03 1.663722391232001883e+03 1.479832494896520467e+00
1.701590759277343750e+03 1.663523189297076897e+03 1.480183354953779507e+00
1.701611572265625000e+03 1.666366432720489229e+03 1.484355324062645032e+00
1.701653259277343750e+03 1.659063004215205183e+03 1.485208538324915617e+00
1.701674072265625000e+03 1.671909919328029218e+03 1.484097986975819072e+00
1.701694885253906250e+03 1.658268445645865313e+03 1.485842250655296626e+00
1.701715759277343750e+03 1.659766619766868416e+03 1.491487508631339498e+00
1.701736572265625000e+03 1.663121251212800189e+03 1.480984238230964367e+00
1.701757385253906250e+03 1.671763641535549823e+03 1.482211493841410599e+00
1.701778259277343750e+03 1.658269981783529602e+03 1.480181099920550913e+00
1.701799072265625000e+03 1.660082256335332431e+03 1.479397428896140676e+00
1.701819885253906250e+03 1.658926703981430137e+03 1.481790159218994152e+00
1.701840759277343750e+03 1.665909926111831510e+03 1.482184148531717094e+00
1.701861572265625000e+03 1.671513252511773544e+03 1.484027621127850027e+00
1.701882385253906250e+03 1.668937693931043668e+03 1.484883512429998831e+00
1.701903259277343750e+03 1.666569698898344768e+03 1.485768998757773796e+00
1.701924072265625000e+03 1.670192853269963280e+03 1.486744725796748323e+00
1.701944885253906250e+03 1.668423961815813300e+03 1.483012166061451920e+00
1.701965759277343750e+03 1.667986688780594022e+03 1.481658537977911250e+00
1.701986572265625000e+03 1.671758480926704351e+03 1.479581944729880139e+00
1.702007385253906250e+03 1.670312173177989962e+03 1.478889448309248955e+00
1.702028259277343750e+03 1.673561789152247911e+03 1.480469716255456536e+00
1.702049072265625000e+03 1.665456829032499400e+03 1.477675891095044935e+00
1.702069885253906250e+03 1.663536720913347153e+03 1.478308639248444356e+00
1.702090759277343750e+03 1.665752993817599872e+03 1.489134936657307895e+00
1.702111572265625000e+03 1.671552792652162907e+03 1.487823335783996281e+00
1.702132385253906250e+03 1.675293534193998994e+03 1.491408379354900227e+00
1.702153259277343750e+03 1.669682257076514588e+03 1.487071749805167764e+00
1.702174072265625000e+03 1.664153657844431791e+03 1.488742866915406582e+00
1.702194885253906250e+03 1.666551262355469589e+03 1.485771566245702946e+00
1.702215759277343750e+03 1.664352602734919174e+03 1.493360368038309405e+00
1.702236572265625000e+03 1.660715249462580459e+03 1.478258239031546406e+00
1.702257446289062500e+03 1.652769898697142253e+03 1.472734201326137971e+00
1.702278259277343750e+03 1.658408052994650234e+03 1.471829857913526718e+00
1.702299133300781250e+03 1.659415546614893856e+03 1.466829789728277156e+00
1.702319946289062500e+03 1.654278131657131098e+03 1.461049529487401299e+00
1.702340759277343750e+03 1.654104240227817400e+03 1.457801594749621898e+00
1.702361633300781250e+03 1.660084835122818731e+03 1.461439158757266155e+00
1.702382446289062500e+03 1.659883096203129526e+03 1.458932163269456073e+00
1.702403259277343750e+03 1.653462432580066434e+03 1.461218740554751205e+00
1.702424133300781250e+03 1.656159996892173012e+03 1.468964581337189435e+00
1.702444946289062500e+03 1.653764073516374538e+03 1.468240608999811680e+00
1.702465759277343750e+03 1.654512064416304611e+03 1.470978122245078623e+00
1.702486633300781250e+03 1.650283186805647802e+03 1.478775868258094262e+00
1.702507446289062500e+03 1.651274728776148550e+03 1.485960745805127381e+00
1.702528259277343750e+03 1.644703026939918800e+03 1.494253755163612363e+00
1.702549133300781250e+03 1.653958316077869085e+03 1.499680962012749585e+00
1.702569946289062500e+03 1.641349572119762570e+03 1.501912328515751849e+00
1.702590759277343750e+03 1.649224981632001573e+03 1.505793588589138920e+00
1.702611633300781250e+03 1.651361071385588275e+03 1.511119477320555404e+00
1.702632446289062500e+03 1.644180737496536949e+03 1.510495028162138320e+00
1.702653259277343750e+03 1.635934225098430943e+03 1.514327762384990228e+00
1.702674133300781250e+03 1.645748312443256737e+03 1.510821329915329247e+00
1.702694946289062500e+03 1.645580762112497496e+03 1.510966663414460953e+00
1.702715759277343750e+03 1.644584968041079946e+03 1.507026902544030600e+00
1.702736633300781250e+03 1.638438755969095837e+03 1.506805637176111601e+00
1.702757446289062500e+03 1.645552751710998564e+03 1.504646337150126412e+00
1.702778259277343750e+03 1.635085121844314244e+03 1.504061366417063450e+00
1.702799133300781250e+03 1.640531753251575083e+03 1.510122397685234263e+00
1.702819946289062500e+03 1.638616741102415745e+03 1.507760318782147557e+00
1.702840759277343750e+03 1.638613230536455603e+03 1.508385662976586161e+00
1.702861633300781250e+03 1.640156062459986060e+03 1.509608962602800419e+00
1.702882446289062500e+03 1.638719771540776264e+03 1.511834980441700838e+00
1.702903259277343750e+03 1.648872029676458396e+03 1.515139551187732803e+00
1.702924133300781250e+03 1.649573279715738636e+03 1.510802156211197067e+00
1.702944946289062500e+03 1.644167130368379276e+03 1.510597463726923051e+00
1.702965759277343750e+03 1.645247419082390479e+03 1.505188313739348915e+00
1.702986633300781250e+03 1.648663509284403517e+03 1.503992885719882766e+00
1.703007446289062500e+03 1.644916513589696706e+03 1.498058652271990532e+00
1.703028259277343750e+03 1.648682642958888209e+03 1.498345813989197195e+00
1.703049133300781250e+03 1.640164605410352124e+03 1.494924302369542657e+00
1.703069946289062500e+03 1.640309925227431904e+03 1.494273540095043540e+00
1.703090759277343750e+03 1.637226772244967833e+03 1.495809582846689079e+00
1.703111633300781250e+03 1.635208223713079860e+03 1.496342571075085282e+00
1.703132446289062500e+03 1.638162439638929754e+03 1.500688792075902445e+00
1.703153259277343750e+03 1.628008574888436669e+03 1.501773977322897080e+00
1.703174133300781250e+03 1.635883026812565049e+03 1.501760324075925190e+00
1.703194946289062500e+03 1.639143357284822741e+03 1.508459713244584277e+00
1.703215759277343750e+03 1.631983502899243604e+03 1.502191770169382767e+00
1.703236633300781250e+03 1.637198912065093509e+03 1.499939837838711432e+00
1.703257446289062500e+03 1.635500181915198937e+03 1.499237900095296228e+00
1.703278259277343750e+03 1.635067522746392569e+03 1.492798445493495940e+00
1.703299133300781250e+03 1.642345459606247005e+03 1.490167498806597823e+00
1.703319946289062500e+03 1.643319092050673135e+03 1.484292519938122723e+00
1.703340759277343750e+03 1.640556500881976945e+03 1.481454888189017938e+00
1.703361633300781250e+03 1.643012402230883708e+03 1.479104734745046557e+00
1.703382446289062500e+03 1.646861954475873517e+03 1.479517004226682975e+00
1.703403259277343750e+03 1.646420328455822755e+03 1.489484405789373023e+00
1.703424133300781250e+03 1.649342301561236809e+03 1.484219914415904507e+00
1.703444946289062500e+03 1.647833643635772432e+03 1.490934634888549937e+00
1.703465759277343750e+03 1.645566564126615276e+03 1.494398865168179436e+00
1.703486633300781250e+03 1.640230273568656457e+03 1.500953212499330558e+00
1.703507446289062500e+03 1.645438642525298519e+03 1.509120472679023717e+00
1.703528259277343750e+03 1.644630909260809858e+03 1.517096287100092367e+00
1.703549133300781250e+03 1.640806962358461988e+03 1.529888481987731641e+00
1.703569946289062500e+03 1.637212046422250069e+03 1.529236929974369996e+00
1.703590759277343750e+03 1.640589542309568060e+03 1.537381566146003076e+00
1.703611633300781250e+03 1.643499859259336290e+03 1.534966609976873952e+00
1.703632446289062500e+03 1.641472319841437411e+03 1.540295025073757706e+00
1.703653259277343750e+03 1.642756412730620468e+03 1.537378076820883122e+00
1.703674133300781250e+03 1.644373261484679006e+03 1.538458846163228033e+00
1.703694946289062500e+03 1.645590953274377398e+03 1.537052759390563850e+00
1.703715759277343750e+03 1.646812562360330958e+03 1.537052759390563850e+00
1.703736633300781250e+03 1.651673007392340196e+03 1.546453090889923443e+00
1.703757446289062500e+03 1.649685885394768775e+03 1.545673096090116605e+00
1.703778259277343750e+03 1.648463840898627950e+03 1.544705266030376833e+00
1.703799133300781250e+03 1.661425517800571924e+03 1.550071265520440056e+00
1.703819946289062500e+03 1.659277619184023479e+03 1.552553792565202428e+00
1.703840759277343750e+03 1.661292267480447208e+03 1.554414658111472836e+00
1.703861633300781250e+03 1.662302577335477508e+03 1.563750415195132470e+00
1.703882446289062500e+03 1.662061851151067231e+03 1.559297789839019455e+00
1.703903259277343750e+03 1.657625457509954003e+03 1.551251856505384330e+00
1.703924133300781250e+03 1.661224313589037820e+03 1.551763266859317536e+00
1.703944946289062500e+03 1.661223578630687825e+03 1.550494189082047836e+00
1.703965759277343750e+03 1.678797958229147071e+03 1.561926393125135037e+00
1.703986633300781250e+03 1.671561594819867651e+03 1.550037503557869734e+00
1.704007446289062500e+03 1.673895483508055577e+03 1.544878277844673242e+00
1.704028259277343750e+03 1.667926034664876170e+03 1.542057048068877778e+00
1.704049133300781250e+03 1.672914806789279055e+03 1.542222240794899557e+00
1.704069946289062500e+03 1.668495221070405705e+03 1.540782683622990978e+00
1.704090759277343750e+03 1.668709702521208328e+03 1.540161282776021601e+00
1.704111633300781250e+03 1.663335314273793756e+03 1.540994196792359494e+00
1.704132446289062500e+03 1.668157838727126773e+03 1.545610084076084467e+00
1.704153259277343750e+03 1.668595506536188623e+03 1.546726951835567521e+00
1.704174133300781250e+03 1.674791481157609269e+03 1.550645952063959720e+00
1.704194946289062500e+03 1.682143052626771805e+03 1.557664866898586187e+00
1.704215759277343750e+03 1.686420950334112149e+03 1.562891720306843979e+00
1.704236633300781250e+03 1.690780825999704803e+03 1.554378613021817346e+00
1.704257446289062500e+03 1.678962024623823254e+03 1.546745217784038617e+00
1.704278259277343750e+03 1.687392180882350203e+03 1.539593445259030080e+00
1.704299133300781250e+03 1.687205708107341025e+03 1.534482230423219740e+00
1.704319946289062500e+03 1.687995007679974833e+03 1.527311671083558364e+00
1.704340759277343750e+03 1.680147693241372508e+03 1.522102436092345190e+00
1.704361633300781250e+03 1.689156238919357065e+03 1.522003281217589654e+00
1.704382446289062500e+03 1.687821172256280988e+03 1.522634362992668411e+00
1.704403259277343750e+03 1.687220005490872154e+03 1.525567624499011066e+00
1.704424133300781250e+03 1.688364019755616710e+03 1.528908944651432122e+00
1.704444946289062500e+03 1.684431151403113063e+03 1.533585927032868224e+00
1.704465759277343750e+03 1.684834763512387553e+03 1.540229238936442036e+00
1.704486633300781250e+03 1.690165601957653053e+03 1.548070041387857421e+00
1.704507446289062500e+03 1.683591652847901514e+03 1.557285534220414824e+00
1.704528259277343750e+03 1.687381071623206026e+03 1.571369024486133137e+00
1.704549133300781250e+03 1.691258965579219421e+03 1.572562963198573138e+00
1.704569946289062500e+03 1.697792560158571405e+03 1.577948305417031571e+00
1.704590820312500000e+03 1.690158308128264707e+03 1.583661781509584587e+00
1.704611633300781250e+03 1.694983161727175229e+03 1.601433651090742316e+00
1.704632507324218750e+03 1.696658506589719764e+03 1.593116260263647721e+00
1.704653320312500000e+03 1.695479483273907590e+03 1.591770663367396033e+00
1.704674133300781250e+03 1.704597699132025355e+03 1.590928890674789375e+00
1.704695007324218750e+03 1.698372267197282554e+03 1.589406846207797264e+00
1.704715820312500000e+03 1.696207739429222329e+03 1.590404964434284141e+00
1.704736633300781250e+03 1.697364502800513719e+03 1.591526425093416464e+00
1.704757507324218750e+03 1.701351738516128762e+03 1.594890859331738575e+00
1.704778320312500000e+03 1.703268639057482005e+03 1.598767553953387210e+00
1.704799133300781250e+03 1.700296750317775832e+03 1.598966849073499397e+00
1.704820007324218750e+03 1.702096960890666651e+03 1.604887994203330059e+00
1.704840820312500000e+03 1.696414286438988256e+03 1.601704512091782773e+00
1.704861633300781250e+03 1.699177449594566951e+03 1.604629482865971513e+00
1.704882507324218750e+03 1.700815056216204084e+03 1.603245887883128162e+00
1.704903320312500000e+03 1.697425302822118510e+03 1.602214252627288671e+00
1.704924133300781250e+03 1.703139078412725212e+03 1.600172304770021592e+00
1.704945007324218750e+03 1.700273207965291022e+03 1.599172455639852997e+00
1.704965820312500000e+03 1.695116185100217081e+03 1.591385602185064085e+00
1.704986633300781250e+03 1.699523404782857142e+03 1.589616689002900207e+00
1.705007507324218750e+03 1.702469914133694147e+03 1.584425181660692239e+00
1.705028320312500000e+03 1.700032153258015796e+03 1.588859084471501371e+00
1.705049133300781250e+03 1.700272471697976243e+03 1.581604021571656249e+00
1.705070007324218750e+03 1.698096074931160501e+03 1.581274836047389609e+00
1.705090820312500000e+03 1.704215697059951026e+03 1.584562560647561513e+00
1.705111633300781250e+03 1.704216850922809044e+03 1.586258653717845357e+00
1.705132507324218750e+03 1.705456433305631890e+03 1.587500792976241470e+00
1.705153320312500000e+03 1.703958625540614548e+03 1.591045703224308827e+00
1.705174133300781250e+03 1.696555096552545137e+03 1.587960217066447077e+00
1.705195007324218750e+03 1.702292205120547806e+03 1.589081677646498880e+00
1.705215820312500000e+03 1.694669260025836593e+03 1.586796419918251821e+00
1.705236633300781250e+03 1.697018715138506423e+03 1.585438391410904035e+00
1.705257507324218750e+03 1.705335986458426760e+03 1.578681621022104187e+00
1.705278320312500000e+03 1.702710004348909479e+03 1.573269692860699287e+00
1.705299133300781250e+03 1.706003687492382596e+03 1.567681761185878653e+00
1.705320007324218750e+03 1.701276908760496553e+03 1.561811219035459830e+00
1.705340820312500000e+03 1.701023014882350708e+03 1.557926809695004522e+00
1.705361633300781250e+03 1.701033401434372990e+03 1.557737952068072529e+00
1.705382507324218750e+03 1.696581492076980339e+03 1.557982666761475565e+00
1.705403320312500000e+03 1.701189415311967196e+03 1.559209486867620509e+00
1.705424133300781250e+03 1.704843107473864620e+03 1.571950788547851197e+00
1.705445007324218750e+03 1.702754567498311644e+03 1.571263039837536901e+00
1.705465820312500000e+03 1.704597243988228684e+03 1.578465491095573547e+00
1.705486633300781250e+03 1.698475832516030096e+03 1.585661164060428341e+00
1.705507507324218750e+03 1.699378828555639984e+03 1.591629712273307184e+00
1.705528320312500000e+03 1.701634335476871456e+03 1.602925385954764970e+00
1.705549133300781250e+03 1.703343977026619541e+03 1.608697989570811338e+00
1.705570007324218750e+03 1.697335915636876507e+03 1.615074878645631706e+00
1.705590820312500000e+03 1.700837291523197564e+03 1.627004414238829577e+00
1.705611633300781250e+03 1.698755670800050211e+03 1.633747471965768971e+00
1.705632507324218750e+03 1.700902357498802303e+03 1.640805261790609704e+00
1.705653320312500000e+03 1.698516640588926748e+03 1.637030159907202354e+00
1.705674133300781250e+03 1.696202380743815866e+03 1.637091619221893835e+00
1.705695007324218750e+03 1.694792012452016934e+03 1.635654294513632534e+00
1.705715820312500000e+03 1.696966259081773842e+03 1.637493814937180048e+00
1.705736633300781250e+03 1.692388098268197609e+03 1.638312681203130783e+00
1.705757507324218750e+03 1.692021237449721866e+03 1.638332399980519050e+00
1.705778320312500000e+03 1.687440541735429179e+03 1.642046793708843211e+00
1.705799133300781250e+03 1.695888101332409406e+03 1.647760044118798506e+00
1.705820007324218750e+03 1.686660106831721805e+03 1.648600565722978306e+00
1.705840820312500000e+03 1.685468386254689904e+03 1.652344832183266998e+00
1.705861633300781250e+03 1.693037475307644854e+03 1.652762501999530231e+00
1.705903320312500000e+03 1.690204938207253235e+03 1.650327782873472815e+00
1.705924133300781250e+03 1.690010896314211095e+03 1.647584522724550249e+00
1.705945007324218750e+03 1.694371921044754799e+03 1.645788658920005920e+00
1.705965820312500000e+03 1.693430796283233121e+03 1.637950570237509229e+00
1.705986633300781250e+03 1.690749652963457265e+03 1.632329842081063243e+00
1.706007507324218750e+03 1.696028870313260541e+03 1.630511181603220283e+00
1.706028320312500000e+03 1.691115134429690897e+03 1.625789963837734664e+00
1.706049133300781250e+03 1.692055720374089560e+03 1.625710038802824942e+00
1.706070007324218750e+03 1.692955459189802696e+03 1.624843149684879862e+00
1.706090820312500000e+03 1.695407509122133888e+03 1.624360765759524039e+00
1.706111633300781250e+03 1.690306790283200371e+03 1.634274280136058799e+00
1.706132507324218750e+03 1.686780952710880683e+03 1.628753874533341861e+00
1.706153320312500000e+03 1.684548573015682905e+03 1.627105082986443740e+00
1.706174133300781250e+03 1.687251189831895317e+03 1.629780413574837272e+00
1.706195007324218750e+03 1.686721329948727544e+03 1.629906802175159708e+00
1.706215820312500000e+03 1.700267600350590783e+03 1.631830896886851345e+00
1.706236633300781250e+03 1.689212490281432565e+03 1.626957081655978188e+00
1.706257507324218750e+03 1.690145297975755966e+03 1.628067129794352530e+00
1.706278320312500000e+03 1.697539969032117824e+03 1.620670934482940417e+00
1.706299133300781250e+03 1.696896472803083725e+03 1.614245553728785865e+00
1.706320007324218750e+03 1.699827448857030731e+03 1.615455842893121163e+00
1.706340820312500000e+03 1.706786416238629045e+03 1.618846981722464662e+00
1.706361633300781250e+03 1.698356342040470281e+03 1.605307837819790029e+00
1.706382507324218750e+03 1.707944422983858658e+03 1.612665756340973644e+00
1.706403320312500000e+03 1.693669325539704914e+03 1.608429640355537371e+00
1.706424133300781250e+03 1.691901221707010336e+03 1.611375176869844994e+00
1.706445007324218750e+03 1.697918981147375689e+03 1.618652785633423852e+00
1.706465820312500000e+03 1.693956053346979843e+03 1.624085168817922753e+00
1.706486633300781250e+03 1.696878198618549050e+03 1.632153391707188650e+00
1.706507507324218750e+03 1.687574612302286823e+03 1.638376493509615450e+00
1.706528320312500000e+03 1.693042979515424577e+03 1.651889819837550455e+00
1.706549133300781250e+03 1.691763529509555610e+03 1.656615234986368312e+00
1.706570007324218750e+03 1.686566993749890571e+03 1.665046365224088110e+00
1.706590820312500000e+03 1.674453621215828207e+03 1.671229585510061177e+00
1.706611633300781250e+03 1.682445881613885376e+03 1.677555665344730107e+00
1.706632507324218750e+03 1.672169023930533058e+03 1.682071076881495708e+00
1.706653320312500000e+03 1.677641461704710764e+03 1.684857454015128875e+00
1.706674133300781250e+03 1.670035861957273028e+03 1.684011810157119093e+00
1.706695007324218750e+03 1.670996713254075985e+03 1.685471056739174189e+00
1.706715881347656250e+03 1.669305754480451014e+03 1.684502588652254884e+00
1.706736694335937500e+03 1.675026379451365301e+03 1.689263446722162554e+00
1.706757507324218750e+03 1.667172957853905700e+03 1.689895413226704113e+00
1.706778381347656250e+03 1.667121125571455650e+03 1.692165354181358827e+00
1.706799194335937500e+03 1.668768361503766755e+03 1.697572458712362398e+00
1.706820007324218750e+03 1.657350488173128269e+03 1.699712782326524341e+00
1.706840881347656250e+03 1.671064268987288870e+03 1.707648054548813077e+00
1.706861694335937500e+03 1.661303417190466007e+03 1.711621848723410055e+00
1.706882507324218750e+03 1.670252338095839150e+03 1.710657593288031242e+00
1.706903381347656250e+03 1.669480394228825844e+03 1.711345536858073446e+00
1.706924194335937500e+03 1.668742295590488538e+03 1.707397212206238191e+00
1.706945007324218750e+03 1.669366752125956282e+03 1.704787816243735987e+00
1.706965881347656250e+03 1.674447462342985546e+03 1.696373321952886482e+00
1.706986694335937500e+03 1.673181418563741317e+03 1.691386374693776506e+00
1.707007507324218750e+03 1.671136191796203093e+03 1.681053493318059422e+00
1.707028381347656250e+03 1.671990018142996178e+03 1.677118154918505022e+00
1.707049194335937500e+03 1.670505455717246605e+03 1.675540720076841295e+00
1.707070007324218750e+03 1.673442166338341394e+03 1.674819705995891139e+00
1.707090881347656250e+03 1.669536876129047869e+03 1.666505551498052462e+00
1.707111694335937500e+03 1.670890276057150913e+03 1.667718086793944066e+00
1.707132507324218750e+03 1.664570531786501761e+03 1.668104894294645701e+00
1.707153381347656250e+03 1.672292847945241647e+03 1.675402903139391331e+00
1.707174194335937500e+03 1.674893750635621018e+03 1.674330930738619383e+00
1.707195007324218750e+03 1.674544322846295927e+03 1.674130068667427640e+00
1.707215881347656250e+03 1.671912176420193646e+03 1.676776154939350727e+00
1.707236694335937500e+03 1.666784312394917833e+03 1.679239612569367379e+00
1.707257507324218750e+03 1.672256197868865456e+03 1.673333432107646512e+00
1.707278381347656250e+03 1.665118442352214061e+03 1.670092479178194589e+00
1.707299194335937500e+03 1.668608992000057242e+03 1.667286789287294013e+00
1.707320007324218750e+03 1.676624528356379869e+03 1.665605214987331051e+00
1.707340881347656250e+03 1.674948735219956234e+03 1.662079179895196379e+00
1.707361694335937500e+03 1.671061965430599685e+03 1.657456875983761346e+00
1.707382507324218750e+03 1.664516704241344542e+03 1.658785840059090244e+00
1.707403381347656250e+03 1.672698605494632375e+03 1.656328307405890543e+00
1.707424194335937500e+03 1.678135452204238845e+03 1.658474705611035604e+00
1.707445007324218750e+03 1.674649919653838879e+03 1.659382718458022987e+00
1.707465881347656250e+03 1.681073988340746382e+03 1.662945726345129716e+00
1.707486694335937500e+03 1.668327130782711265e+03 1.666409695206383601e+00
1.707507507324218750e+03 1.674729332492034700e+03 1.671243209539754249e+00
1.707528381347656250e+03 1.676688078482059609e+03 1.672987238186024239e+00
1.707549194335937500e+03 1.670219314665030652e+03 1.680941020836363320e+00
1.707570007324218750e+03 1.673177960396476465e+03 1.684820025083390682e+00
1.707590881347656250e+03 1.669941808871968078e+03 1.698199858968780784e+00
1.707611694335937500e+03 1.670405586890904942e+03 1.697541209017040309e+00
1.707632507324218750e+03 1.669287520794857755e+03 1.703162166644886177e+00
1.707653381347656250e+03 1.669200987566683125e+03 1.705098539844138505e+00
1.707674194335937500e+03 1.667868484424476264e+03 1.708277476568336617e+00
1.707695007324218750e+03 1.668250093316215498e+03 1.715289915953951860e+00
1.707715881347656250e+03 1.670592965228530375e+03 1.715649113720136842e+00
1.707736694335937500e+03 1.667958509396231875e+03 1.711132439085466084e+00
1.707757507324218750e+03 1.672400668537204638e+03 1.710142743583171088e+00
1.707778381347656250e+03 1.674577127696858497e+03 1.714096288773976795e+00
1.707799194335937500e+03 1.672589369116299167e+03 1.714230786306413012e+00
1.707820007324218750e+03 1.670922176661571484e+03 1.719447046598739703e+00
1.707840881347656250e+03 1.676956669417243120e+03 1.728112677035276379e+00
1.707861694335937500e+03 1.674521213229035766e+03 1.735208053536937856e+00
1.707882507324218750e+03 1.672706515104923255e+03 1.725310065556739714e+00
1.707903381347656250e+03 1.670825575468773877e+03 1.723461490578256372e+00
1.707924194335937500e+03 1.668930733391799095e+03 1.720586038821100061e+00
1.707945007324218750e+03 1.665947045808104576e+03 1.714623717353520593e+00
1.707965881347656250e+03 1.672859712582232987e+03 1.707684494484457360e+00
1.707986694335937500e+03 1.667840889525415150e+03 1.700805204097505241e+00
1.708007507324218750e+03 1.669157293286582899e+03 1.691600057233266785e+00
1.708028381347656250e+03 1.668860439189303634e+03 1.684583757872067711e+00
1.708049194335937500e+03 1.670312861668751793e+03 1.679777417992030175e+00
1.708070007324218750e+03 1.669658150552002098e+03 1.672137230958911314e+00
1.708090881347656250e+03 1.667023432728041826e+03 1.670217173383526932e+00
1.708111694335937500e+03 1.668614950642660460e+03 1.667271631436570756e+00
1.708132507324218750e+03 1.670907334733327389e+03 1.667984830613534086e+00
1.708153381347656250e+03 1.674254713878336588e+03 1.666674145045986544e+00
1.708174194335937500e+03 1.669371489667348669e+03 1.666216749816780363e+00
1.708195007324218750e+03 1.665882738271852759e+03 1.666992688081171181e+00
1.708215881347656250e+03 1.667671441480619706e+03 1.667870404741243373e+00
1.708236694335937500e+03 1.670487807561190493e+03 1.664376600825549390e+00
1.708257507324218750e+03 1.669797398208542290e+03 1.662107581956839830e+00
1.708278381347656250e+03 1.678321274537808222e+03 1.658634987748361711e+00
1.708299194335937500e+03 1.667100953401503830e+03 1.655547154844050795e+00
1.708320007324218750e+03 1.676290347932463646e+03 1.646095601041429379e+00
1.708340881347656250e+03 1.673688019178759077e+03 1.643391048560497003e+00
1.708361694335937500e+03 1.667882553275010196e+03 1.637611164076207437e+00
1.708382507324218750e+03 1.664461306890060314e+03 1.627592293250962330e+00
1.708403381347656250e+03 1.669316763526446721e+03 1.624602415891299945e+00
1.708424194335937500e+03 1.667644766950490975e+03 1.621928246125716955e+00
1.708445007324218750e+03 1.668910254270179848e+03 1.621823654391063130e+00
1.708465881347656250e+03 1.665781906219591747e+03 1.617581821594952007e+00
1.708486694335937500e+03 1.673396984848968259e+03 1.618475286083543407e+00
1.708507507324218750e+03 1.669303078912183992e+03 1.628132954466383175e+00
1.708528381347656250e+03 1.665403837059681791e+03 1.619320186510320614e+00
1.708549194335937500e+03 1.666094029765585674e+03 1.621476976069453846e+00
1.708570007324218750e+03 1.663784677613789881e+03 1.626786570364092910e+00
1.708590881347656250e+03 1.669130088795924166e+03 1.630128397418906694e+00
1.708611694335937500e+03 1.665695135283883701e+03 1.633227208965159827e+00
1.708632507324218750e+03 1.661539074701735899e+03 1.643162753722325897e+00
1.708653381347656250e+03 1.667927852459043152e+03 1.641435622724569221e+00
1.708674255371093750e+03 1.667956142708856078e+03 1.645520200597841765e+00
1.708695068359375000e+03 1.662131579844123280e+03 1.644120697459012792e+00
1.708715881347656250e+03 1.666638369762708408e+03 1.644263021381885403e+00
1.708736755371093750e+03 1.667925612373508557e+03 1.641859915859719354e+00
1.708757568359375000e+03 1.665282230815827916e+03 1.639290839364439867e+00
1.708778381347656250e+03 1.666056280024973603e+03 1.638184758056590695e+00
1.708799255371093750e+03 1.668610730098718705e+03 1.638579628567899293e+00
1.708820068359375000e+03 1.665954867209831264e+03 1.637578478963684470e+00
1.708840881347656250e+03 1.673536783338461191e+03 1.641094830768792034e+00
1.708861755371093750e+03 1.672180984417543186e+03 1.643245094411547980e+00
1.708882568359375000e+03 1.672914339733325050e+03 1.642789593486645439e+00
1.708903381347656250e+03 1.674709040022840782e+03 1.650714260173711700e+00
1.708924255371093750e+03 1.671977795537676684e+03 1.642760494599805554e+00
1.708945068359375000e+03 1.675948152426335128e+03 1.639596671309097031e+00
1.708965881347656250e+03 1.674416614374144046e+03 1.633179326808980703e+00
1.708986755371093750e+03 1.680219380514796285e+03 1.629575815881673106e+00
1.709007568359375000e+03 1.684050939493811256e+03 1.627703398667712964e+00
1.709028381347656250e+03 1.674295898476334060e+03 1.619385336132918018e+00
1.709049255371093750e+03 1.683602182065425950e+03 1.613724322125819066e+00
1.709070068359375000e+03 1.673987562836703546e+03 1.608634482076919836e+00
1.709090881347656250e+03 1.668585252370568242e+03 1.602718624490378163e+00
1.709111755371093750e+03 1.670347813771716119e+03 1.600925672503447306e+00
1.709132568359375000e+03 1.677250232138296269e+03 1.597749217716479819e+00
1.709153381347656250e+03 1.669558070913783467e+03 1.595346063004901449e+00
1.709174255371093750e+03 1.670756461746815148e+03 1.602741384432789573e+00
1.709195068359375000e+03 1.671247604354552095e+03 1.593681184367571779e+00
1.709215881347656250e+03 1.673413700330004758e+03 1.594556940779188636e+00
1.709236755371093750e+03 1.667835036886683383e+03 1.592481968895894662e+00
1.709257568359375000e+03 1.667945433316386925e+03 1.592706001767368207e+00
1.709278381347656250e+03 1.670460317136056574e+03 1.592662365360021814e+00
1.709299255371093750e+03 1.672966126793161266e+03 1.591807209753643981e+00
1.709320068359375000e+03 1.676530666772988297e+03 1.592733021310493102e+00
1.709340881347656250e+03 1.674665533068862487e+03 1.580883523442243366e+00
1.709361755371093750e+03 1.668086217588730733e+03 1.574035028002446435e+00
1.709382568359375000e+03 1.665227656826257544e+03 1.569500233869240535e+00
1.709403381347656250e+03 1.668839197075694983e+03 1.560356348125640835e+00
1.709424255371093750e+03 1.669551067126667022e+03 1.552853907176815484e+00
1.709445068359375000e+03 1.670187534388594258e+03 1.546647873975323328e+00
1.709465881347656250e+03 1.670376891045539196e+03 1.544952893819845352e+00
1.709486755371093750e+03 1.669447035159655798e+03 1.538129417168181634e+00
1.709507568359375000e+03 1.667499418813510374e+03 1.538139492495206984e+00
1.709528381347656250e+03 1.664795570053923029e+03 1.538423047134417354e+00
1.709549255371093750e+03 1.668402048657075738e+03 1.537941538980720724e+00
1.709570068359375000e+03 1.667199865728113537e+03 1.535098397521355018e+00
1.709590881347656250e+03 1.663917797394170066e+03 1.538979620081634359e+00
1.709611755371093750e+03 1.667142626821966815e+03 1.548144734533671185e+00
1.709632568359375000e+03 1.663506344349806795e+03 1.553895221285570116e+00
1.709653381347656250e+03 1.661562302822188940e+03 1.550753806998010687e+00
1.709674255371093750e+03 1.664107145374621041e+03 1.555225145164355061e+00
1.709695068359375000e+03 1.665085031349997962e+03 1.559845768077866568e+00
1.709715881347656250e+03 1.657556563020730891e+03 1.566750429159774916e+00
1.709736755371093750e+03 1.667731991124418073e+03 1.568216699782723600e+00
1.709757568359375000e+03 1.661461031649772849e+03 1.575898743591059414e+00
1.709778381347656250e+03 1.657046042059672118e+03 1.573594795554727144e+00
1.709799255371093750e+03 1.663203594319779086e+03 1.566668785716037293e+00
1.709820068359375000e+03 1.653634262183967621e+03 1.557576088677029125e+00
1.709840881347656250e+03 1.659979178530307308e+03 1.555257644774340475e+00
1.709861755371093750e+03 1.665063823318131881e+03 1.550020122397459676e+00
1.709882568359375000e+03 1.658778586416060762e+03 1.544753806982922528e+00
1.709903381347656250e+03 1.662750108749884703e+03 1.540241390234547092e+00
1.709924255371093750e+03 1.664515960895656008e+03 1.535213789698743225e+00
1.709945068359375000e+03 1.658377379111093433e+03 1.525822498957393414e+00
1.709965881347656250e+03 1.660251238848049979e+03 1.517437902622317925e+00
1.709986755371093750e+03 1.661799059645358511e+03 1.506681106731680764e+00
1.710007568359375000e+03 1.657040646816539265e+03 1.508224351995872459e+00
1.710028381347656250e+03 1.664967193496978325e+03 1.480114091651112851e+00
1.710049255371093750e+03 1.665675482002832268e+03 1.461083552765837457e+00
1.710070068359375000e+03 1.666144709436019639e+03 1.439375276155565375e+00
1.710090881347656250e+03 1.665870939588666033e+03 1.419041251649527213e+00
1.710111755371093750e+03 1.665325415308056790e+03 1.398482806787785471e+00
1.710132568359375000e+03 1.660852121100704835e+03 1.378371483521989127e+00
1.710153381347656250e+03 1.663374934065330535e+03 1.354459403259403727e+00
1.710174255371093750e+03 1.667548072555793624e+03 1.345047346650234177e+00
