1.842535217285156250e+03 8.930130550419404756e+01 1.184537152787760173e+00
1.842556030273437500e+03 9.209086527511480824e+01 1.177799710158501822e+00
1.842576843261718750e+03 8.775648224538048225e+01 1.185221896179740275e+00
1.842597717285156250e+03 8.710850758013104667e+01 1.176590701065394651e+00
1.842618530273437500e+03 8.512303747549989907e+01 1.184754510633064806e+00
1.842639343261718750e+03 8.037574605718482701e+01 1.178797961217038059e+00
1.842660217285156250e+03 8.386022138873435949e+01 1.175280087142483110e+00
1.842681030273437500e+03 8.727569364556586606e+01 1.176584014087959762e+00
1.842701843261718750e+03 8.861175962316116284e+01 1.179433327886663330e+00
1.842722717285156250e+03 8.758904341880793254e+01 1.175814048334983042e+00
1.842743530273437500e+03 8.781789520368842261e+01 1.181777013048288971e+00
1.842764343261718750e+03 8.354266470883632678e+01 1.181946164817369915e+00
1.842785217285156250e+03 8.498655066062580943e+01 1.174561028965098064e+00
1.842806030273437500e+03 8.834518305453309495e+01 1.185273291303663878e+00
1.842826843261718750e+03 8.892107185673769720e+01 1.178017147399243347e+00
1.842847717285156250e+03 8.587520440046280612e+01 1.176838396407705822e+00
1.842868530273437500e+03 8.534249600878213471e+01 1.175488609826686126e+00
1.842889343261718750e+03 8.396435933125070505e+01 1.181493425264601882e+00
1.842910217285156250e+03 8.416738668071380403e+01 1.177813272696079938e+00
1.842931030273437500e+03 8.403335436132714165e+01 1.175683964858292407e+00
1.842951843261718750e+03 8.346327442368712468e+01 1.177689078552778490e+00
1.842972717285156250e+03 8.334661678016061614e+01 1.186717277360194611e+00
1.842993530273437500e+03 8.320941743923674494e+01 1.182704326969358677e+00
1.843014343261718750e+03 8.630454032414756682e+01 1.176877850626827149e+00
1.843035217285156250e+03 8.893633517622485840e+01 1.180244213388224717e+00
1.843056030273437500e+03 8.419974230961366857e+01 1.177375194633379474e+00
1.843076843261718750e+03 8.985906233757320649e+01 1.177634366219196371e+00
1.843097717285156250e+03 8.776901872728878118e+01 1.180442214960443437e+00
1.843118530273437500e+03 8.113915180781052072e+01 1.176494698768276725e+00
1.843139343261718750e+03 7.990901536503710645e+01 1.175417162518609171e+00
1.843160217285156250e+03 8.048661350862775521e+01 1.174704429299481490e+00
1.843181030273437500e+03 8.340369376713555027e+01 1.176370872100374720e+00
1.843201843261718750e+03 7.965450634248691131e+01 1.176077821151612524e+00
1.843222717285156250e+03 7.581469623895290511e+01 1.176493533520774903e+00
1.843243530273437500e+03 8.441593603558895609e+01 1.175474158450432904e+00
1.843264343261718750e+03 8.113797425091499349e+01 1.178349019818026422e+00
1.843285217285156250e+03 8.415774713021760078e+01 1.174148185878743256e+00
1.843306030273437500e+03 8.244747211384012076e+01 1.176193215826817795e+00
1.843326843261718750e+03 8.274118884005332575e+01 1.173879409659894346e+00
1.843347717285156250e+03 8.518242560371558625e+01 1.175993333109947026e+00
1.843368530273437500e+03 7.496309873806808355e+01 1.176197877999985986e+00
1.843389343261718750e+03 8.418078716299334019e+01 1.174645518541935107e+00
1.843410217285156250e+03 8.161730543291156437e+01 1.174461967979528287e+00
1.843431030273437500e+03 8.194815626982453693e+01 1.175481916579772301e+00
1.843451843261718750e+03 8.510917070165284315e+01 1.175992724895680741e+00
1.843472717285156250e+03 8.839175210601908361e+01 1.176190479325264437e+00
1.843493530273437500e+03 8.430579879587837411e+01 1.179245468085652337e+00
1.843514343261718750e+03 8.960646329284304556e+01 1.184448235897161306e+00
1.843535217285156250e+03 8.270402885638880264e+01 1.175963885041464208e+00
1.843556030273437500e+03 8.397071995192277427e+01 1.174242603417585240e+00
1.843576843261718750e+03 8.399914671480856043e+01 1.177469960860160203e+00
1.843597717285156250e+03 8.145804353295183375e+01 1.176415560641553171e+00
1.843618530273437500e+03 8.579602090817620308e+01 1.175703888943005815e+00
1.843639343261718750e+03 8.492879515276044344e+01 1.177893177163044314e+00
1.843660217285156250e+03 8.553557285250906261e+01 1.177991038834015125e+00
1.843681030273437500e+03 8.215704915981302747e+01 1.177347907430475793e+00
1.843701843261718750e+03 8.108342468703797579e+01 1.174847609194882958e+00
1.843722717285156250e+03 7.880115088913038335e+01 1.173442707481969327e+00
1.843743530273437500e+03 7.755975049576750280e+01 1.173622151359881904e+00
1.843764343261718750e+03 8.056004696775707430e+01 1.174427507819338246e+00
1.843785217285156250e+03 8.082650322124813158e+01 1.172672763126206386e+00
1.843806030273437500e+03 7.707590793737735169e+01 1.172901619407569429e+00
1.843826843261718750e+03 7.620224904698905277e+01 1.174544688537781711e+00
1.843847717285156250e+03 7.962252877634379900e+01 1.171550298847555904e+00
1.843868530273437500e+03 7.532920892399167201e+01 1.172206882529107208e+00
1.843889343261718750e+03 7.778185539242208790e+01 1.176445149399103052e+00
1.843910217285156250e+03 7.147541404399343890e+01 1.182499748213823754e+00
1.843931030273437500e+03 7.325652794504757992e+01 1.172005658813068951e+00
1.843951843261718750e+03 7.492056794598966007e+01 1.173214668013412343e+00
1.843972717285156250e+03 7.520181052437392566e+01 1.173630124877960590e+00
1.843993530273437500e+03 7.957135840148399097e+01 1.174514036936734840e+00
1.844014343261718750e+03 7.288876081383338601e+01 1.174835686659154943e+00
1.844035217285156250e+03 7.684662751851737994e+01 1.173147197629222482e+00
1.844056091308593750e+03 7.973840761072007410e+01 1.173346752411516869e+00
1.844076904296875000e+03 7.987737567989564980e+01 1.173983444626776507e+00
1.844097717285156250e+03 8.220339089394238385e+01 1.177549838005567562e+00
1.844118591308593750e+03 8.229362156775390247e+01 1.177251916251543795e+00
1.844139404296875000e+03 8.156904061965578023e+01 1.174776528798678443e+00
1.844160217285156250e+03 7.970161588943183517e+01 1.173443774169727893e+00
1.844181091308593750e+03 7.845231068271401398e+01 1.177229031123109504e+00
1.844201904296875000e+03 7.821815168254212836e+01 1.176659696295375479e+00
1.844222717285156250e+03 8.024435749906302817e+01 1.173196784675060167e+00
1.844243591308593750e+03 7.844862818016810024e+01 1.181632856863670478e+00
1.844264404296875000e+03 7.836725093870937542e+01 1.173711888402445114e+00
1.844285217285156250e+03 7.911196451471910507e+01 1.175967939896737979e+00
1.844306091308593750e+03 8.096769424007099758e+01 1.174234887860557741e+00
1.844326904296875000e+03 8.128876293626386484e+01 1.175265785349845604e+00
1.844347717285156250e+03 8.005072661255869093e+01 1.174674137056723744e+00
1.844368591308593750e+03 8.110729207966376464e+01 1.177041882935724315e+00
1.844389404296875000e+03 8.107640978350195837e+01 1.179654607251102272e+00
1.844410217285156250e+03 8.140723001182931284e+01 1.174692505310549695e+00
1.844431091308593750e+03 7.715519305322447963e+01 1.174139860527210644e+00
1.844451904296875000e+03 8.067131348407795599e+01 1.172759523361594836e+00
1.844472717285156250e+03 7.992986335249479168e+01 1.172897909679594397e+00
1.844493591308593750e+03 8.979262378207045003e+01 1.176669979378969222e+00
1.844514404296875000e+03 9.686919704231735295e+01 1.178534493755225787e+00
1.844535217285156250e+03 9.130825824379031985e+01 1.185120105129369605e+00
1.844556091308593750e+03 9.605817158188222038e+01 1.179416903351272694e+00
1.844576904296875000e+03 9.612899302110821509e+01 1.180411363036124817e+00
1.844597717285156250e+03 9.127364160507327995e+01 1.177589167156746219e+00
1.844618591308593750e+03 9.254644925843125236e+01 1.178282501054116471e+00
1.844639404296875000e+03 8.397692845409567042e+01 1.175369849739284156e+00
1.844660217285156250e+03 8.422873421368497304e+01 1.175970676916143987e+00
1.844681091308593750e+03 8.337364892552875517e+01 1.175341603152831427e+00
1.844701904296875000e+03 8.109547526258089079e+01 1.176986836666890524e+00
1.844722717285156250e+03 7.770916502980185214e+01 1.172646891374240719e+00
1.844743591308593750e+03 7.693012100488174099e+01 1.174281941818194674e+00
1.844764404296875000e+03 7.670872645815626356e+01 1.179630151832602891e+00
1.844785217285156250e+03 7.986079636734379505e+01 1.174482724789842614e+00
1.844806091308593750e+03 8.182447987379060805e+01 1.174204938836513890e+00
1.844826904296875000e+03 8.264470386101048405e+01 1.174888500036624928e+00
1.844847717285156250e+03 7.820400881708073371e+01 1.175083041807572837e+00
1.844868591308593750e+03 8.227842098510768665e+01 1.174251080319819396e+00
1.844889404296875000e+03 7.862530651020422567e+01 1.176268821833275080e+00
1.844910217285156250e+03 7.538814558204759919e+01 1.173146841976856258e+00
1.844931091308593750e+03 7.807836843139014604e+01 1.174192451390670522e+00
1.844951904296875000e+03 7.798489837089303478e+01 1.172970425111797388e+00
1.844972717285156250e+03 7.583913879543838732e+01 1.172819240356559378e+00
1.844993591308593750e+03 7.737894352959214928e+01 1.173110361632857535e+00
1.845014404296875000e+03 7.912590199906289001e+01 1.180389145111644833e+00
1.845035217285156250e+03 7.470645262488106653e+01 1.174798852869577193e+00
1.845056091308593750e+03 7.772264798940618391e+01 1.173611892358844555e+00
1.845076904296875000e+03 7.858453243812454048e+01 1.174521699911988737e+00
1.845097717285156250e+03 7.804670615626886843e+01 1.178415990049977546e+00
1.845118591308593750e+03 7.672779394519571383e+01 1.175703280579004417e+00
1.845139404296875000e+03 8.290900587532372867e+01 1.174594165841813753e+00
1.845160217285156250e+03 7.661865052571528167e+01 1.178981645624046060e+00
1.845181091308593750e+03 7.872523404990157303e+01 1.173947954964084106e+00
1.845201904296875000e+03 7.582106951732075117e+01 1.175356968974363037e+00
1.845222717285156250e+03 8.140983316438267536e+01 1.174191689956750162e+00
1.845243591308593750e+03 8.390701895725648285e+01 1.173128347905238567e+00
1.845264404296875000e+03 8.000501886471244006e+01 1.174780587752213501e+00
1.845285217285156250e+03 7.695953334211819197e+01 1.174495919637465580e+00
1.845306091308593750e+03 7.665876662874551073e+01 1.175033585088709698e+00
1.845326904296875000e+03 7.815610796829402318e+01 1.172150032829795574e+00
1.845347717285156250e+03 7.969033858895613776e+01 1.174974792291237469e+00
1.845368591308593750e+03 7.676865264816699153e+01 1.181484798528939395e+00
1.845389404296875000e+03 7.961225175187306036e+01 1.173334713026521703e+00
1.845410217285156250e+03 7.410611133238720072e+01 1.175251838398631454e+00
1.845431091308593750e+03 7.280393531284266828e+01 1.172815225436923958e+00
1.845451904296875000e+03 7.761038734054443466e+01 1.171876525877912911e+00
1.845472717285156250e+03 7.427769019736759049e+01 1.171406970339997855e+00
1.845493591308593750e+03 7.658585915605920036e+01 1.175110838106096178e+00
1.845514404296875000e+03 7.496385572033675260e+01 1.172195085680465043e+00
1.845535217285156250e+03 7.184858645708318647e+01 1.170967462714729956e+00
1.845556091308593750e+03 7.264230101958251851e+01 1.170725245707501472e+00
1.845576904296875000e+03 6.902526067124445319e+01 1.169860023048057140e+00
1.845597717285156250e+03 7.216843558497380684e+01 1.174412485106078430e+00
1.845618591308593750e+03 7.132885184708757720e+01 1.173140186176971689e+00
1.845639404296875000e+03 6.938890772197748902e+01 1.171823881941736811e+00
1.845660217285156250e+03 6.844621320103848916e+01 1.170511597019839201e+00
1.845681091308593750e+03 7.278065547917344702e+01 1.171435006511106103e+00
1.845701904296875000e+03 6.790436979039654375e+01 1.173461907713269081e+00
1.845722717285156250e+03 7.288316838546020904e+01 1.170599332121725844e+00
1.845743591308593750e+03 7.235653906786095035e+01 1.171636582599261178e+00
1.845764465332031250e+03 7.388424372393791373e+01 1.172248373950197431e+00
1.845785278320312500e+03 6.963202983874737129e+01 1.171149728771882392e+00
1.845806091308593750e+03 7.308389788502964279e+01 1.172473551161092198e+00
1.845826965332031250e+03 6.934966188537195819e+01 1.170896554011594981e+00
1.845847778320312500e+03 7.196198584156039146e+01 1.170021167547343977e+00
1.845868591308593750e+03 7.126700114726568813e+01 1.169691569438177092e+00
1.845889465332031250e+03 7.246440426326428508e+01 1.172712916581375886e+00
1.845910278320312500e+03 7.498911587084811003e+01 1.171598172869548593e+00
1.845931091308593750e+03 7.536903728441733108e+01 1.174400710412701887e+00
1.845951965332031250e+03 7.484074215279279940e+01 1.176904439694673954e+00
1.845972778320312500e+03 7.747565965482083072e+01 1.172194119553980229e+00
1.845993591308593750e+03 8.003555662222009914e+01 1.173927087150794968e+00
1.846014465332031250e+03 7.945216774045339037e+01 1.174674390763843279e+00
1.846035278320312500e+03 8.144396094633222560e+01 1.174268592289327229e+00
1.846056091308593750e+03 8.582882003124348103e+01 1.173730830319386520e+00
1.846076965332031250e+03 7.746135117317851382e+01 1.174722695600991074e+00
1.846097778320312500e+03 7.904482281131490140e+01 1.174835940331387718e+00
1.846118591308593750e+03 7.841105738855284812e+01 1.175351238509953822e+00
1.846139465332031250e+03 7.658007069027928537e+01 1.172058599712607618e+00
1.846160278320312500e+03 7.650510898418076522e+01 1.171588201396084772e+00
1.846181091308593750e+03 7.365241853583435727e+01 1.178291201820732770e+00
1.846201965332031250e+03 7.406718515828283955e+01 1.173202525662819573e+00
1.846222778320312500e+03 7.341257567652107241e+01 1.174536924217801426e+00
1.846243591308593750e+03 7.780347649276097854e+01 1.172629710995675811e+00
1.846264465332031250e+03 8.648653301998112397e+01 1.179411647451640288e+00
1.846285278320312500e+03 8.573557089573505152e+01 1.174560673740834504e+00
1.846306091308593750e+03 9.104026258556207551e+01 1.177290900954766739e+00
1.846326965332031250e+03 9.379654066285137048e+01 1.180021175663273025e+00
1.846347778320312500e+03 9.452771260338127490e+01 1.178720343045790209e+00
1.846368591308593750e+03 9.689959966283380766e+01 1.183036446378332274e+00
1.846389465332031250e+03 9.608780552858920032e+01 1.180758110446604947e+00
1.846410278320312500e+03 8.912295752051484499e+01 1.179444193222834558e+00
1.846431091308593750e+03 8.614376454360865409e+01 1.175421472805780576e+00
1.846451965332031250e+03 8.743651822324390821e+01 1.177930116598019161e+00
1.846472778320312500e+03 8.984162352110134009e+01 1.176392659242951444e+00
1.846493591308593750e+03 8.943214305600390901e+01 1.186590448692840694e+00
1.846514465332031250e+03 9.145437127631419116e+01 1.179393150541674373e+00
1.846535278320312500e+03 9.466210875265947777e+01 1.180424087659079024e+00
1.846556091308593750e+03 9.658173129178091187e+01 1.177628494994452879e+00
1.846576965332031250e+03 9.616393539529360623e+01 1.177736146334048328e+00
1.846597778320312500e+03 9.282825408832317748e+01 1.177917263830137173e+00
1.846618591308593750e+03 9.489235547763641421e+01 1.187107322417452648e+00
1.846639465332031250e+03 8.946138319604781941e+01 1.179932726704251422e+00
1.846660278320312500e+03 8.872969968139942409e+01 1.181051110372146162e+00
1.846681091308593750e+03 9.187222760586824677e+01 1.182546725327848547e+00
1.846701965332031250e+03 9.214425044426600664e+01 1.176834800386146851e+00
1.846722778320312500e+03 9.531475841208379052e+01 1.181914091386651933e+00
1.846743591308593750e+03 9.283408934828077008e+01 1.178217546789454673e+00
1.846764465332031250e+03 9.396530280602688379e+01 1.177062644889213638e+00
1.846785278320312500e+03 9.183932217420618827e+01 1.177444700736532068e+00
1.846806091308593750e+03 9.328237141290647116e+01 1.178043002404246309e+00
1.846826965332031250e+03 9.377491924485491381e+01 1.179288733581562276e+00
1.846847778320312500e+03 9.793403078734945666e+01 1.181330919269379942e+00
1.846868591308593750e+03 9.309046129480336162e+01 1.181547656224559040e+00
1.846889465332031250e+03 9.056137884622758349e+01 1.181542863821385625e+00
1.846910278320312500e+03 9.342779067454442554e+01 1.178112620888186912e+00
1.846931091308593750e+03 9.275825392005774006e+01 1.181341868062615763e+00
1.846951965332031250e+03 9.632683110818923922e+01 1.178013807963871118e+00
1.846972778320312500e+03 9.138412449822057226e+01 1.179736963712979536e+00
1.846993591308593750e+03 8.965650486209221981e+01 1.178102148021594742e+00
1.847014465332031250e+03 8.903274371629582618e+01 1.180204013144298125e+00
1.847035278320312500e+03 8.979025695641009008e+01 1.178686361364806423e+00
1.847056091308593750e+03 8.712798872716390974e+01 1.179248197497958950e+00
1.847076965332031250e+03 9.022654289388734128e+01 1.178709976714215957e+00
1.847097778320312500e+03 8.819150561170329183e+01 1.176130173323016948e+00
1.847118591308593750e+03 8.682482530537272680e+01 1.177076215919424129e+00
1.847139465332031250e+03 8.434715690901612106e+01 1.181684609847686529e+00
1.847160278320312500e+03 8.854494994010796916e+01 1.175943255748748584e+00
1.847181091308593750e+03 8.708607575084796792e+01 1.176334035711239956e+00
1.847201965332031250e+03 8.671395470897269320e+01 1.177838322494805690e+00
1.847222778320312500e+03 8.837737179644443586e+01 1.179435248278943194e+00
1.847243591308593750e+03 8.781823730468750000e+01 1.181351404025659191e+00
1.847264465332031250e+03 9.056693658677308179e+01 1.178890085077912264e+00
1.847285278320312500e+03 9.379928939439325575e+01 1.178275469573688783e+00
1.847306091308593750e+03 9.566921664473440501e+01 1.183379402517525048e+00
1.847326965332031250e+03 1.005178465474446625e+02 1.178581477200824956e+00
1.847347778320312500e+03 9.817329874431518988e+01 1.178726663934934082e+00
1.847368591308593750e+03 1.022535426927015578e+02 1.181879898940674689e+00
1.847389465332031250e+03 1.048816620311844332e+02 1.181820488474002007e+00
1.847410278320312500e+03 1.035938281422299241e+02 1.181754467737231362e+00
1.847431091308593750e+03 1.104969927427384562e+02 1.186813356748273041e+00
1.847451965332031250e+03 1.050345585986354706e+02 1.180607064687951624e+00
1.847472778320312500e+03 1.012198450040996818e+02 1.180755737885202050e+00
1.847493591308593750e+03 1.005836180206260622e+02 1.179688712618375046e+00
1.847514465332031250e+03 1.017995560765911875e+02 1.180726761963421412e+00
1.847535278320312500e+03 9.641405000427896255e+01 1.179802289013760719e+00
1.847556091308593750e+03 1.057393705171153186e+02 1.184962170878319121e+00
1.847576965332031250e+03 1.098137686410282754e+02 1.187926868210715581e+00
1.847597778320312500e+03 1.128919120908634710e+02 1.184615748352524589e+00
1.847618591308593750e+03 1.158031458887127343e+02 1.186948648249853022e+00
1.847639465332031250e+03 1.187614025041567913e+02 1.187829122610181587e+00
1.847660339355468750e+03 1.146752067922352865e+02 1.186808937166645705e+00
1.847681152343750000e+03 1.151742546543379575e+02 1.191276918489388770e+00
1.847701965332031250e+03 1.174286235960623657e+02 1.188871244470935284e+00
1.847722839355468750e+03 1.154213996329403500e+02 1.184685584338185604e+00
1.847743652343750000e+03 1.128437193865470505e+02 1.185465575797569171e+00
1.847764465332031250e+03 1.077159410220296252e+02 1.192736524001659415e+00
1.847785339355468750e+03 1.055749993070819528e+02 1.183466183677687633e+00
1.847806152343750000e+03 1.068771162083097579e+02 1.181230205793898147e+00
1.847826965332031250e+03 1.015343893611154868e+02 1.181788915992052269e+00
1.847847839355468750e+03 9.945515929489876328e+01 1.183604224633931112e+00
1.847868652343750000e+03 9.664739696368192767e+01 1.181788462068429579e+00
1.847889465332031250e+03 9.925863727537502257e+01 1.181171418659276773e+00
1.847910339355468750e+03 9.441942885949011099e+01 1.185705887564498351e+00
1.847951965332031250e+03 1.004181746681762348e+02 1.179679516897916169e+00
1.847972839355468750e+03 1.020523861630293254e+02 1.178951008264938816e+00
1.847993652343750000e+03 1.011475431423738485e+02 1.181356903567231553e+00
1.848014465332031250e+03 9.854141553313139923e+01 1.180620796919086501e+00
1.848035339355468750e+03 1.008593272409804200e+02 1.179943082293416046e+00
1.848056152343750000e+03 1.024042132463196992e+02 1.182731742571221822e+00
1.848076965332031250e+03 1.002245157578177128e+02 1.191261407771532221e+00
1.848097839355468750e+03 9.966756739354080707e+01 1.184551946461471772e+00
1.848118652343750000e+03 9.894135746237682838e+01 1.185800892798772432e+00
1.848139465332031250e+03 1.014511657355836149e+02 1.186398246031768133e+00
1.848160339355468750e+03 9.566097015871849862e+01 1.179959903617706862e+00
1.848181152343750000e+03 9.192646238558505445e+01 1.180603126739259601e+00
1.848201965332031250e+03 9.732454079106540235e+01 1.187347301905043562e+00
1.848222839355468750e+03 9.971533754349397327e+01 1.179961823152982703e+00
1.848243652343750000e+03 9.829445820275815038e+01 1.180872442064031524e+00
1.848264465332031250e+03 9.266451482468342249e+01 1.178727725840984730e+00
1.848285339355468750e+03 9.147722792507926215e+01 1.177943121027512863e+00
1.848306152343750000e+03 9.100992259887502200e+01 1.176780098985017453e+00
1.848326965332031250e+03 9.058897428738235647e+01 1.178877495578700474e+00
1.848347839355468750e+03 9.374299000601625664e+01 1.176168181667908152e+00
1.848368652343750000e+03 8.966505845192985191e+01 1.176273230344562437e+00
1.848389465332031250e+03 9.035849430008204308e+01 1.177685738187137288e+00
1.848410339355468750e+03 8.986245467545403187e+01 1.176027899437133595e+00
1.848431152343750000e+03 9.107709323564016302e+01 1.177619080728163015e+00
1.848451965332031250e+03 9.853915307724221861e+01 1.179310214108427068e+00
1.848472839355468750e+03 9.128227012272361662e+01 1.180608175389054049e+00
1.848493652343750000e+03 1.013412334016668126e+02 1.185758116251774963e+00
1.848514465332031250e+03 9.585021260263721388e+01 1.182657255317703271e+00
1.848535339355468750e+03 9.887408869897437569e+01 1.181241861951133787e+00
1.848556152343750000e+03 9.797191279384875884e+01 1.179025780222027864e+00
1.848576965332031250e+03 9.381387334712037784e+01 1.178693390394064622e+00
1.848597839355468750e+03 9.611917595315230756e+01 1.178917993849800894e+00
1.848618652343750000e+03 9.491453497535955819e+01 1.183925770939361133e+00
1.848639465332031250e+03 1.006110091221472516e+02 1.181380415080124591e+00
1.848660339355468750e+03 1.011810206842326636e+02 1.182295537373708738e+00
1.848681152343750000e+03 9.930331161601455392e+01 1.182366871507528838e+00
1.848701965332031250e+03 9.636806158674438905e+01 1.182361225429044316e+00
1.848722839355468750e+03 1.028999944588714754e+02 1.179735801667924466e+00
1.848743652343750000e+03 1.001486483438679471e+02 1.181034203653424930e+00
1.848764465332031250e+03 9.898633666489318728e+01 1.183477163080788985e+00
1.848785339355468750e+03 1.028970699931085306e+02 1.181790832556536941e+00
1.848806152343750000e+03 9.673834334078838992e+01 1.182698833693295981e+00
1.848826965332031250e+03 9.817713020526848311e+01 1.181208255575171728e+00
1.848847839355468750e+03 9.609055326908475081e+01 1.181751391050691380e+00
1.848868652343750000e+03 9.153316022586274414e+01 1.177901020564602108e+00
1.848889465332031250e+03 9.037912430271050823e+01 1.176462628709290081e+00
1.848910339355468750e+03 9.051469305060777515e+01 1.177528021655171564e+00
1.848931152343750000e+03 9.107512695466463981e+01 1.179434439693101355e+00
1.848951965332031250e+03 9.298008153442455637e+01 1.177171107482599233e+00
1.848972839355468750e+03 9.357827677240715047e+01 1.179278624962945221e+00
1.848993652343750000e+03 9.389643841654299194e+01 1.182968730006975555e+00
1.849014465332031250e+03 1.003261961133202931e+02 1.180259818390366311e+00
1.849035339355468750e+03 9.884114492363134730e+01 1.180501341354079914e+00
1.849056152343750000e+03 9.685595306220366751e+01 1.183885343280695945e+00
1.849076965332031250e+03 9.666025811000362467e+01 1.181234494869459306e+00
1.849097839355468750e+03 1.013980247798276935e+02 1.180820804916249411e+00
1.849118652343750000e+03 9.826205832529845452e+01 1.179192647658968696e+00
1.849139465332031250e+03 9.843329267490133816e+01 1.181616765561674498e+00
1.849160339355468750e+03 9.627014027500297288e+01 1.180950070203477642e+00
1.849181152343750000e+03 9.333729104043389668e+01 1.177331706936606714e+00
1.849201965332031250e+03 9.801855456442839909e+01 1.177419541317212381e+00
1.849222839355468750e+03 9.772214854596305145e+01 1.179902770756567909e+00
1.849243652343750000e+03 9.782749239019972265e+01 1.180186740759647801e+00
1.849264465332031250e+03 9.797305734723357773e+01 1.179214584850710512e+00
1.849285339355468750e+03 1.015962921436021844e+02 1.181349638112384470e+00
1.849306152343750000e+03 1.073841703428220313e+02 1.181942332189046985e+00
1.849326965332031250e+03 1.036353906830546094e+02 1.180779564242833590e+00
1.849347839355468750e+03 1.093085978082157794e+02 1.192075247623275658e+00
1.849368652343750000e+03 1.125358079174882278e+02 1.192562105412975360e+00
1.849389465332031250e+03 1.085004305449229776e+02 1.182956939706835353e+00
1.849410339355468750e+03 1.107137692985005231e+02 1.186463606467961229e+00
1.849431152343750000e+03 1.058568045946226590e+02 1.184119230649559151e+00
1.849451965332031250e+03 1.052299320288480686e+02 1.184102065713242169e+00
1.849472839355468750e+03 1.101719361250108022e+02 1.181501749248073496e+00
1.849493652343750000e+03 1.069556078430477157e+02 1.182872640675716625e+00
1.849514465332031250e+03 1.071890150186468844e+02 1.183554670739958237e+00
1.849535339355468750e+03 1.067999860912977255e+02 1.184553606964335204e+00
1.849556152343750000e+03 1.069515936360830892e+02 1.191692830623268806e+00
1.849576965332031250e+03 1.017063357212763322e+02 1.181010231025431567e+00
1.849597839355468750e+03 1.028399524481773000e+02 1.190074438924420663e+00
1.849618652343750000e+03 1.026471695195804301e+02 1.183239471491871031e+00
1.849639465332031250e+03 1.024036837442678376e+02 1.179727566272342321e+00
1.849660339355468750e+03 1.066254667771129618e+02 1.180034763179721891e+00
1.849681152343750000e+03 1.031300085997521734e+02 1.180890663431546139e+00
1.849701965332031250e+03 9.931306106100676345e+01 1.179635154118541696e+00
1.849722839355468750e+03 9.845863044328082481e+01 1.190032016339486853e+00
1.849743652343750000e+03 1.007634795134225811e+02 1.179414174329387111e+00
1.849764465332031250e+03 9.609326887044267096e+01 1.179995060926542605e+00
1.849785339355468750e+03 9.729798447756978419e+01 1.179399012981698469e+00
1.849806152343750000e+03 9.921809642042303778e+01 1.180359503729450088e+00
1.849827026367187500e+03 1.019495676866255849e+02 1.178975932777537539e+00
1.849847839355468750e+03 9.748302808781653539e+01 1.181595326966205395e+00
1.849868713378906250e+03 9.677852813026238721e+01 1.182724586354085616e+00
1.849889526367187500e+03 1.018132836482936767e+02 1.192781448899532082e+00
1.849910339355468750e+03 9.796238870202920168e+01 1.182062499344887829e+00
1.849931213378906250e+03 1.050771046519126202e+02 1.181782712354117582e+00
1.849952026367187500e+03 1.005086137904659580e+02 1.185197103018797549e+00
1.849972839355468750e+03 1.037318131967528814e+02 1.180067544313265326e+00
1.849993713378906250e+03 1.106514304818321079e+02 1.183807857271707897e+00
1.850014526367187500e+03 1.103203070117236848e+02 1.182654836167216006e+00
1.850035339355468750e+03 1.048888599806362265e+02 1.181469209706498047e+00
1.850056213378906250e+03 1.026668363239603678e+02 1.185122016306697112e+00
1.850077026367187500e+03 1.009716893335587287e+02 1.181194076021623518e+00
1.850097839355468750e+03 9.980423572280106725e+01 1.189683813515741484e+00
1.850118713378906250e+03 9.834382708651564542e+01 1.182670812548653361e+00
1.850139526367187500e+03 1.033585227897080330e+02 1.184251055107588879e+00
1.850160339355468750e+03 9.653964525225877935e+01 1.180108304791644080e+00
1.850181213378906250e+03 9.927081669768705297e+01 1.180689354713198469e+00
1.850202026367187500e+03 9.642292878383204879e+01 1.179413214116481035e+00
1.850222839355468750e+03 1.018224030460480805e+02 1.180343294072740523e+00
1.850243713378906250e+03 1.003714451379911736e+02 1.180136336273868380e+00
1.850264526367187500e+03 9.220064696734144150e+01 1.179647331311802327e+00
1.850285339355468750e+03 9.581292059693953433e+01 1.181732174187927198e+00
1.850306213378906250e+03 9.985433036094386239e+01 1.180758110446604947e+00
1.850327026367187500e+03 1.031251029333526787e+02 1.179752221763606057e+00
1.850347839355468750e+03 1.004992356507198537e+02 1.181926951121417879e+00
1.850368713378906250e+03 1.005723265883486590e+02 1.180390710479109151e+00
1.850389526367187500e+03 1.019587643836311486e+02 1.179903882120656444e+00
1.850410339355468750e+03 9.660138452456992297e+01 1.180509571351701759e+00
1.850431213378906250e+03 1.006966189478537501e+02 1.179916965828269548e+00
1.850452026367187500e+03 9.827078638346000616e+01 1.179960964413903080e+00
1.850472839355468750e+03 1.055804334824318857e+02 1.180957338116535915e+00
1.850493713378906250e+03 1.049834895713601952e+02 1.181945307520008370e+00
1.850514526367187500e+03 1.072528955606719876e+02 1.184475409848703809e+00
1.850535339355468750e+03 1.091849987030892919e+02 1.181488531743916326e+00
1.850556213378906250e+03 1.080377391041059099e+02 1.184429163436614196e+00
1.850577026367187500e+03 1.085684684424727493e+02 1.183402773113653828e+00
1.850597839355468750e+03 1.099345626226439947e+02 1.182788486816469309e+00
1.850618713378906250e+03 1.111159953042274537e+02 1.183013219696631202e+00
1.850639526367187500e+03 1.114127456942656664e+02 1.184947985944111215e+00
1.850660339355468750e+03 1.138748421664800219e+02 1.183330292541107109e+00
1.850681213378906250e+03 1.084322102831165466e+02 1.182931645589552661e+00
1.850702026367187500e+03 1.139906576920325136e+02 1.184220201748366952e+00
1.850722839355468750e+03 1.179719841751570470e+02 1.184952965780781797e+00
1.850743713378906250e+03 1.164405536330824873e+02 1.185795212805586640e+00
1.850764526367187500e+03 1.124736139303078772e+02 1.184648503351230175e+00
1.850785339355468750e+03 1.113228922753568497e+02 1.183368674050509162e+00
1.850806213378906250e+03 1.089137871653654059e+02 1.193563240980693552e+00
1.850827026367187500e+03 1.136897231723789332e+02 1.183484667293115189e+00
1.850847839355468750e+03 1.107506277667639978e+02 1.186471443449917729e+00
1.850868713378906250e+03 1.142828187580815325e+02 1.186905963286913224e+00
1.850889526367187500e+03 1.119750847274121668e+02 1.185741779325437228e+00
1.850910339355468750e+03 1.112960348438789566e+02 1.182970896587810072e+00
1.850931213378906250e+03 1.095995258158100967e+02 1.188125947312765440e+00
1.850952026367187500e+03 1.136187873663516257e+02 1.183472378491042365e+00
1.850972839355468750e+03 1.131853395506999647e+02 1.189151769587968532e+00
1.850993713378906250e+03 1.098982825348512478e+02 1.185423843058142079e+00
1.851014526367187500e+03 1.099765589651343021e+02 1.184402944592465090e+00
1.851035339355468750e+03 1.108191734183253487e+02 1.184903971326220384e+00
1.851056213378906250e+03 1.126758789795314755e+02 1.186817876757914059e+00
1.851077026367187500e+03 1.089578797624986493e+02 1.182591684509026742e+00
1.851097839355468750e+03 1.097332399972437571e+02 1.182573892571067153e+00
1.851118713378906250e+03 1.059550630165552008e+02 1.183169600527225862e+00
1.851139526367187500e+03 1.071790835521706242e+02 1.181476121280987002e+00
1.851160339355468750e+03 1.088172577003055181e+02 1.186075711646448649e+00
1.851181213378906250e+03 1.067625074499425466e+02 1.183091412695727707e+00
1.851202026367187500e+03 1.096863882798633796e+02 1.183070051203901851e+00
1.851222839355468750e+03 1.158381447598303424e+02 1.184216376479795718e+00
1.851243713378906250e+03 1.144728635446411289e+02 1.188085311395322474e+00
1.851264526367187500e+03 1.182506850912534162e+02 1.196310287598697064e+00
1.851285339355468750e+03 1.208877129254223348e+02 1.185799736696169893e+00
1.851306213378906250e+03 1.207697997654994282e+02 1.191183901190869365e+00
1.851327026367187500e+03 1.115597047835324958e+02 1.184647798952184639e+00
1.851347839355468750e+03 1.146876827435056896e+02 1.188242429240848663e+00
1.851368713378906250e+03 1.095305150501527010e+02 1.182849763512546337e+00
1.851389526367187500e+03 1.026057553548419605e+02 1.181270825237795918e+00
1.851410339355468750e+03 1.046001766305377316e+02 1.183474896698583301e+00
1.851431213378906250e+03 1.034593596543715677e+02 1.182048430888387180e+00
1.851452026367187500e+03 1.017271629084495856e+02 1.185211536423035117e+00
1.851472839355468750e+03 1.013424373189773178e+02 1.182275169806423776e+00
1.851493713378906250e+03 1.032825826475823874e+02 1.182060230250325805e+00
1.851514526367187500e+03 1.004566220809969366e+02 1.178751947152561375e+00
1.851535339355468750e+03 9.991549031358643163e+01 1.182285555292990731e+00
1.851556213378906250e+03 9.575346206943878258e+01 1.178820108005572243e+00
1.851577026367187500e+03 9.753230295246473247e+01 1.179932474127770581e+00
1.851597839355468750e+03 9.987264778843291424e+01 1.178589113730311499e+00
1.851618713378906250e+03 9.972651137971811863e+01 1.184427251141307869e+00
1.851639526367187500e+03 9.710170768456755752e+01 1.180828326009840445e+00
1.851660339355468750e+03 1.059675944697682439e+02 1.182224148518284501e+00
1.851681213378906250e+03 9.758386135912527948e+01 1.180614587143172800e+00
1.851702026367187500e+03 9.905048694061262893e+01 1.184761151494938991e+00
1.851722839355468750e+03 9.661402212610099127e+01 1.178970118790279686e+00
1.851743713378906250e+03 9.808481332442136136e+01 1.180654167594495929e+00
1.851764526367187500e+03 9.722448787694062844e+01 1.182536745367469333e+00
1.851785339355468750e+03 9.588270879899785371e+01 1.178823344031157294e+00
1.851806213378906250e+03 9.768197136061263564e+01 1.177612804508824773e+00
1.851827026367187500e+03 9.858545636567784243e+01 1.180262090946282205e+00
1.851847839355468750e+03 9.880059399535079478e+01 1.179621107241549893e+00
1.851868713378906250e+03 1.031694999047363979e+02 1.183371897637674808e+00
1.851889526367187500e+03 1.053028213968630808e+02 1.183332911791300956e+00
1.851910339355468750e+03 1.017833073249786651e+02 1.182768581285544851e+00
1.851931213378906250e+03 1.021346715161661081e+02 1.183375020479367601e+00
1.851952026367187500e+03 1.087533663681844303e+02 1.181197507388271672e+00
1.851972839355468750e+03 1.067603168207089652e+02 1.185314777914161954e+00
1.851993713378906250e+03 1.075797493398644917e+02 1.185931324094591011e+00
1.852014526367187500e+03 1.078955717297682355e+02 1.183172824656772981e+00
1.852035339355468750e+03 1.106632417255961229e+02 1.182709215459628371e+00
1.852056213378906250e+03 1.075787054834603396e+02 1.183751111538615897e+00
1.852077026367187500e+03 1.079214982478074489e+02 1.183276546261892159e+00
1.852097839355468750e+03 1.097898353718570519e+02 1.184220453410339768e+00
1.852118713378906250e+03 1.091058014959390050e+02 1.187819839370561681e+00
1.852139526367187500e+03 1.063318378841970571e+02 1.191281071324734153e+00
1.852160339355468750e+03 1.092584366369104316e+02 1.181008212255596934e+00
1.852181213378906250e+03 1.053871396849374662e+02 1.181649351481852683e+00
1.852202026367187500e+03 1.056957156067102375e+02 1.181982523738932089e+00
1.852222839355468750e+03 1.040819590160075592e+02 1.184857137977434194e+00
1.852243713378906250e+03 1.068817249770134055e+02 1.180995342516779623e+00
1.852264526367187500e+03 1.094396307670157142e+02 1.183714605525328700e+00
1.852285339355468750e+03 1.071388910698158412e+02 1.183681371485959088e+00
1.852306213378906250e+03 1.055001457763095090e+02 1.181843385561041515e+00
1.852327026367187500e+03 1.025370259657199909e+02 1.180493212281698900e+00
1.852347839355468750e+03 1.045987862136370126e+02 1.182186486135114123e+00
1.852368713378906250e+03 1.040185164259828809e+02 1.180036783614902385e+00
1.852389526367187500e+03 9.812775419933691978e+01 1.180727367739098588e+00
1.852410339355468750e+03 1.019645925268669941e+02 1.189433080444816548e+00
1.852431213378906250e+03 1.016458990770536275e+02 1.182371509337543092e+00
1.852452026367187500e+03 9.655124688815701006e+01 1.181162587721054091e+00
1.852472900390625000e+03 1.032061875398604514e+02 1.179314712333918935e+00
1.852493713378906250e+03 1.004228345944618894e+02 1.179176573605027034e+00
1.852514587402343750e+03 9.793023513701213290e+01 1.184151647035367905e+00
1.852535400390625000e+03 9.963158826353057407e+01 1.178511835837539490e+00
1.852556213378906250e+03 9.728201841263546612e+01 1.180713182410418005e+00
1.852577087402343750e+03 9.765110539726441630e+01 1.179018146520841137e+00
1.852597900390625000e+03 9.882521610625633457e+01 1.178397882160270083e+00
1.852618713378906250e+03 9.595258686879267884e+01 1.178469300489688232e+00
1.852639587402343750e+03 9.776120787470127027e+01 1.191820016521885073e+00
1.852660400390625000e+03 9.724789865661796284e+01 1.177789234509516891e+00
1.852681213378906250e+03 1.014015396722931825e+02 1.179307585923794255e+00
1.852702087402343750e+03 9.408575342824363474e+01 1.178195591033549983e+00
1.852722900390625000e+03 9.634036988280928426e+01 1.176595462980702944e+00
1.852743713378906250e+03 9.114670003989580493e+01 1.176908136793680226e+00
1.852764587402343750e+03 9.317124457840691321e+01 1.177657243470851878e+00
1.852785400390625000e+03 9.055258543882246158e+01 1.178034400997860276e+00
1.852806213378906250e+03 9.603984632041559166e+01 1.180465795183807121e+00
1.852827087402343750e+03 9.118914418987264980e+01 1.181593157863112920e+00
1.852847900390625000e+03 9.783537951631572582e+01 1.178685653402701483e+00
1.852868713378906250e+03 9.211305747618089868e+01 1.176163772762875981e+00
1.852889587402343750e+03 9.678034150844280248e+01 1.179519995108768482e+00
1.852910400390625000e+03 9.223773901456493718e+01 1.179852606732935127e+00
1.852931213378906250e+03 9.285380779250921535e+01 1.178153853733465706e+00
1.852952087402343750e+03 9.402498378369854493e+01 1.179031745596499370e+00
1.852972900390625000e+03 9.032614449906860443e+01 1.177347401168416852e+00
1.852993713378906250e+03 8.927932153510450064e+01 1.178958440172714450e+00
1.853014587402343750e+03 9.386408112999872344e+01 1.176048273834418678e+00
1.853035400390625000e+03 9.216811939515301333e+01 1.177241942035659239e+00
1.853056213378906250e+03 9.097232079577285901e+01 1.176941156943693167e+00
1.853077087402343750e+03 9.101233547929213330e+01 1.177301532922510052e+00
1.853097900390625000e+03 8.914303786176942879e+01 1.179345239163716030e+00
1.853118713378906250e+03 8.882776004225479483e+01 1.177411188473618475e+00
1.853139587402343750e+03 9.260819050997125146e+01 1.176878914201074933e+00
1.853160400390625000e+03 9.193457555614470778e+01 1.176647538839236784e+00
1.853181213378906250e+03 9.219868547687354976e+01 1.176697991461201465e+00
1.853202087402343750e+03 9.052290455729021801e+01 1.180604691823004870e+00
1.853222900390625000e+03 9.545765563633939621e+01 1.182530142418093178e+00
1.853243713378906250e+03 9.182016290179115003e+01 1.180867293593456768e+00
1.853264587402343750e+03 9.038172431929406514e+01 1.176878458383657788e+00
1.853285400390625000e+03 9.052940100686109304e+01 1.180332184522131289e+00
1.853327087402343750e+03 8.974976814734276331e+01 1.177448649248503898e+00
1.853347900390625000e+03 9.465590876855887359e+01 1.178509357601363883e+00
1.853368713378906250e+03 8.702664626912518031e+01 1.177826632655031958e+00
1.853389587402343750e+03 9.125524959056751584e+01 1.176499005107726425e+00
1.853410400390625000e+03 8.805614301494526330e+01 1.176277182788910913e+00
1.853431213378906250e+03 8.960627579759430716e+01 1.177968977657305683e+00
1.853452087402343750e+03 9.029528369132604837e+01 1.181186809565227591e+00
1.853472900390625000e+03 9.159938163019130286e+01 1.175815366332414458e+00
1.853493713378906250e+03 8.904266618552962598e+01 1.178146264974593072e+00
1.853514587402343750e+03 9.049311162973187095e+01 1.176360941082899236e+00
1.853535400390625000e+03 8.974880329380101784e+01 1.174694179750342959e+00
1.853556213378906250e+03 8.884999733224412921e+01 1.179579976215299197e+00
1.853577087402343750e+03 8.492274040013897718e+01 1.177887459037378459e+00
1.853597900390625000e+03 8.435583995181988826e+01 1.174710162919151646e+00
1.853618713378906250e+03 8.902478009368701350e+01 1.177538752717942172e+00
1.853639587402343750e+03 8.730746442317392564e+01 1.174366959021032608e+00
1.853660400390625000e+03 8.797797162912398505e+01 1.175658717059809844e+00
1.853681213378906250e+03 8.834083918242554034e+01 1.178517803813474263e+00
1.853702087402343750e+03 8.934776412049235716e+01 1.178667650794859689e+00
1.853722900390625000e+03 9.146083076165919579e+01 1.176317111866516552e+00
1.853743713378906250e+03 9.000370926099003555e+01 1.179312690661663332e+00
1.853764587402343750e+03 8.959140989255874388e+01 1.175420154366676684e+00
1.853785400390625000e+03 8.747573368407876160e+01 1.179101356252311383e+00
1.853806213378906250e+03 9.162443865979250290e+01 1.179697504064317837e+00
1.853827087402343750e+03 9.014551505129577436e+01 1.175864688789557633e+00
1.853847900390625000e+03 8.764074655874439657e+01 1.176562686428749283e+00
1.853868713378906250e+03 9.052670523333887331e+01 1.180038349449788138e+00
1.853889587402343750e+03 9.389715867053283205e+01 1.176727421158381359e+00
1.853910400390625000e+03 9.481443720627079585e+01 1.176415813973115565e+00
1.853931213378906250e+03 9.330604820880058980e+01 1.179723120145309112e+00
1.853952087402343750e+03 9.173403668293356361e+01 1.187453871383180370e+00
1.853972900390625000e+03 9.788363788003645993e+01 1.178509003567199231e+00
1.853993713378906250e+03 9.599135681900528994e+01 1.177095154334382165e+00
1.854014587402343750e+03 8.926884723086945428e+01 1.175443531086825422e+00
1.854035400390625000e+03 9.309967370075388260e+01 1.178439863713943048e+00
1.854056213378906250e+03 9.026863290046216548e+01 1.175556199343632757e+00
1.854077087402343750e+03 8.461736791807543057e+01 1.177502256581600237e+00
1.854097900390625000e+03 8.769501763796046134e+01 1.177018284758543976e+00
1.854118713378906250e+03 9.205590645901277469e+01 1.177485956970836023e+00
1.854139587402343750e+03 9.725762412820257907e+01 1.178019626670896436e+00
1.854160400390625000e+03 8.833251095054832547e+01 1.178187142511553986e+00
1.854181213378906250e+03 9.191135981237002284e+01 1.177620649777771256e+00
1.854202087402343750e+03 9.036996545846892559e+01 1.178685198283980995e+00
1.854222900390625000e+03 9.082577656606599703e+01 1.182229996919960779e+00
1.854243713378906250e+03 8.876871649608021642e+01 1.175565731535962222e+00
1.854264587402343750e+03 8.720356271915250090e+01 1.177668327643134338e+00
1.854285400390625000e+03 8.643182289266597707e+01 1.178469199333642470e+00
1.854306213378906250e+03 9.289018509797423917e+01 1.178177833890225346e+00
1.854327087402343750e+03 9.258187714373461574e+01 1.177184221563389199e+00
1.854347900390625000e+03 9.053149476949189989e+01 1.175920142401231105e+00
1.854368713378906250e+03 8.909242125441311089e+01 1.176478385198225007e+00
1.854389587402343750e+03 9.033265203927497566e+01 1.182179578713750123e+00
1.854410400390625000e+03 9.093734835038173969e+01 1.181663273365724409e+00
1.854431213378906250e+03 9.061824173134775151e+01 1.179472695303443563e+00
1.854452087402343750e+03 9.227070154351960696e+01 1.178418620223104396e+00
1.854472900390625000e+03 8.987600926829283310e+01 1.176226357395717237e+00
1.854493713378906250e+03 9.180697214040392851e+01 1.179036851528642016e+00
1.854514587402343750e+03 9.298222144896521968e+01 1.186958691547462141e+00
1.854535400390625000e+03 9.443631508164781962e+01 1.176994686108231436e+00
1.854556213378906250e+03 9.243549761226012151e+01 1.176676260627199211e+00
1.854577087402343750e+03 8.954732849612797452e+01 1.177566035498474495e+00
1.854597900390625000e+03 9.635070356736558495e+01 1.180697431952571375e+00
1.854618713378906250e+03 9.835021017753498995e+01 1.179753181700590403e+00
1.854639587402343750e+03 9.220771227978775642e+01 1.182078735849993345e+00
1.854660400390625000e+03 9.458334124879910121e+01 1.178225539797160382e+00
1.854681213378906250e+03 9.394203760835030437e+01 1.182114384785343253e+00
1.854702087402343750e+03 9.792404258325633748e+01 1.189949019966922483e+00
1.854722900390625000e+03 9.475931371513689783e+01 1.178908337085006419e+00
1.854743713378906250e+03 9.524429528864764904e+01 1.179662590521756593e+00
1.854764587402343750e+03 9.601303958815137207e+01 1.180497907963877768e+00
1.854785400390625000e+03 9.663199458736274039e+01 1.181103090707799508e+00
1.854806213378906250e+03 9.683618417095364350e+01 1.179546120363289097e+00
1.854827087402343750e+03 9.208998118594040250e+01 1.182705284510281007e+00
1.854847900390625000e+03 9.974999781187524661e+01 1.185405138269200354e+00
1.856410461425781250e+03 1.074482185059423358e+02 1.203299868867737432e+00
1.856431274414062500e+03 1.090899414145455637e+02 1.200002557036536466e+00
1.856452087402343750e+03 1.077336325258722383e+02 1.201454637941926418e+00
1.856472961425781250e+03 1.082585378549754580e+02 1.203433752695498349e+00
1.856493774414062500e+03 1.021973319177741644e+02 1.204073197896219583e+00
1.856514587402343750e+03 1.016795530500607185e+02 1.212144361034699580e+00
1.856535461425781250e+03 9.943097506999389168e+01 1.208401343744611056e+00
1.856556274414062500e+03 1.036628572642118939e+02 1.207127341979307600e+00
1.856577087402343750e+03 1.012564023752116213e+02 1.209462997034501663e+00
1.856597961425781250e+03 9.907736587219956448e+01 1.212252044886844571e+00
1.856618774414062500e+03 9.602662724873000855e+01 1.211755882102520943e+00
1.856639587402343750e+03 9.906636448517369331e+01 1.214740515735293735e+00
1.856660461425781250e+03 9.482293105517675258e+01 1.222011457077359919e+00
1.856681274414062500e+03 9.043522893999914913e+01 1.215466845503910154e+00
1.856702087402343750e+03 8.929859718351897868e+01 1.217497353051537390e+00
1.856722961425781250e+03 9.122244938657385660e+01 1.218851916624584808e+00
1.856743774414062500e+03 8.829388902984813114e+01 1.228450415598441703e+00
1.856764587402343750e+03 9.269039250234328620e+01 1.226113692863161075e+00
1.856785461425781250e+03 8.071211216849853542e+01 1.226863848362989229e+00
1.856806274414062500e+03 8.582921713428441990e+01 1.227364879015918397e+00
1.856827087402343750e+03 8.337761694712634153e+01 1.228313095792174403e+00
1.856847961425781250e+03 8.248723445185906655e+01 1.231871613566071000e+00
1.856868774414062500e+03 8.225065987856601168e+01 1.237548804043265172e+00
1.856889587402343750e+03 8.376389750944397861e+01 1.237880461420266531e+00
1.856910461425781250e+03 8.847622551812646918e+01 1.239920845350984902e+00
1.856931274414062500e+03 8.790368502060643152e+01 1.243766069548036812e+00
1.856952087402343750e+03 8.185357673251323263e+01 1.245199187327437507e+00
1.856972961425781250e+03 8.479415463868204483e+01 1.249213114064321895e+00
1.856993774414062500e+03 8.294878462732783930e+01 1.257826905730782041e+00
1.857014587402343750e+03 7.814949159481763274e+01 1.254348391719682265e+00
1.857035461425781250e+03 8.067352071583148643e+01 1.252696895008954536e+00
1.857056274414062500e+03 8.131656764555022221e+01 1.252585169700332290e+00
1.857077087402343750e+03 8.446427847409790957e+01 1.259105325985014012e+00
1.857097961425781250e+03 8.224432825918117373e+01 1.255313404587184101e+00
1.857118774414062500e+03 7.957961323627698391e+01 1.254702924013641363e+00
1.857139587402343750e+03 8.911398605616244595e+01 1.260144837547128915e+00
1.857160461425781250e+03 8.766631297780665477e+01 1.255348065883577613e+00
1.857181274414062500e+03 8.387096603725073862e+01 1.256377687180552316e+00
1.857202087402343750e+03 9.151782102963336740e+01 1.256302252674398545e+00
1.857222961425781250e+03 8.623210474404780257e+01 1.256113409331480746e+00
1.857243774414062500e+03 8.968566680533633928e+01 1.256813505575726353e+00
1.857264587402343750e+03 8.926354925981952704e+01 1.260009741972546227e+00
1.857285461425781250e+03 9.486520858324531957e+01 1.260604508119463008e+00
1.857306274414062500e+03 9.538802170003276615e+01 1.263576969786739834e+00
1.857327087402343750e+03 9.768925627362742148e+01 1.260700346284172602e+00
1.857347961425781250e+03 9.591629266514047458e+01 1.261092559091693044e+00
1.857368774414062500e+03 9.596446973271834224e+01 1.261880019897331229e+00
1.857389587402343750e+03 9.254582310888258689e+01 1.263295419739737913e+00
1.857410461425781250e+03 9.834240732163497967e+01 1.261817337766784286e+00
1.857431274414062500e+03 9.513845049715258995e+01 1.259775986739726683e+00
1.857452087402343750e+03 9.582953187387361993e+01 1.261374222807077228e+00
1.857472961425781250e+03 9.453681159488246522e+01 1.261562703878874370e+00
1.857493774414062500e+03 9.814559242073086409e+01 1.259470350569970254e+00
1.857514587402343750e+03 9.612090151595771204e+01 1.260045645886089138e+00
1.857535461425781250e+03 9.906126900662789581e+01 1.261129613750879841e+00
1.857556274414062500e+03 9.808127093444741718e+01 1.259402863073585399e+00
1.857577087402343750e+03 9.523590914487709824e+01 1.258550155140368387e+00
1.857597961425781250e+03 9.695962160717962774e+01 1.261734244898082835e+00
1.857618774414062500e+03 1.036534485751511596e+02 1.259255428648609731e+00
1.857639587402343750e+03 9.925153281339386524e+01 1.260164750620957674e+00
1.857660461425781250e+03 1.006598922702547014e+02 1.258598697967558966e+00
1.857681274414062500e+03 1.002655359387286467e+02 1.257670518905788626e+00
1.857702087402343750e+03 9.876568649320999782e+01 1.261843081746561790e+00
1.857722961425781250e+03 1.051440048682294588e+02 1.255377550972794021e+00
1.857743774414062500e+03 1.066200875052310124e+02 1.257885237776368292e+00
1.857764587402343750e+03 1.066094314378296559e+02 1.255586870449066028e+00
1.857785461425781250e+03 1.045655271797109691e+02 1.255680813116175853e+00
1.857806274414062500e+03 1.063876103531697339e+02 1.254706249358251036e+00
1.857827087402343750e+03 1.086791639916965835e+02 1.256168973976200309e+00
1.857847961425781250e+03 1.131534519046039691e+02 1.254698268516381443e+00
1.857868774414062500e+03 1.101447258791604895e+02 1.248941641031327876e+00
1.857889587402343750e+03 1.060055281338501914e+02 1.250144854735504296e+00
1.857910461425781250e+03 1.088003720320610768e+02 1.247077099476196826e+00
1.857931274414062500e+03 1.060669315597514952e+02 1.246245037210544471e+00
1.857952087402343750e+03 1.088633521424767281e+02 1.243446479835882412e+00
1.857972961425781250e+03 1.175280646009511401e+02 1.247825399934469504e+00
1.857993774414062500e+03 1.135394252336517695e+02 1.241250746574062092e+00
1.858014587402343750e+03 1.149662566302072975e+02 1.241199028144084782e+00
1.858035461425781250e+03 1.128413393429771361e+02 1.240902794165550604e+00
1.858056274414062500e+03 1.165150767762406758e+02 1.237782471140150165e+00
1.858077087402343750e+03 1.164226717578217318e+02 1.236788743737976759e+00
1.858097961425781250e+03 1.162829333004074925e+02 1.240233798289728018e+00
1.858118774414062500e+03 1.141810770607798275e+02 1.237613919341726154e+00
1.858139587402343750e+03 1.161423512537128886e+02 1.234614240422782450e+00
1.858160461425781250e+03 1.132124730600830986e+02 1.234746949375336245e+00
1.858181274414062500e+03 1.174872014702368546e+02 1.233278149366860976e+00
1.858202087402343750e+03 1.135657477411782281e+02 1.231357556210326276e+00
1.858222961425781250e+03 1.138277459069948492e+02 1.230253558036869865e+00
1.858243774414062500e+03 1.177846422161348272e+02 1.228282330168833925e+00
1.858264587402343750e+03 1.177610542749253284e+02 1.228777640682806593e+00
1.858285461425781250e+03 1.071940132824407783e+02 1.225351209313632506e+00
1.858306274414062500e+03 1.096480790107378738e+02 1.225999350561620238e+00
1.858327087402343750e+03 1.116522994271776952e+02 1.229999658693095688e+00
1.858347961425781250e+03 1.092180625561287854e+02 1.220284938134672759e+00
1.858368774414062500e+03 1.082314341194019249e+02 1.218475359758732335e+00
1.858389587402343750e+03 1.040117931900625337e+02 1.217060091257540000e+00
1.858410461425781250e+03 1.106478642667336914e+02 1.218151826049352904e+00
1.858431274414062500e+03 1.051099387508978111e+02 1.215667739548317305e+00
1.858452087402343750e+03 1.068741667836383442e+02 1.213027233840131780e+00
1.858472961425781250e+03 1.060299008104176721e+02 1.216795797332237417e+00
1.858493774414062500e+03 1.048825838324952429e+02 1.211210601528061037e+00
1.858514587402343750e+03 9.992888253082553263e+01 1.211612095126448407e+00
1.858535461425781250e+03 1.020498835467528664e+02 1.209879653084603435e+00
1.858556274414062500e+03 1.048245990926712210e+02 1.215117592321144357e+00
1.858577087402343750e+03 1.066245635541584420e+02 1.209904186774438895e+00
1.858597961425781250e+03 1.035976338744582534e+02 1.205998197769286184e+00
1.858618774414062500e+03 1.027568877935717069e+02 1.205434341582381608e+00
1.858639587402343750e+03 1.039019337710578981e+02 1.211221083383476005e+00
1.858660461425781250e+03 1.018767486283564807e+02 1.205000270511074500e+00
1.858681274414062500e+03 1.001454316718055111e+02 1.206484081107960238e+00
1.858702087402343750e+03 1.007498607339080081e+02 1.203954584041385223e+00
1.858722961425781250e+03 1.036598646670754533e+02 1.202676169166184472e+00
1.858743774414062500e+03 1.009598620365325559e+02 1.201788767132801805e+00
1.858764587402343750e+03 1.020065645344457153e+02 1.200289369502780312e+00
1.858785461425781250e+03 9.872231490162630507e+01 1.202591517687405132e+00
1.858806274414062500e+03 9.936795133612622521e+01 1.199115413227011429e+00
1.858827087402343750e+03 1.004747568644018969e+02 1.202861063356680082e+00
1.858847961425781250e+03 1.005973720812023657e+02 1.197680850936539532e+00
1.858868774414062500e+03 9.950955060624488624e+01 1.198693623335853831e+00
1.858889587402343750e+03 9.810256546291206803e+01 1.197696676648203118e+00
1.858910461425781250e+03 9.972478912531587980e+01 1.195091227077880180e+00
1.858931274414062500e+03 1.022721727910269323e+02 1.198878982573922336e+00
1.858952087402343750e+03 1.022619070900634881e+02 1.195278890299286134e+00
1.858972961425781250e+03 9.609700258635750458e+01 1.193988540543304611e+00
1.858993774414062500e+03 1.027090668568239096e+02 1.193327908015216821e+00
1.859014587402343750e+03 1.008661454501620653e+02 1.193952796846429854e+00
1.859035461425781250e+03 9.811734215461116548e+01 1.190917368157905054e+00
1.859056274414062500e+03 9.651606692286885902e+01 1.191529514627529318e+00
1.859077087402343750e+03 9.587926851927772987e+01 1.196520674724950384e+00
1.859097961425781250e+03 9.418700200777736598e+01 1.189566119860599791e+00
1.859118774414062500e+03 9.479592090171405516e+01 1.189602145677028266e+00
1.859139587402343750e+03 9.622479602859640124e+01 1.199968929683264740e+00
1.859160461425781250e+03 9.413081713638003123e+01 1.188558809166243790e+00
1.859181274414062500e+03 9.252335613505118772e+01 1.189953427886032644e+00
1.859202087402343750e+03 1.003238255998356863e+02 1.194522721414202460e+00
1.859222961425781250e+03 9.736398652876077620e+01 1.188063136641878570e+00
1.859243774414062500e+03 9.632772493718280771e+01 1.188380366799476340e+00
1.859264587402343750e+03 9.695251906430735289e+01 1.188164474899090495e+00
1.859285461425781250e+03 9.795247078928656492e+01 1.197420592492467684e+00
1.859306274414062500e+03 9.872530576115852341e+01 1.183273322414960971e+00
1.859327087402343750e+03 9.855048463222961175e+01 1.188610561468093296e+00
1.859347961425781250e+03 9.705413249770899142e+01 1.184770207155688482e+00
1.859368774414062500e+03 9.886504023757291293e+01 1.188444615156454276e+00
1.859389587402343750e+03 9.300252862651655050e+01 1.190257534882208645e+00
1.859410461425781250e+03 9.577411515953562571e+01 1.196050029929832670e+00
1.859431274414062500e+03 9.845595858512649556e+01 1.187014932443716253e+00
1.859452087402343750e+03 9.522643925317974833e+01 1.185005881540373673e+00
1.859472961425781250e+03 9.306425867645893391e+01 1.186666848891669401e+00
1.859493774414062500e+03 8.908690097172164712e+01 1.185513491215517190e+00
1.859514587402343750e+03 9.496871539048005673e+01 1.184792141691519252e+00
1.859535461425781250e+03 9.642752458745177080e+01 1.184946678104747964e+00
1.859556274414062500e+03 9.622605969639320733e+01 1.187321448705896065e+00
1.859577087402343750e+03 9.645269133984275811e+01 1.184067986788487348e+00
1.859597961425781250e+03 9.875696271323300834e+01 1.185861109106478573e+00
1.859618774414062500e+03 9.690295094849375346e+01 1.189004797920190759e+00
1.859639587402343750e+03 9.423911506558513906e+01 1.183770648087396404e+00
1.859660461425781250e+03 9.709658042046882542e+01 1.182928219253187585e+00
1.859681274414062500e+03 9.861318216830026984e+01 1.184673056427641757e+00
1.859702087402343750e+03 9.484717497510166595e+01 1.186774132386177572e+00
1.859722961425781250e+03 9.603931234622076829e+01 1.185554265560134324e+00
1.859743774414062500e+03 9.938127497707179714e+01 1.186949351283451692e+00
1.859764587402343750e+03 9.481551589354579335e+01 1.193785046767013913e+00
1.859785461425781250e+03 1.009215588017494554e+02 1.183498366135185442e+00
1.859806274414062500e+03 9.689388304827066634e+01 1.187388063475585787e+00
1.859827087402343750e+03 9.461792082956840488e+01 1.184517025043841709e+00
1.859847961425781250e+03 1.034094868441821404e+02 1.184759139116483784e+00
1.859868774414062500e+03 9.863916371640989667e+01 1.186279271752482156e+00
1.859889587402343750e+03 1.010694222872930510e+02 1.183419696360667794e+00
1.859910461425781250e+03 1.002026003681394712e+02 1.189486398215855001e+00
1.859931274414062500e+03 1.049003519220955667e+02 1.186861519076586546e+00
1.859952087402343750e+03 1.040838710866111683e+02 1.186516505091631091e+00
1.859972961425781250e+03 9.935395288122636259e+01 1.187613833141354602e+00
1.859993774414062500e+03 1.054667481249046688e+02 1.184247129276171151e+00
1.860014587402343750e+03 1.044938164726953289e+02 1.186417337077170897e+00
1.860035461425781250e+03 1.061556713827541358e+02 1.185550444596021213e+00
1.860056274414062500e+03 1.014912198890518624e+02 1.184831129829639007e+00
1.860077087402343750e+03 1.052875181601150416e+02 1.184869865160867786e+00
1.860097961425781250e+03 1.122902240020971192e+02 1.185749872415540862e+00
1.860118774414062500e+03 1.126246341097958918e+02 1.184293986747979810e+00
1.860139587402343750e+03 1.103060808166470679e+02 1.187152259506455199e+00
1.860160461425781250e+03 1.101032243140893030e+02 1.186043749888457954e+00
1.860181274414062500e+03 1.128294422969111395e+02 1.191019414418398759e+00
1.860202087402343750e+03 1.163909095761563037e+02 1.187699451762387115e+00
1.860222961425781250e+03 1.131033825457164994e+02 1.193785196554384420e+00
1.860243774414062500e+03 1.134401612815054818e+02 1.190429687500000000e+00
1.860264587402343750e+03 1.148219965368571991e+02 1.189446911224019798e+00
1.860285461425781250e+03 1.156729325538868665e+02 1.190713299458208363e+00
1.860306274414062500e+03 1.134118115098038970e+02 1.189469711614006053e+00
1.860327087402343750e+03 1.188178626395161075e+02 1.189120893009551594e+00
1.860347961425781250e+03 1.185155527920932172e+02 1.189417846356957131e+00
1.860368774414062500e+03 1.186652037574290688e+02 1.188639044331777361e+00
1.860389587402343750e+03 1.152128867035928437e+02 1.190014586078784742e+00
1.860410461425781250e+03 1.231652266878887048e+02 1.189782358590807165e+00
1.860431274414062500e+03 1.223789858603748826e+02 1.190826425009555045e+00
1.860452087402343750e+03 1.186376456711311107e+02 1.195953845332804244e+00
1.860472961425781250e+03 1.204503737292213401e+02 1.192510124739365018e+00
1.860493774414062500e+03 1.240929986491409238e+02 1.191747797802922504e+00
1.860514587402343750e+03 1.245207117049971544e+02 1.189582704899093679e+00
1.860535461425781250e+03 1.260140801181460262e+02 1.189868071640013847e+00
1.860556274414062500e+03 1.311540653054830159e+02 1.200499307545657146e+00
1.860577087402343750e+03 1.283409649591156949e+02 1.194811248397111836e+00
1.860597961425781250e+03 1.282853214690788946e+02 1.190997844799791761e+00
1.860618774414062500e+03 1.234978287874756404e+02 1.191959140250099747e+00
1.860639587402343750e+03 1.264664778045477931e+02 1.201678508818356139e+00
1.860660461425781250e+03 1.262648144911974413e+02 1.192770954914673220e+00
1.860681274414062500e+03 1.279937064087959868e+02 1.192846659450296221e+00
1.860702087402343750e+03 1.281580820982278794e+02 1.193870672148412027e+00
1.860722961425781250e+03 1.294448317443784049e+02 1.192626478337610152e+00
1.860743774414062500e+03 1.309707478813559476e+02 1.192324875182439792e+00
1.860764587402343750e+03 1.288923871282655682e+02 1.192673906165366615e+00
1.860785461425781250e+03 1.291655860358731900e+02 1.191006552767083226e+00
1.860806274414062500e+03 1.357739879770141442e+02 1.193870921776114313e+00
1.860827087402343750e+03 1.367195705411989479e+02 1.193835973389922200e+00
1.860847961425781250e+03 1.374034015901342798e+02 1.193846807499059137e+00
1.860868774414062500e+03 1.285205720681044852e+02 1.192834117314747866e+00
1.860889587402343750e+03 1.342896700920839237e+02 1.195999048073176141e+00
1.860910461425781250e+03 1.308977939299349771e+02 1.193118106908054754e+00
1.860931274414062500e+03 1.340835570578084344e+02 1.193932777911848042e+00
1.860952087402343750e+03 1.308109041507235020e+02 1.194447971432429201e+00
1.860972961425781250e+03 1.289498394477787713e+02 1.192693696355613397e+00
1.860993774414062500e+03 1.326813608073995852e+02 1.191650765764192599e+00
1.861014587402343750e+03 1.310143015625145040e+02 1.198599441111011243e+00
1.861035461425781250e+03 1.306015730902814767e+02 1.191712487057886127e+00
1.861056274414062500e+03 1.264385687649184860e+02 1.190560913363638118e+00
1.861077087402343750e+03 1.307592686278302949e+02 1.193534026656110747e+00
1.861097961425781250e+03 1.238966091483154202e+02 1.191783207527743693e+00
1.861118774414062500e+03 1.304246547903243254e+02 1.196145658656085908e+00
1.861139648437500000e+03 1.321774608644741988e+02 1.198321227161515790e+00
1.861160461425781250e+03 1.295940935391853372e+02 1.191062352310734429e+00
1.861181274414062500e+03 1.305013907148943986e+02 1.193773263434973808e+00
1.861202148437500000e+03 1.331330784239128207e+02 1.193035824831748304e+00
1.861222961425781250e+03 1.338894971078022706e+02 1.201103444204838278e+00
1.861243835449218750e+03 1.299213360836220090e+02 1.192553408804254422e+00
1.861264648437500000e+03 1.267116467168390841e+02 1.192059297280436025e+00
1.861285461425781250e+03 1.238368714491120386e+02 1.201297759616076988e+00
1.861306335449218750e+03 1.208053210873576688e+02 1.189181442427357682e+00
1.861327148437500000e+03 1.187831298262163671e+02 1.191167138290970096e+00
1.861347961425781250e+03 1.184460427417870108e+02 1.187618601046315892e+00
1.861368835449218750e+03 1.217614782914773599e+02 1.192272534218859370e+00
1.861389648437500000e+03 1.170411082219743975e+02 1.189790975260657468e+00
1.861410461425781250e+03 1.145124311944838666e+02 1.190638760865154966e+00
1.861431335449218750e+03 1.178071016636144464e+02 1.186895015602017489e+00
1.861452148437500000e+03 1.149474925896018078e+02 1.193473698061324084e+00
1.861472961425781250e+03 1.177649453273238578e+02 1.190263644272644861e+00
1.861493835449218750e+03 1.147836020693526677e+02 1.187515610040158709e+00
1.861514648437500000e+03 1.148513340225639752e+02 1.189669835185196645e+00
1.861535461425781250e+03 1.142063075709568380e+02 1.194365281924361533e+00
1.861556335449218750e+03 1.198103666640924700e+02 1.188465228061964751e+00
1.861577148437500000e+03 1.202099140955046721e+02 1.188781849527743129e+00
1.861597961425781250e+03 1.209300865505050382e+02 1.188660606609164949e+00
1.861618835449218750e+03 1.172354147672170512e+02 1.199259505682149785e+00
1.861639648437500000e+03 1.185663021345028909e+02 1.191853173650680331e+00
1.861660461425781250e+03 1.193831637683107800e+02 1.190062869278505131e+00
1.861681335449218750e+03 1.203587508448009800e+02 1.189828998075973754e+00
1.861702148437500000e+03 1.185745876459007064e+02 1.194641573235463161e+00
1.861722961425781250e+03 1.251276146404012621e+02 1.190923073770577378e+00
1.861743835449218750e+03 1.233157313654797917e+02 1.191024919362897228e+00
1.861764648437500000e+03 1.245548882368306352e+02 1.191713437360758299e+00
1.861785461425781250e+03 1.299649693885289707e+02 1.191310290865358112e+00
1.861806335449218750e+03 1.273975559687251149e+02 1.193860886701356483e+00
1.861827148437500000e+03 1.310336683055581091e+02 1.193874815961511793e+00
1.861847961425781250e+03 1.289219380787661180e+02 1.194782513575371796e+00
1.861868835449218750e+03 1.238992235364232641e+02 1.190265396960833888e+00
1.861889648437500000e+03 1.246281744831833578e+02 1.191831369066511215e+00
1.861910461425781250e+03 1.276899119357661903e+02 1.189756157519459512e+00
1.861931335449218750e+03 1.227270199456038853e+02 1.190243713522552538e+00
1.861972961425781250e+03 1.222027813306803523e+02 1.198213236489343192e+00
1.861993835449218750e+03 1.252733811692716444e+02 1.191013358950062218e+00
1.862014648437500000e+03 1.251524427700764335e+02 1.191384087028105165e+00
1.862035461425781250e+03 1.186215151834631172e+02 1.188372391936727723e+00
1.862056335449218750e+03 1.187045444298563979e+02 1.189420001190442555e+00
1.862077148437500000e+03 1.213066397032986288e+02 1.191483041758682804e+00
1.862097961425781250e+03 1.187539684817792391e+02 1.188167334318586565e+00
1.862118835449218750e+03 1.198782030941895584e+02 1.189577944866386794e+00
1.862139648437500000e+03 1.164923526566354468e+02 1.194376011423334383e+00
1.862160461425781250e+03 1.143376513273786372e+02 1.188962587828326978e+00
1.862181335449218750e+03 1.189862259075230355e+02 1.188021796177472833e+00
1.862202148437500000e+03 1.204065145763435254e+02 1.189725146328023397e+00
1.862222961425781250e+03 1.175743015878883568e+02 1.193386445932467899e+00
1.862243835449218750e+03 1.152932541208141970e+02 1.189943560135386491e+00
1.862264648437500000e+03 1.180767074605168148e+02 1.189264793081058924e+00
1.862285461425781250e+03 1.146903824908597471e+02 1.191209570487846037e+00
1.862306335449218750e+03 1.176059968960943110e+02 1.188459610955268531e+00
1.862327148437500000e+03 1.191420139627225296e+02 1.190194135585997959e+00
1.862347961425781250e+03 1.250288519530585916e+02 1.188674346088870903e+00
1.862368835449218750e+03 1.298893875269084504e+02 1.191262958852405962e+00
1.862389648437500000e+03 1.300996621912750584e+02 1.194549217113947126e+00
1.862410461425781250e+03 1.325467395986972861e+02 1.192014695188967854e+00
1.862431335449218750e+03 1.361878298947666508e+02 1.194543129641713275e+00
1.862452148437500000e+03 1.359926145880560284e+02 1.200466985039615686e+00
1.862472961425781250e+03 1.343091299145294784e+02 1.193215619058459742e+00
1.862493835449218750e+03 1.310066889108073838e+02 1.194280141180571686e+00
1.862514648437500000e+03 1.307931756779203738e+02 1.192045696819534317e+00
1.862535461425781250e+03 1.315214296263641245e+02 1.193107016394413744e+00
1.862556335449218750e+03 1.310469804939522191e+02 1.192364816740737243e+00
1.862577148437500000e+03 1.306392318002510535e+02 1.190333499417755903e+00
1.862597961425781250e+03 1.301018570460958870e+02 1.193212521971300566e+00
1.862618835449218750e+03 1.287178677512161187e+02 1.192095397751280039e+00
1.862639648437500000e+03 1.281308046628104762e+02 1.191975491972649515e+00
1.862660461425781250e+03 1.284805315350416777e+02 1.200329046038515646e+00
1.862681335449218750e+03 1.272616440382306138e+02 1.192909617978899828e+00
1.862702148437500000e+03 1.281436606513605341e+02 1.190415367434634719e+00
1.862722961425781250e+03 1.292054983858769504e+02 1.191695931659939367e+00
1.862743835449218750e+03 1.293841657445185831e+02 1.195061202217779117e+00
1.862764648437500000e+03 1.296753353602643699e+02 1.192408655934746209e+00
1.862785461425781250e+03 1.288416446705991802e+02 1.191641212182627863e+00
1.862806335449218750e+03 1.222899872325376833e+02 1.190189227758731150e+00
1.862827148437500000e+03 1.291386416573598126e+02 1.192123997348180975e+00
1.862847961425781250e+03 1.275469833202924548e+02 1.191887730098887488e+00
1.862868835449218750e+03 1.320639796630682667e+02 1.192129747184300426e+00
1.862889648437500000e+03 1.360130108791550470e+02 1.194346417734322818e+00
1.862910461425781250e+03 1.388122259257025917e+02 1.198335751189302689e+00
1.862931335449218750e+03 1.442150227346411384e+02 1.198446267306053192e+00
1.862952148437500000e+03 1.475567524378759003e+02 1.201901445340856078e+00
1.862972961425781250e+03 1.462403846309144342e+02 1.203346975087184578e+00
1.862993835449218750e+03 1.509909040588190123e+02 1.198767163866813368e+00
1.863014648437500000e+03 1.507399089630147273e+02 1.200425972435175126e+00
1.863035461425781250e+03 1.518894828490826967e+02 1.199627635721179253e+00
1.863056335449218750e+03 1.528033328286230983e+02 1.202447774946587389e+00
1.863077148437500000e+03 1.648111319498605667e+02 1.203668496372336305e+00
1.863097961425781250e+03 1.615758307913662293e+02 1.203827046258881150e+00
1.863118835449218750e+03 1.530863490400448086e+02 1.202813393009495524e+00
1.863139648437500000e+03 1.483475537607143906e+02 1.198817729687360112e+00
1.863160461425781250e+03 1.440481574907430513e+02 1.199341410474170866e+00
1.863181335449218750e+03 1.440693852123293368e+02 1.198449748746304611e+00
1.863202148437500000e+03 1.457124424967007599e+02 1.196159112839918270e+00
1.863222961425781250e+03 1.432209525804313444e+02 1.202076789710329052e+00
1.863243835449218750e+03 1.510114249234023873e+02 1.198342316787924799e+00
1.863264648437500000e+03 1.542995026325515369e+02 1.205140592912801401e+00
1.863285461425781250e+03 1.508895759305834190e+02 1.198996806031491502e+00
1.863306335449218750e+03 1.494318106990940009e+02 1.198894245590233387e+00
1.863327148437500000e+03 1.475888176810670416e+02 1.197931748447292888e+00
1.863347961425781250e+03 1.492215133215880201e+02 1.198021654697529526e+00
1.863368835449218750e+03 1.429303611552419966e+02 1.199740417537588311e+00
1.863389648437500000e+03 1.425222212255389422e+02 1.196598283935494722e+00
1.863410461425781250e+03 1.398009380999435791e+02 1.196588969103519862e+00
1.863431335449218750e+03 1.357550002417463020e+02 1.197465441211101211e+00
1.863452148437500000e+03 1.378007735407929317e+02 1.196820622894644748e+00
1.863472961425781250e+03 1.396656724729559755e+02 1.198637383414832280e+00
1.863493835449218750e+03 1.354346570579138529e+02 1.194614281272879275e+00
1.863514648437500000e+03 1.378147973486704814e+02 1.196655267211328866e+00
1.863535461425781250e+03 1.320140036681850404e+02 1.194702740890591475e+00
1.863556335449218750e+03 1.335253034238504881e+02 1.193040720948931543e+00
1.863577148437500000e+03 1.315938759471648041e+02 1.194690467697077763e+00
1.863597961425781250e+03 1.253178123633165626e+02 1.199083699627283339e+00
1.863618835449218750e+03 1.291641217778349073e+02 1.191839220763192486e+00
1.863639648437500000e+03 1.266447169552876204e+02 1.192283982438734347e+00
1.863660461425781250e+03 1.269123781403757079e+02 1.192470787858142645e+00
1.863681335449218750e+03 1.279120469000286846e+02 1.191199913292875889e+00
1.863702148437500000e+03 1.296004144416612291e+02 1.192069747529163282e+00
1.863722961425781250e+03 1.297472641036090408e+02 1.193747399611911231e+00
1.863743835449218750e+03 1.279165868677574025e+02 1.192296730327146337e+00
1.863764648437500000e+03 1.271012490888780349e+02 1.192135946976521810e+00
1.863785461425781250e+03 1.286662643596075100e+02 1.195863484568520985e+00
1.863806335449218750e+03 1.349958338059227572e+02 1.193023684372866766e+00
1.863827148437500000e+03 1.312158963344182609e+02 1.202968141313094819e+00
1.863847961425781250e+03 1.337051866013914037e+02 1.196449636465050315e+00
1.863868835449218750e+03 1.384320934371367002e+02 1.196703431902663262e+00
1.863889648437500000e+03 1.394537660752340571e+02 1.197288774325676819e+00
1.863910461425781250e+03 1.403360052317219981e+02 1.198935857452236187e+00
1.863931335449218750e+03 1.407237256501744014e+02 1.196673397684603568e+00
1.863952148437500000e+03 1.404545984939524317e+02 1.198079366277579050e+00
1.863972961425781250e+03 1.456288344503437315e+02 1.196124928950713207e+00
1.863993835449218750e+03 1.437301979505476197e+02 1.199816328138478161e+00
1.864014648437500000e+03 1.454266240568935586e+02 1.204941010673502122e+00
1.864035461425781250e+03 1.482455558029313352e+02 1.200214283407584182e+00
1.864056335449218750e+03 1.455301514267589482e+02 1.197935330895134820e+00
1.864077148437500000e+03 1.477734746983474565e+02 1.198848107930555074e+00
1.864097961425781250e+03 1.511574229519244454e+02 1.200908799554365469e+00
1.864118835449218750e+03 1.539370103842909430e+02 1.208570615994580599e+00
1.864139648437500000e+03 1.522084026265176817e+02 1.199366110032745736e+00
1.864160461425781250e+03 1.482741826782159649e+02 1.207447659165660880e+00
1.864181335449218750e+03 1.501522961127143105e+02 1.200387590120838066e+00
1.864202148437500000e+03 1.524506214099652652e+02 1.200415495625094309e+00
1.864222961425781250e+03 1.550938834034079719e+02 1.203668347814867090e+00
1.864243835449218750e+03 1.602036488555057758e+02 1.200748573707433930e+00
1.864264648437500000e+03 1.593676647303692562e+02 1.206574338090665721e+00
1.864285461425781250e+03 1.609538413432708808e+02 1.203335978847635435e+00
1.864306335449218750e+03 1.550520073839813335e+02 1.203035574227695470e+00
1.864327148437500000e+03 1.506771334511824136e+02 1.203768471390924910e+00
1.864347961425781250e+03 1.549678953176983782e+02 1.200983643708668280e+00
1.864368835449218750e+03 1.577571223208367428e+02 1.201357496852300422e+00
1.864389648437500000e+03 1.575419275704559823e+02 1.204893224741999669e+00
1.864410461425781250e+03 1.553735581460533695e+02 1.200248499809969172e+00
1.864431335449218750e+03 1.537218163584123829e+02 1.201607825090323933e+00
1.864452148437500000e+03 1.550026484732968015e+02 1.202767851692885026e+00
1.864472961425781250e+03 1.484138178575456664e+02 1.200983296299629188e+00
1.864493835449218750e+03 1.501224327239542617e+02 1.202185623250775048e+00
1.864514648437500000e+03 1.533575635268947224e+02 1.200560573932406117e+00
1.864535461425781250e+03 1.506380615623748440e+02 1.203104985058254028e+00
1.864556335449218750e+03 1.422145118529369938e+02 1.199060783792619045e+00
1.864577148437500000e+03 1.401680721839982198e+02 1.200046663569107608e+00
1.864597961425781250e+03 1.393614038461783196e+02 1.197941401129521521e+00
1.864618835449218750e+03 1.336484419429569925e+02 1.196191053462858145e+00
1.864639648437500000e+03 1.339101301591229287e+02 1.195492749554750045e+00
1.864660461425781250e+03 1.346288549203629259e+02 1.202473996886490371e+00
1.864681335449218750e+03 1.311290594833033651e+02 1.194830653988212532e+00
1.864702148437500000e+03 1.288607088855249572e+02 1.199260947016282719e+00
1.864722961425781250e+03 1.305411062167992498e+02 1.193508007826547423e+00
1.864743835449218750e+03 1.297690240766003740e+02 1.199020369333634539e+00
1.864764648437500000e+03 1.200084840707810088e+02 1.195787921180593960e+00
1.864785461425781250e+03 1.265237678320140731e+02 1.193006048012916764e+00
1.864806335449218750e+03 1.258240069860593451e+02 1.193656672079994152e+00
1.864827148437500000e+03 1.273004180669768033e+02 1.192532416728801392e+00
1.864847961425781250e+03 1.295208260539471326e+02 1.192865247552062691e+00
1.864868835449218750e+03 1.295179476573999580e+02 1.192548160820033454e+00
1.864889648437500000e+03 1.309136027118938159e+02 1.193428149949590455e+00
1.864910461425781250e+03 1.276036245741701407e+02 1.193206078006125104e+00
1.864931335449218750e+03 1.224322460191273763e+02 1.195149778372755156e+00
1.864952148437500000e+03 1.225339645240069046e+02 1.192078347665138205e+00
1.864972961425781250e+03 1.228822291363610475e+02 1.192350519916169693e+00
1.864993835449218750e+03 1.245051671864587206e+02 1.191277969208133447e+00
1.865014648437500000e+03 1.216165420024008341e+02 1.190841691130416713e+00
1.865035461425781250e+03 1.257207392809944224e+02 1.191729292302149190e+00
1.865056335449218750e+03 1.183537719781720341e+02 1.192199942947588465e+00
1.865077148437500000e+03 1.213262310378519970e+02 1.190688870937052224e+00
1.865097961425781250e+03 1.167073668738655385e+02 1.194121621491995633e+00
1.865118835449218750e+03 1.233259719022018146e+02 1.191588991252349405e+00
1.865139648437500000e+03 1.176330642162044171e+02 1.194306392725329902e+00
1.865160461425781250e+03 1.184736795916738998e+02 1.197578078255088441e+00
1.865181335449218750e+03 1.190505162572932676e+02 1.192467688836501560e+00
1.865202148437500000e+03 1.156013152230132022e+02 1.190989236861503375e+00
1.865222961425781250e+03 1.144142263754076509e+02 1.189881095876226036e+00
1.865243835449218750e+03 1.091638251702126894e+02 1.189772739908891097e+00
1.865264648437500000e+03 1.116555215161940708e+02 1.188446520987535004e+00
1.865285461425781250e+03 1.078699795062594404e+02 1.186967027419940202e+00
1.865306335449218750e+03 1.063652537635644109e+02 1.186690456110848224e+00
1.865327148437500000e+03 1.083118470671196292e+02 1.192329424288510076e+00
1.865347961425781250e+03 1.117418285482601448e+02 1.189840770374557266e+00
1.865368835449218750e+03 1.146133017544931221e+02 1.192922359181602499e+00
1.865389648437500000e+03 1.080598721195641900e+02 1.187962642695623128e+00
1.865410461425781250e+03 1.139064569636824729e+02 1.187993900585250895e+00
1.865431335449218750e+03 1.140848002811026163e+02 1.190673452678008726e+00
1.865452148437500000e+03 1.113595091387985434e+02 1.188152184333425954e+00
1.865472961425781250e+03 1.071463144828637866e+02 1.188433280413727866e+00
1.865514648437500000e+03 1.101153661038317466e+02 1.188645011605827362e+00
1.865535461425781250e+03 1.110010747703419014e+02 1.191262008190174582e+00
1.865556335449218750e+03 1.107310378404159792e+02 1.189735516881030852e+00
1.865577148437500000e+03 1.121112312314176904e+02 1.200196504398309827e+00
1.865597961425781250e+03 1.148451794566533408e+02 1.188964492829132080e+00
1.865618835449218750e+03 1.106048238155055827e+02 1.188347564191172046e+00
1.865639648437500000e+03 1.060715860287447043e+02 1.187659604238845645e+00
1.865660461425781250e+03 1.138974336261603213e+02 1.188394059363520050e+00
1.865681335449218750e+03 1.137886196116882047e+02 1.193218366467759584e+00
1.865702148437500000e+03 1.089162141356004128e+02 1.187324761962866848e+00
1.865722961425781250e+03 1.097996979969921654e+02 1.194453011464783332e+00
1.865743835449218750e+03 1.069561609037382794e+02 1.189373145209754012e+00
1.865764648437500000e+03 1.109506117495831319e+02 1.191856624339596271e+00
1.865785461425781250e+03 1.132473246610628337e+02 1.189402812526335174e+00
1.865806335449218750e+03 1.105456222653812262e+02 1.195964112036798754e+00
1.865827148437500000e+03 1.115788844593924551e+02 1.188796540240776523e+00
1.865847961425781250e+03 1.076271682197720025e+02 1.189287296254837756e+00
1.865868835449218750e+03 1.132662508703802331e+02 1.189608809581914617e+00
1.865889648437500000e+03 1.125123962601189476e+02 1.189438943512159730e+00
1.865910461425781250e+03 1.141178581306201920e+02 1.192244888064335262e+00
1.865931335449218750e+03 1.193812656715974896e+02 1.190479656169024736e+00
1.865952148437500000e+03 1.189047868089120783e+02 1.194396971096764126e+00
1.865972961425781250e+03 1.158462191377803521e+02 1.193215019622862805e+00
1.865993835449218750e+03 1.211326557041715546e+02 1.194802618045831100e+00
1.866014648437500000e+03 1.205782185720079553e+02 1.193192240847028796e+00
1.866035461425781250e+03 1.143631134717601725e+02 1.190754896872681101e+00
1.866056335449218750e+03 1.142756520499763866e+02 1.190001012336877384e+00
1.866077148437500000e+03 1.204953121970595902e+02 1.198864713715180663e+00
1.866097961425781250e+03 1.152347857484689087e+02 1.190901752657124835e+00
1.866118835449218750e+03 1.174780706095435505e+02 1.192709688188652306e+00
1.866139648437500000e+03 1.149735655069581810e+02 1.193901675509718041e+00
1.866160461425781250e+03 1.143171627782362947e+02 1.190681462188144746e+00
1.866181335449218750e+03 1.178898960655078270e+02 1.200214035099212317e+00
1.866202148437500000e+03 1.136486102502861826e+02 1.188581476149429328e+00
1.866222961425781250e+03 1.161926467385124937e+02 1.189681759362765767e+00
1.866243835449218750e+03 1.110557554110754097e+02 1.188625805902563837e+00
1.866264648437500000e+03 1.134705330514511559e+02 1.189380762564349769e+00
1.866285461425781250e+03 1.120820753579844933e+02 1.189271308520379433e+00
1.866306335449218750e+03 1.121160938050815901e+02 1.192698493928039172e+00
1.866327148437500000e+03 1.041516324701576792e+02 1.187833688933860543e+00
1.866347961425781250e+03 1.084923449006155636e+02 1.186514395220174878e+00
1.866368835449218750e+03 1.072517637044744134e+02 1.188172200332435979e+00
1.866389648437500000e+03 1.065393092865393356e+02 1.192594892057220690e+00
1.866410461425781250e+03 1.038690130999275993e+02 1.189475424170720608e+00
1.866431335449218750e+03 1.023148073889084912e+02 1.186106918758355722e+00
1.866452148437500000e+03 1.006770902815715090e+02 1.185464721045354386e+00
1.866472961425781250e+03 1.064326257837968228e+02 1.186216011565370598e+00
1.866493835449218750e+03 9.600538317462479654e+01 1.186704268627697845e+00
1.866514648437500000e+03 1.026499089967591800e+02 1.186867344627178911e+00
1.866535461425781250e+03 1.000891362935935263e+02 1.190843843387453305e+00
1.866556335449218750e+03 1.016356230192964176e+02 1.193744553558547361e+00
1.866577148437500000e+03 9.757723470163143986e+01 1.186384681154926790e+00
1.866597961425781250e+03 1.002885714818824141e+02 1.195394376057413277e+00
1.866618835449218750e+03 1.011176724621133047e+02 1.193683886070299405e+00
1.866639648437500000e+03 1.026371932668767641e+02 1.185158831015827197e+00
1.866660461425781250e+03 9.880623738794811572e+01 1.186099029115183612e+00
1.866681335449218750e+03 9.563237454415684624e+01 1.184272546287414185e+00
1.866702148437500000e+03 9.638971919662499488e+01 1.188591856681044945e+00
1.866722961425781250e+03 9.326657233201029840e+01 1.184158794628360267e+00
1.866743835449218750e+03 9.602598837947550692e+01 1.186063901977707502e+00
1.866764648437500000e+03 9.149449197765294173e+01 1.185454966770550511e+00
1.866785461425781250e+03 9.171347622921820175e+01 1.184167502553073348e+00
1.866806335449218750e+03 9.504194071349067485e+01 1.185966957741674044e+00
1.866827148437500000e+03 9.604542416164798624e+01 1.189677350437086112e+00
1.866847961425781250e+03 9.220358988355971519e+01 1.184846976254565698e+00
1.866868835449218750e+03 9.909947013574057451e+01 1.184308531815972509e+00
1.866889648437500000e+03 9.798406183620657828e+01 1.183988952124447325e+00
1.866910461425781250e+03 9.490241709854835506e+01 1.185931223575031224e+00
1.866931335449218750e+03 9.165630610885412466e+01 1.186072595915476535e+00
1.866952148437500000e+03 9.704478897260310077e+01 1.184894816080292568e+00
1.866972961425781250e+03 9.233879812153797673e+01 1.185838943024960512e+00
1.866993835449218750e+03 1.002542531025452490e+02 1.187926416632492099e+00
1.867014648437500000e+03 9.166973266705269907e+01 1.184162016064618683e+00
1.867035461425781250e+03 9.348134153173855054e+01 1.185459491959563572e+00
1.867056335449218750e+03 9.634963493720675842e+01 1.196733216336357764e+00
1.867077148437500000e+03 1.026043652859173818e+02 1.185224662118884664e+00
1.867097961425781250e+03 9.724315227017800112e+01 1.183697233302962948e+00
1.867118835449218750e+03 9.572848545629317130e+01 1.184801700192480212e+00
1.867139648437500000e+03 1.002141632248511200e+02 1.185489659444888044e+00
1.867160461425781250e+03 1.003312440657263522e+02 1.188281404493975124e+00
1.867181335449218750e+03 9.592877271006327078e+01 1.191485042780690895e+00
1.867202148437500000e+03 1.017360816219820947e+02 1.186678401419306361e+00
1.867222961425781250e+03 1.003427982593450736e+02 1.187633055209646349e+00
1.867243835449218750e+03 1.036165432705880107e+02 1.189958336685825291e+00
1.867264648437500000e+03 1.006136313877154151e+02 1.188648822622318191e+00
1.867285461425781250e+03 1.006357971320879159e+02 1.187869416047228288e+00
1.867306335449218750e+03 9.796098132167223582e+01 1.187565801704731250e+00
1.867327148437500000e+03 1.078027971647202321e+02 1.187761328201373479e+00
1.867347961425781250e+03 1.073277926108662399e+02 1.188487545768245779e+00
1.867368835449218750e+03 1.021670409467568987e+02 1.188072066795982984e+00
1.867389648437500000e+03 1.065281602493432160e+02 1.187607860686028305e+00
1.867410461425781250e+03 1.048607132141115983e+02 1.187933340813057237e+00
1.867431335449218750e+03 1.040988965913445554e+02 1.187875989317620062e+00
1.867472961425781250e+03 1.102177697766285149e+02 1.188812233532305696e+00
1.867493835449218750e+03 1.061732829943854739e+02 1.187405682883880376e+00
1.867514648437500000e+03 1.101365331156948315e+02 1.188586340467802538e+00
1.867535461425781250e+03 1.040174828998097212e+02 1.186802006425951905e+00
1.867556335449218750e+03 1.005658718067888913e+02 1.188626407652545014e+00
1.867577148437500000e+03 1.080957738437242597e+02 1.188580272603666943e+00
1.867597961425781250e+03 1.045967243578559192e+02 1.190625544670561142e+00
1.867618774414062500e+03 1.064642538326111492e+02 1.187771314445382531e+00
1.867639648437500000e+03 1.030857274194731872e+02 1.197744948753704630e+00
1.867660461425781250e+03 1.039777736906924162e+02 1.189069162919052847e+00
1.867681274414062500e+03 1.023710979132907539e+02 1.189455379991319894e+00
1.867702087402343750e+03 1.015281967120590281e+02 1.188745848992417864e+00
1.867722961425781250e+03 9.804370921302795239e+01 1.187651875471167129e+00
1.867743774414062500e+03 9.841850808923105376e+01 1.187952858756990526e+00
1.867764587402343750e+03 9.892104683500760132e+01 1.186413870568068685e+00
1.867785461425781250e+03 1.001164932720393494e+02 1.187021008309623760e+00
1.867806274414062500e+03 9.987320929674490344e+01 1.186050082003268002e+00
1.867827087402343750e+03 9.592282567024189177e+01 1.187434295041194243e+00
1.867847961425781250e+03 9.831880404432368437e+01 1.186191791919203764e+00
1.867868774414062500e+03 9.812130715634565092e+01 1.187786920919893685e+00
1.867889587402343750e+03 1.057185341170511776e+02 1.186656602207823097e+00
1.867910461425781250e+03 9.949615905430519547e+01 1.186034100886598219e+00
1.867931274414062500e+03 1.024050510229901363e+02 1.189589719649418065e+00
1.867952087402343750e+03 9.956539736508594274e+01 1.188940529701982163e+00
1.867972961425781250e+03 1.027343877393010558e+02 1.190133437360855417e+00
1.867993774414062500e+03 9.623962271584545647e+01 1.190264094964139874e+00
1.868014587402343750e+03 1.010080219417508260e+02 1.186123602416953471e+00
1.868035461425781250e+03 1.029006257413994945e+02 1.191686028321017110e+00
1.868056274414062500e+03 1.021214741367592467e+02 1.187152259506455199e+00
1.868077087402343750e+03 9.606713787771593616e+01 1.191296331619433602e+00
1.868097961425781250e+03 9.019242825715639356e+01 1.185768722566526989e+00
1.868118774414062500e+03 9.494485494037256501e+01 1.191379884521922339e+00
1.868139587402343750e+03 9.731852714155273532e+01 1.185425401777231658e+00
1.868160461425781250e+03 9.436534920174489116e+01 1.185597300831815026e+00
1.868181274414062500e+03 9.291425311322382186e+01 1.187462203779542813e+00
1.868202087402343750e+03 9.568347602848010069e+01 1.185812453762804086e+00
1.868222961425781250e+03 1.011629523705693856e+02 1.186009425217486202e+00
1.868243774414062500e+03 9.418618984878609979e+01 1.190683714853163044e+00
1.868264587402343750e+03 1.004901971790005319e+02 1.188486342127362816e+00
1.868285461425781250e+03 9.941706095929822595e+01 1.186330570825109731e+00
1.868306274414062500e+03 1.002579816389870331e+02 1.192418353326667235e+00
1.868327087402343750e+03 1.020737086888732392e+02 1.186900389019607260e+00
1.868347961425781250e+03 1.003861841779143589e+02 1.193718689113439479e+00
1.868368774414062500e+03 1.067292270317111331e+02 1.190606120603167728e+00
1.868389587402343750e+03 1.052801976837704956e+02 1.188807721105482162e+00
1.868410461425781250e+03 1.072621080863876983e+02 1.190327190089194520e+00
1.868431274414062500e+03 1.120088244279951084e+02 1.196888202962935743e+00
1.868452087402343750e+03 1.105014908913597367e+02 1.191950789283853673e+00
1.868472961425781250e+03 1.059214230505259451e+02 1.191059700014921008e+00
1.868493774414062500e+03 1.036740109786191795e+02 1.188953614230850775e+00
1.868514587402343750e+03 9.798033524461845900e+01 1.190762755667445605e+00
1.868535461425781250e+03 1.052083430308525607e+02 1.187157029265206054e+00
1.868556274414062500e+03 9.947651284315824682e+01 1.190184470151756546e+00
1.868577087402343750e+03 1.004579877211416488e+02 1.189810863498757199e+00
1.868597961425781250e+03 1.076797939974210578e+02 1.189966551366710590e+00
1.868618774414062500e+03 1.075783123471022691e+02 1.192629227104088585e+00
1.868639587402343750e+03 1.093250581062396520e+02 1.190330745349877706e+00
1.868660461425781250e+03 1.103913717322322157e+02 1.191005251580614432e+00
1.868681274414062500e+03 1.068344555275415928e+02 1.192504876564659311e+00
1.868702087402343750e+03 1.063840329472329671e+02 1.188920376237883492e+00
1.868722961425781250e+03 1.101675459005056013e+02 1.189547530313009194e+00
1.868743774414062500e+03 1.022199352471325682e+02 1.188957674917427987e+00
1.868764587402343750e+03 1.067429794561376610e+02 1.188207265141994595e+00
1.868785461425781250e+03 1.046518224473230418e+02 1.188867785116953790e+00
1.868806274414062500e+03 9.712632481664653028e+01 1.186664086314049849e+00
