1.871806274414062500e+03 7.716932288732240863e+01 9.571173804314762057e-01
1.871827087402343750e+03 7.869762721520186233e+01 9.602852445260690040e-01
1.871847961425781250e+03 7.651508795902795157e+01 9.546271509553643231e-01
1.871868774414062500e+03 7.689629957862689480e+01 9.565433114690395922e-01
1.871889587402343750e+03 7.681604029229131925e+01 9.575795062947525249e-01
1.871910461425781250e+03 7.730361137640127822e+01 9.547586355225858856e-01
1.871931274414062500e+03 7.968932276718248886e+01 9.551725438414809810e-01
1.871952087402343750e+03 7.889718145544985362e+01 9.588023399479640441e-01
1.871972961425781250e+03 8.088076061485719492e+01 9.571984903997974303e-01
1.871993774414062500e+03 7.777808510232098627e+01 9.541099649486876055e-01
1.872014587402343750e+03 8.089616723537183418e+01 9.550451105258553897e-01
1.872035461425781250e+03 8.260181681644061769e+01 9.561271601046721358e-01
1.872056274414062500e+03 8.063771549615272249e+01 9.549579505750426245e-01
1.872077087402343750e+03 8.034277890392854715e+01 9.560514767586056895e-01
1.872097961425781250e+03 8.142496612755707019e+01 9.553597002033388241e-01
1.872118774414062500e+03 7.867188727030556095e+01 9.532546283560541234e-01
1.872139587402343750e+03 7.758746089046550765e+01 9.584123571958098609e-01
1.872160461425781250e+03 7.531613367205781628e+01 9.529169824953032109e-01
1.872181274414062500e+03 7.651392018153016750e+01 9.537015640638752956e-01
1.872202087402343750e+03 7.876323274730191315e+01 9.558942931063838522e-01
1.872222961425781250e+03 7.630500478245649276e+01 9.572944746228788659e-01
1.872243774414062500e+03 7.764341113666165484e+01 9.546015199693510533e-01
1.872264587402343750e+03 7.592516732254524925e+01 9.530040163894190064e-01
1.872285461425781250e+03 7.282535983666478785e+01 9.515058491196815016e-01
1.872306274414062500e+03 7.396374804816741744e+01 9.509890652859243065e-01
1.872327087402343750e+03 7.466296695968694053e+01 9.508639548071283754e-01
1.872347961425781250e+03 7.532224797611627309e+01 9.529419394876504912e-01
1.872368774414062500e+03 7.426839065764532677e+01 9.531340676798751854e-01
1.872389587402343750e+03 7.639013466133611985e+01 9.526945298962892217e-01
1.872410461425781250e+03 7.420900800733181768e+01 9.526806405254759635e-01
1.872431274414062500e+03 7.692094311519579719e+01 9.514641909874563819e-01
1.872452087402343750e+03 7.392993756377406100e+01 9.513051529083031976e-01
1.872472961425781250e+03 7.345167356917495738e+01 9.512031127061436608e-01
1.872493774414062500e+03 7.521285583234737260e+01 9.560716761948997444e-01
1.872514587402343750e+03 7.578667540493567856e+01 9.509251644702115813e-01
1.872535461425781250e+03 7.554288263072240284e+01 9.505786965233318231e-01
1.872556274414062500e+03 7.646858727752712070e+01 9.533025544928952488e-01
1.872577087402343750e+03 7.516279920643583523e+01 9.517054696253270940e-01
1.872597961425781250e+03 7.727964783886264399e+01 9.557525500244319350e-01
1.872618774414062500e+03 7.939670977188538359e+01 9.532618502568860341e-01
1.872639587402343750e+03 7.614355268983271685e+01 9.563018198869783770e-01
1.872660461425781250e+03 7.840518508769616801e+01 9.533490402310480505e-01
1.872681274414062500e+03 7.777664040313857186e+01 9.575948184701771337e-01
1.872702087402343750e+03 7.556169580377228101e+01 9.566943762971913401e-01
1.872722961425781250e+03 7.673761476100881396e+01 9.543743700126562368e-01
1.872743774414062500e+03 7.489156864902456334e+01 9.515436843991214033e-01
1.872764587402343750e+03 7.526000950995673122e+01 9.522594211159398636e-01
1.872785461425781250e+03 7.576213388690092643e+01 9.521871236131235205e-01
1.872806274414062500e+03 7.410430913907048023e+01 9.525368235821640717e-01
1.872827087402343750e+03 7.219536306298752493e+01 9.579036239913085726e-01
1.872847961425781250e+03 7.367329363675146681e+01 9.536682519338428587e-01
1.872868774414062500e+03 7.506820241759510282e+01 9.508954847006566569e-01
1.872889587402343750e+03 7.619328295537783902e+01 9.532943950272617650e-01
1.872910461425781250e+03 7.108130605950168501e+01 9.507105842603029711e-01
1.872931274414062500e+03 7.156593624982333779e+01 9.540469603986346803e-01
1.872952087402343750e+03 6.948961043312735342e+01 9.505553391694977483e-01
1.872972961425781250e+03 7.234474319333818926e+01 9.529545428331455126e-01
1.872993774414062500e+03 7.007083723933638453e+01 9.491624226752950477e-01
1.873014587402343750e+03 6.807937198273312163e+01 9.483300903937520454e-01
1.873035461425781250e+03 6.831658726503428625e+01 9.488062963255895488e-01
1.873056274414062500e+03 7.177214424216288080e+01 9.499531483390676323e-01
1.873077087402343750e+03 7.132866965364891598e+01 9.499757362077965173e-01
1.873097961425781250e+03 6.910007557143589452e+01 9.487118093370600080e-01
1.873118774414062500e+03 7.002295360595657314e+01 9.496572604045496746e-01
1.873139587402343750e+03 6.783167219542589521e+01 9.479940543531526487e-01
1.873160461425781250e+03 6.961269467413390544e+01 9.507801416370260661e-01
1.873181274414062500e+03 6.588998146913954201e+01 9.473040071557106145e-01
1.873202087402343750e+03 6.594296644880236613e+01 9.465174601113731656e-01
1.873222961425781250e+03 6.579233374151741032e+01 9.473313770873532658e-01
1.873243774414062500e+03 6.696398097565901253e+01 9.485917709045927904e-01
1.873264587402343750e+03 6.582767545142283439e+01 9.478857468533203878e-01
1.873285461425781250e+03 6.330021611906880707e+01 9.469255289123365005e-01
1.873306274414062500e+03 6.401648015761469424e+01 9.465793916159161991e-01
1.873327087402343750e+03 6.438719978254427190e+01 9.484407352599718566e-01
1.873347961425781250e+03 6.116021601895158710e+01 9.479929226116176055e-01
1.873368774414062500e+03 6.182682023835258178e+01 9.458116206787232638e-01
1.873389648437500000e+03 6.100176037721409728e+01 9.478490861270421064e-01
1.873410461425781250e+03 6.027567907020167581e+01 9.498596225723204833e-01
1.873431274414062500e+03 5.815842907546765161e+01 9.442532176699466318e-01
1.873452148437500000e+03 6.009133918181562706e+01 9.484332252670056862e-01
1.873472961425781250e+03 5.865404675964693126e+01 9.495763850630914993e-01
1.873493835449218750e+03 5.929828296542822841e+01 9.480517399446567461e-01
1.873514648437500000e+03 5.700652037379154535e+01 9.452949711459143201e-01
1.873535461425781250e+03 6.015201065854131457e+01 9.447767142248564287e-01
1.873556335449218750e+03 5.975136598984202863e+01 9.462855981659045179e-01
1.873577148437500000e+03 6.056608204486404645e+01 9.441784132630495208e-01
1.873597961425781250e+03 6.023020178750157072e+01 9.449674433695972597e-01
1.873618835449218750e+03 5.976530996841052001e+01 9.478756228493585567e-01
1.873639648437500000e+03 5.876228666527534017e+01 9.441822640987239668e-01
1.873660461425781250e+03 5.835021544763505119e+01 9.436721125413803923e-01
1.873681335449218750e+03 5.791984543553556364e+01 9.445535434713984158e-01
1.873702148437500000e+03 5.639122469027671514e+01 9.432659221349751766e-01
1.873722961425781250e+03 5.518422909809717680e+01 9.426365011818941264e-01
1.873743835449218750e+03 5.548516458502858484e+01 9.425525571704552741e-01
1.873764648437500000e+03 5.721272303749896082e+01 9.433058571492817235e-01
1.873785461425781250e+03 5.662882245689500849e+01 9.451175204877745317e-01
1.873806335449218750e+03 5.479811358637941510e+01 9.451540664443304207e-01
1.873827148437500000e+03 5.581236679169882109e+01 9.434987788533615305e-01
1.873847961425781250e+03 5.524664456592782358e+01 9.445259037292474957e-01
1.873868835449218750e+03 5.530252284217687020e+01 9.419613543072894446e-01
1.873889648437500000e+03 5.831518530478321338e+01 9.453328343245727128e-01
1.873910461425781250e+03 5.726890602405697450e+01 9.436376567946309635e-01
1.873931335449218750e+03 5.807626327366455143e+01 9.454400473054921372e-01
1.873952148437500000e+03 5.935433087462271828e+01 9.501322051965634952e-01
1.873972961425781250e+03 5.814475155135446016e+01 9.437690303475355647e-01
1.873993835449218750e+03 5.683262826746050678e+01 9.485022269822572794e-01
1.874014648437500000e+03 5.634909357631460125e+01 9.481828790850919120e-01
1.874035461425781250e+03 5.757233668509100255e+01 9.433419678150227750e-01
1.874056335449218750e+03 5.623606970824508267e+01 9.438880718358139132e-01
1.874077148437500000e+03 5.649874694481167126e+01 9.459388801456259932e-01
1.874097961425781250e+03 5.607380556934485583e+01 9.445568879515522376e-01
1.874118835449218750e+03 5.723882277165363064e+01 9.430273194284702898e-01
1.874139648437500000e+03 5.575088699715549012e+01 9.425735517786902884e-01
1.874160461425781250e+03 5.655650851495894926e+01 9.427306803097208476e-01
1.874181335449218750e+03 5.785157924661857010e+01 9.430649260341139595e-01
1.874202148437500000e+03 5.357518196014834189e+01 9.422056673996517251e-01
1.874222961425781250e+03 5.531131105683525107e+01 9.409255387259543024e-01
1.874243835449218750e+03 5.601138791161950792e+01 9.442542907702193844e-01
1.874264648437500000e+03 5.552274692992722294e+01 9.421832095628921433e-01
1.874285461425781250e+03 5.364293876058913213e+01 9.413492019273067557e-01
1.874306335449218750e+03 5.433715291399849434e+01 9.419602785948569812e-01
1.874327148437500000e+03 5.273168579312320503e+01 9.403343271173388862e-01
1.874347961425781250e+03 5.524025613052062056e+01 9.425035784726800703e-01
1.874368835449218750e+03 5.526172819276848713e+01 9.408578818851904835e-01
1.874389648437500000e+03 5.427154163877575854e+01 9.405523519248002451e-01
1.874410461425781250e+03 5.522253701503034051e+01 9.438645804871680367e-01
1.874431335449218750e+03 5.334356018450397130e+01 9.428222264289798371e-01
1.874452148437500000e+03 5.368384485533982797e+01 9.408488225943003602e-01
1.874472961425781250e+03 5.432553776587407413e+01 9.409380496405773675e-01
1.874493835449218750e+03 5.516486166024361637e+01 9.417930220054817614e-01
1.874514648437500000e+03 5.624004354873353861e+01 9.440684368675463789e-01
1.874535461425781250e+03 5.361512126167868075e+01 9.424590559244276911e-01
1.874556335449218750e+03 5.424293554383781668e+01 9.413008571528048707e-01
1.874577148437500000e+03 5.225741387060539012e+01 9.449691148787064954e-01
1.874597961425781250e+03 5.238401324868122799e+01 9.435769850935578074e-01
1.874618835449218750e+03 5.346616296646219268e+01 9.416209565661620706e-01
1.874639648437500000e+03 5.502863545886910401e+01 9.426608767428321656e-01
1.874660461425781250e+03 5.534798442393983464e+01 9.404705034788801710e-01
1.874681335449218750e+03 5.389922591579127698e+01 9.413951699012435004e-01
1.874702148437500000e+03 5.378215514483574111e+01 9.410843358146129267e-01
1.874722961425781250e+03 5.530531420077252847e+01 9.417578646010196231e-01
1.874743835449218750e+03 5.399681591018796212e+01 9.412146092280108123e-01
1.874764648437500000e+03 5.573384858783126106e+01 9.415834505451522451e-01
1.874785461425781250e+03 5.265810254486758879e+01 9.425058867576774357e-01
1.874806335449218750e+03 5.177494125833749194e+01 9.398048044001132695e-01
1.874827148437500000e+03 4.946072708486892111e+01 9.404773799096577402e-01
1.874847961425781250e+03 5.106610836801793596e+01 9.396442686792072507e-01
1.874868835449218750e+03 5.074116304193637461e+01 9.395536182607749920e-01
1.874889648437500000e+03 4.897316057435412517e+01 9.390699909946025326e-01
1.874910461425781250e+03 5.074822159089386275e+01 9.396420167978351001e-01
1.874931335449218750e+03 4.927678849358294144e+01 9.383170064676782385e-01
1.874952148437500000e+03 4.941168694094673697e+01 9.484565406157512424e-01
1.874972961425781250e+03 4.954870594135584838e+01 9.386484740884791789e-01
1.874993835449218750e+03 4.624046920905139757e+01 9.428741281184990219e-01
1.875014648437500000e+03 4.926566390443758792e+01 9.384843744593892589e-01
1.875035461425781250e+03 4.813720727249420861e+01 9.388439082732910057e-01
1.875056335449218750e+03 4.631517729534890293e+01 9.374334311692965604e-01
1.875077148437500000e+03 4.803595086733241715e+01 9.388296552710526655e-01
1.875097961425781250e+03 4.598164015064145360e+01 9.399306259527901997e-01
1.875118835449218750e+03 4.580431305573769407e+01 9.394691450057724991e-01
1.875139648437500000e+03 5.065463372596133240e+01 9.372998341814076095e-01
1.875160461425781250e+03 4.625867779407849412e+01 9.372760505220445459e-01
1.875181335449218750e+03 4.912922063011966145e+01 9.383343480671013648e-01
1.875202148437500000e+03 4.802388511058737208e+01 9.375372561363504165e-01
1.875222961425781250e+03 5.019614987073386203e+01 9.407768203030444365e-01
1.875243835449218750e+03 4.752577562797398514e+01 9.395593912213656695e-01
1.875264648437500000e+03 4.828390106531935544e+01 9.374675109319999811e-01
1.875285461425781250e+03 4.609108470509634969e+01 9.391225126008353463e-01
1.875306335449218750e+03 4.850202517158147941e+01 9.385973865482403200e-01
1.875327148437500000e+03 4.813218508514809457e+01 9.377148064253822968e-01
1.875347961425781250e+03 4.791186957535153113e+01 9.372608515573449539e-01
1.875368835449218750e+03 4.628581538389525463e+01 9.364813038374731891e-01
1.875389648437500000e+03 4.779292275660948519e+01 9.415374917634992125e-01
1.875410461425781250e+03 4.714054531549511751e+01 9.378519033551903084e-01
1.875431335449218750e+03 4.879566198999587812e+01 9.420328231547828723e-01
1.875452148437500000e+03 4.736468896022986996e+01 9.377934314552253126e-01
1.875472961425781250e+03 4.889993514072872927e+01 9.388446066330959905e-01
1.875493835449218750e+03 4.758677823020504150e+01 9.394357088818180435e-01
1.875514648437500000e+03 4.885912244590009834e+01 9.396336118408268323e-01
1.875535461425781250e+03 5.233007569126026226e+01 9.409705455682197961e-01
1.875556335449218750e+03 5.316839556323037641e+01 9.444034714007690789e-01
1.875577148437500000e+03 5.133079635298628318e+01 9.399095088946507470e-01
1.875597961425781250e+03 5.063813735631397606e+01 9.396284736791365999e-01
1.875618835449218750e+03 4.954831558007734316e+01 9.404747497600444150e-01
1.875639648437500000e+03 5.047151671900819281e+01 9.403832603395020362e-01
1.875660461425781250e+03 5.101672849233221996e+01 9.404176451802321868e-01
1.875681335449218750e+03 5.268917437409255911e+01 9.412606470992721519e-01
1.875702148437500000e+03 4.935925743062826143e+01 9.389352302820926921e-01
1.875722961425781250e+03 5.114865908089166169e+01 9.382389653037501720e-01
1.875743835449218750e+03 5.119448027803427692e+01 9.392905937339526279e-01
1.875764648437500000e+03 4.850293908823908851e+01 9.390976326411445418e-01
1.875785461425781250e+03 5.094349242806285361e+01 9.397379231347982032e-01
1.875806335449218750e+03 4.894101436811259020e+01 9.384336590759758678e-01
1.875827148437500000e+03 4.901056200963662945e+01 9.392655595795863510e-01
1.875847961425781250e+03 4.910895301105338717e+01 9.394651162379531462e-01
1.875868835449218750e+03 5.008949473053516499e+01 9.383290439855491716e-01
1.875889648437500000e+03 4.856796274768500155e+01 9.419971052275155632e-01
1.875910461425781250e+03 4.891660857368310644e+01 9.380480118280229984e-01
1.875931335449218750e+03 4.793670449112931919e+01 9.368055950818635624e-01
1.875952148437500000e+03 4.892029873536726825e+01 9.384249574761193147e-01
1.875972961425781250e+03 5.008439987792090164e+01 9.381015754840187348e-01
1.875993835449218750e+03 4.780321087702763805e+01 9.397375108599856919e-01
1.876014648437500000e+03 5.171533489787611870e+01 9.405987707390803809e-01
1.876035461425781250e+03 5.017524422245891458e+01 9.401891921771873273e-01
1.876056335449218750e+03 5.087446422577926342e+01 9.391690020855150145e-01
1.876077148437500000e+03 5.097188739159382465e+01 9.450845049358703731e-01
1.876097961425781250e+03 4.896822420716597435e+01 9.390842403491322932e-01
1.876118835449218750e+03 5.023841463699443466e+01 9.382379170876511409e-01
1.876139648437500000e+03 5.059325426208894783e+01 9.396271732757350836e-01
1.876160461425781250e+03 5.197157937608292855e+01 9.390459665375853193e-01
1.876181335449218750e+03 5.035173166993290295e+01 9.384970766935512021e-01
1.876202148437500000e+03 5.165293910850755310e+01 9.406988564831545441e-01
1.876222961425781250e+03 4.901022579007249647e+01 9.380581465859086920e-01
1.876243835449218750e+03 5.107704078913670287e+01 9.386172948265234517e-01
1.876264648437500000e+03 5.058851569986327945e+01 9.405558690619304496e-01
1.876285461425781250e+03 5.466815478560621955e+01 9.400363626447275633e-01
1.876306335449218750e+03 5.140234968731311938e+01 9.410554224247109634e-01
1.876327148437500000e+03 5.263746361460580658e+01 9.398934963946563581e-01
1.876347961425781250e+03 5.091730802857091476e+01 9.416996352295595729e-01
1.876368835449218750e+03 5.566832580348336990e+01 9.394260013971205137e-01
1.876389648437500000e+03 5.421197402470191662e+01 9.401757837351757408e-01
1.876410461425781250e+03 5.072496469472909553e+01 9.394996298463913487e-01
1.876431335449218750e+03 5.317726915204885074e+01 9.404938261000829192e-01
1.876452148437500000e+03 5.226285638861669725e+01 9.403354046898058094e-01
1.876472961425781250e+03 5.493286504352724364e+01 9.391729686585421621e-01
1.876493835449218750e+03 5.032878050298879202e+01 9.386665715557107603e-01
1.876514648437500000e+03 5.187760516435949398e+01 9.391726830658437830e-01
1.876535461425781250e+03 5.330146079145224292e+01 9.395391857041095474e-01
1.876556335449218750e+03 5.434403254353559021e+01 9.382099006961513998e-01
1.876577148437500000e+03 5.400422651511550498e+01 9.383965655636359315e-01
1.876597961425781250e+03 5.329270059735137011e+01 9.427584359078108323e-01
1.876618835449218750e+03 5.391662361116451052e+01 9.389432606073780940e-01
1.876639648437500000e+03 5.459543217469841636e+01 9.388300679445378272e-01
1.876660461425781250e+03 5.296985303239728182e+01 9.416419402958111640e-01
1.876681335449218750e+03 5.284523390175998259e+01 9.401082948433787667e-01
1.876702148437500000e+03 5.159680170755112272e+01 9.407749829529428176e-01
1.876743835449218750e+03 5.416218366974526077e+01 9.391670981245112682e-01
1.876764648437500000e+03 5.295757234460810992e+01 9.395965974185861436e-01
1.876785461425781250e+03 5.443276289436745685e+01 9.394077599372047116e-01
1.876806335449218750e+03 5.425725874934771298e+01 9.400559551243750089e-01
1.876827148437500000e+03 5.501496066804422469e+01 9.425917952076235951e-01
1.876847961425781250e+03 5.451941230010952211e+01 9.425370638614826158e-01
1.876868835449218750e+03 5.306811016156012784e+01 9.424891594685796958e-01
1.876889648437500000e+03 5.453193369074662655e+01 9.439632149657612992e-01
1.876910461425781250e+03 5.321372336487911525e+01 9.432515463797407351e-01
1.876931335449218750e+03 5.282132165725320760e+01 9.380289175196022677e-01
1.876952148437500000e+03 5.530665514233010072e+01 9.401764177083721252e-01
1.876972961425781250e+03 5.230900662176706817e+01 9.449305432644695690e-01
1.876993835449218750e+03 5.373665611250980589e+01 9.407307587540674199e-01
1.877014648437500000e+03 5.738101115801318031e+01 9.437525149179258888e-01
1.877035461425781250e+03 5.444871364635996258e+01 9.430748804728249501e-01
1.877056335449218750e+03 5.437324471143949722e+01 9.421901683864479793e-01
1.877077148437500000e+03 5.380875685214641635e+01 9.428578498814974562e-01
1.877097961425781250e+03 5.841546973233897688e+01 9.397869825461360183e-01
1.877118835449218750e+03 5.578964023013223539e+01 9.409035887953122179e-01
1.877139648437500000e+03 5.513081970516415709e+01 9.401244621868748430e-01
1.877160461425781250e+03 5.476801229678288507e+01 9.411426665874347286e-01
1.877181335449218750e+03 5.359186617818534160e+01 9.412202136834728616e-01
1.877202148437500000e+03 5.749113838159009049e+01 9.405230736241938505e-01
1.877222961425781250e+03 5.490834463313264280e+01 9.398263677573546193e-01
1.877243835449218750e+03 5.805417255208477911e+01 9.411167950241489111e-01
1.877264648437500000e+03 5.636345169601590044e+01 9.407987098359811284e-01
1.877285461425781250e+03 5.944667932755764639e+01 9.415893693160984901e-01
1.877306335449218750e+03 5.706661075473702738e+01 9.435928403341801163e-01
1.877327148437500000e+03 5.872856399169151587e+01 9.412598555455454763e-01
1.877347961425781250e+03 6.051908455840441547e+01 9.435730686185866967e-01
1.877368774414062500e+03 5.751265082844957988e+01 9.427635570108739982e-01
1.877389648437500000e+03 5.819737144877886692e+01 9.451118760768717486e-01
1.877410461425781250e+03 5.818986832928041508e+01 9.457963067984311856e-01
1.877431274414062500e+03 5.779507111691536636e+01 9.414640226879503748e-01
1.877452087402343750e+03 6.046672022262474400e+01 9.407171045878273130e-01
1.877472961425781250e+03 6.009355053399760038e+01 9.446512542040286231e-01
1.877493774414062500e+03 6.131374127291891796e+01 9.448607445095800195e-01
1.877514587402343750e+03 6.027149434088899227e+01 9.441620628186330189e-01
1.877535461425781250e+03 5.991460244544937552e+01 9.468223557142778635e-01
1.877556274414062500e+03 5.979467522017519343e+01 9.417114712737821858e-01
1.877577087402343750e+03 5.896100491087787532e+01 9.422497274874613860e-01
1.877597961425781250e+03 6.129770071298699463e+01 9.427375086419870209e-01
1.877618774414062500e+03 6.253220252788192113e+01 9.425025666199400298e-01
1.877639587402343750e+03 6.482466439140695513e+01 9.435670991214316627e-01
1.877660461425781250e+03 6.163988591353248125e+01 9.430741536443478790e-01
1.877681274414062500e+03 6.319814465979870022e+01 9.434684548191317743e-01
1.877702087402343750e+03 6.420164367593520183e+01 9.460175147239718862e-01
1.877722961425781250e+03 6.321685464354278849e+01 9.445335394466346512e-01
1.877743774414062500e+03 6.549118268938779863e+01 9.461178147321215315e-01
1.877764587402343750e+03 6.762405183806755815e+01 9.445001563924778631e-01
1.877785461425781250e+03 6.167629249159550398e+01 9.440649012484880753e-01
1.877806274414062500e+03 6.429044008250770048e+01 9.448399584343851743e-01
1.877827087402343750e+03 6.119021533737003438e+01 9.425947040059423632e-01
1.877847961425781250e+03 6.093940901262290311e+01 9.424339478212846455e-01
1.877868774414062500e+03 6.152815261736843411e+01 9.424943452761576079e-01
1.877889587402343750e+03 6.154950767632104203e+01 9.417666936315833848e-01
1.877910461425781250e+03 6.049618065016133528e+01 9.427227454725967126e-01
1.877931274414062500e+03 6.051008286273544456e+01 9.452202176535330347e-01
1.877952087402343750e+03 5.958126970721410487e+01 9.416405477249213396e-01
1.877972961425781250e+03 5.938037917193101123e+01 9.420531966360529141e-01
1.877993774414062500e+03 6.041842561501731268e+01 9.424600045801980741e-01
1.878014587402343750e+03 5.840560428421765948e+01 9.459781037391438163e-01
1.878035461425781250e+03 6.120025144374292836e+01 9.421260503717766577e-01
1.878056274414062500e+03 6.004086210850496741e+01 9.420764484404202666e-01
1.878077087402343750e+03 6.244579923998465176e+01 9.431446849975574365e-01
1.878097961425781250e+03 5.985346806613696913e+01 9.430212832705813231e-01
1.878118774414062500e+03 6.166193951599389322e+01 9.465260558292668547e-01
1.878139587402343750e+03 6.307625489137645047e+01 9.426082993573223767e-01
1.878160461425781250e+03 6.102931089252196273e+01 9.444414965421509267e-01
1.878181274414062500e+03 6.220131149705972007e+01 9.416035488940913689e-01
1.878202087402343750e+03 6.083441548418207390e+01 9.422638971281106501e-01
1.878222961425781250e+03 6.032419724234405578e+01 9.458786711280655624e-01
1.878243774414062500e+03 6.020913064760978273e+01 9.465328567815171068e-01
1.878264587402343750e+03 6.098266755149134610e+01 9.432597295288127626e-01
1.878285461425781250e+03 6.093626347026133772e+01 9.409691203317663843e-01
1.878306274414062500e+03 6.171847102215775749e+01 9.472669463787497524e-01
1.878327087402343750e+03 6.102429977717359577e+01 9.414269852630050561e-01
1.878347961425781250e+03 6.258287430972897880e+01 9.439605629571263812e-01
1.878368774414062500e+03 5.987547595820058177e+01 9.418728253922294957e-01
1.878389587402343750e+03 6.245503726478484907e+01 9.475837409323010219e-01
1.878410461425781250e+03 6.212702111810112626e+01 9.414031475854934827e-01
1.878431274414062500e+03 6.108186201795875547e+01 9.432407723184488280e-01
1.878452087402343750e+03 5.980292436070014617e+01 9.428453328323948002e-01
1.878472961425781250e+03 6.024109062952375382e+01 9.416657719284352579e-01
1.878493774414062500e+03 6.035497566175794759e+01 9.422659846018054397e-01
1.878514587402343750e+03 6.091398819299048739e+01 9.429212860070689262e-01
1.878535461425781250e+03 6.162982494928407107e+01 9.416112399597977856e-01
1.878556274414062500e+03 6.100703625250025652e+01 9.455140269452902979e-01
1.878577087402343750e+03 5.840892966040446765e+01 9.409692786914789497e-01
1.878597961425781250e+03 6.003717919364633815e+01 9.410246079436949129e-01
1.878618774414062500e+03 5.877162800494323847e+01 9.417857438026546735e-01
1.878639587402343750e+03 6.005624841325399643e+01 9.436489316366795110e-01
1.878660461425781250e+03 5.902100215705831943e+01 9.413952965316803034e-01
1.878681274414062500e+03 5.796425812680590184e+01 9.410494052877584892e-01
1.878702087402343750e+03 5.883083869977271263e+01 9.413746555455891896e-01
1.878722961425781250e+03 5.967051755050071904e+01 9.411221783945683539e-01
1.878743774414062500e+03 5.486891886739657309e+01 9.410000316425282119e-01
1.878764587402343750e+03 5.996643231710623922e+01 9.417360290086480568e-01
1.878785461425781250e+03 5.843615171524533025e+01 9.415745248416019786e-01
1.878806274414062500e+03 5.816724523293359539e+01 9.408415687635340863e-01
1.878827087402343750e+03 5.687256683994131379e+01 9.393905333289896964e-01
1.878847961425781250e+03 5.707999301760618494e+01 9.404060146881773052e-01
1.878868774414062500e+03 5.695883075514908001e+01 9.392944011514464675e-01
1.878889587402343750e+03 5.747680671288703991e+01 9.413080124626180822e-01
1.878910461425781250e+03 5.762742393227219395e+01 9.406513653985711931e-01
1.878931274414062500e+03 5.462997314798533921e+01 9.401236062756597178e-01
1.878952087402343750e+03 5.687506457259870274e+01 9.399899794673469700e-01
1.878972961425781250e+03 5.642333728924749892e+01 9.416603916656811624e-01
1.878993774414062500e+03 5.732323867265029094e+01 9.460232797423719919e-01
1.879014587402343750e+03 5.655377010424412276e+01 9.404666374450268984e-01
1.879035461425781250e+03 5.559401331301023674e+01 9.476610439899447735e-01
1.879056274414062500e+03 5.930935743252960890e+01 9.430086735804865672e-01
1.879077087402343750e+03 5.887039445849038088e+01 9.392829471238633987e-01
1.879097961425781250e+03 5.848487181512072652e+01 9.390780836389593933e-01
1.879118774414062500e+03 5.593255099094594129e+01 9.395163151987613315e-01
1.879139587402343750e+03 5.563447297610750297e+01 9.416318441102004000e-01
1.879160461425781250e+03 5.675557206209226990e+01 9.391710647055798722e-01
1.879181274414062500e+03 5.453949544737517385e+01 9.395204071886007480e-01
1.879202087402343750e+03 5.431554962761704530e+01 9.418025468729075422e-01
1.879222961425781250e+03 5.501996140504525101e+01 9.380615459942812651e-01
1.879243774414062500e+03 5.408708789623972280e+01 9.385328960679257815e-01
1.879264587402343750e+03 5.373688422128138598e+01 9.384943139722509153e-01
1.879285461425781250e+03 5.454105359469699010e+01 9.376631912612741759e-01
1.879306274414062500e+03 5.242649088385392986e+01 9.371589358137147885e-01
1.879327087402343750e+03 5.370539561006337692e+01 9.390731011171551401e-01
1.879347961425781250e+03 5.347565949515383465e+01 9.382792095635403840e-01
1.879368774414062500e+03 5.426801048390041160e+01 9.387015590030171053e-01
1.879389587402343750e+03 5.585381024894257962e+01 9.390036604183299440e-01
1.879410461425781250e+03 5.354636929469263862e+01 9.443066187097322040e-01
1.879431274414062500e+03 5.407661917565761200e+01 9.396880365693032200e-01
1.879452087402343750e+03 5.200660892328387774e+01 9.389380869274162045e-01
1.879472961425781250e+03 5.298657980598959227e+01 9.417681809511665447e-01
1.879493774414062500e+03 5.004605542163970711e+01 9.385380084735283068e-01
1.879514587402343750e+03 5.328897431493466286e+01 9.389002832841135682e-01
1.879535461425781250e+03 5.348904075030412741e+01 9.368776799037030756e-01
1.879556274414062500e+03 5.357952576957328006e+01 9.389124402892624621e-01
1.879577087402343750e+03 5.062762492414066173e+01 9.386909549597992619e-01
1.879597961425781250e+03 5.263456747825289028e+01 9.402704945921895874e-01
1.879618774414062500e+03 5.264499124254011519e+01 9.379716958084376444e-01
1.879639587402343750e+03 5.239687688388201536e+01 9.373971882712238690e-01
1.879660461425781250e+03 5.376356543549155731e+01 9.379458321016780342e-01
1.879681274414062500e+03 5.347126820891922705e+01 9.378670927413733649e-01
1.879702087402343750e+03 5.124538483075349404e+01 9.418177041875686051e-01
1.879722961425781250e+03 5.280540424054646564e+01 9.419551531246309617e-01
1.879743774414062500e+03 5.467838123561841712e+01 9.372152531843427337e-01
1.879764587402343750e+03 5.492848982638024324e+01 9.406983179052429422e-01
1.879785461425781250e+03 5.267738239779836817e+01 9.380174162677301641e-01
1.879806274414062500e+03 5.203057974859731871e+01 9.390718951524901215e-01
1.879827087402343750e+03 5.469375492479295531e+01 9.381619024166493181e-01
1.879847961425781250e+03 5.137356073307135773e+01 9.365224191860991310e-01
1.879868774414062500e+03 5.082622188967926036e+01 9.385587118437771492e-01
1.879889587402343750e+03 5.219578445471535133e+01 9.411591328179260696e-01
1.879910461425781250e+03 5.363555148102327053e+01 9.375120480081148289e-01
1.879931274414062500e+03 5.335120198832440508e+01 9.399001550911536551e-01
1.879952087402343750e+03 5.335683530664515217e+01 9.381334707753223867e-01
1.879972961425781250e+03 5.169993654974919650e+01 9.386163422869419071e-01
1.879993774414062500e+03 5.085669930812861139e+01 9.360572203422135029e-01
1.880014587402343750e+03 5.350877049893341564e+01 9.409616457230184361e-01
1.880035461425781250e+03 4.958682321058535081e+01 9.383116387648070544e-01
1.880056274414062500e+03 5.091337239656938607e+01 9.368882090405270535e-01
1.880077087402343750e+03 5.046917444722623713e+01 9.422144289739071699e-01
1.880097961425781250e+03 5.221225299485536198e+01 9.394769804338670705e-01
1.880118774414062500e+03 5.094485011231711269e+01 9.392160286972636163e-01
1.880139587402343750e+03 5.282959493362821490e+01 9.379970504454089308e-01
1.880160461425781250e+03 5.318402985778219261e+01 9.400166746446173560e-01
1.880181274414062500e+03 5.259692267819340827e+01 9.368505453591582377e-01
1.880202087402343750e+03 5.182600123911034018e+01 9.385947511304707502e-01
1.880222961425781250e+03 5.432334670404543431e+01 9.409116973430399211e-01
1.880243774414062500e+03 5.387111926689267705e+01 9.391347619306770200e-01
1.880264587402343750e+03 5.333001358431049255e+01 9.390771950382815758e-01
1.880285461425781250e+03 5.278765386212727151e+01 9.445047316445309704e-01
1.880306274414062500e+03 5.440478041026567269e+01 9.376965316767713610e-01
1.880327087402343750e+03 5.030727296306400831e+01 9.410268565165202936e-01
1.880347961425781250e+03 5.241379626589406371e+01 9.399186406536891303e-01
1.880368774414062500e+03 5.068423845180578269e+01 9.369536715324371379e-01
1.880389587402343750e+03 5.003739205568010107e+01 9.355838903698024955e-01
1.880410461425781250e+03 5.059946769333765815e+01 9.349573304644849259e-01
1.880431274414062500e+03 5.031402472081703081e+01 9.370514750432861195e-01
1.880452087402343750e+03 5.180137930913589628e+01 9.365082899664600724e-01
1.880472961425781250e+03 5.320427150495882529e+01 9.360221022131923752e-01
1.880493774414062500e+03 5.059514146611348906e+01 9.358165248834485750e-01
1.880514587402343750e+03 5.156946326219811283e+01 9.408199653205128188e-01
1.880535461425781250e+03 5.132763064337636649e+01 9.359936692541352965e-01
1.880556274414062500e+03 5.096613721557937993e+01 9.361274208122102314e-01
1.880577087402343750e+03 5.072939464464266734e+01 9.376953239417080699e-01
1.880597961425781250e+03 4.613817528134846668e+01 9.430230214351909002e-01
1.880618774414062500e+03 4.939195744265377641e+01 9.343599822199439853e-01
1.880639587402343750e+03 5.064594152352310630e+01 9.349123210391727667e-01
1.880660461425781250e+03 5.008504348110099613e+01 9.363361445828699559e-01
1.880681274414062500e+03 5.094061523525523683e+01 9.370828972240590193e-01
1.880702087402343750e+03 4.921010735577358730e+01 9.359812832941702965e-01
1.880722961425781250e+03 4.714182247674878568e+01 9.351663472611240202e-01
1.880743774414062500e+03 4.735466424297051447e+01 9.358525423901861151e-01
1.880764587402343750e+03 4.746139181648153738e+01 9.362728670737499037e-01
1.880785461425781250e+03 4.742556387518550309e+01 9.335519629667389241e-01
1.880806274414062500e+03 4.722580298972764012e+01 9.334755028573671343e-01
1.880827087402343750e+03 4.871739958648589663e+01 9.347088271666487147e-01
1.880847961425781250e+03 4.784812029707721592e+01 9.378540959805222732e-01
1.880868774414062500e+03 4.603198188489437825e+01 9.342264561288253777e-01
1.880889587402343750e+03 4.739959468225627859e+01 9.344058475059116020e-01
1.880910461425781250e+03 4.775554356835560554e+01 9.342625668348860657e-01
1.880931274414062500e+03 5.029559548617585563e+01 9.341080338427766305e-01
1.880952087402343750e+03 4.873481047741393013e+01 9.355890188898667859e-01
1.880972961425781250e+03 4.832025709244572909e+01 9.382178101703416706e-01
1.880993774414062500e+03 4.841662157604463346e+01 9.332728452893210846e-01
1.881014587402343750e+03 4.541524379567684377e+01 9.331194898030014118e-01
1.881035461425781250e+03 4.920888379114059319e+01 9.336891285206502245e-01
1.881056274414062500e+03 4.852857162263379109e+01 9.358786868561200789e-01
1.881077087402343750e+03 4.637380727997306451e+01 9.337638157405896422e-01
1.881097961425781250e+03 4.604060762798228268e+01 9.336083383098743305e-01
1.881118774414062500e+03 4.842765953106933807e+01 9.338289547162329507e-01
1.881139587402343750e+03 4.812804638474632668e+01 9.329422149692392363e-01
1.881160461425781250e+03 4.711370579735104513e+01 9.335407577223050479e-01
1.881181274414062500e+03 4.756353889613686192e+01 9.334437357512572753e-01
1.881202087402343750e+03 4.665489894769130785e+01 9.376473946734046327e-01
1.881222961425781250e+03 4.870695368548489057e+01 9.348296599846148691e-01
1.881243774414062500e+03 4.620731306340593392e+01 9.354642700169595315e-01
1.881264587402343750e+03 4.668349574550785519e+01 9.358049645940550443e-01
1.881285461425781250e+03 4.836582759930682585e+01 9.351653912064805674e-01
1.881306274414062500e+03 4.764422833159815696e+01 9.333815712611243098e-01
1.881327087402343750e+03 4.803212574876022245e+01 9.347005372714890514e-01
1.881347961425781250e+03 4.608849264488222275e+01 9.325271962472315712e-01
1.881368774414062500e+03 4.303403852491418036e+01 9.333899047997956666e-01
1.881389587402343750e+03 4.737910927781663872e+01 9.379288646142622810e-01
1.881410461425781250e+03 4.672881302623865452e+01 9.324695410368897264e-01
1.881431274414062500e+03 4.821347515462636579e+01 9.320511143526855058e-01
1.881452087402343750e+03 4.589793174169695078e+01 9.326265504377029281e-01
1.881472961425781250e+03 4.490104120726843462e+01 9.342216710365414123e-01
1.881493774414062500e+03 4.491508372907935609e+01 9.327355754067189197e-01
1.881514587402343750e+03 4.565545580500972278e+01 9.356692877144880960e-01
1.881535461425781250e+03 4.633053750839110307e+01 9.317931684131003367e-01
1.881556274414062500e+03 4.779488945295445035e+01 9.343605563473128539e-01
1.881577087402343750e+03 4.892330408030682065e+01 9.329350593858505292e-01
1.881597961425781250e+03 4.717181905033675093e+01 9.344145546390342227e-01
1.881618774414062500e+03 4.748068127689383289e+01 9.332357701898490454e-01
1.881639587402343750e+03 4.930932599894677537e+01 9.363864643381508701e-01
1.881660461425781250e+03 4.614234505994330959e+01 9.341832937098817347e-01
1.881681274414062500e+03 4.720925604309199741e+01 9.358757253394125453e-01
1.881702087402343750e+03 4.936762701759077743e+01 9.364981066129152154e-01
1.881722961425781250e+03 5.007819985209746960e+01 9.341506254830604927e-01
1.881743774414062500e+03 4.668191625336821460e+01 9.374549854915691371e-01
1.881764587402343750e+03 4.833327333253565428e+01 9.343403659895664903e-01
1.881785461425781250e+03 4.786714809818761296e+01 9.327310382793878585e-01
1.881806274414062500e+03 4.736970953479105617e+01 9.340198773345798067e-01
1.881827087402343750e+03 4.843446449434823364e+01 9.342812277393266474e-01
1.881847961425781250e+03 4.710211750689984456e+01 9.345008242293754153e-01
1.881868774414062500e+03 4.808457180691327437e+01 9.411225267292405716e-01
1.881889587402343750e+03 5.018428897427081381e+01 9.332054958896212060e-01
1.881910461425781250e+03 4.840629808492718666e+01 9.340606224370459065e-01
1.881931274414062500e+03 4.978887474762552756e+01 9.336349925105165148e-01
1.881952087402343750e+03 4.952796180491333189e+01 9.333073004997537447e-01
1.881972961425781250e+03 4.984989005031420106e+01 9.331816398156076442e-01
1.881993774414062500e+03 4.714127913282878524e+01 9.335985063886584889e-01
1.882014587402343750e+03 4.842314289155511631e+01 9.366322634160901828e-01
1.882035461425781250e+03 4.780735901490550077e+01 9.357313639206525924e-01
1.882056274414062500e+03 4.618472531644499668e+01 9.336960868131622959e-01
1.882077087402343750e+03 4.731687328984915553e+01 9.350644900780966662e-01
1.882097961425781250e+03 4.960464109656993514e+01 9.348879347160279352e-01
1.882118774414062500e+03 5.037777943456610785e+01 9.348956810287876174e-01
1.882139587402343750e+03 4.875706520846505043e+01 9.351831099270693226e-01
1.882160461425781250e+03 4.945379060953145256e+01 9.344268975788275755e-01
1.882181274414062500e+03 5.080353032301883331e+01 9.355064494850079404e-01
1.882202087402343750e+03 5.082006684364081650e+01 9.353954853698477345e-01
1.882222961425781250e+03 5.401917776698678608e+01 9.349619205390793386e-01
1.882243774414062500e+03 5.115898246181178877e+01 9.339380946034614439e-01
1.882264587402343750e+03 5.386156897765657448e+01 9.357162035648904919e-01
1.882285461425781250e+03 5.130789417491661197e+01 9.394203545134695021e-01
1.882306274414062500e+03 5.037011259588622636e+01 9.344087179983237013e-01
1.882327087402343750e+03 5.407843912386495333e+01 9.357541358422195588e-01
1.882347961425781250e+03 5.070641275964619865e+01 9.349984490794818193e-01
1.882368774414062500e+03 5.140970631248669065e+01 9.339495822707258865e-01
1.882389587402343750e+03 5.003908526123662170e+01 9.343164113025580475e-01
1.882410461425781250e+03 4.924487615259180018e+01 9.329511593712970230e-01
1.882431274414062500e+03 4.928773123961653368e+01 9.336063910869470961e-01
1.882452087402343750e+03 5.108476000683367602e+01 9.345032479549683080e-01
1.882472961425781250e+03 5.056092827140885504e+01 9.360767687570733520e-01
1.882493774414062500e+03 5.348859436207513340e+01 9.380307284773505838e-01
1.882514587402343750e+03 5.412305522351734055e+01 9.354249241612420107e-01
1.882535461425781250e+03 5.058064579156568641e+01 9.344154157796593640e-01
1.882556274414062500e+03 5.386601413506316760e+01 9.404122894674260547e-01
1.882577087402343750e+03 5.054674652972811089e+01 9.360412374586464246e-01
1.882597961425781250e+03 5.064342207259656448e+01 9.339888626431162022e-01
1.882618774414062500e+03 5.463259218618676982e+01 9.409885983764495476e-01
1.882639587402343750e+03 5.258408705450752052e+01 9.352070742812716997e-01
1.882660461425781250e+03 5.212932119440657175e+01 9.366342998039383083e-01
1.882681274414062500e+03 5.184599698344106855e+01 9.434232828358495304e-01
1.882702087402343750e+03 5.148476316485667326e+01 9.338944082672551161e-01
1.882722961425781250e+03 5.201830457816438980e+01 9.353705062748071120e-01
1.882743774414062500e+03 5.224154546332407278e+01 9.345941650152966851e-01
1.882764587402343750e+03 5.329037481244370156e+01 9.353926816271083133e-01
1.882785461425781250e+03 5.083439005254450649e+01 9.386798110607385004e-01
1.882806274414062500e+03 5.417622178244131703e+01 9.329725616995639959e-01
1.882827087402343750e+03 5.379930542453135445e+01 9.340157612465259662e-01
1.882847961425781250e+03 5.109019862859494765e+01 9.346824267832245514e-01
1.882868774414062500e+03 5.120105162518088093e+01 9.351066238378402673e-01
1.882889587402343750e+03 5.365024064121656977e+01 9.352120136662468441e-01
1.882910461425781250e+03 5.135984864500218805e+01 9.367574930331671323e-01
1.882931274414062500e+03 5.089996234702034883e+01 9.344655838247363233e-01
1.882952087402343750e+03 5.117521635633229948e+01 9.339927873986443307e-01
1.882993774414062500e+03 5.271585773240910555e+01 9.332076994319555840e-01
1.883014587402343750e+03 5.303664460863478780e+01 9.355947526057224461e-01
1.883035461425781250e+03 5.221511894345346150e+01 9.335814598902572037e-01
1.883056274414062500e+03 5.372111109862008504e+01 9.341182113476330651e-01
1.883077087402343750e+03 5.356368208967174382e+01 9.345160680831468003e-01
1.883097961425781250e+03 5.529462005630723809e+01 9.349052442893414083e-01
1.883118774414062500e+03 5.353715779544904763e+01 9.347339833599609404e-01
1.883139587402343750e+03 5.354636374755483530e+01 9.347892990972164196e-01
1.883160461425781250e+03 5.419550116017623509e+01 9.362678377924904538e-01
1.883181274414062500e+03 5.312958747774499102e+01 9.338522517278086132e-01
1.883202087402343750e+03 5.340121929937151890e+01 9.386675240443208557e-01
1.883222900390625000e+03 5.435315687802300033e+01 9.344041252062317282e-01
1.883243713378906250e+03 5.258381759837834579e+01 9.330487755560696872e-01
1.883264587402343750e+03 5.094650740690423163e+01 9.349970147396308162e-01
1.883285400390625000e+03 5.276450006910100399e+01 9.364426053897200175e-01
1.883306213378906250e+03 5.124448277206576563e+01 9.364355083791419121e-01
1.883327087402343750e+03 5.296738782928873945e+01 9.337114714776690860e-01
1.883347900390625000e+03 5.151435020171378198e+01 9.338013486008047703e-01
1.883368713378906250e+03 5.544824387397906662e+01 9.341561766099841790e-01
1.883389587402343750e+03 5.403847860120407631e+01 9.357780855730113423e-01
1.883410400390625000e+03 5.338310566263152168e+01 9.359017099405836371e-01
1.883431213378906250e+03 5.300764599993939896e+01 9.350354542869594443e-01
1.883452087402343750e+03 5.367076973093202241e+01 9.345703762775905421e-01
1.883472900390625000e+03 5.432543015096214845e+01 9.340962609794002391e-01
1.883493713378906250e+03 5.391298355766230088e+01 9.380435957080476284e-01
1.883514587402343750e+03 5.479016774777556975e+01 9.392146959916984894e-01
1.883535400390625000e+03 5.437966428573110989e+01 9.384761496710688489e-01
1.883556213378906250e+03 5.515901194431961585e+01 9.405104621272855070e-01
1.883577087402343750e+03 5.332028687025876934e+01 9.370809254177893122e-01
1.883597900390625000e+03 5.634909463773773552e+01 9.370218647163536252e-01
1.883618713378906250e+03 5.653692695385957734e+01 9.383119246195802399e-01
1.888285339355468750e+03 6.994513468248456434e+01 9.641912624735512471e-01
1.888306213378906250e+03 7.119455409119623823e+01 9.638355253791541788e-01
1.888327026367187500e+03 7.692633748885593548e+01 9.655735483628233862e-01
1.888347839355468750e+03 7.869532133165233745e+01 9.650289998613643672e-01
1.888368713378906250e+03 7.640830854800873340e+01 9.681229561672715089e-01
1.888389526367187500e+03 8.124734316082512464e+01 9.666075858334884918e-01
1.888410339355468750e+03 8.243684624107176262e+01 9.650184380543783691e-01
1.888431213378906250e+03 8.129432759454046220e+01 9.662903046190366441e-01
1.888452026367187500e+03 8.354511758567105062e+01 9.655209840225748019e-01
1.888472839355468750e+03 8.241981127697515319e+01 9.675574191499498600e-01
1.888493713378906250e+03 8.166558503557763515e+01 9.646720887965224422e-01
1.888514526367187500e+03 8.266369970293781932e+01 9.648634256063313153e-01
1.888535339355468750e+03 8.178298824762268282e+01 9.616081564660479142e-01
1.888556213378906250e+03 7.839710426768367313e+01 9.626452769833760970e-01
1.888577026367187500e+03 8.120031309416415866e+01 9.630627584675525155e-01
1.888597839355468750e+03 8.724292417217823470e+01 9.644471252922246496e-01
1.888618713378906250e+03 8.741295908852092111e+01 9.625948128508781121e-01
1.888639526367187500e+03 8.912975051024781692e+01 9.631906780843721982e-01
1.888660339355468750e+03 9.061179273129083356e+01 9.631670077382112893e-01
1.888681213378906250e+03 8.855136757930648628e+01 9.623748140544243768e-01
1.888702026367187500e+03 9.032858114020240237e+01 9.624131819967786106e-01
1.888722839355468750e+03 8.567636791035724286e+01 9.619139385707407008e-01
1.888743713378906250e+03 8.636947040968378531e+01 9.607600536728668761e-01
1.888764526367187500e+03 8.463648991849252923e+01 9.589006189258983959e-01
1.888785339355468750e+03 8.647413061289297787e+01 9.600051140152298101e-01
1.888806213378906250e+03 8.809530123667732937e+01 9.595977002844975345e-01
1.888827026367187500e+03 8.461055002018383675e+01 9.574654042042225477e-01
1.888847839355468750e+03 8.498190419977186139e+01 9.604562624356454137e-01
1.888868713378906250e+03 8.489514732525989871e+01 9.589276267856614577e-01
1.888889526367187500e+03 8.547750835777790712e+01 9.571029636217204262e-01
1.888910339355468750e+03 8.509948570104421606e+01 9.565182926564453902e-01
1.888931213378906250e+03 8.650499040096150338e+01 9.573879277947415778e-01
1.888952026367187500e+03 8.586846756709149986e+01 9.562762337869671336e-01
1.888972839355468750e+03 8.305952717163843602e+01 9.581463914786244596e-01
1.888993713378906250e+03 8.639854835209661132e+01 9.570438929131418471e-01
1.889014526367187500e+03 9.111500399200409106e+01 9.603661179772935430e-01
1.889035339355468750e+03 8.530365421810364523e+01 9.559094452147202103e-01
1.889056213378906250e+03 8.979075905336371477e+01 9.569147155811812411e-01
1.889077026367187500e+03 8.892030594910488617e+01 9.589152262632580914e-01
1.889097839355468750e+03 8.751789397394453829e+01 9.575748378998821808e-01
1.889118713378906250e+03 8.515861724319678672e+01 9.559153999899082654e-01
1.889139526367187500e+03 8.492433043340680854e+01 9.545922164692378642e-01
1.889160339355468750e+03 8.569443615234344236e+01 9.563737440139645773e-01
1.889181213378906250e+03 8.344983010015715763e+01 9.568455730076884658e-01
1.889202026367187500e+03 8.412219101171638158e+01 9.533099010784487071e-01
1.889222839355468750e+03 8.630982895336155991e+01 9.560180282967820631e-01
1.889243713378906250e+03 8.318089059781790695e+01 9.533100261262233976e-01
1.889264526367187500e+03 8.769098593962839061e+01 9.553532740383474664e-01
1.889285339355468750e+03 8.850626304842938907e+01 9.556750594924707798e-01
1.889306213378906250e+03 8.613728185422979777e+01 9.559684924974873876e-01
1.889327026367187500e+03 8.789689694688036070e+01 9.547234873380526787e-01
1.889347839355468750e+03 9.264826653281018309e+01 9.556179588263050695e-01
1.889368713378906250e+03 9.221126735908168826e+01 9.549319227530007614e-01
1.889389526367187500e+03 9.107767901390465681e+01 9.587694847981779178e-01
1.889410339355468750e+03 9.019996137087734667e+01 9.601901179549056087e-01
1.889431152343750000e+03 8.990748400153852060e+01 9.585539246037705352e-01
1.889451965332031250e+03 8.824795544464677732e+01 9.542045108225600814e-01
1.889472839355468750e+03 8.749294551749875382e+01 9.535076748939651514e-01
1.889493652343750000e+03 8.713080189632727013e+01 9.573556778309313398e-01
1.889514465332031250e+03 8.752977211299199212e+01 9.570895430269740212e-01
1.889535339355468750e+03 8.836008011063640311e+01 9.533395682033204421e-01
1.889556152343750000e+03 8.800611168130733120e+01 9.548136651167540290e-01
1.889576965332031250e+03 9.109048146394916046e+01 9.541845841925734595e-01
1.889597839355468750e+03 9.213799598378317057e+01 9.549295820867551576e-01
1.889618652343750000e+03 8.940066028879850535e+01 9.534586025567119982e-01
1.889639465332031250e+03 9.069414478471009033e+01 9.539857948373255958e-01
1.889660339355468750e+03 8.942790479833155359e+01 9.526696289884916125e-01
1.889681152343750000e+03 9.104210877668707269e+01 9.550228609973786531e-01
1.889701965332031250e+03 9.194226333329865497e+01 9.543840191308161636e-01
1.889722839355468750e+03 8.988938614541720540e+01 9.535766219492118889e-01
1.889743652343750000e+03 9.158265420653539479e+01 9.531554545555573910e-01
1.889764465332031250e+03 9.353086483089057879e+01 9.594907647285275676e-01
1.889785339355468750e+03 9.756796526594941099e+01 9.576090722670909106e-01
1.889806152343750000e+03 9.913604438493882753e+01 9.581900295975372961e-01
1.889826965332031250e+03 1.005591166778251164e+02 9.582035591880290193e-01
1.889847839355468750e+03 1.000688843642600006e+02 9.584211571851385392e-01
1.889868652343750000e+03 1.044055496567415275e+02 9.599236823582114608e-01
1.889889465332031250e+03 1.090037353620942753e+02 9.654121423570573013e-01
1.889910339355468750e+03 1.121969259674366413e+02 9.625286481978247988e-01
1.889931152343750000e+03 1.166339813099331764e+02 9.637828353255794012e-01
1.889951965332031250e+03 1.100163091366496815e+02 9.625698894045942033e-01
1.889972839355468750e+03 9.963929597258669446e+01 9.568066080320503097e-01
1.889993652343750000e+03 9.449070779339140813e+01 9.561909937885451072e-01
1.890014465332031250e+03 9.800415244204315002e+01 9.553637555279320681e-01
1.890035339355468750e+03 9.570357828657645882e+01 9.544396323731716425e-01
1.890056152343750000e+03 9.856911506848489068e+01 9.547539221200345150e-01
1.890076965332031250e+03 9.611923836006597810e+01 9.573879900523083464e-01
1.890097839355468750e+03 9.851720597060175066e+01 9.564217319740504486e-01
1.890118652343750000e+03 9.957687770921559434e+01 9.576442390245110126e-01
1.890139465332031250e+03 9.990186471539814761e+01 9.566543771262326912e-01
1.890160339355468750e+03 1.039765794090949811e+02 9.582624340091635551e-01
1.890181152343750000e+03 1.039682259853479422e+02 9.600148307131557424e-01
1.890201965332031250e+03 1.036548466862634825e+02 9.599853698787899070e-01
1.890222839355468750e+03 1.001437796781577845e+02 9.576433365309530155e-01
1.890243652343750000e+03 1.011877264083479844e+02 9.569836974494343451e-01
1.890264465332031250e+03 1.007404632474130324e+02 9.566434736353501833e-01
1.890285339355468750e+03 1.010095057345480853e+02 9.550412410798766460e-01
1.890306152343750000e+03 1.003217758852336203e+02 9.568256079386204815e-01
1.890326965332031250e+03 9.855559541368170073e+01 9.568427075319602126e-01
1.890347839355468750e+03 1.028620558195590604e+02 9.567251844873504441e-01
1.890368652343750000e+03 1.030585690764745834e+02 9.578333393462219458e-01
1.890389465332031250e+03 1.084385492407993752e+02 9.603530222781003767e-01
1.890410339355468750e+03 1.062730387027956738e+02 9.618173308556386969e-01
1.890431152343750000e+03 1.074953514198187321e+02 9.598612767562559878e-01
1.890451965332031250e+03 1.099131595848460705e+02 9.617331087727850614e-01
1.890472839355468750e+03 1.105780900635732280e+02 9.618520029254857828e-01
1.890493652343750000e+03 1.128625119852101477e+02 9.621321532588299474e-01
1.890514465332031250e+03 1.097429787537357555e+02 9.630084787789748857e-01
1.890535339355468750e+03 1.101731830861563139e+02 9.607353307917867458e-01
1.890556152343750000e+03 1.117637395490029348e+02 9.636117273926623206e-01
1.890576965332031250e+03 1.092442791916978564e+02 9.608744468781661441e-01
1.890597839355468750e+03 1.087050775172314729e+02 9.607875365806745060e-01
1.890618652343750000e+03 1.074126047716793551e+02 9.593371890193589380e-01
1.890639465332031250e+03 1.024911337277149528e+02 9.576244462119570811e-01
1.890660339355468750e+03 1.060599517663567468e+02 9.602599818141153154e-01
1.890681152343750000e+03 1.050735861132936577e+02 9.595712392698875215e-01
1.890701965332031250e+03 1.023022753484827376e+02 9.563114495572989648e-01
1.890722839355468750e+03 1.027540413076299330e+02 9.564120722535669472e-01
1.890743652343750000e+03 1.032323250443135265e+02 9.566966814943936859e-01
1.890764465332031250e+03 1.017329588749057336e+02 9.579663748922476740e-01
1.890785339355468750e+03 1.055311344453553346e+02 9.575854506846133152e-01
1.890806152343750000e+03 1.039998314762378868e+02 9.570977012763708380e-01
1.890826965332031250e+03 1.048936419015807786e+02 9.574053286270861607e-01
1.890847839355468750e+03 1.044758532389023031e+02 9.570928125627542471e-01
1.890868652343750000e+03 1.003879843828283214e+02 9.563783871101227962e-01
1.890889465332031250e+03 1.036357112922335659e+02 9.566676169123786710e-01
1.890910339355468750e+03 1.016373319777624999e+02 9.563037208975389003e-01
1.890931152343750000e+03 1.056262066202960170e+02 9.584191359933239562e-01
1.890951965332031250e+03 1.032723748102228427e+02 9.581707146097316885e-01
1.890972839355468750e+03 1.073917341558501306e+02 9.590111940444604466e-01
1.890993652343750000e+03 1.083129312602680585e+02 9.625319921452832883e-01
1.891014465332031250e+03 1.055777961987803337e+02 9.609850739898802008e-01
1.891035339355468750e+03 1.086604020303471287e+02 9.623518668784870611e-01
1.891056152343750000e+03 1.131329280515187321e+02 9.603640388142284934e-01
1.891076965332031250e+03 1.112917227977742698e+02 9.641790532860866625e-01
1.891097839355468750e+03 1.114635040115540789e+02 9.622087521016435829e-01
1.891118652343750000e+03 1.105110683625816534e+02 9.614135679415656277e-01
1.891139465332031250e+03 1.102663410100339405e+02 9.596649365519379637e-01
1.891160339355468750e+03 1.124303781809457519e+02 9.596518312842110543e-01
1.891181152343750000e+03 1.113458458155586470e+02 9.637513868962660490e-01
1.891201965332031250e+03 1.117921189049494473e+02 9.611465412811309728e-01
1.891222839355468750e+03 1.118161450480212977e+02 9.624263735267435393e-01
1.891243652343750000e+03 1.087269425286333444e+02 9.601174553901394848e-01
1.891264465332031250e+03 1.100616297682821738e+02 9.624079486871446321e-01
1.891285339355468750e+03 1.080915014449577569e+02 9.597292491461145714e-01
1.891306152343750000e+03 1.079929091532453356e+02 9.594279582165609055e-01
1.891326965332031250e+03 1.111940089731395034e+02 9.597467317378962637e-01
1.891347839355468750e+03 1.114223473943220881e+02 9.600676965189806067e-01
1.891368652343750000e+03 1.118193417367878055e+02 9.603426573090079188e-01
1.891389465332031250e+03 1.112292746421666578e+02 9.595451502312626335e-01
1.891410339355468750e+03 1.103037851482785072e+02 9.579874361225763080e-01
1.891431152343750000e+03 1.072751720145593453e+02 9.586930774566517766e-01
1.891451965332031250e+03 1.096410123349167520e+02 9.585755325489013767e-01
1.891493652343750000e+03 1.072010377030514121e+02 9.587524506538831481e-01
1.891514465332031250e+03 1.084920242189930804e+02 9.581699370255802872e-01
1.891535339355468750e+03 1.077325333661312641e+02 9.592871722052144223e-01
1.891556152343750000e+03 1.042104126838396212e+02 9.577137284745469437e-01
1.891576965332031250e+03 1.049910722340721918e+02 9.580777421757016299e-01
1.891597839355468750e+03 1.079218337579704894e+02 9.582284717962996634e-01
1.891618652343750000e+03 1.081402422772940355e+02 9.577011566413234922e-01
1.891639465332031250e+03 1.044873321864363191e+02 9.568830102825692796e-01
1.891660339355468750e+03 1.021154908567447279e+02 9.571516622969992172e-01
1.891681152343750000e+03 1.028736814053024489e+02 9.562002505656561624e-01
1.891701965332031250e+03 1.003824571289152630e+02 9.570544804458965826e-01
1.891722778320312500e+03 1.030932138818571531e+02 9.563292750989033086e-01
1.891743591308593750e+03 1.008346534319401542e+02 9.544295778888127746e-01
1.891764465332031250e+03 1.007460270461932765e+02 9.557961727147923359e-01
1.891785278320312500e+03 1.047255469047183141e+02 9.568261374388096208e-01
1.891806091308593750e+03 1.049576339663372266e+02 9.567827485986041269e-01
1.891826965332031250e+03 1.030954204070954887e+02 9.561721682818848933e-01
1.891847778320312500e+03 1.044816446284030178e+02 9.568927275387777431e-01
1.891868591308593750e+03 1.045368185799692640e+02 9.600227468001092390e-01
1.891889465332031250e+03 1.051471703887005873e+02 9.580842122791730642e-01
1.891910278320312500e+03 1.049683439585594300e+02 9.579909514674795901e-01
1.891931091308593750e+03 1.061081369612975891e+02 9.571587925216810122e-01
1.891951965332031250e+03 1.033088941338548068e+02 9.565692019796394607e-01
1.891972778320312500e+03 1.013957428340980869e+02 9.559314870504947992e-01
1.891993591308593750e+03 1.022649547644205512e+02 9.574143246400060869e-01
1.892014465332031250e+03 1.033643526630359588e+02 9.552354741513309211e-01
1.892035278320312500e+03 1.051263184085536437e+02 9.573546505458906397e-01
1.892056091308593750e+03 1.036405350892957671e+02 9.558067428883435523e-01
1.892076965332031250e+03 1.023197081407813585e+02 9.545615892058132435e-01
1.892097778320312500e+03 1.054883139099816844e+02 9.564765100919925267e-01
1.892118591308593750e+03 1.022122631862105777e+02 9.566710124985967623e-01
1.892139465332031250e+03 1.008819038488246775e+02 9.547682495430714900e-01
1.892160278320312500e+03 1.027611707759157156e+02 9.589294915120023521e-01
1.892181091308593750e+03 1.021917962452164659e+02 9.548669437268841875e-01
1.892201965332031250e+03 1.027422411241124962e+02 9.549425961183510836e-01
1.892222778320312500e+03 1.019714753859113614e+02 9.561007588929635315e-01
1.892243591308593750e+03 1.024949421153638269e+02 9.566015719210825274e-01
1.892264465332031250e+03 1.064263818256723226e+02 9.575840812996443407e-01
1.892285278320312500e+03 1.062867251757419353e+02 9.573513819043366624e-01
1.892306091308593750e+03 1.097805488748060867e+02 9.600280551983276789e-01
1.892326965332031250e+03 1.086365305463095723e+02 9.585586815025680663e-01
1.892347778320312500e+03 1.093991056820462120e+02 9.617081320057955240e-01
1.892368591308593750e+03 1.110250589689047729e+02 9.611259213692581183e-01
1.892389465332031250e+03 1.100188062846176535e+02 9.587608123428237317e-01
1.892410278320312500e+03 1.092963366062076176e+02 9.586613687979894660e-01
1.892431091308593750e+03 1.111424792301953914e+02 9.627846433181096453e-01
1.892451965332031250e+03 1.083108350417590202e+02 9.582416276314715819e-01
1.892472778320312500e+03 1.113111925111159479e+02 9.592479335871021418e-01
1.892493591308593750e+03 1.083432143391973597e+02 9.587160500355643711e-01
1.892535278320312500e+03 1.070810875413215513e+02 9.578928280574738885e-01
1.892556091308593750e+03 1.062536763828522481e+02 9.611226965610835116e-01
1.892576965332031250e+03 1.064061542404492258e+02 9.596219555735820972e-01
1.892597778320312500e+03 1.076497940078069320e+02 9.579191798779634892e-01
1.892618591308593750e+03 1.079000245335424069e+02 9.580272552041615430e-01
1.892639465332031250e+03 1.095409825642866508e+02 9.623496681324986701e-01
1.892660278320312500e+03 1.108173225787704723e+02 9.599146167216509040e-01
1.892681091308593750e+03 1.111724765880858286e+02 9.617141438427341260e-01
1.892701965332031250e+03 1.092844351689293489e+02 9.610878741451095442e-01
1.892722778320312500e+03 1.103531145063951868e+02 9.599628312644246098e-01
1.892743591308593750e+03 1.069740649651592292e+02 9.608355212179806593e-01
1.892764465332031250e+03 1.083342033818487806e+02 9.582345987680117583e-01
1.892785278320312500e+03 1.071930444733565935e+02 9.597365775892527928e-01
1.892806091308593750e+03 1.044156267635948865e+02 9.568036178484585763e-01
1.892826965332031250e+03 1.065069857713142483e+02 9.601113093934322551e-01
1.892847778320312500e+03 1.061275560320980702e+02 9.566042511934267356e-01
1.892868591308593750e+03 1.098711851354979103e+02 9.640774792167496887e-01
1.892889465332031250e+03 1.101258465175206140e+02 9.611806794409564203e-01
1.892910278320312500e+03 1.114575342547004198e+02 9.591276601741813845e-01
1.892931091308593750e+03 1.110518963480885049e+02 9.618673400375608029e-01
1.892951965332031250e+03 1.111905666023845356e+02 9.601077397308188655e-01
1.892972778320312500e+03 1.135014701470373382e+02 9.645534186671380628e-01
1.892993591308593750e+03 1.132466681800814570e+02 9.603042687095270091e-01
1.893014465332031250e+03 1.196352770188264287e+02 9.626120266804857328e-01
1.893035278320312500e+03 1.157700486401479765e+02 9.624441167783691631e-01
1.893056091308593750e+03 1.188533271556420630e+02 9.650828262223242193e-01
1.893076965332031250e+03 1.213682044470384369e+02 9.647966133989770432e-01
1.893097778320312500e+03 1.232890923843063149e+02 9.675242452516054081e-01
1.893118591308593750e+03 1.266082460319513388e+02 9.662497156989109381e-01
1.893139465332031250e+03 1.283170333750732368e+02 9.708111892816104760e-01
1.893160278320312500e+03 1.278701092188433535e+02 9.663436906405800109e-01
1.893181091308593750e+03 1.278860421326435954e+02 9.654233481206555556e-01
1.893201965332031250e+03 1.263351992267825921e+02 9.667461651690737456e-01
1.893222778320312500e+03 1.297689100345470479e+02 9.681140904461422725e-01
1.893243591308593750e+03 1.345285872590309850e+02 9.693737175623701186e-01
1.893264465332031250e+03 1.361656256537436889e+02 9.700855155491873161e-01
1.893285278320312500e+03 1.345581601949274670e+02 9.712141752570726538e-01
1.893306091308593750e+03 1.347152456620860903e+02 9.706771816417291143e-01
1.893326965332031250e+03 1.343507630405062514e+02 9.705610881330626327e-01
1.893347778320312500e+03 1.355571815986323827e+02 9.701956452849354040e-01
1.893368591308593750e+03 1.298918345185145995e+02 9.728239290256578409e-01
1.893389465332031250e+03 1.289549845787514641e+02 9.679714581541735141e-01
1.893410278320312500e+03 1.261249251403983322e+02 9.680161927106258890e-01
1.893431091308593750e+03 1.250800197234197952e+02 9.687475081380974018e-01
1.893451965332031250e+03 1.257330293633018954e+02 9.676909964944918618e-01
1.893472778320312500e+03 1.258245949484144575e+02 9.694449792882930961e-01
1.893493591308593750e+03 1.268876078435536101e+02 9.686451516786761529e-01
1.893514465332031250e+03 1.267081063690220333e+02 9.691575023899000607e-01
1.893535278320312500e+03 1.287596732232194654e+02 9.678446630911036186e-01
1.893556091308593750e+03 1.293843678882587085e+02 9.674915014677351044e-01
1.893576965332031250e+03 1.290989797595117352e+02 9.693073699695388123e-01
1.893597778320312500e+03 1.307718962521817900e+02 9.691938798472669037e-01
1.893618591308593750e+03 1.323302291857232831e+02 9.689774400074901983e-01
1.893639465332031250e+03 1.335416014571003416e+02 9.744389142208518262e-01
1.893660278320312500e+03 1.380153337008379708e+02 9.721728429667331195e-01
1.893681091308593750e+03 1.376177930135373799e+02 9.736857347252637629e-01
1.893701904296875000e+03 1.373074990879746338e+02 9.711195361518522029e-01
1.893722717285156250e+03 1.390115854336333427e+02 9.733834975741110229e-01
1.893743591308593750e+03 1.441121322690192983e+02 9.738631822478374112e-01
1.893764404296875000e+03 1.442086952227264760e+02 9.767177000697682132e-01
1.893785217285156250e+03 1.419709100098199031e+02 9.738234292233480804e-01
1.893806091308593750e+03 1.456170669826363451e+02 9.741380121200778897e-01
1.893826904296875000e+03 1.458574285766171101e+02 9.737360525540211809e-01
1.893847717285156250e+03 1.485572119358574525e+02 9.742531899587686395e-01
1.893868591308593750e+03 1.508564401823587673e+02 9.770727731802367755e-01
1.893889404296875000e+03 1.492953507572511285e+02 9.785868605459968617e-01
1.893910217285156250e+03 1.521241913809018627e+02 9.786723119954452432e-01
1.893931091308593750e+03 1.546854803782485988e+02 9.816895745577828292e-01
1.893951904296875000e+03 1.584932014148015469e+02 9.791554930570222082e-01
1.893972717285156250e+03 1.585454417418854405e+02 9.804723367207490714e-01
1.893993591308593750e+03 1.584384117428303966e+02 9.811747771180032718e-01
1.894014404296875000e+03 1.588797708218536968e+02 9.809955230497965362e-01
1.894035217285156250e+03 1.574359853349612308e+02 9.799171202996723729e-01
1.894056091308593750e+03 1.574752069484265178e+02 9.788753434620122151e-01
1.894076904296875000e+03 1.511880486034788760e+02 9.776813963658279594e-01
1.894097717285156250e+03 1.525890032783470929e+02 9.767614543429657958e-01
1.894118591308593750e+03 1.482881438486074330e+02 9.785814396392873427e-01
1.894139404296875000e+03 1.509658405724086379e+02 9.776445116603770247e-01
1.894160217285156250e+03 1.505228029851521114e+02 9.773590501400316599e-01
1.894181091308593750e+03 1.494180506242129809e+02 9.768517637997695680e-01
1.894201904296875000e+03 1.541748876710652212e+02 9.787387250930480453e-01
1.894222717285156250e+03 1.477325833396474195e+02 9.765368038611494939e-01
1.894243591308593750e+03 1.492047799035955222e+02 9.773329480349556286e-01
1.894264404296875000e+03 1.468022636463784352e+02 9.799761807700003713e-01
1.894285217285156250e+03 1.476447174246214900e+02 9.761973499455948167e-01
1.894306091308593750e+03 1.477754192504989135e+02 9.758215572929055392e-01
1.894326904296875000e+03 1.448615075190185735e+02 9.763526996316771456e-01
1.894347717285156250e+03 1.470806526283626567e+02 9.778957268859986840e-01
1.894368591308593750e+03 1.467192802550516717e+02 9.780090299844734769e-01
1.894389404296875000e+03 1.493072555802800707e+02 9.750312702348530314e-01
1.894410217285156250e+03 1.493656819853925128e+02 9.788142374913679777e-01
1.894431091308593750e+03 1.506503534313485204e+02 9.794109459118705008e-01
1.894451904296875000e+03 1.493343220069216386e+02 9.776187525077563167e-01
1.894472717285156250e+03 1.473922641993267746e+02 9.761117123629892145e-01
1.894493591308593750e+03 1.506047102710267040e+02 9.758367053874126285e-01
1.894514404296875000e+03 1.454892695165405314e+02 9.767851308729731397e-01
1.894535217285156250e+03 1.449139959509830078e+02 9.747137346372569677e-01
1.894556091308593750e+03 1.479816700446037316e+02 9.758603127352660778e-01
1.894576904296875000e+03 1.515802347882213326e+02 9.789879243454699953e-01
1.894597717285156250e+03 1.557690791927619784e+02 9.795468316091638927e-01
1.894618591308593750e+03 1.573063089640885437e+02 9.802261599555761595e-01
1.894639404296875000e+03 1.596441588936185667e+02 9.835651638976421474e-01
1.894660217285156250e+03 1.600796313744423855e+02 9.809390456134908787e-01
1.894681091308593750e+03 1.610464403380288445e+02 9.826261334589230234e-01
1.894701904296875000e+03 1.632713699081323853e+02 9.816564228503503742e-01
1.894722717285156250e+03 1.601734607298253081e+02 9.862715601045161096e-01
1.894743591308593750e+03 1.538238840542327921e+02 9.794316372929925407e-01
1.894764404296875000e+03 1.550776311860819874e+02 9.814833296819062136e-01
1.894785217285156250e+03 1.551664328110194049e+02 9.782108586077762347e-01
1.894806091308593750e+03 1.558113148739943199e+02 9.788678234014094315e-01
1.894826904296875000e+03 1.546506208463510745e+02 9.784855942676887741e-01
1.894847717285156250e+03 1.550203500480169510e+02 9.788332060210784835e-01
1.894868591308593750e+03 1.540433319994543808e+02 9.779708472706469813e-01
1.894889404296875000e+03 1.539945629415558983e+02 9.787273977308026396e-01
1.894910217285156250e+03 1.543628006808588964e+02 9.802473813804901681e-01
1.894931091308593750e+03 1.452483785509132304e+02 9.753374579456054461e-01
1.894951904296875000e+03 1.416712624984050422e+02 9.726201858881821094e-01
1.894972717285156250e+03 1.426270110472184456e+02 9.735047343197258396e-01
1.894993591308593750e+03 1.445922046288452236e+02 9.753273744435864145e-01
1.895014404296875000e+03 1.470370978942648890e+02 9.767174254551694856e-01
1.895035217285156250e+03 1.485868315277221541e+02 9.765433652910534557e-01
1.895056091308593750e+03 1.423115002185010667e+02 9.760767835055723651e-01
1.895076904296875000e+03 1.427129780477648069e+02 9.751061222814909613e-01
1.895097717285156250e+03 1.420433966100263206e+02 9.730843823530636039e-01
1.895118591308593750e+03 1.443334505810892665e+02 9.759761728618424614e-01
1.895139404296875000e+03 1.433551514824017090e+02 9.758564952856410013e-01
1.895160217285156250e+03 1.453972482028056561e+02 9.746527652599292768e-01
1.895181091308593750e+03 1.449358965644363479e+02 9.796356065747132691e-01
1.895201904296875000e+03 1.453131656543562258e+02 9.739290358816915516e-01
1.895222717285156250e+03 1.465830252221124965e+02 9.745346377046121278e-01
1.895243591308593750e+03 1.424012103671628040e+02 9.743639191590189874e-01
1.895264404296875000e+03 1.408727004502561613e+02 9.731138447518447032e-01
1.895285217285156250e+03 1.434676239745458020e+02 9.748393305418315835e-01
1.895306091308593750e+03 1.392367345009014912e+02 9.732755964172845609e-01
1.895326904296875000e+03 1.406953739901199469e+02 9.738500844328764616e-01
1.895347717285156250e+03 1.382660222254875748e+02 9.714223242907443767e-01
1.895368591308593750e+03 1.353669454285343932e+02 9.707447864334507459e-01
1.895389404296875000e+03 1.333376894183212755e+02 9.724891243255410211e-01
1.895410217285156250e+03 1.348323264845008680e+02 9.696149963555286133e-01
1.895431091308593750e+03 1.306670463204434327e+02 9.694374783006658447e-01
1.895451904296875000e+03 1.321478403846685410e+02 9.684020309624691292e-01
1.895472717285156250e+03 1.328649994755723469e+02 9.686973619003973468e-01
1.895493530273437500e+03 1.323951684478164736e+02 9.691739539027985906e-01
1.895514343261718750e+03 1.337893432455674656e+02 9.709220040775747851e-01
1.895535217285156250e+03 1.329680365417314079e+02 9.705445680127963159e-01
1.895556030273437500e+03 1.316374398160081967e+02 9.689603392610938171e-01
1.895576843261718750e+03 1.312354491510084245e+02 9.704883115163813745e-01
1.895597717285156250e+03 1.320981854647216380e+02 9.681428113940302449e-01
1.895618530273437500e+03 1.295927178460235609e+02 9.722365120942634276e-01
1.895639343261718750e+03 1.311327887024536381e+02 9.683552830014515722e-01
1.895660217285156250e+03 1.345162254454817230e+02 9.689763635305569389e-01
1.895681030273437500e+03 1.400301387573836394e+02 9.720717669432621388e-01
1.895701843261718750e+03 1.407937265058826881e+02 9.734119711968054478e-01
1.895722717285156250e+03 1.391916831457127159e+02 9.746759426340462218e-01
1.895743530273437500e+03 1.434658187465859385e+02 9.794591744089968799e-01
1.895764343261718750e+03 1.426568501763055679e+02 9.746686959417312224e-01
1.895785217285156250e+03 1.447369827541318728e+02 9.745027411154669750e-01
1.895806030273437500e+03 1.424682933173415904e+02 9.736903870910315062e-01
1.895826843261718750e+03 1.422730917040362897e+02 9.730556541239786528e-01
1.895847717285156250e+03 1.392168622068280115e+02 9.740676750508243664e-01
1.895868530273437500e+03 1.435506547341549890e+02 9.736232010989676056e-01
1.895889343261718750e+03 1.423920790555245048e+02 9.730880269185165909e-01
1.895910217285156250e+03 1.423856904352641664e+02 9.738633046564921791e-01
1.895931030273437500e+03 1.398746934416516865e+02 9.718268048274266713e-01
1.895951843261718750e+03 1.390124441953822156e+02 9.709178909566010818e-01
1.895972717285156250e+03 1.371205714050469453e+02 9.713870734128517981e-01
1.895993530273437500e+03 1.357684300987362462e+02 9.715759835422611568e-01
1.896014343261718750e+03 1.341168016172030946e+02 9.705926843828509565e-01
1.896035217285156250e+03 1.354448369742781324e+02 9.726862768724263697e-01
1.896056030273437500e+03 1.365556638534366414e+02 9.724705223872232018e-01
1.896076843261718750e+03 1.350353037042128221e+02 9.731351600268489666e-01
1.896097717285156250e+03 1.404503809417719822e+02 9.733918866634742040e-01
1.896118530273437500e+03 1.416580683098469535e+02 9.726118514257282577e-01
1.896139343261718750e+03 1.387341598254369046e+02 9.727659355119084861e-01
1.896160217285156250e+03 1.400633795070807537e+02 9.729615923347327833e-01
1.896181030273437500e+03 1.445908333983422835e+02 9.745507843814508186e-01
1.896201843261718750e+03 1.442587545732323520e+02 9.800300072435582655e-01
1.896222717285156250e+03 1.460452098477282448e+02 9.756960878248994717e-01
1.896243530273437500e+03 1.466623158841044301e+02 9.760670740382269006e-01
1.896264343261718750e+03 1.461059431084213429e+02 9.748514979317962625e-01
1.896285217285156250e+03 1.450585745329719032e+02 9.739953746313758653e-01
1.896306030273437500e+03 1.474953667359565657e+02 9.780901747283874403e-01
1.896326843261718750e+03 1.475057045539658134e+02 9.768127120863078217e-01
1.896347717285156250e+03 1.470138530939372004e+02 9.751043801799342825e-01
1.896368530273437500e+03 1.487817394325497844e+02 9.802917381473922331e-01
1.896389343261718750e+03 1.471206677089430457e+02 9.760141282622423198e-01
1.896410217285156250e+03 1.470479695773844924e+02 9.742726143612314704e-01
1.896431030273437500e+03 1.429233816221637881e+02 9.739876333035168976e-01
1.896451843261718750e+03 1.440877740244143865e+02 9.750784622312833605e-01
1.896472717285156250e+03 1.435138591961997463e+02 9.737913563164322106e-01
1.896493530273437500e+03 1.409358190070776402e+02 9.765614318841815411e-01
1.896514343261718750e+03 1.402117394784455087e+02 9.727898318317699244e-01
1.896535217285156250e+03 1.397353180118662408e+02 9.744901106338978991e-01
1.896556030273437500e+03 1.403123364417130290e+02 9.728534912139270574e-01
1.896576843261718750e+03 1.373582615936184084e+02 9.709522687453604473e-01
1.896597717285156250e+03 1.381200638981197244e+02 9.716240795076662717e-01
1.896618530273437500e+03 1.366380586310548892e+02 9.716433417648879800e-01
1.896639343261718750e+03 1.370220008932344342e+02 9.716629410263881717e-01
1.896660217285156250e+03 1.334187545318933985e+02 9.707964539515391289e-01
1.896681030273437500e+03 1.355444594295801153e+02 9.705415280343817619e-01
1.896701843261718750e+03 1.334676892206424270e+02 9.690991664569164055e-01
1.896722717285156250e+03 1.299900968228399734e+02 9.726797200630639129e-01
1.896743530273437500e+03 1.308842558352513947e+02 9.711867112266322488e-01
1.896764343261718750e+03 1.307843227198962950e+02 9.697079690339650559e-01
1.896785217285156250e+03 1.295725244772529834e+02 9.681504455433778134e-01
1.896806030273437500e+03 1.304862202419931521e+02 9.680310627213375430e-01
1.896826843261718750e+03 1.293362040763257994e+02 9.695485730587055651e-01
1.896847717285156250e+03 1.334404475438006443e+02 9.694452867045807443e-01
1.896868530273437500e+03 1.354467794131181790e+02 9.714727286763114034e-01
1.896889343261718750e+03 1.324509731076269361e+02 9.727477371514989812e-01
1.896910217285156250e+03 1.315892675686940834e+02 9.688386876518131352e-01
1.896931030273437500e+03 1.316971526463569262e+02 9.703846030850399318e-01
1.896951843261718750e+03 1.315892126214940276e+02 9.696575343830938776e-01
1.896972717285156250e+03 1.303755564035253087e+02 9.689058055486030607e-01
1.896993530273437500e+03 1.312523643076187341e+02 9.699490110524343622e-01
1.897014343261718750e+03 1.328662511398346737e+02 9.694280097580031397e-01
1.897035156250000000e+03 1.332899124383706635e+02 9.705843939212185356e-01
1.897055969238281250e+03 1.344396031221087924e+02 9.722421829505765167e-01
1.897076843261718750e+03 1.301691646821202824e+02 9.706103704643275210e-01
1.897097656250000000e+03 1.306269231937574204e+02 9.719093549734052484e-01
1.897118469238281250e+03 1.350729310896216475e+02 9.735013974497619405e-01
1.897139343261718750e+03 1.320393153852069474e+02 9.698830715472394060e-01
1.897160156250000000e+03 1.347473405358306309e+02 9.729310838555537133e-01
1.897180969238281250e+03 1.356430840131823743e+02 9.723518538715851811e-01
1.897201843261718750e+03 1.385109409131223401e+02 9.717152037910837814e-01
1.897222656250000000e+03 1.389900527180446375e+02 9.750169043420460202e-01
1.897243469238281250e+03 1.421914393346463044e+02 9.733620958835983439e-01
1.897264343261718750e+03 1.452238117908099468e+02 9.759523240232995667e-01
1.897285156250000000e+03 1.477417797278215232e+02 9.780408122239436786e-01
1.897305969238281250e+03 1.487116874960321695e+02 9.762981514772269831e-01
1.897326843261718750e+03 1.484740441709938068e+02 9.765083908349498909e-01
1.897347656250000000e+03 1.471953717046043266e+02 9.771494817947398159e-01
1.897368469238281250e+03 1.445102798445334429e+02 9.752177631063794205e-01
1.897389343261718750e+03 1.419274390107277668e+02 9.736859183717023747e-01
1.897410156250000000e+03 1.438634547128401664e+02 9.741493010679519449e-01
1.897430969238281250e+03 1.419743632150570534e+02 9.749177127739809823e-01
1.897451843261718750e+03 1.456167233077134711e+02 9.751825271828779007e-01
1.897472656250000000e+03 1.453680897513699506e+02 9.749038954589380745e-01
1.897493469238281250e+03 1.432295582260699689e+02 9.765630493162517078e-01
1.897514343261718750e+03 1.491719851567078763e+02 9.779992178092745680e-01
1.897535156250000000e+03 1.514988810659714602e+02 9.825508533547261392e-01
1.897555969238281250e+03 1.568409789928350619e+02 9.787698442145250644e-01
1.897576843261718750e+03 1.575789330554094079e+02 9.831446269914169145e-01
1.897597656250000000e+03 1.588610332581664579e+02 9.814167075472295387e-01
1.897618469238281250e+03 1.581491561851323127e+02 9.808247136623428064e-01
1.897639343261718750e+03 1.591991528718663176e+02 9.811584964535362552e-01
1.897660156250000000e+03 1.593183577794571875e+02 9.843207147555708136e-01
1.897680969238281250e+03 1.568325147053124624e+02 9.802049380712186677e-01
1.897701843261718750e+03 1.586677589578479228e+02 9.816851118931460007e-01
1.897722656250000000e+03 1.586786530342219237e+02 9.793325581267292579e-01
1.897743469238281250e+03 1.599472870770293014e+02 9.813892860932464934e-01
1.897764343261718750e+03 1.589238876327177081e+02 9.810891791083961033e-01
