1.790682821816825026e+03 1.995326455281924325e+02 1.146459835901141755e+00
1.790703655874786818e+03 2.022246057037173728e+02 1.148999083353445583e+00
1.790724489929953506e+03 2.013099867413864388e+02 1.146783377082453592e+00
1.790745323982793025e+03 1.991543847324985563e+02 1.146609193938088023e+00
1.790766158032838575e+03 1.975885950167464102e+02 1.145777677860515320e+00
1.790786992080555137e+03 1.985984251192056149e+02 1.145383133733324899e+00
1.790807826125943848e+03 2.002928333013424549e+02 1.146714195598992569e+00
1.790828660168538590e+03 1.993400419485655561e+02 1.146354550967165764e+00
1.790849494209269324e+03 1.989553623416530854e+02 1.147214536792503958e+00
1.790870328247207908e+03 1.989750147527269633e+02 1.146369681397057638e+00
1.790891162282818186e+03 1.968114551513137940e+02 1.145290968876021998e+00
1.790911996316099476e+03 1.966384630517058270e+02 1.145383341889487205e+00
1.790932830347052914e+03 1.982826937457958820e+02 1.147533190461236252e+00
1.790953664376142569e+03 1.979251820754046207e+02 1.152488466647812348e+00
1.790974498402905056e+03 1.973665570102165248e+02 1.146441483223309188e+00
1.790995332426873574e+03 1.987771924941056625e+02 1.146324497493520278e+00
1.791016166449444881e+03 1.979888585251165125e+02 1.149759789962876866e+00
1.791037000469222676e+03 1.986901539995120345e+02 1.154810292653883463e+00
1.791057834487602122e+03 1.990089334715774783e+02 1.146938669375923814e+00
1.791078668503188510e+03 1.977119509296678075e+02 1.146990168970841495e+00
1.791099502516912480e+03 1.993143778619094633e+02 1.146014453560455948e+00
1.791391178506014967e+03 2.029238359645217997e+02 1.142370586620069961e+00
1.791412012491333371e+03 2.060883448515189968e+02 1.141848809036360102e+00
1.791432846474789130e+03 2.082974950574371746e+02 1.148186325320988077e+00
1.791453680456848360e+03 2.034253731757319201e+02 1.144878139591087640e+00
1.791474514437043581e+03 2.019597761264232076e+02 1.143740540345475676e+00
1.791495348415377066e+03 2.053958405605623909e+02 1.146190859185164834e+00
1.791516182392313567e+03 2.066841365417676286e+02 1.151128509605609196e+00
1.791537016367387878e+03 2.069776085480202141e+02 1.147657531779114226e+00
1.791557850341064523e+03 2.051753364696449182e+02 1.146986583301993212e+00
1.791578684312878977e+03 2.052936092703513111e+02 1.147761450841471520e+00
1.791599518282830559e+03 2.057058090621202098e+02 1.147675501465249992e+00
1.791620352251850363e+03 2.048874159663516821e+02 1.147279272105453662e+00
1.791641186218541861e+03 2.070946117906190693e+02 1.149270514613194738e+00
1.791662020184302946e+03 2.073894485854191316e+02 1.149029844980434589e+00
1.791682854147735043e+03 2.068231045734011957e+02 1.149322635770859469e+00
1.791703688110236499e+03 2.060599550579156301e+02 1.149285917828228643e+00
1.791724522070875082e+03 2.056261568161376658e+02 1.149665591090019756e+00
1.791745356030116454e+03 2.037742593529019928e+02 1.147442600834206239e+00
1.791766189987959933e+03 2.032995866592439711e+02 1.149826662849230852e+00
1.791787023943942131e+03 2.055421861159126706e+02 1.149009458361839764e+00
1.791807857898526436e+03 2.062377266570439929e+02 1.150150552514496605e+00
1.791828691851714439e+03 2.059417748473215397e+02 1.152588485332999069e+00
1.791849525803505458e+03 2.029888454298252896e+02 1.152053848266399338e+00
1.791870359753433149e+03 2.048116662729563302e+02 1.152957455421686817e+00
1.791891193701964312e+03 2.043355977496344167e+02 1.148999446480321485e+00
1.791912027649565061e+03 2.043928933164048090e+02 1.149878136770815740e+00
1.791932861595301347e+03 2.043396010350479060e+02 1.148957011734221600e+00
1.791953695539642013e+03 2.051755876678956270e+02 1.149460317609543702e+00
1.791974529482585694e+03 2.063985684153759337e+02 1.155754189251191777e+00
1.791995363423665367e+03 2.044801596068977858e+02 1.148683690262849888e+00
1.792016197363815081e+03 2.072471466534472881e+02 1.150422955562244720e+00
1.792037031302566902e+03 2.063785076945575270e+02 1.150020364912748061e+00
1.792057865239922421e+03 2.051779810719177704e+02 1.150699748813147183e+00
1.792078699175880502e+03 2.060410362586506778e+02 1.148992443298908483e+00
1.792099533109975937e+03 2.051266323665139168e+02 1.149288303492902230e+00
1.792120367043140504e+03 2.014618579021966980e+02 1.151366100359298983e+00
1.792141200974907861e+03 2.026684435359171914e+02 1.148564805221506946e+00
1.792162034905278688e+03 2.041150870159364672e+02 1.148307792968271457e+00
1.792182868834252076e+03 2.060275120657373691e+02 1.150035861741548482e+00
1.792203702761828936e+03 2.051303205552650581e+02 1.149503252301089073e+00
1.792224536688474927e+03 2.045994590559528490e+02 1.150085564208291888e+00
1.792245370613257364e+03 2.059533926354985454e+02 1.150742896244350444e+00
1.792266204537108933e+03 2.053155754353811631e+02 1.150600083975985344e+00
1.792287038459563064e+03 2.056623472853331975e+02 1.150731449124358097e+00
1.792307872380619983e+03 2.046042037504844018e+02 1.149271707462137471e+00
1.792328706300280373e+03 2.047937530364982024e+02 1.148887494215701910e+00
1.792349540218544007e+03 2.057624731344470206e+02 1.149096604734090032e+00
1.792370374135875409e+03 2.044862725770516647e+02 1.151614770000620291e+00
1.792391208051344620e+03 2.059254971298321095e+02 1.149433975241701988e+00
1.792412041966347942e+03 2.053718608073632765e+02 1.151748296482622447e+00
1.792432875879488620e+03 2.042294964427375703e+02 1.148694275676059640e+00
1.792453709791232995e+03 2.041250907044978931e+02 1.151020648240810962e+00
1.792474543702045594e+03 2.048932373241307801e+02 1.150203566570984215e+00
1.792495377611460981e+03 2.049369260955506604e+02 1.150715495482121042e+00
1.792516211519945500e+03 2.067116917033624190e+02 1.151137933402218039e+00
1.792537045427033036e+03 2.048009509633386074e+02 1.149206306395337052e+00
1.792557879332723587e+03 2.067739447961306212e+02 1.150685089713817888e+00
1.792578713237016473e+03 2.077741290559097536e+02 1.150819656342361164e+00
1.792599547140378490e+03 2.070293056711654174e+02 1.150716894024538695e+00
1.792620381042343979e+03 2.059612109599922576e+02 1.149788976049733957e+00
1.792641214942912484e+03 2.075209210854616799e+02 1.149995071981071426e+00
1.792662048842549666e+03 2.058959228441298706e+02 1.151306979066796243e+00
1.792682882741255071e+03 2.055354699597381227e+02 1.149265276435790017e+00
1.792703716638097376e+03 2.048646349923377841e+02 1.149479866574962594e+00
1.792724550534009040e+03 2.065132253607997370e+02 1.149231668551386365e+00
1.792745384428989382e+03 2.043918024826374165e+02 1.149503822678709541e+00
1.792766218322572513e+03 2.055721804493381626e+02 1.150428033035941988e+00
1.792787052214758660e+03 2.060012583434855458e+02 1.149541726229904137e+00
1.792807886106013484e+03 2.067460999853035162e+02 1.151431326984555081e+00
1.792828719995871324e+03 2.116701187316679977e+02 1.152104032766261943e+00
1.792849553884798070e+03 2.132294655808844936e+02 1.154006947415494366e+00
1.792870387772327376e+03 2.150198885764447994e+02 1.152413265911677476e+00
1.792891221658459926e+03 2.126426108348714763e+02 1.152693149161678532e+00
1.792912055543661609e+03 2.120416156022550638e+02 1.152746821885370254e+00
1.792932889427931968e+03 2.136049896471567138e+02 1.154557355223442050e+00
1.792953723310804435e+03 2.115131499199934524e+02 1.151803151713671314e+00
1.792974557192746033e+03 2.125843036967576722e+02 1.153072837745616308e+00
1.792995391073290648e+03 2.094694051386563558e+02 1.151763200803886278e+00
1.793016224952438961e+03 2.090072105830409157e+02 1.151218291435170071e+00
1.793037058830655951e+03 2.114678778720858929e+02 1.151093247352553472e+00
1.793057892707940482e+03 2.118495596105587992e+02 1.155838712795714152e+00
1.793078726583828484e+03 2.135334766357523222e+02 1.151953110512170309e+00
1.793099560458785618e+03 2.162282102294987567e+02 1.155647017504909835e+00
1.793120394332344858e+03 2.232624662392877326e+02 1.158718104000657778e+00
1.793141228204973686e+03 2.268939497187968470e+02 1.159247765152886966e+00
1.793162062076670964e+03 2.253437132837140950e+02 1.156292682581598008e+00
1.793182895946970348e+03 2.200681451823090242e+02 1.154222618335124961e+00
1.793203729815873885e+03 2.109571452523588277e+02 1.152353060409951668e+00
1.793224563684311306e+03 2.097733595520204801e+02 1.151637180758747991e+00
1.793245397551351971e+03 2.071476190333029592e+02 1.151575433666211401e+00
1.793266231416996106e+03 2.053485191927470623e+02 1.149927120387265411e+00
1.793287065281708692e+03 2.063005322574958029e+02 1.151436089418797160e+00
1.793307899145489046e+03 2.059334633571966435e+02 1.149877307400615667e+00
1.793328733007873325e+03 2.043650613388836348e+02 1.149960396955495234e+00
1.793349566869326054e+03 2.052575147657244941e+02 1.150368449024903983e+00
1.793370400729381345e+03 2.025851522537224128e+02 1.149472451489285563e+00
1.793391234588505540e+03 2.049759364218347173e+02 1.150481604199016239e+00
1.793412068446698413e+03 2.048252615805042467e+02 1.149334563663632514e+00
1.793432902303959963e+03 2.055165697974397858e+02 1.151199911065459380e+00
1.793453736159825439e+03 2.066837285758873293e+02 1.150987609468478778e+00
1.793474570014758683e+03 2.062856684374520455e+02 1.150242224352165499e+00
1.793495403868294943e+03 2.075665286293706799e+02 1.150558588949130545e+00
1.793516237720899881e+03 2.072821700271287284e+02 1.152841079204619756e+00
1.793537071572573950e+03 2.094460984579102103e+02 1.152465244935923172e+00
1.793557905422851036e+03 2.080227675031444790e+02 1.153261084654846336e+00
1.793578739272662006e+03 2.088419958848772922e+02 1.151699286816405987e+00
1.793599573120609875e+03 2.103528108958461189e+02 1.152353784549795090e+00
1.793620406968093448e+03 2.095026973636036303e+02 1.151717193440995102e+00
1.793641240814179127e+03 2.084207528150662938e+02 1.151791352884509623e+00
1.793662074659333484e+03 2.083865935980903714e+02 1.151735565555476404e+00
1.793682908503556064e+03 2.075330577414500226e+02 1.152775415292997430e+00
1.793703742346383024e+03 2.075513782244296692e+02 1.151326082513445481e+00
1.793724576188278206e+03 2.072145866663029778e+02 1.154193647645382681e+00
1.793745410029240929e+03 2.102291893823668829e+02 1.152756697807965747e+00
1.793766243869274149e+03 2.080638841132582684e+02 1.151875598015218660e+00
1.793787077707909930e+03 2.072919769611010281e+02 1.155125354553373063e+00
1.793807911545615070e+03 2.083872390369468519e+02 1.151688314989794959e+00
1.793828745382386842e+03 2.089125845733152005e+02 1.151905299681844408e+00
1.793849579217762994e+03 2.085028417944863293e+02 1.151515029073705731e+00
1.793870413052206914e+03 2.093660338323479948e+02 1.152295955378008552e+00
1.793891246885719966e+03 2.064701283626485804e+02 1.151405443845319843e+00
1.793912080718302150e+03 2.062470491934311667e+02 1.150832915327883343e+00
1.793932914549952329e+03 2.072399761489311629e+02 1.150902367127361048e+00
1.793953748380205980e+03 2.066893123436657618e+02 1.152557353249679784e+00
1.793974582209527398e+03 2.067269653781907550e+02 1.150544756940947710e+00
1.793995416037917948e+03 2.085637778419149413e+02 1.151933655262226130e+00
1.794016249864912425e+03 2.087536960971643509e+02 1.153026003839633828e+00
1.794037083691440330e+03 2.058478962037611097e+02 1.151595930134430956e+00
1.794057917516571024e+03 2.091380936672994721e+02 1.156188602363881213e+00
1.794078751340771987e+03 2.072749393903007444e+02 1.152906170682253206e+00
1.794099585164040036e+03 2.045268161774299074e+02 1.150877456113850839e+00
1.794120418985910874e+03 2.055591757439236176e+02 1.150529525997997293e+00
1.794141252807316960e+03 2.075653739397791639e+02 1.153406874777974878e+00
1.794162086627326062e+03 2.060786914123814881e+02 1.150923497044655575e+00
1.794182920446404069e+03 2.037226327089233564e+02 1.151114218426180003e+00
1.794203754264084637e+03 2.052263086285428244e+02 1.150572679812697396e+00
1.794224588081298862e+03 2.043518538895058327e+02 1.150635827555936297e+00
1.794245421897117467e+03 2.058264505552123751e+02 1.151952851800895905e+00
1.794266255712469501e+03 2.068335531131590983e+02 1.152086132154232390e+00
1.794287089526425007e+03 2.067822865914680222e+02 1.150798420930109867e+00
1.794307923338982619e+03 2.066128120829510237e+02 1.151569843657019199e+00
1.794328757151075024e+03 2.043772455241060868e+02 1.153296228943876844e+00
1.794349590962237016e+03 2.065320927738395937e+02 1.155250323363446574e+00
1.794370424772001570e+03 2.048243883582495641e+02 1.155240159188255511e+00
1.794391258580833892e+03 2.057273719781762793e+02 1.154311178412464001e+00
1.794412092388736028e+03 2.063972930722056844e+02 1.150938049531712748e+00
1.794432926195706386e+03 2.056809152915630250e+02 1.150490048941988253e+00
1.794453760001745422e+03 2.067802338859609961e+02 1.156393506191603082e+00
1.794474593806387929e+03 2.081895047952821187e+02 1.152915476550356644e+00
1.794495427610564548e+03 2.075863711901533293e+02 1.156084203431914759e+00
1.794516261413343045e+03 2.081870967084593644e+02 1.153784158765145840e+00
1.794537095215192039e+03 2.067075992792577779e+02 1.153041718739794330e+00
1.794557929016108574e+03 2.055119630657096366e+02 1.153736578800255819e+00
1.794578762816094013e+03 2.027264384459292046e+02 1.155392664015666204e+00
1.794599596615147675e+03 2.043094620149460354e+02 1.150896204161742098e+00
1.794620430412805035e+03 2.053928354286690876e+02 1.151386600553976347e+00
1.794641264209996962e+03 2.062082048494349351e+02 1.151570309492154998e+00
1.794662098005790995e+03 2.046940068134464923e+02 1.151148082019981089e+00
1.794682931800653932e+03 2.044301303179082936e+02 1.153527741024616304e+00
1.794703765594586457e+03 2.039397986442377260e+02 1.153502111617372483e+00
1.794724599387586522e+03 2.049618731164737540e+02 1.150787854871681448e+00
1.794745433179655947e+03 2.029437582953915182e+02 1.151537545294799125e+00
1.794766266970794049e+03 2.046662692279519433e+02 1.153831013555718821e+00
1.794787100760534940e+03 2.043315491292719912e+02 1.152037861198558222e+00
1.794807934549809943e+03 2.051565384376287966e+02 1.151430705796027798e+00
1.794828768337688871e+03 2.046771777745975953e+02 1.152283644320965195e+00
1.794849602124636021e+03 2.045179162573471956e+02 1.151713984759953568e+00
1.794870435911117511e+03 2.037843657915313145e+02 1.151005268240636870e+00
1.794891269696201107e+03 2.039694891553573086e+02 1.150526521230337496e+00
1.794912103480354972e+03 2.061298395760929054e+02 1.159933460563393748e+00
1.794932937263576605e+03 2.051707962523116464e+02 1.152154939345052753e+00
1.794974604826760469e+03 2.062815681390327427e+02 1.152158871060414036e+00
1.794995438607188134e+03 2.065276439253202341e+02 1.152431471767037641e+00
1.795016272386218134e+03 2.046618891262346267e+02 1.152341267211308473e+00
1.795037106164784063e+03 2.074049783541474596e+02 1.152145989469264276e+00
1.795057939941951645e+03 2.086295834320875997e+02 1.153563238879982578e+00
1.795078773718188131e+03 2.073910866617250122e+02 1.153382896385560130e+00
1.795099607493959866e+03 2.077506496653988108e+02 1.154325739827205100e+00
1.795120441268333479e+03 2.073408586823417465e+02 1.154416099109995208e+00
1.795141275041776453e+03 2.079482506071380499e+02 1.155003313745145865e+00
1.795162108814287876e+03 2.080900129562728296e+02 1.154209863058652141e+00
1.795182942585869114e+03 2.071324857540854509e+02 1.152340387889030593e+00
1.795203776356517665e+03 2.057096237892753834e+02 1.151902195013859043e+00
1.795224610125769004e+03 2.060940660196073395e+02 1.151860332923440922e+00
1.795245443894556047e+03 2.050344437854084845e+02 1.154785982095370755e+00
1.795266277662410630e+03 2.070001059066234461e+02 1.152972240719291053e+00
1.795287111428868002e+03 2.063663377092445899e+02 1.152224777028378222e+00
1.795307945194861077e+03 2.067689911720965483e+02 1.153091084878354211e+00
1.795328778959456486e+03 2.074003953157477156e+02 1.154147014152221873e+00
1.795349612723586461e+03 2.057678762091732665e+02 1.151538373469249477e+00
1.795370446486319906e+03 2.081088645334540388e+02 1.155066012853409374e+00
1.795391280248120893e+03 2.064574938319438786e+02 1.153446200329449001e+00
1.795412114009456673e+03 2.051179458097619204e+02 1.152042414172511853e+00
1.795432947769395014e+03 2.055311427727714317e+02 1.155022407661168149e+00
1.795453781528402942e+03 2.072420669274810052e+02 1.152644851915726631e+00
1.795474615286479093e+03 2.047033379259419235e+02 1.154745566594759243e+00
1.795495449043623466e+03 2.068511717048965295e+02 1.154193647645382681e+00
1.795516282799836972e+03 2.074420396569358616e+02 1.154917025950409570e+00
1.795537116555119155e+03 2.054023391101643767e+02 1.152257211312927243e+00
1.795557950309469561e+03 2.060621089851732108e+02 1.153298606312990637e+00
1.795578784062889099e+03 2.072219460278698762e+02 1.153350493757294704e+00
1.795599617815377997e+03 2.062645006831010903e+02 1.153518181735679216e+00
1.795620451566935117e+03 2.058344802616204277e+02 1.153370028465126040e+00
1.795641285317094571e+03 2.062599794484578410e+02 1.153827914069357474e+00
1.795662119066787909e+03 2.070033186167445081e+02 1.156041358475200953e+00
1.795682952815551062e+03 2.070797430636102092e+02 1.153784055444872170e+00
1.795703786563382891e+03 2.066615957858938657e+02 1.153061878988870026e+00
1.795724620309817510e+03 2.083545616309073694e+02 1.153810401814997944e+00
1.795745454055786013e+03 2.067351725787626151e+02 1.155695344012556802e+00
1.795766287800824102e+03 2.063190064423173453e+02 1.154298424114601485e+00
1.795787121544464981e+03 2.064194586425896034e+02 1.152799509729629301e+00
1.795807955287639516e+03 2.068117526496849337e+02 1.153026934333108988e+00
1.795828789029882955e+03 2.062457766653852502e+02 1.153012253126294739e+00
1.795849622770730093e+03 2.059810331419196814e+02 1.153641361316885439e+00
1.795870456511111115e+03 2.089307670648711053e+02 1.154720790109568851e+00
1.795891290250094698e+03 2.047318624297093379e+02 1.163200161415335554e+00
1.795912123988613075e+03 2.082065612911775929e+02 1.155352218147440269e+00
1.795932957725734013e+03 2.097111989087973427e+02 1.155437338545872494e+00
1.795953791462390427e+03 2.116104216389551311e+02 1.154760122531907074e+00
1.795974625197648493e+03 2.105448027430747970e+02 1.154963731567871577e+00
1.795995458932441124e+03 2.117530748338842841e+02 1.154875273142036196e+00
1.796016292665838137e+03 2.115563442280050879e+02 1.155685286901602771e+00
1.796037126398769033e+03 2.093390444967223232e+02 1.155027413311254803e+00
1.796057960130301581e+03 2.110816833016431531e+02 1.156924025508172527e+00
1.796078793861368922e+03 2.153366876831121601e+02 1.156403402513890510e+00
1.796099627591039962e+03 2.174624546746752003e+02 1.156924489187449279e+00
1.796120461320246022e+03 2.169804562587051748e+02 1.159081471756647330e+00
1.796141295048053507e+03 2.171100350801582692e+02 1.157461047660305109e+00
1.796162128774929897e+03 2.147258853136117125e+02 1.155994077660724928e+00
1.796182962501341080e+03 2.157941345906545507e+02 1.157768232191724644e+00
1.796203796226355962e+03 2.170409771268429893e+02 1.157289862209301523e+00
1.796224629950904955e+03 2.145360601103708689e+02 1.156470045853800865e+00
1.796245463674055372e+03 2.162696674877295493e+02 1.157083262653140432e+00
1.796266297396741038e+03 2.140432016566463176e+02 1.160752884778446070e+00
1.796287131118029947e+03 2.148534879399514068e+02 1.157957311472608275e+00
1.796307964838853877e+03 2.148454901445057317e+02 1.157190198367210376e+00
1.796328798558279686e+03 2.132551727108347279e+02 1.157459502778479310e+00
1.796349632277240062e+03 2.108599957693429587e+02 1.156021611107374669e+00
1.796370465994803908e+03 2.108408280215315358e+02 1.155320541440524318e+00
1.796391299711901866e+03 2.125112811872587599e+02 1.156130088568109615e+00
1.796412133428068955e+03 2.108299433099350040e+02 1.156275516950146187e+00
1.796432967142838606e+03 2.111750078971589915e+02 1.156573533853559210e+00
1.796453800857142141e+03 2.105453070329941170e+02 1.156927580377878906e+00
1.796474634570515036e+03 2.092475506994807972e+02 1.155806791573324110e+00
1.796495468282490947e+03 2.087582947295099416e+02 1.155704730570486394e+00
1.796516301994000969e+03 2.099645389465580934e+02 1.155979743509450541e+00
1.796537135704579669e+03 2.093021172538092287e+02 1.155839331615224008e+00
1.796557969413760929e+03 2.104129921673475963e+02 1.156348713965423824e+00
1.796578803122476984e+03 2.093976840001229505e+02 1.156286960732761937e+00
1.796599636830261943e+03 2.088689341334187759e+02 1.156782027866975815e+00
1.796620470537116034e+03 2.094850417859170193e+02 1.156448244162968209e+00
1.796641304242572005e+03 2.084429266432195504e+02 1.155654444548926740e+00
1.796662137947561860e+03 2.096269368962394424e+02 1.159126621178972583e+00
1.796682971651621983e+03 2.097652287691171580e+02 1.158288344646211776e+00
1.796703805354751012e+03 2.098336360919362846e+02 1.155605652122631888e+00
1.796724639056948035e+03 2.092966992273481139e+02 1.155529880518640473e+00
1.796745472758213054e+03 2.092818829669244280e+02 1.155294074731142429e+00
1.796766306458547660e+03 2.103081586518650283e+02 1.156343095485474315e+00
1.796787140151895983e+03 2.091150796829700766e+02 1.156552919452754624e+00
1.796807973850367944e+03 2.089994632237361429e+02 1.156307579875021085e+00
1.796828807548374016e+03 2.089755898901031230e+02 1.157076978069614404e+00
1.796849641244983104e+03 2.107075777100459391e+02 1.161637923835098896e+00
1.796870474940660642e+03 2.092876382212246824e+02 1.161141744439731172e+00
1.796891308635406403e+03 2.095901773648889446e+02 1.157238614949104294e+00
1.796912142329222434e+03 2.097231965216550407e+02 1.157004342291092946e+00
1.796932976022571893e+03 2.101655718375997992e+02 1.162669993861348949e+00
1.796953809714525050e+03 2.117775591592905755e+02 1.159178504846832380e+00
1.796974643406011410e+03 2.129528684346595924e+02 1.156886827520729799e+00
1.796995477096100331e+03 2.111650482385194323e+02 1.157402495197185965e+00
1.797016310785724045e+03 2.135326790738531031e+02 1.160076254196348966e+00
1.797037144473951457e+03 2.130487221882626443e+02 1.157255148232777087e+00
1.797057978161712981e+03 2.107634313611270898e+02 1.157750728055872980e+00
1.797078811848077976e+03 2.102323225057250511e+02 1.157114530524439244e+00
1.797099645533976854e+03 2.105832827552381445e+02 1.160907848693146116e+00
1.797120479218943501e+03 2.113886604988032332e+02 1.158645262444409907e+00
1.797141312902979053e+03 2.120575449138254100e+02 1.156900892828347072e+00
1.797162146585618984e+03 2.114297181240879127e+02 1.157344197277931919e+00
1.797182980267792118e+03 2.116014665060559707e+02 1.157588853741930324e+00
1.797203813949035066e+03 2.098560279693321888e+02 1.157119269567935316e+00
1.797224647629346009e+03 2.120526769422410496e+02 1.157941354436013981e+00
1.797245481308724948e+03 2.088467807298328012e+02 1.156790117460592793e+00
1.797266314987172336e+03 2.095115547963044662e+02 1.160563850086089754e+00
1.797287148665154973e+03 2.084548446068806982e+02 1.156901098912169079e+00
1.797307982341741081e+03 2.087888753447098509e+02 1.157806997762313994e+00
1.797328816017394956e+03 2.111037255462775306e+02 1.158257983293198290e+00
1.797349649692117964e+03 2.079685459340469436e+02 1.157168873825799693e+00
1.797370483366375993e+03 2.103301054500099667e+02 1.157980423048627916e+00
1.797391317039236128e+03 2.102246275943697924e+02 1.163668521032401149e+00
1.797412150711630602e+03 2.092836836950019688e+02 1.158276097280932726e+00
1.797432984382626955e+03 2.092989394745265770e+02 1.159166215466416849e+00
1.797453818053159011e+03 2.102533550461348568e+02 1.159285658609801706e+00
1.797474651722759972e+03 2.075712306962207379e+02 1.159363138390088199e+00
1.797495485390963950e+03 2.082802737764280607e+02 1.160354494567259032e+00
1.797516319058702038e+03 2.071813215273527931e+02 1.161583892239394844e+00
1.797537152725509031e+03 2.099415608567450704e+02 1.161970114177537816e+00
1.797557986391384475e+03 2.095991728077974585e+02 1.163074714356666872e+00
1.797578820056327913e+03 2.090455174353343182e+02 1.162893796691567116e+00
1.797599653720340029e+03 2.075484993434327521e+02 1.164133671370571443e+00
1.797620487383886939e+03 2.097364333423626874e+02 1.165123935623263884e+00
1.797641321046038001e+03 2.082057566198853067e+02 1.164482808878457343e+00
1.797662154707255922e+03 2.090504814130850946e+02 1.164535272842884606e+00
1.797682988368010001e+03 2.096510403835881391e+02 1.166229484026030327e+00
1.797703822027365959e+03 2.101101685276259161e+02 1.172973016680570524e+00
1.797724655686256483e+03 2.087617530849937850e+02 1.166064032950740348e+00
1.797745489343749341e+03 2.083799874696777863e+02 1.168550837473940396e+00
1.797766323000776993e+03 2.106607001868497377e+02 1.168996097541867396e+00
1.797787156656872867e+03 2.100318267043674325e+02 1.170370483999228828e+00
1.797807990312039010e+03 2.098497315474270692e+02 1.170632937557684716e+00
1.797828823965807032e+03 2.090961753216612351e+02 1.175673470357300188e+00
1.797849657619109394e+03 2.087772201310756373e+02 1.171683690031998237e+00
1.797870491271947003e+03 2.118677655761256347e+02 1.174143210980657104e+00
1.797891324923386492e+03 2.117748733089548239e+02 1.173620119881648716e+00
1.797912158573894885e+03 2.098288112865153039e+02 1.175694966239435368e+00
1.797932992223472866e+03 2.104102735410828870e+02 1.174585843651344330e+00
1.797953825872583366e+03 2.098381402247862013e+02 1.178596598492654079e+00
1.797974659520298019e+03 2.087114402419144028e+02 1.178150868827474440e+00
1.797995493167547011e+03 2.097663366539355252e+02 1.178527008598459158e+00
1.798016326813399019e+03 2.092668272827396265e+02 1.181674370402058027e+00
1.798037160458784911e+03 2.110942033488114475e+02 1.182494052363916692e+00
1.798057994103239935e+03 2.108487904236231429e+02 1.184710639761838546e+00
1.798078827746764091e+03 2.091689220472797786e+02 1.183350541209079676e+00
1.798099661389356470e+03 2.108509661552821797e+02 1.184837569037394012e+00
1.798120495031017981e+03 2.085515071098951125e+02 1.186238773562144910e+00
1.798141328671747488e+03 2.092000326474961582e+02 1.184638037950868306e+00
1.798162162312012015e+03 2.106712196173164955e+02 1.185671804466480239e+00
1.798182995950878194e+03 2.096775172184022153e+02 1.191157931105284673e+00
1.798203829588813051e+03 2.112890092362937366e+02 1.189219334368774472e+00
1.798224663226283155e+03 2.089810713139539473e+02 1.188307989197092018e+00
1.798245496862821938e+03 2.105982558755445382e+02 1.192982915508154163e+00
1.798266330497963963e+03 2.097504227335178655e+02 1.191193808704372747e+00
1.798287164132640100e+03 2.121611223752620674e+02 1.191719289209111965e+00
1.798307997766385142e+03 2.100836301629857701e+02 1.191552025053381092e+00
1.798328831399198862e+03 2.108014305162535322e+02 1.190433993499954157e+00
1.798349665031081031e+03 2.121849327937212593e+02 1.194596768186021007e+00
1.798370498662497994e+03 2.111137418284846774e+02 1.192913415371195773e+00
1.798391332292517063e+03 2.120582209858486067e+02 1.195941335783090809e+00
1.798412165921605492e+03 2.121436120056933703e+02 1.196732419438084172e+00
1.798432999550228033e+03 2.115875628162029329e+02 1.197314959905114273e+00
1.798453833177919932e+03 2.108719716157098105e+02 1.200097572810284730e+00
1.798474666804214849e+03 2.124222331916939766e+02 1.199755917998159616e+00
1.798495500430043194e+03 2.114101843895352033e+02 1.201622259789472125e+00
1.798516334054939989e+03 2.130542146892203164e+02 1.204729422348218559e+00
1.798537167678905462e+03 2.129880040128676342e+02 1.205873495846570664e+00
1.798558001302405955e+03 2.102449940126461172e+02 1.206740853644229672e+00
1.798578834924509010e+03 2.139153693318939133e+02 1.206674220542727882e+00
1.798599668545680970e+03 2.146165190614124469e+02 1.207315454695754742e+00
1.798620502166387951e+03 2.133940117214301324e+02 1.214174975827353231e+00
1.798641335786162927e+03 2.120757627214867398e+02 1.208152423119164487e+00
1.798662169404541146e+03 2.124040581100168765e+02 1.210621848035814407e+00
1.798683003022453022e+03 2.145582125412871335e+02 1.214503396982379080e+00
1.798703836639434030e+03 2.118646986239697299e+02 1.219016803979251495e+00
1.798724670255483943e+03 2.118463746807300367e+02 1.217331280620580936e+00
1.798745503870602079e+03 2.132062750349723501e+02 1.226077573126758580e+00
1.798766337485255008e+03 2.127014462124224679e+02 1.223487400873973563e+00
1.798787171098510953e+03 2.131308197987765425e+02 1.229287249367129853e+00
1.798808004711301010e+03 2.133820274827351113e+02 1.229989530704882039e+00
1.798828838323159971e+03 2.110873521933584982e+02 1.232437012786513630e+00
1.798849671933621948e+03 2.121883869521770976e+02 1.232880230530998267e+00
1.798870505543618037e+03 2.118728575221586823e+02 1.229875791062268187e+00
1.798891339152683031e+03 2.127163565131903908e+02 1.229491120959872896e+00
1.798912172761281909e+03 2.125914286131615256e+02 1.230239023229027895e+00
1.798933006368484030e+03 2.123967870218850464e+02 1.236872693214366548e+00
1.798953839975220490e+03 2.128619943315743797e+02 1.231935964514786708e+00
1.798974673580559966e+03 2.157892385361072343e+02 1.235538369027984418e+00
1.798995507185434008e+03 2.134198322796018488e+02 1.236791731704620867e+00
1.799016340789376954e+03 2.154404324115202485e+02 1.241001018357761998e+00
1.799037174392387897e+03 2.174458864747876419e+02 1.246689322277658718e+00
1.799058007994467062e+03 2.162979755563555102e+02 1.248860602840993206e+00
1.799078841595614904e+03 2.118693449118915169e+02 1.247884056204416447e+00
1.799099675196297994e+03 2.117599800045881295e+02 1.248047830166398864e+00
1.799120508795584101e+03 2.143940521467040980e+02 1.250945210715398215e+00
1.799141342394404091e+03 2.124680890715561929e+02 1.251732007762281329e+00
1.799162175992292987e+03 2.145019998730605266e+02 1.251844523416466570e+00
1.799183009589251014e+03 2.125807402362144103e+02 1.250019073340811193e+00
1.799224676780371965e+03 2.132862582665418643e+02 1.248759273842101614e+00
1.799245510375001459e+03 2.137295041994983933e+02 1.247644780535640763e+00
1.799266343968233969e+03 2.137088382150497523e+02 1.250551960197743728e+00
1.799287177561000135e+03 2.131929331926175450e+02 1.245914458288299276e+00
1.799308011152836116e+03 2.167034906715795728e+02 1.248102894273508401e+00
1.799328844743739864e+03 2.139561921037675063e+02 1.248030541541447658e+00
1.799349678333712973e+03 2.145172675372637343e+02 1.247663125513058802e+00
1.799370511923219965e+03 2.134898698480656378e+02 1.249363069386693059e+00
1.799391345511329973e+03 2.143485413612099535e+02 1.254673375564445692e+00
1.799412179098973866e+03 2.134619546866834980e+02 1.259206153777280068e+00
1.799433012685687117e+03 2.137075257149281526e+02 1.259467605707288440e+00
1.799453846271469047e+03 2.136476756417949900e+02 1.264132243379074039e+00
1.799474679856319426e+03 2.119848208668052507e+02 1.265646569339013539e+00
1.799495513440704144e+03 2.145938333529049657e+02 1.267844667315747742e+00
1.799516347023692106e+03 2.128122910519662412e+02 1.272269479747504040e+00
1.799537180606214861e+03 2.157377282041721855e+02 1.274239644359340673e+00
1.799558014187806066e+03 2.150856602174553416e+02 1.275117152572550427e+00
1.799578847768465948e+03 2.166618791647770479e+02 1.276528241037510725e+00
1.799599681348659487e+03 2.161288291294737292e+02 1.275130053974356414e+00
1.799620514927456952e+03 2.192301628625041587e+02 1.275533904692326637e+00
1.799641348505787846e+03 2.223201724166873703e+02 1.276793475132238731e+00
1.799662182083187417e+03 2.179733814890068686e+02 1.279398301158836793e+00
1.799683015659656121e+03 2.181836822224677803e+02 1.282754201179959752e+00
1.799703849235193047e+03 2.168476723378996098e+02 1.294676192094063039e+00
1.799724682810264994e+03 2.177965866615078880e+02 1.298372162828754561e+00
1.799745516384404937e+03 2.190530013425117772e+02 1.307731640502542980e+00
1.799766349957614011e+03 2.154332896463077986e+02 1.315404901646243463e+00
1.799787183529891990e+03 2.157365764784355804e+02 1.327494258329399379e+00
1.799808017101237965e+03 2.158543395589452984e+02 1.330813166983696227e+00
1.799828850672118961e+03 2.165503916522982308e+02 1.335679771146439432e+00
1.799849684242067951e+03 2.175071444173650264e+02 1.336431980641334505e+00
1.799870517811085847e+03 2.162879480090013828e+02 1.334693775916969027e+00
1.799891351379172420e+03 2.200776188940793077e+02 1.334656128761414484e+00
1.799912184946328125e+03 2.197410276080943277e+02 1.336771743589012296e+00
1.799933018513017032e+03 2.174056795647150295e+02 1.338695645907433729e+00
1.799953852078775981e+03 2.194368731654300007e+02 1.343400732381580420e+00
1.799974685643603152e+03 2.216357665519155091e+02 1.341614245739222389e+00
1.799995519207964435e+03 2.228719563203834184e+02 1.347650632984784158e+00
1.800016352771395532e+03 2.210210906860673390e+02 1.354613680296705480e+00
1.800037186333893942e+03 2.215835584446639359e+02 1.367817412087168227e+00
1.800058019895461484e+03 2.207563102425414741e+02 1.370334034384069755e+00
1.800078853456097477e+03 2.196357572789980566e+02 1.378566624472807867e+00
1.800099687016268490e+03 2.183390809762451283e+02 1.381289618774036221e+00
1.800120520575508408e+03 2.175414423277122467e+02 1.381118901102819319e+00
1.800141354134281983e+03 2.179356019628205274e+02 1.381309640899995195e+00
1.800162187691657891e+03 2.188543571506634464e+02 1.379938490298441289e+00
1.800183021248569048e+03 2.210400416492011004e+02 1.377281074158137164e+00
1.800203854805014089e+03 2.207949674228438255e+02 1.375458467517237660e+00
1.800224688360061919e+03 2.199608645631068384e+02 1.373594649593061767e+00
1.800245521914644996e+03 2.191604180828162214e+02 1.371300706160619498e+00
1.800266355468296069e+03 2.224002724393216681e+02 1.371943370879345148e+00
1.800287189021481481e+03 2.233186462915146819e+02 1.373412386129735152e+00
1.800308022573736025e+03 2.257177925967604892e+02 1.374636428623156714e+00
1.800328856125057882e+03 2.198422690776524462e+02 1.374656330855727360e+00
1.800349689675450009e+03 2.197167736906260984e+02 1.378931623446945531e+00
1.800370523225376019e+03 2.160075552736894906e+02 1.385505209748830069e+00
1.800391356774370024e+03 2.189348696717013354e+02 1.394480600158512384e+00
1.800412190322899960e+03 2.173640250779870087e+02 1.401286967570014586e+00
1.800433023870497891e+03 2.158693809660754255e+02 1.408015139408973271e+00
1.800453857417164045e+03 2.165919254103015419e+02 1.411839502909163047e+00
1.800474690963364992e+03 2.191920963654584966e+02 1.421979460180265997e+00
1.800495524508633935e+03 2.185622778958459662e+02 1.432982103799049334e+00
1.800516358053438125e+03 2.173853722958282049e+02 1.438949683258065271e+00
1.800537191597310084e+03 2.176097521109583397e+02 1.446237711281360694e+00
1.800558025140250948e+03 2.177119518389510802e+02 1.453272494142177296e+00
1.803620561880012474e+03 2.243955024957566309e+02 1.167876019831492584e+00
1.803641395478367485e+03 2.260998793339377926e+02 1.166590205593446727e+00
1.803662229073927847e+03 2.272572241210109496e+02 1.168606995182230879e+00
1.803683062667626928e+03 2.332789442156019106e+02 1.170944556568018990e+00
1.803703896258997474e+03 2.226203138200573335e+02 1.165154322688731536e+00
1.803724729848039033e+03 2.217006666985541301e+02 1.173766123424285102e+00
1.803745563434752512e+03 2.197222601617449413e+02 1.164600017794321207e+00
1.803766397019137912e+03 2.211285918369642900e+02 1.164741062317515841e+00
1.803787230601195006e+03 2.210227610425344267e+02 1.166899226488325558e+00
1.803808064181388090e+03 2.202211650756397603e+02 1.164512752015987695e+00
1.803828897759254460e+03 2.212580478172924927e+02 1.165261745355219869e+00
1.803849731334792978e+03 2.220033369411775084e+02 1.166414023473735906e+00
1.803870564908467031e+03 2.215592255347134767e+02 1.165441272563579878e+00
1.803891398480280031e+03 2.231668662814194022e+02 1.165191665976722080e+00
1.803912232049764043e+03 2.222878850046433286e+02 1.164716242585765116e+00
1.803933065617384955e+03 2.217155484152065128e+02 1.164202790479227145e+00
1.803953899182678470e+03 2.245220175703543930e+02 1.170458076906053302e+00
1.803974732746109112e+03 2.236544737836729837e+02 1.165168748593906622e+00
1.803995566307676427e+03 2.269787691320283045e+02 1.166414381179011306e+00
1.804016399867382006e+03 2.278559099515960327e+02 1.167328572971768841e+00
1.804037233424759052e+03 2.295616495452823642e+02 1.167750105279433015e+00
1.804058066980738431e+03 2.316960438432595311e+02 1.168851741911435482e+00
1.804078900534390414e+03 2.330993949664531897e+02 1.168250926962088210e+00
1.804099734086644958e+03 2.350686611776292523e+02 1.169521307791506981e+00
1.804120567636570968e+03 2.341394991506562064e+02 1.172218780954461304e+00
1.804141401184635015e+03 2.318129744686813467e+02 1.169127944790857132e+00
1.804162234731301851e+03 2.287603243090954948e+02 1.167371871664657279e+00
1.804183068276105132e+03 2.288950177041376435e+02 1.166581162089594947e+00
1.804203901818581471e+03 2.303559002603805652e+02 1.168392551044199035e+00
1.804224735360126033e+03 2.291948164113860287e+02 1.173470237874634448e+00
1.804245568899342061e+03 2.279704117124770733e+02 1.167769552231708863e+00
1.804266402436695444e+03 2.325363761415267447e+02 1.168269396205599442e+00
1.804287235972652070e+03 2.343419457671581085e+02 1.170477529789967885e+00
1.804308069507211030e+03 2.298232985780035165e+02 1.167932158952716959e+00
1.804328903039442594e+03 2.293067318936830361e+02 1.167570933080214868e+00
1.804349736570276946e+03 2.311173384827541781e+02 1.167918685809724133e+00
1.804370570099247971e+03 2.294205490109513050e+02 1.171136750697209683e+00
1.804391403626822466e+03 2.280985768870465620e+02 1.167529837004483317e+00
1.804412237153000433e+03 2.272052516985971522e+02 1.166578403040564593e+00
1.804433070676849411e+03 2.265318860156234848e+02 1.166311408630975821e+00
1.804453904199767521e+03 2.248932021653029949e+02 1.167515031852586205e+00
1.804474737720822986e+03 2.288101988417143673e+02 1.168086425568873210e+00
1.804495571240016034e+03 2.290112797797163751e+02 1.168600211515183895e+00
1.804516404757811870e+03 2.263396455545788513e+02 1.166044608671261695e+00
1.804537238274210040e+03 2.247567456976935318e+02 1.167459842718258534e+00
1.804558071789212136e+03 2.230712376585211700e+02 1.169590108507784221e+00
1.804578905302350904e+03 2.230279516893927223e+02 1.165780304081493135e+00
1.804599738813627027e+03 2.215250151671349954e+02 1.166141880171247092e+00
1.804620572323972965e+03 2.230233632231043543e+02 1.168670647523160078e+00
1.804641405832454893e+03 2.222217770167259232e+02 1.166075942941029231e+00
1.804662239339540065e+03 2.204447341486769290e+02 1.164456857536448009e+00
1.804683072845229617e+03 2.193040858366152861e+02 1.164876358936907774e+00
1.804703906349521958e+03 2.197049739550156460e+02 1.168780194876759992e+00
1.804724739851951426e+03 2.217738531493210701e+02 1.165862924874212059e+00
1.804745573352983456e+03 2.194122167499008640e+02 1.164050723022692635e+00
1.804766406853083481e+03 2.243464801134855975e+02 1.166092044236654246e+00
1.804787240351321543e+03 2.228555398037376847e+02 1.166526184252523635e+00
1.804808073848163076e+03 2.226780490303461022e+02 1.165264354068234809e+00
1.804828907343141054e+03 2.234407144700189178e+02 1.166231886139386109e+00
1.804849740837187483e+03 2.259453913804176750e+02 1.168164852354455219e+00
1.804870574329838064e+03 2.233969041590885638e+02 1.169816001215502776e+00
1.804891407821091434e+03 2.241120519750035953e+02 1.168822164908527750e+00
1.804912241310481932e+03 2.211114951500467498e+02 1.164996495712314450e+00
1.804933074798940424e+03 2.201335657661653329e+02 1.165559152169906465e+00
1.804953908286002388e+03 2.202908024238678877e+02 1.166220795489600892e+00
1.804974741771201934e+03 2.189053855028662383e+02 1.165034406833347580e+00
1.804995575255469930e+03 2.194136206853542603e+02 1.165002225947402437e+00
1.805016408738340942e+03 2.197948639828175033e+02 1.173434631100333636e+00
1.805037242219815425e+03 2.241779670522703896e+02 1.166379070029180731e+00
1.805058075699892925e+03 2.243524661354427394e+02 1.165885112876872354e+00
1.805078909178572985e+03 2.248567906200499351e+02 1.165989043221922428e+00
1.805099742655856062e+03 2.252291864796916343e+02 1.166105129570290444e+00
1.805120576132208043e+03 2.229652347294405388e+02 1.166928545760731240e+00
1.805141409606696925e+03 2.234806734914261028e+02 1.165874223426027756e+00
1.805162243080255394e+03 2.221242462275440346e+02 1.165320772452132614e+00
1.805183076552416424e+03 2.215578703617708527e+02 1.170208572642119860e+00
1.805203910023180015e+03 2.229715663866258524e+02 1.165311003009124047e+00
1.805224743492547077e+03 2.221938823201149944e+02 1.166992902556004852e+00
1.805245576960517155e+03 2.220003654467262493e+02 1.166084172519903595e+00
1.805266410427555911e+03 2.204767992754096895e+02 1.164568439085861717e+00
1.805287243893198138e+03 2.213187317964539886e+02 1.165947891389441882e+00
1.805308077357442016e+03 2.224749877983164197e+02 1.169940827332403455e+00
1.805328910820290048e+03 2.241323250719456723e+02 1.169628838982396557e+00
1.805349744282206984e+03 2.265673453210612820e+02 1.166165493993499780e+00
1.805370577742726027e+03 2.245432100519965388e+02 1.166006065853430584e+00
1.805391411201848996e+03 2.258782322909703453e+02 1.167691609344822634e+00
1.805412244659574526e+03 2.270951864822640971e+02 1.168505287050717101e+00
1.805433078116368961e+03 2.272058695579734433e+02 1.166291017455008960e+00
1.805453911571765047e+03 2.239340028961856319e+02 1.166609518604237339e+00
1.805474745025765515e+03 2.245698218964558635e+02 1.166118623666814402e+00
1.805495578478834432e+03 2.245692149465389207e+02 1.167285681173672041e+00
1.805516411930506592e+03 2.248412589492893687e+02 1.165962818681639979e+00
1.805537245380781997e+03 2.255117964767865715e+02 1.167166494974591018e+00
1.805558078830124487e+03 2.265754558857871359e+02 1.170269845916076301e+00
1.805578912278071130e+03 2.297907401547515462e+02 1.167912357461641459e+00
1.805599745725086905e+03 2.314795248033374548e+02 1.169195902008668853e+00
1.805620579170705014e+03 2.327067941706181671e+02 1.169676180149575417e+00
1.805641412614926594e+03 2.304771185294473526e+02 1.171237721414438937e+00
1.805662246058216397e+03 2.281726634964068978e+02 1.168932207969439085e+00
1.805683079500110125e+03 2.254438581759916076e+02 1.167467807268753432e+00
1.805703912940605051e+03 2.239238794907212764e+02 1.170907040422029199e+00
1.805724746380170018e+03 2.234603784798439108e+02 1.167184011104327901e+00
1.805745579818338001e+03 2.248780363834508762e+02 1.166390516886602446e+00
1.805766413255574435e+03 2.232351790664573912e+02 1.165718794825325366e+00
1.805787246691880000e+03 2.246337600103020691e+02 1.166826027249618036e+00
1.805808080126322011e+03 2.261946003572917050e+02 1.168560171775948842e+00
1.805828913559832927e+03 2.260645256442604420e+02 1.167305135863113685e+00
1.805849746992413429e+03 2.236094799331920342e+02 1.168631324250705816e+00
1.805870580423596039e+03 2.241125485174077312e+02 1.166261426618230512e+00
1.805891413853847098e+03 2.232313330055832807e+02 1.168447390053073187e+00
1.805912247282701401e+03 2.226925161980225596e+02 1.165948146995368528e+00
1.805933080710158947e+03 2.219475598614611442e+02 1.165964863501304905e+00
1.805953914137151060e+03 2.197666652659945612e+02 1.165390844066967801e+00
1.805974747562280982e+03 2.210634856224203588e+02 1.171711465233268967e+00
1.805995580986478444e+03 2.217774043423163448e+02 1.166490672097516335e+00
1.806016414409745039e+03 2.222942476588187333e+02 1.168616890084605897e+00
1.806037247831614877e+03 2.205106079292782226e+02 1.167810078435423060e+00
1.806058081252552938e+03 2.217535936476305665e+02 1.167605544553518726e+00
1.806078914672094470e+03 2.177123473820099093e+02 1.164151540333464796e+00
1.806099748090704907e+03 2.211705352961926678e+02 1.166683804295327143e+00
1.806120581507916995e+03 2.204377606581736018e+02 1.168176434784161444e+00
1.806141414924199125e+03 2.192837146624838454e+02 1.167451163338543152e+00
1.806162248339549024e+03 2.206843547934535366e+02 1.166404467592199845e+00
1.806183081753502393e+03 2.200534500856696525e+02 1.165193916766796844e+00
1.806203915166059005e+03 2.218203236703908203e+02 1.166119952622419520e+00
1.806224748578149956e+03 2.199442713054235696e+02 1.165644396500370217e+00
1.806245581988378490e+03 2.224141700133293114e+02 1.167793847706551258e+00
1.806266415398142044e+03 2.219654059018522787e+02 1.166653763608878513e+00
1.806287248806507478e+03 2.226926511762562484e+02 1.166364096961278074e+00
1.806308082213941589e+03 2.206127368969362692e+02 1.166162478402139380e+00
1.806328915619978943e+03 2.217232518867954809e+02 1.167959921302726078e+00
1.806349749025084975e+03 2.218276536370270549e+02 1.166304969350764553e+00
1.806370582428794023e+03 2.200065745555423291e+02 1.165754688401583694e+00
1.806391415831571067e+03 2.214016412309169937e+02 1.165502540762352268e+00
1.806412249233417469e+03 2.195185969091900517e+02 1.166569614914974240e+00
1.806433082633866434e+03 2.208343611945855116e+02 1.165908680776672313e+00
1.806453916033384985e+03 2.215472665085985682e+02 1.169553415296100907e+00
1.806474749431971532e+03 2.192004184747252964e+02 1.170103336074594491e+00
1.806495582829160867e+03 2.210742809419764967e+02 1.165650379221655708e+00
1.806516416225419107e+03 2.207409467231092606e+02 1.165801164339131724e+00
1.806537249620746024e+03 2.228294320765530188e+02 1.165870798084780668e+00
1.806558083014675958e+03 2.214527578435623809e+02 1.169271603635719803e+00
1.806578916407674114e+03 2.231240661857288501e+02 1.165799374870882588e+00
1.806599749799741858e+03 2.234315866822700798e+02 1.166870008640821021e+00
1.806620583190411935e+03 2.223829971402458909e+02 1.167512785537274222e+00
1.806641416580151144e+03 2.229598302454961640e+02 1.167399392050943785e+00
1.806662249968959031e+03 2.240962673422786793e+02 1.166343451187221936e+00
1.806683083356369480e+03 2.261484619521065440e+02 1.167492262183611240e+00
1.806703916742849060e+03 2.240957903976171792e+02 1.166737191021439024e+00
1.806724750128396863e+03 2.245459148461174550e+02 1.166845183111584916e+00
1.806745583512547910e+03 2.264137381875189021e+02 1.172833571982909495e+00
1.806766416896233977e+03 2.255688876078509395e+02 1.170118923501153319e+00
1.806787250278056490e+03 2.249778335546314736e+02 1.172655837270522916e+00
1.806808083659414024e+03 2.240017278273307682e+02 1.166564607697531342e+00
1.806828917039374119e+03 2.258991411140461310e+02 1.168976772971719758e+00
1.806849750418402891e+03 2.263682077376814732e+02 1.168950309519655617e+00
1.806870583796499886e+03 2.278810464896140218e+02 1.167633774095816701e+00
1.806891417173666923e+03 2.257239361810556773e+02 1.167039278109782030e+00
1.806912250549436067e+03 2.298002357765322756e+02 1.168092599891935812e+00
1.806933083924273888e+03 2.344409523830466924e+02 1.170501972745970898e+00
1.806953917297714952e+03 2.380306268049754124e+02 1.173185709061773885e+00
1.806974750670690582e+03 2.352914519770892525e+02 1.172161677581295747e+00
1.806995584042269002e+03 2.365218062689511385e+02 1.171876780190705070e+00
1.807016417412915416e+03 2.354191039301860258e+02 1.171287541963354606e+00
1.807037250782630963e+03 2.367272269877727808e+02 1.171495452451976726e+00
1.807058084150949981e+03 2.376773667064305187e+02 1.178916578203365484e+00
1.807078917518336993e+03 2.396169584925083029e+02 1.172436236455429492e+00
1.807099750884793139e+03 2.385418400852441039e+02 1.173278578398189387e+00
1.807120584250317961e+03 2.370862674688027028e+02 1.171262148506076795e+00
1.807141417614445572e+03 2.335886027767749340e+02 1.171852823683399158e+00
1.807162250978107977e+03 2.354407795715708005e+02 1.173780900509858061e+00
1.807183084340372488e+03 2.374865708183829440e+02 1.171059846291856665e+00
1.807203917701240471e+03 2.376702776855823913e+02 1.171240215036725374e+00
1.807224751061643019e+03 2.371487586331454054e+02 1.171435108274570425e+00
1.807245584420647901e+03 2.388983077348410973e+02 1.171398523739494602e+00
1.807266417778722598e+03 2.402215085456649604e+02 1.171758773126267750e+00
1.807287251135865063e+03 2.407658793571776528e+02 1.174149404217918580e+00
1.807308084492076432e+03 2.380555999620837611e+02 1.171334510775129623e+00
1.807328917847357388e+03 2.390814920062986459e+02 1.171505679108241216e+00
1.807349751201240906e+03 2.409164038521135183e+02 1.172290779105750413e+00
1.807370584554192419e+03 2.429509262170303998e+02 1.172599314324654918e+00
1.807391417906213064e+03 2.428126616934985975e+02 1.174467804283559236e+00
1.807412251257302160e+03 2.455115023635233058e+02 1.177352413153211597e+00
1.807433084606994043e+03 2.499845121624087767e+02 1.178585775915563350e+00
1.807453917956220948e+03 2.587110003478089766e+02 1.180770175099980834e+00
1.807474751304050415e+03 2.552203495414334782e+02 1.178092130409911897e+00
1.807495584650948558e+03 2.563039188984389511e+02 1.177748798642631822e+00
1.807516417996915607e+03 2.607674065275438124e+02 1.179317694294169883e+00
1.807537251341485444e+03 2.630511714148582314e+02 1.186189781967839085e+00
1.807558084685590529e+03 2.663649473590714365e+02 1.180201639468992481e+00
1.807578918028297949e+03 2.675639521907010021e+02 1.183557742738829743e+00
1.807599751370073591e+03 2.664621896895100690e+02 1.182930839393653732e+00
1.807620584710918138e+03 2.629607393237333213e+02 1.179270386374684509e+00
1.807641418050831589e+03 2.563948416833206352e+02 1.179724939017484431e+00
1.807662251389813491e+03 2.569176955997545519e+02 1.181524854300946004e+00
1.807683084727398409e+03 2.518692692235574100e+02 1.178523316577951841e+00
1.807703918064052004e+03 2.495038724803329444e+02 1.177618979499084340e+00
1.807724751400239938e+03 2.453253060058995914e+02 1.174876831579257042e+00
1.807745584735032025e+03 2.430411594150544659e+02 1.173045019350924756e+00
1.807766418068425992e+03 2.424903454847520834e+02 1.174830816141665180e+00
1.807787251401354524e+03 2.385680508448688499e+02 1.173436764489564244e+00
1.807808084733351961e+03 2.374554914652696596e+02 1.171224693423922769e+00
1.807828918063953097e+03 2.367924480338278954e+02 1.171441570236444685e+00
1.807849751393622000e+03 2.350489539114823003e+02 1.170783640982399509e+00
1.807870584722824560e+03 2.338511064937875972e+02 1.172355553324696320e+00
1.807891418050631501e+03 2.307735688762252266e+02 1.169746143726857923e+00
1.807912251377041002e+03 2.314353230522293927e+02 1.169248205474331170e+00
1.807933084702984161e+03 2.336708803309782922e+02 1.172220967404104197e+00
1.807953918027995996e+03 2.358658844534458296e+02 1.174790126237819310e+00
1.807974751351611530e+03 2.379516195128914262e+02 1.174847507727004414e+00
1.808016417996514065e+03 2.378462584854410977e+02 1.173157206658740792e+00
1.808037251317335404e+03 2.376827703923899548e+02 1.171450728861503032e+00
1.808058084637224965e+03 2.374884737515510267e+02 1.172061193297536663e+00
1.808078917956183432e+03 2.376254669079046664e+02 1.173508281579395129e+00
1.808099751273744914e+03 2.382549548740360024e+02 1.171305658001205563e+00
1.808120584590840963e+03 2.384989967271783655e+02 1.171843413880962581e+00
1.808141417906540482e+03 2.410358914373524613e+02 1.172919049890151166e+00
1.808162251221774113e+03 2.385363446737673030e+02 1.172607548952145473e+00
1.808183084535609851e+03 2.386948489056337905e+02 1.171475405911527767e+00
1.808203917848514948e+03 2.404229865314649999e+02 1.173034094741818523e+00
1.808224751160488495e+03 2.370550184243933245e+02 1.171283725346613291e+00
1.808245584471531856e+03 2.388865999695660207e+02 1.173131345590491925e+00
1.808266417781642986e+03 2.394322370964993922e+02 1.174138997530077333e+00
1.808287251090822565e+03 2.404162210985597312e+02 1.172833927730272174e+00
1.808308084399071049e+03 2.412103991881502623e+02 1.173558259685620664e+00
1.808328917705921867e+03 2.428631920081746784e+02 1.173779377107575073e+00
1.808349751012308388e+03 2.413625286737108127e+02 1.177155866610558155e+00
1.808370584317297016e+03 2.415372114781099810e+02 1.172883528020501664e+00
1.808391417621354549e+03 2.399464742167305644e+02 1.174746289153406842e+00
1.808412250924480986e+03 2.401892709650313691e+02 1.174414159945114777e+00
1.808433084227141080e+03 2.393200990958067393e+02 1.172847039486360821e+00
1.808453917528404872e+03 2.396675514630784392e+02 1.172377567609356186e+00
1.808474750828271453e+03 2.378039750150681471e+02 1.172296270308678778e+00
1.808495584127671918e+03 2.391194497094410281e+02 1.173879155780957806e+00
1.808516417426141970e+03 2.389266595621802196e+02 1.172992326228414539e+00
1.808537250723680017e+03 2.397047540185618004e+02 1.175132141393478769e+00
1.808558084019821990e+03 2.424355047303427000e+02 1.181679010949986619e+00
1.808578917315496938e+03 2.475872091736205789e+02 1.180115678903760124e+00
1.808599750609775583e+03 2.533287937432746730e+02 1.177663924354306557e+00
1.808620583903589022e+03 2.575857844507453365e+02 1.179455513280565526e+00
1.808641417196005023e+03 2.591431509019421355e+02 1.186917915231271659e+00
1.808662250487489473e+03 2.603162651492698387e+02 1.179886807411426153e+00
1.808683083778043056e+03 2.609598536341841282e+02 1.182527319771996321e+00
1.808703917067664406e+03 2.594814665283175827e+02 1.179671028476946493e+00
1.808724750356356026e+03 2.689527264381981126e+02 1.186071741600715601e+00
1.808745583644114959e+03 2.703731089243601673e+02 1.189879292528945864e+00
1.808766416930943024e+03 2.817737990878764549e+02 1.186900389019607260e+00
1.808787250216840448e+03 2.827734870660752904e+02 1.186938655084386784e+00
1.808808083501805413e+03 2.682380457391694222e+02 1.181538222738732546e+00
1.808828916785839510e+03 2.675080066461284787e+02 1.182532057781250590e+00
1.808849750068475942e+03 2.698602860571432984e+02 1.188032733479120528e+00
1.808870583350647848e+03 2.708244014766349892e+02 1.184231778143763458e+00
1.808891416631422999e+03 2.698122001352768393e+02 1.181756485232253295e+00
1.808912249911731124e+03 2.674665657242985048e+02 1.182397470767448056e+00
1.808933083190642947e+03 2.728526986152313043e+02 1.184136848360630490e+00
1.808953916461639437e+03 2.726488910593645301e+02 1.182687393486019367e+00
1.808974749738687933e+03 2.815150969415029749e+02 1.190802349188463616e+00
1.808995583014806016e+03 2.906291631491147314e+02 1.188781398274298295e+00
1.809016416290458437e+03 2.897336546015011436e+02 1.188807620829136047e+00
1.809037249564713875e+03 2.865888558599005478e+02 1.187602992359887200e+00
1.809058082838037535e+03 2.824381109997065664e+02 1.187076191816520465e+00
1.809078916110430555e+03 2.767037219523155045e+02 1.188373194441061154e+00
1.809099749381892025e+03 2.769243873782370429e+02 1.186756152027578670e+00
1.809120582652421490e+03 2.762350245797976527e+02 1.184593810550505832e+00
1.809141415922019860e+03 2.743684157572953382e+02 1.184184767208689815e+00
1.809162249190686907e+03 2.726808208386703427e+02 1.184589986488389091e+00
1.809183082458423542e+03 2.775941083266731084e+02 1.185180758359266617e+00
1.809203915724762055e+03 2.649732383310794148e+02 1.180623169751664481e+00
1.809224748990635590e+03 2.594383989446611736e+02 1.178823091216978369e+00
1.809245582255578029e+03 2.492876338134666128e+02 1.176862352721599336e+00
1.809266415519588463e+03 2.423531182939229609e+02 1.173945314774627269e+00
1.809287248782201914e+03 2.428917786584579233e+02 1.173994665026524720e+00
1.809308082044350613e+03 2.405333975690690238e+02 1.173449056799573453e+00
1.809328915305567079e+03 2.386353528604803103e+02 1.173199528159441174e+00
1.809349748565387472e+03 2.357999714213617892e+02 1.172445641499996638e+00
1.809370581824742430e+03 2.363936073857354643e+02 1.173179155094576931e+00
1.809391415082699950e+03 2.385252137830895549e+02 1.174111127458117521e+00
1.809412248340191127e+03 2.364639068450291859e+02 1.171749108228105962e+00
1.809433081596286002e+03 2.385758242831464884e+02 1.172772280183579374e+00
1.809453914851913851e+03 2.357074265653310192e+02 1.171871287022112629e+00
1.809474748106145853e+03 2.345606610257122213e+02 1.172451131977623406e+00
1.809495581359912421e+03 2.374752938029995732e+02 1.176323040306896495e+00
1.809516414612282006e+03 2.352778262744592439e+02 1.171823118968753796e+00
1.809537247864185019e+03 2.340654308534918471e+02 1.171103007029973497e+00
1.809558081114691959e+03 2.340096622020815005e+02 1.171359902663693831e+00
1.809578914364266893e+03 2.344520763335657421e+02 1.171338937857443252e+00
1.809599747613375939e+03 2.318303563659456472e+02 1.171607381144670557e+00
1.809620580861089593e+03 2.319338158745074452e+02 1.171910043828237047e+00
1.809641414107869878e+03 2.300497450830433195e+02 1.170817139311057797e+00
1.809662247354186093e+03 2.303228146519423092e+02 1.172258594038056767e+00
1.809683080599104869e+03 2.291618949893767763e+02 1.172519201597278293e+00
1.809703913843093005e+03 2.298092442009823912e+02 1.172126031055629625e+00
1.809724747086148454e+03 2.272082024756529108e+02 1.172392107995632093e+00
1.809745580328738470e+03 2.282425852160087061e+02 1.169969917546413773e+00
1.809766413569932411e+03 2.265227333673628891e+02 1.171373387110203002e+00
1.809787246810194119e+03 2.253666358581498059e+02 1.169592401795292114e+00
1.809808080049524506e+03 2.275995572834679876e+02 1.168620460389635740e+00
1.809828913287924479e+03 2.258978021376739491e+02 1.168702013387191707e+00
1.809849746525857881e+03 2.267053034731196703e+02 1.169934866551275654e+00
1.809870579762394527e+03 2.274601108229161071e+02 1.168941284274727099e+00
1.809891412997999851e+03 2.278123144838882013e+02 1.170639658529111449e+00
1.809912246232674079e+03 2.279493397972456989e+02 1.170351996984019483e+00
1.809933079466416530e+03 2.300988998548744746e+02 1.169791238206675743e+00
1.809953912699694001e+03 2.285448036588219054e+02 1.172718304155558666e+00
1.809974745931574489e+03 2.310716919207127376e+02 1.172395819324079325e+00
1.809995579162522972e+03 2.286306699955295016e+02 1.169901852444350299e+00
1.810016412392540587e+03 2.313685165101186385e+02 1.171364329650040670e+00
1.810037245621626880e+03 2.287336684250472558e+02 1.169059014905330152e+00
1.810058078850247057e+03 2.292776535343537319e+02 1.177515974402143284e+00
1.810078912077470477e+03 2.309347184974853064e+02 1.172711391791736002e+00
1.810099745303763484e+03 2.298670334639120938e+02 1.171252275951213839e+00
1.810120578529124487e+03 2.298822008084708557e+02 1.170310743913746343e+00
1.810141411754019600e+03 2.302358132670426301e+02 1.169693454866897797e+00
1.810162244977517503e+03 2.270318426007645201e+02 1.168833026894830596e+00
1.810183078200084992e+03 2.277830953993775722e+02 1.169775136874437571e+00
1.810203911421720022e+03 2.268376379257578606e+02 1.169186827679958407e+00
1.810224744642890073e+03 2.281010986414020181e+02 1.168556703300847932e+00
1.810245577862663140e+03 2.291524351652944631e+02 1.173415887585357309e+00
1.810266411081505566e+03 2.306939365652831384e+02 1.169886567820084489e+00
1.810287244299880967e+03 2.298067604596374451e+02 1.169475795167556287e+00
1.810308077516860067e+03 2.280001104794459650e+02 1.169993301274612429e+00
1.810328910732907843e+03 2.291710961792397256e+02 1.171735628105431859e+00
1.810349743948489959e+03 2.290215194799427820e+02 1.169388434507754981e+00
1.810370577162674408e+03 2.277547211634102382e+02 1.169724946172988833e+00
1.810391410375928444e+03 2.293076480348318000e+02 1.172358654669260147e+00
1.810412243588717047e+03 2.274157170253982088e+02 1.170039557904935856e+00
1.810433076800107983e+03 2.300314769329264664e+02 1.170815612052488186e+00
1.810453910011033031e+03 2.303402725227777523e+02 1.171124841278615936e+00
1.810474743220561550e+03 2.306658265964064469e+02 1.170993931481772776e+00
1.810495576429625089e+03 2.314138837733047183e+02 1.172404665456838302e+00
1.810516409637290053e+03 2.314253341387507987e+02 1.173495634343105110e+00
1.810537242844490038e+03 2.319649871411514255e+02 1.175445559413725860e+00
1.810558076050293494e+03 2.334386662141718318e+02 1.174224126604249241e+00
1.810578909255631061e+03 2.329340170052785766e+02 1.173915866105130767e+00
1.810599742460036396e+03 2.302522233070015432e+02 1.174499624318029900e+00
1.810620575663046111e+03 2.302137090743909482e+02 1.174074626308645009e+00
1.810641408865589938e+03 2.306596436384407696e+02 1.176966782372583120e+00
1.810662242067201987e+03 2.295345567289172379e+02 1.175530188234103601e+00
1.810683075267417053e+03 2.311340136152771265e+02 1.175914870872385221e+00
1.810703908467166912e+03 2.284752760864398908e+02 1.179030178424773201e+00
1.810724741665985448e+03 2.286193457509931477e+02 1.176145072740585773e+00
1.810745574863871980e+03 2.278838643005790630e+02 1.178237579795018641e+00
1.810766408060827416e+03 2.260641465806835697e+02 1.177740549352855437e+00
1.810787241256386551e+03 2.278572494568942659e+02 1.177601567968070917e+00
1.810808074451480024e+03 2.270522492289223067e+02 1.178857068956593590e+00
1.810828907645641038e+03 2.285579750527874126e+02 1.179239756517236115e+00
1.810849740838870957e+03 2.281824837699347199e+02 1.179621208298816226e+00
1.810870574031170463e+03 2.279813351780860557e+02 1.183772108280412017e+00
1.810891407222538419e+03 2.295452873565288598e+02 1.182342421776817032e+00
1.810912240413440941e+03 2.281367044167000699e+02 1.181646476289748282e+00
1.810933073602946479e+03 2.300551203407074468e+02 1.182812675365198185e+00
1.810953906791520467e+03 2.308011237536529450e+02 1.182311871505822731e+00
1.810974739979163132e+03 2.309298189350803341e+02 1.182910936258179113e+00
1.810995573165874475e+03 2.313483602058360589e+02 1.184758283854605354e+00
1.811016406352119475e+03 2.305226132597771027e+02 1.185261624504330369e+00
1.811037239536967490e+03 2.322853642435403287e+02 1.187076442873018944e+00
1.811058072720884866e+03 2.318074742292001815e+02 1.187868261957833349e+00
1.811078905904337034e+03 2.333102217083225867e+02 1.192780399505200872e+00
1.811099739086390855e+03 2.311788650349681973e+02 1.188849585741099890e+00
1.811120572267979469e+03 2.308472616419977328e+02 1.193298238383841969e+00
1.811141405448172009e+03 2.297502464791751891e+02 1.189557902414471124e+00
1.811162238627898432e+03 2.287851774995848189e+02 1.190393186014295557e+00
1.811183071806693079e+03 2.268996551772735870e+02 1.189907294196503207e+00
1.811203904984555948e+03 2.255333371941244422e+02 1.197296142189197665e+00
1.811224738161022970e+03 2.264731415876690903e+02 1.191498749691094705e+00
1.811245571337024103e+03 2.256566772614793308e+02 1.192343821344984622e+00
1.811266404512094141e+03 2.251285587743718111e+02 1.192735174729387726e+00
1.811287237686231947e+03 2.263035745251756055e+02 1.194724193730920758e+00
1.811308070859438430e+03 2.277219872255409712e+02 1.195601833456068741e+00
1.811328904031714046e+03 2.263235780589568549e+02 1.196537013924443116e+00
1.811349737203059021e+03 2.260019318622838114e+02 1.203185191444693602e+00
1.811370570373470855e+03 2.273131612650487057e+02 1.200840701218043760e+00
1.811391403542952958e+03 2.283438522614635531e+02 1.197861789054513570e+00
1.811412236711968944e+03 2.281756543220194544e+02 1.198137274068844960e+00
1.811433069879588402e+03 2.285932103495595413e+02 1.197955481964627866e+00
1.811453903046276082e+03 2.293114897568661092e+02 1.200242143280687790e+00
1.811474736212498101e+03 2.298980530250307197e+02 1.201577070170189554e+00
1.811495569377322454e+03 2.318019651588305976e+02 1.203792832544413605e+00
1.811516402541682510e+03 2.298597273099695997e+02 1.204680440562897470e+00
1.811537235705110561e+03 2.298731227506336552e+02 1.205858716603090963e+00
1.811558068867142083e+03 2.294544850154877906e+02 1.211559997036493197e+00
1.811578902028707034e+03 2.295294848841316480e+02 1.206799629975320087e+00
1.811599735189340436e+03 2.293306868862560179e+02 1.206377611673864259e+00
1.811620568349043879e+03 2.261503820575071018e+02 1.206588614575659024e+00
1.811641401507815544e+03 2.265551606669329487e+02 1.208764421363176300e+00
1.811662234665655888e+03 2.276061476271424908e+02 1.210156441104250691e+00
1.811683067822564453e+03 2.265867602704148567e+02 1.214990392340832281e+00
1.811703900978541469e+03 2.258037817209841478e+02 1.217107301550252929e+00
1.811724734134053506e+03 2.270084514808448830e+02 1.222049843066643993e+00
1.811745567288169013e+03 2.267705858128123566e+02 1.223207099821843613e+00
1.811766400441352516e+03 2.264492275250884461e+02 1.220472927513684525e+00
1.811787233594070130e+03 2.262060440112960009e+02 1.221471681885725413e+00
1.811808066745390533e+03 2.246579872539163034e+02 1.223240137075660483e+00
1.811828899896245957e+03 2.257984693026207026e+02 1.221163389791329434e+00
1.811849733046170059e+03 2.282514398153941499e+02 1.221957558576965752e+00
1.811870566195163065e+03 2.256818179785898053e+02 1.219288584718319246e+00
1.811891399342759087e+03 2.267482118192136795e+02 1.219551312063472448e+00
1.811912232489888538e+03 2.253507152940540266e+02 1.219480051338098781e+00
1.811933065636086440e+03 2.275109779625274768e+02 1.219965695227176461e+00
1.811953898781820044e+03 2.255614158069777204e+02 1.221093394644911845e+00
1.811974731926155982e+03 2.281435568781973586e+02 1.224458822094605992e+00
1.811995565069561053e+03 2.274007385220460833e+02 1.228106019550446737e+00
1.812016398212500008e+03 2.269595230426138528e+02 1.235726931993142985e+00
1.812037231354041069e+03 2.278321711210653575e+02 1.234651317331779685e+00
1.812058064495118060e+03 2.278712672139412234e+02 1.238750477164260344e+00
1.812078897634797613e+03 2.267409606119724970e+02 1.239103651866652722e+00
1.812099730774011505e+03 2.273807237685776101e+02 1.241431576066564624e+00
1.812120563912294074e+03 2.278284194647603726e+02 1.239633201215794456e+00
1.812141397049645093e+03 2.291467502997489021e+02 1.240048275899974684e+00
1.812162230186063880e+03 2.299580953103574643e+02 1.239690802694526806e+00
1.812183063321552481e+03 2.295275788393045389e+02 1.241763108410276706e+00
1.812203896456575876e+03 2.289585539750171677e+02 1.242146617288616417e+00
1.812224729590202060e+03 2.280962457755932746e+02 1.241854785050085619e+00
1.812245562722896466e+03 2.323949471009755143e+02 1.243779775368527130e+00
1.812266395855124983e+03 2.317282236446058903e+02 1.245089182819256068e+00
1.812287228986421951e+03 2.313353010257445703e+02 1.246416821348291126e+00
1.812308062116788506e+03 2.298063471724641147e+02 1.246899478834598396e+00
1.812328895245757849e+03 2.297662036707017705e+02 1.248330479547746785e+00
1.812349728374727420e+03 2.298286909692033930e+02 1.251710198649023331e+00
1.812370561502299552e+03 2.298218908815157420e+02 1.251906514601947240e+00
1.812391394628939906e+03 2.287856536759188941e+02 1.254722733436405058e+00
1.812412227754648939e+03 2.288280758986131787e+02 1.253839366234233532e+00
1.812433060879893446e+03 2.279004916893445056e+02 1.251415119232591300e+00
1.812453894004205949e+03 2.268647647499203401e+02 1.255731840169057589e+00
1.812474727127122605e+03 2.284363462498193371e+02 1.257711039176854007e+00
1.812516393371092590e+03 2.275154628117399227e+02 1.259540200579648328e+00
1.812537226492145010e+03 2.295934872149036607e+02 1.258918276148540460e+00
1.812558059611800445e+03 2.297771830074470643e+02 1.258924004991901269e+00
1.812578892730525467e+03 2.286045315534922793e+02 1.258474471953699547e+00
1.812599725848784601e+03 2.294771127728593285e+02 1.259533528083470300e+00
1.812620558966112412e+03 2.280523302355359760e+02 1.262569412362837484e+00
1.812641392082508901e+03 2.284099936032896494e+02 1.265900852611762994e+00
1.812662225197973839e+03 2.253011959965709536e+02 1.270705211413711400e+00
1.812683058312507455e+03 2.264388521628351612e+02 1.277600043946291120e+00
1.812703891426109521e+03 2.295850587360134796e+02 1.284612059237473458e+00
1.812724724539245926e+03 2.278770102267728817e+02 1.290680765420449960e+00
1.812745557650986029e+03 2.285734854181130800e+02 1.291122778342628452e+00
1.812766390762260471e+03 2.268714139299080728e+02 1.293087587917007397e+00
1.812787223872603590e+03 2.300328037248302167e+02 1.296576270202493442e+00
1.812808056982014932e+03 2.275213707811903134e+02 1.299531123996190418e+00
1.812828890090961067e+03 2.285119062710471951e+02 1.298755982195208825e+00
1.812849723198509537e+03 2.281491261750227011e+02 1.296945822746732091e+00
1.812870556305591890e+03 2.298837525361022927e+02 1.296465062074865893e+00
1.812891389411744058e+03 2.279120322103619003e+02 1.295040257538830453e+00
1.812912222516964903e+03 2.290074137166138541e+02 1.297037505114193578e+00
1.812933055621254425e+03 2.284579797442629854e+02 1.294397584579062510e+00
1.812953888725078059e+03 2.263251317910560090e+02 1.295667062786000301e+00
1.812974721827504482e+03 2.293070929581576820e+02 1.298690306730012844e+00
1.812995554929465470e+03 2.287799988070027837e+02 1.304827334282802731e+00
1.813016388030494909e+03 2.291989073804950863e+02 1.313310736076119145e+00
1.813037221130592570e+03 2.285577870950496333e+02 1.319292295060233267e+00
1.813058054230225480e+03 2.276627981294114136e+02 1.327465297439357483e+00
1.813078887328927067e+03 2.299331741218611569e+02 1.333253361369941548e+00
1.813099720426696877e+03 2.285671470511924213e+02 1.347401957085722524e+00
1.813120553523535591e+03 2.291410032923320728e+02 1.340884457892408843e+00
1.813141386619442983e+03 2.300674316833235480e+02 1.344914663507659203e+00
1.813162219714884941e+03 2.282591208720823772e+02 1.345030196960566027e+00
1.813183052809395122e+03 2.305883662982205635e+02 1.347483527130616476e+00
1.813203885902973070e+03 2.285139844452835689e+02 1.348898892461568133e+00
1.813224718995621060e+03 2.285498547903917768e+02 1.351952424885486614e+00
1.813245552087802935e+03 2.310797898509913466e+02 1.349916679848750745e+00
1.813266385179053941e+03 2.287920659538329744e+02 1.359766016003673750e+00
1.813287218269373398e+03 2.305539307042214432e+02 1.357694617664519265e+00
1.813308051359227420e+03 2.287298446014054036e+02 1.363922361885530510e+00
1.813328884448149893e+03 2.319387074967130502e+02 1.370910762737437727e+00
1.813349717536141497e+03 2.299348261466527958e+02 1.375055788815730873e+00
1.813370550623200870e+03 2.308615170909327787e+02 1.382750256533022082e+00
1.813391383709795036e+03 2.285542341876058856e+02 1.388259890965735766e+00
1.813412216795456970e+03 2.306615413669875636e+02 1.389625061224568636e+00
1.813433049880653925e+03 2.297720654325783869e+02 1.389983640066788873e+00
1.813453882964454579e+03 2.287594304699387919e+02 1.387759696438655599e+00
1.813474716047789116e+03 2.291604044143916497e+02 1.387318011540377816e+00
1.813495549130657992e+03 2.296883251552671084e+02 1.390609612540504303e+00
1.813516382212596000e+03 2.282679910743508174e+02 1.394441361295137849e+00
1.813537215293602003e+03 2.300250174554383591e+02 1.399119376056825903e+00
1.813558048374143027e+03 2.288394874034254656e+02 1.404013274820176571e+00
1.813578881453752047e+03 2.262083964037679209e+02 1.404718624869166099e+00
1.813599714532429971e+03 2.296036024964893727e+02 1.413618197111113250e+00
1.813620547610642006e+03 2.276894915918220477e+02 1.420079869186724464e+00
1.813641380687922037e+03 2.264417119075867504e+02 1.432923953048994781e+00
1.813662213764737544e+03 2.264751868903008756e+02 1.447351450569648090e+00
1.813683046840621500e+03 2.254287074961163739e+02 1.464949947322361501e+00
1.813703879916040023e+03 2.283492963881128333e+02 1.483725154575492144e+00
1.813724712990526996e+03 2.267766883851466275e+02 1.496218683589098042e+00
1.813745546064548535e+03 2.288485977912717146e+02 1.509816789438671814e+00
1.813766379137638523e+03 2.286210242989562005e+02 1.518501305331817486e+00
