1.842534240722656250e+03 4.680490663877442785e+03 2.658909532130593334e+00
1.842555114746093750e+03 4.688956131258990354e+03 2.657665279556321369e+00
1.842575927734375000e+03 4.680655339638971782e+03 2.666324583603004061e+00
1.842596740722656250e+03 4.679713863109707745e+03 2.657532685187400379e+00
1.842617614746093750e+03 4.679835925982689332e+03 2.655998487345712977e+00
1.842638427734375000e+03 4.683635112573735569e+03 2.658024094471679533e+00
1.842659240722656250e+03 4.677455878800521532e+03 2.660749237694129743e+00
1.842680114746093750e+03 4.683891628916490845e+03 2.658668045768010302e+00
1.842700927734375000e+03 4.682852277994692486e+03 2.658831340655698483e+00
1.842721740722656250e+03 4.681995571081866728e+03 2.658986555658720885e+00
1.842742614746093750e+03 4.678793018704787755e+03 2.658267702191348558e+00
1.842763427734375000e+03 4.676244922431021223e+03 2.657978079166537277e+00
1.842784240722656250e+03 4.678217302988316987e+03 2.655386661025011641e+00
1.842805114746093750e+03 4.679512861206711932e+03 2.655201693846187094e+00
1.842825927734375000e+03 4.683138079103160635e+03 2.657769430575168013e+00
1.842846740722656250e+03 4.679623650887809163e+03 2.658093250478802627e+00
1.842867614746093750e+03 4.679106561097838494e+03 2.657740634706868832e+00
1.842888427734375000e+03 4.680253816640084551e+03 2.658466087861121707e+00
1.842909240722656250e+03 4.682085161612666525e+03 2.665127270148438310e+00
1.842930114746093750e+03 4.679425753528210407e+03 2.655640116967501907e+00
1.842950927734375000e+03 4.681112979552459365e+03 2.656687262952635464e+00
1.842971740722656250e+03 4.680269522954772583e+03 2.656055218903910387e+00
1.842992614746093750e+03 4.683756933674631910e+03 2.662619818198732169e+00
1.843013427734375000e+03 4.677962247275509981e+03 2.658401694858778530e+00
1.843034240722656250e+03 4.678510517208198507e+03 2.667126188819378019e+00
1.843055114746093750e+03 4.676196921593285879e+03 2.659013993070408421e+00
1.843075927734375000e+03 4.678419232406359697e+03 2.664458304169345038e+00
1.843096740722656250e+03 4.679123230058748049e+03 2.655732586899538727e+00
1.843117614746093750e+03 4.678859392408950953e+03 2.657978079166537277e+00
1.843138427734375000e+03 4.679968818772300438e+03 2.657788268824865519e+00
1.843159240722656250e+03 4.678204950292877584e+03 2.655725225333589457e+00
1.843180114746093750e+03 4.680896646221454830e+03 2.656012760114466964e+00
1.843200927734375000e+03 4.676664293806923524e+03 2.659613600179225212e+00
1.843221740722656250e+03 4.680126870619646979e+03 2.657394431916075828e+00
1.843242614746093750e+03 4.674846684259978247e+03 2.659548248851667296e+00
1.843263427734375000e+03 4.675844570623614345e+03 2.667010066650981948e+00
1.843284240722656250e+03 4.676841822945692911e+03 2.659718302388259126e+00
1.843305114746093750e+03 4.677530680627252877e+03 2.658683739012704716e+00
1.843325988769531250e+03 4.674964079913498608e+03 2.656615736970568520e+00
1.843346801757812500e+03 4.680237557214173648e+03 2.659203536605778240e+00
1.843367614746093750e+03 4.676465726636216459e+03 2.661516421605469862e+00
1.843388488769531250e+03 4.677765505582428887e+03 2.657457144706598662e+00
1.843409301757812500e+03 4.677137122509048822e+03 2.656657198941325237e+00
1.843430114746093750e+03 4.672957988874218245e+03 2.655922185079646169e+00
1.843450988769531250e+03 4.673558098982548472e+03 2.657218487274113361e+00
1.843471801757812500e+03 4.676804691929160072e+03 2.659323944426505104e+00
1.843492614746093750e+03 4.675857937420055350e+03 2.657663126520624974e+00
1.843513488769531250e+03 4.679019735435861548e+03 2.658690913036570347e+00
1.843534301757812500e+03 4.676382015306374342e+03 2.660133126448231966e+00
1.843555114746093750e+03 4.674634870197076452e+03 2.661374343970174472e+00
1.843575988769531250e+03 4.674677360530648002e+03 2.658692616864393621e+00
1.843596801757812500e+03 4.680915575956782959e+03 2.659845140724914181e+00
1.843617614746093750e+03 4.678290341026399801e+03 2.656217328038956715e+00
1.843638488769531250e+03 4.676305607446181966e+03 2.668984885677850194e+00
1.843659301757812500e+03 4.679177286510487647e+03 2.657670751847532653e+00
1.843680114746093750e+03 4.675254273790600564e+03 2.655660406762303083e+00
1.843700988769531250e+03 4.673931397876901428e+03 2.657647606670044294e+00
1.843721801757812500e+03 4.677456345936679099e+03 2.656668865612975328e+00
1.843742614746093750e+03 4.675233045243863671e+03 2.659383742859361632e+00
1.843763488769531250e+03 4.676441867072244349e+03 2.658970864201250173e+00
1.843784301757812500e+03 4.679182150371048920e+03 2.658965842915302247e+00
1.843805114746093750e+03 4.676764658715113001e+03 2.657032481111658129e+00
1.843825988769531250e+03 4.677313119445029770e+03 2.658856179251860130e+00
1.843846801757812500e+03 4.673434580947855466e+03 2.657377205826111144e+00
1.843867614746093750e+03 4.675563734581355675e+03 2.656815053639987045e+00
1.843888488769531250e+03 4.672831628872784677e+03 2.656116527121080928e+00
1.843909301757812500e+03 4.672676906518870055e+03 2.660116635110223449e+00
1.843930114746093750e+03 4.677418254108967631e+03 2.656905418765665772e+00
1.843950988769531250e+03 4.674848772928613471e+03 2.655198820467989052e+00
1.843971801757812500e+03 4.673363140062481762e+03 2.655538575886488672e+00
1.843992614746093750e+03 4.674690684016937666e+03 2.668082507097363720e+00
1.844013488769531250e+03 4.676696686134557240e+03 2.658321156568551391e+00
1.844034301757812500e+03 4.675365108615223107e+03 2.655538755449740496e+00
1.844055114746093750e+03 4.670203435230166178e+03 2.659328965036293901e+00
1.844075988769531250e+03 4.678489485306272400e+03 2.668009320644586069e+00
1.844096801757812500e+03 4.673447795454793777e+03 2.659614317331662647e+00
1.844117614746093750e+03 4.676033525171994370e+03 2.661407938042757326e+00
1.844138488769531250e+03 4.671231886756588210e+03 2.659418348234766416e+00
1.844159301757812500e+03 4.676818950683426010e+03 2.656930724039483049e+00
1.844180114746093750e+03 4.674406201245162265e+03 2.659952433167989572e+00
1.844200988769531250e+03 4.671147589396632611e+03 2.660270251549510689e+00
1.844221801757812500e+03 4.671849885140656625e+03 2.659369936444026195e+00
1.844242614746093750e+03 4.673003102069566921e+03 2.657945159346364772e+00
1.844263488769531250e+03 4.670884615841269806e+03 2.662248099862397854e+00
1.844284301757812500e+03 4.675595239679496444e+03 2.658619889347466625e+00
1.844305114746093750e+03 4.678308831621104218e+03 2.658478464053348311e+00
1.844325988769531250e+03 4.672042409073678755e+03 2.660606402206030285e+00
1.844346801757812500e+03 4.671833957720708895e+03 2.661354097737639091e+00
1.844367614746093750e+03 4.669976273962753112e+03 2.659000633058906438e+00
1.844388488769531250e+03 4.668362246582513762e+03 2.655070503002797455e+00
1.844409301757812500e+03 4.668212482933935462e+03 2.657029609713318585e+00
1.844430114746093750e+03 4.672733985684758409e+03 2.660086609857306605e+00
1.844450988769531250e+03 4.670131685367724458e+03 2.656509655995754393e+00
1.844471801757812500e+03 4.671221708650201435e+03 2.659219047375572575e+00
1.844492614746093750e+03 4.671226638404853475e+03 2.660526737175568091e+00
1.844513488769531250e+03 4.669482631640699765e+03 2.661086582167240699e+00
1.844534301757812500e+03 4.671907266188272843e+03 2.658278913349471750e+00
1.844555114746093750e+03 4.670254414547312081e+03 2.656786247427568970e+00
1.844575988769531250e+03 4.667546298933881189e+03 2.656687711666645413e+00
1.844596801757812500e+03 4.669683791433129045e+03 2.660024855361343477e+00
1.844617614746093750e+03 4.673722569786664280e+03 2.656874908540590052e+00
1.844638488769531250e+03 4.675284343072176853e+03 2.657810426023863748e+00
1.844659301757812500e+03 4.668544135775687209e+03 2.658039343032545521e+00
1.844680114746093750e+03 4.672581979534847051e+03 2.656998831717478637e+00
1.844700988769531250e+03 4.670017654216891970e+03 2.657461630543338504e+00
1.844721801757812500e+03 4.670704178314828823e+03 2.656800785181284930e+00
1.844742614746093750e+03 4.668273905379270218e+03 2.656524913249558750e+00
1.844763488769531250e+03 4.670579282498775683e+03 2.658238911720669506e+00
1.844784301757812500e+03 4.670828148119479010e+03 2.662441980150639154e+00
1.844805114746093750e+03 4.669089880502691813e+03 2.655488207914975529e+00
1.844825988769531250e+03 4.672530263862036009e+03 2.656786426906494913e+00
1.844846801757812500e+03 4.663147331499572829e+03 2.654292832933594415e+00
1.844867614746093750e+03 4.667273826211468077e+03 2.663573278886749662e+00
1.844888488769531250e+03 4.668639817728896560e+03 2.658957952303939720e+00
1.844909301757812500e+03 4.669415165240218812e+03 2.660899681588638099e+00
1.844930114746093750e+03 4.670781707808551801e+03 2.661037663149875332e+00
1.844950988769531250e+03 4.668387894714879621e+03 2.657547487999124769e+00
1.844971801757812500e+03 4.667055718501516822e+03 2.657606339574437371e+00
1.844992614746093750e+03 4.671948304361998453e+03 2.656739672236471783e+00
1.845013488769531250e+03 4.669819035597110087e+03 2.657662139712014149e+00
1.845034301757812500e+03 4.667264999654184976e+03 2.659673212815534260e+00
1.845055114746093750e+03 4.669569409917612575e+03 2.659147948132746020e+00
1.845075988769531250e+03 4.669261212610531402e+03 2.656465050462937239e+00
1.845096801757812500e+03 4.669895509093789769e+03 2.657124992316409529e+00
1.845117614746093750e+03 4.669424231855628022e+03 2.657856264824904891e+00
1.845138488769531250e+03 4.670446005941204930e+03 2.659887269434983992e+00
1.845159301757812500e+03 4.667603994004836750e+03 2.657437586369933769e+00
1.845180114746093750e+03 4.670562668466222931e+03 2.655947409953686833e+00
1.845200988769531250e+03 4.673475833886856890e+03 2.660748968876699205e+00
1.845221801757812500e+03 4.666970696450895048e+03 2.655961234160254314e+00
1.845242614746093750e+03 4.674647125006978968e+03 2.658442949608059713e+00
1.845263488769531250e+03 4.670126675695896665e+03 2.656565927903328905e+00
1.845284362792968750e+03 4.670167889164563348e+03 2.656320369012749705e+00
1.845305175781250000e+03 4.668760120666441253e+03 2.655760327251313058e+00
1.845325988769531250e+03 4.669814817181023500e+03 2.656960695222232882e+00
1.845346862792968750e+03 4.673029438286863297e+03 2.657615938716911153e+00
1.845367675781250000e+03 4.670053937225468871e+03 2.657111443350013591e+00
1.845388488769531250e+03 4.672573946758325292e+03 2.657046838056808635e+00
1.845409362792968750e+03 4.673535002510350751e+03 2.660386309429359830e+00
1.845430175781250000e+03 4.670672753968029610e+03 2.668897877511374084e+00
1.845450988769531250e+03 4.671202908092248435e+03 2.662657515473639158e+00
1.845471862792968750e+03 4.671133142037221660e+03 2.659399073275524827e+00
1.845492675781250000e+03 4.668956403597749159e+03 2.661114714674698511e+00
1.845513488769531250e+03 4.668126243495204108e+03 2.660136442628854958e+00
1.845534362792968750e+03 4.672250079103539065e+03 2.657531698330354075e+00
1.845555175781250000e+03 4.671198389427125221e+03 2.657295200929244317e+00
1.845575988769531250e+03 4.671027295231016979e+03 2.657361235705456348e+00
1.845596862792968750e+03 4.667799807578009677e+03 2.656669404073507046e+00
1.845617675781250000e+03 4.670005857848988853e+03 2.663321294061077094e+00
1.845638488769531250e+03 4.669923681947707337e+03 2.658220794192974967e+00
1.845659362792968750e+03 4.668802027699553037e+03 2.656755646093429402e+00
1.845680175781250000e+03 4.668877710993891924e+03 2.658730997538665708e+00
1.845700988769531250e+03 4.666696635769697423e+03 2.659986762250500458e+00
1.845721862792968750e+03 4.669794131287984783e+03 2.657102829401678079e+00
1.845742675781250000e+03 4.666228560644115532e+03 2.660469742506660573e+00
1.845763488769531250e+03 4.673556168100997638e+03 2.660076123345839427e+00
1.845784362792968750e+03 4.670827729421814183e+03 2.656640775770562346e+00
1.845805175781250000e+03 4.673422750710049513e+03 2.656445036066956700e+00
1.845825988769531250e+03 4.667614913670368878e+03 2.657613785641241400e+00
1.845846862792968750e+03 4.669552991889804616e+03 2.655280351366734237e+00
1.845867675781250000e+03 4.670956081095535410e+03 2.656283389610914814e+00
1.845888488769531250e+03 4.669009773445916835e+03 2.658510659819750099e+00
1.845909362792968750e+03 4.667264663784467302e+03 2.657234906874301750e+00
1.845930175781250000e+03 4.669966237002417074e+03 2.656572569166252062e+00
1.845950988769531250e+03 4.674375763894646298e+03 2.658081051884507939e+00
1.845971862792968750e+03 4.668993120502903366e+03 2.656866114351843944e+00
1.845992675781250000e+03 4.670455696938118308e+03 2.660088043906943867e+00
1.846013488769531250e+03 4.666801317332551662e+03 2.659150817243665976e+00
1.846034362792968750e+03 4.671156484186298258e+03 2.660751119415383226e+00
1.846055175781250000e+03 4.668178018605496618e+03 2.660513205532944792e+00
1.846075988769531250e+03 4.672179469281673846e+03 2.658639169955740567e+00
1.846096862792968750e+03 4.669578103039523739e+03 2.655819218429180673e+00
1.846117675781250000e+03 4.671874816390976775e+03 2.658073427734644945e+00
1.846138488769531250e+03 4.673453335744536162e+03 2.662389772667635768e+00
1.846159362792968750e+03 4.671985177270687018e+03 2.657800468762956392e+00
1.846180175781250000e+03 4.670510268413450831e+03 2.658972029855560582e+00
1.846200988769531250e+03 4.664709411286816248e+03 2.655429129825420453e+00
1.846221862792968750e+03 4.672780728035376342e+03 2.657207720268090601e+00
1.846242675781250000e+03 4.671654281699428793e+03 2.657401519701918069e+00
1.846263488769531250e+03 4.666238659052806725e+03 2.655135156384592410e+00
1.846284362792968750e+03 4.667667225911293826e+03 2.658779600307760838e+00
1.846305175781250000e+03 4.670433644550352255e+03 2.667462548061827921e+00
1.846325988769531250e+03 4.665743818600359191e+03 2.655946961114605376e+00
1.846346862792968750e+03 4.669649666428959790e+03 2.658067956272441634e+00
1.846367675781250000e+03 4.668606474279445138e+03 2.655665613852786766e+00
1.846388488769531250e+03 4.668772723444470103e+03 2.659356578220704037e+00
1.846409362792968750e+03 4.674684725901568527e+03 2.657071603604868937e+00
1.846430175781250000e+03 4.669233757832374977e+03 2.659421217053965947e+00
1.846450988769531250e+03 4.667794104470986895e+03 2.660424486436058444e+00
1.846471862792968750e+03 4.670960408749719136e+03 2.657981128938505577e+00
1.846492675781250000e+03 4.673161862298559754e+03 2.656247127755800186e+00
1.846513488769531250e+03 4.669770469975617743e+03 2.657543450876831859e+00
1.846534362792968750e+03 4.670181091796678629e+03 2.656316509536133630e+00
1.846555175781250000e+03 4.672641938412846685e+03 2.664717876108637640e+00
1.846575988769531250e+03 4.669100938587915152e+03 2.659107242288051953e+00
1.846596862792968750e+03 4.668944194342611809e+03 2.656864409352697631e+00
1.846617675781250000e+03 4.668472130010230103e+03 2.657456606405681043e+00
1.846638488769531250e+03 4.671575384316131021e+03 2.663837680671411245e+00
1.846659362792968750e+03 4.665630935539582424e+03 2.657763689367760307e+00
1.846680175781250000e+03 4.666601910876418515e+03 2.655525467736309153e+00
1.846700988769531250e+03 4.664052392571619748e+03 2.659042595822358024e+00
1.846721862792968750e+03 4.672430659102128629e+03 2.658915719201879302e+00
1.846742675781250000e+03 4.663686445207652469e+03 2.664021958744631657e+00
1.846763488769531250e+03 4.668414049512677593e+03 2.656675327132151487e+00
1.846784362792968750e+03 4.666356687977755428e+03 2.656996498677018259e+00
1.846805175781250000e+03 4.671862551346025612e+03 2.656746402805887364e+00
1.846825988769531250e+03 4.665884926882177751e+03 2.659083571642494093e+00
1.846846862792968750e+03 4.668049162615177920e+03 2.660380125778129212e+00
1.846867675781250000e+03 4.667469688958807637e+03 2.655721185441164867e+00
1.846888488769531250e+03 4.667491008553219217e+03 2.661496176453731266e+00
1.846909362792968750e+03 4.666637879347023045e+03 2.662505827704843675e+00
1.846930175781250000e+03 4.670762204356838083e+03 2.662361384978769951e+00
1.846950988769531250e+03 4.666742560956036868e+03 2.661319248773130752e+00
1.846971862792968750e+03 4.667220719185861526e+03 2.664332401329719602e+00
1.846992675781250000e+03 4.670143025015745479e+03 2.658710282804315650e+00
1.847013488769531250e+03 4.665747460628434965e+03 2.655931969845704899e+00
1.847034362792968750e+03 4.668432327200514919e+03 2.662342758191959202e+00
1.847055175781250000e+03 4.665488572328078590e+03 2.666642447202688615e+00
1.847075988769531250e+03 4.665127023881106652e+03 2.656379427281074346e+00
1.847096862792968750e+03 4.666301391578539551e+03 2.656465768465372079e+00
1.847117675781250000e+03 4.665344233721473756e+03 2.658161866528633954e+00
1.847138488769531250e+03 4.668647219739013053e+03 2.657566327822070029e+00
1.847159362792968750e+03 4.667982552270548695e+03 2.655818230935438784e+00
1.847180175781250000e+03 4.666652844562551763e+03 2.655713554516483832e+00
1.847200988769531250e+03 4.665935778773256970e+03 2.661176175105423258e+00
1.847221862792968750e+03 4.663713226181411301e+03 2.657943724140570119e+00
1.847242675781250000e+03 4.660764651859464720e+03 2.654979267219010453e+00
1.847263488769531250e+03 4.660187972528595310e+03 2.665159027765515720e+00
1.847284362792968750e+03 4.667408319631321319e+03 2.655937445708226097e+00
1.847305175781250000e+03 4.663162733247815595e+03 2.657423500689685358e+00
1.847325988769531250e+03 4.668194962713049790e+03 2.657617822656690887e+00
1.847346862792968750e+03 4.663506121462442024e+03 2.657514293700397712e+00
1.847367675781250000e+03 4.667130795223593850e+03 2.657415605498676836e+00
1.847388488769531250e+03 4.667326342092980667e+03 2.655655379216976364e+00
1.847409362792968750e+03 4.660785317055155247e+03 2.661927024546087761e+00
1.847430236816406250e+03 4.667776668164301554e+03 2.661889048223781806e+00
1.847451049804687500e+03 4.664013644698623466e+03 2.663068032003428343e+00
1.847471862792968750e+03 4.667005935922987192e+03 2.661572229345870344e+00
1.847492736816406250e+03 4.668494017634124248e+03 2.659557572047355212e+00
1.847513549804687500e+03 4.668873019263355673e+03 2.659438878153991936e+00
1.847534362792968750e+03 4.665360850890712754e+03 2.656450062117794442e+00
1.847555236816406250e+03 4.667340597212154535e+03 2.657454453200920330e+00
1.847576049804687500e+03 4.670782822440465679e+03 2.656783824460882126e+00
1.847596862792968750e+03 4.666204293619447526e+03 2.656255475206902972e+00
1.847617736816406250e+03 4.665098021174720088e+03 2.655731689148686403e+00
1.847638549804687500e+03 4.658983128767870767e+03 2.664084694509820661e+00
1.847659362792968750e+03 4.666887278616799449e+03 2.666407562622140848e+00
1.847680236816406250e+03 4.660909856274171943e+03 2.661190509695621653e+00
1.847701049804687500e+03 4.662171253223485110e+03 2.661857609867812169e+00
1.847721862792968750e+03 4.661987585721254618e+03 2.658653966606796537e+00
1.847742736816406250e+03 4.661255768463488494e+03 2.655452473908452848e+00
1.847763549804687500e+03 4.659562111146352436e+03 2.655647478769375347e+00
1.847784362792968750e+03 4.662764517034185701e+03 2.657360517944970635e+00
1.847805236816406250e+03 4.658328630637072820e+03 2.658814213546287331e+00
1.847826049804687500e+03 4.657661113526631198e+03 2.654691710308793251e+00
1.847846862792968750e+03 4.661766151419934431e+03 2.660924948877199991e+00
1.847867736816406250e+03 4.655488546496419985e+03 2.657339074761057685e+00
1.847888549804687500e+03 4.661379437984771357e+03 2.658448420298473724e+00
1.847909362792968750e+03 4.661506032596998011e+03 2.656353667985067890e+00
1.847951049804687500e+03 4.667494829628234584e+03 2.657156935301488776e+00
1.847971862792968750e+03 4.664058300393962782e+03 2.657146437227969393e+00
1.847992736816406250e+03 4.668665562507009781e+03 2.659830798884136982e+00
1.848013549804687500e+03 4.668764346612502777e+03 2.660481661304114009e+00
1.848034362792968750e+03 4.668005741630739067e+03 2.656499604110071022e+00
1.848055236816406250e+03 4.666290976606680488e+03 2.660157415134886350e+00
1.848076049804687500e+03 4.664905165015885359e+03 2.664605138558731046e+00
1.848096862792968750e+03 4.665369011704679906e+03 2.663565849479862191e+00
1.848117736816406250e+03 4.665931501529528759e+03 2.658811344072139704e+00
1.848138549804687500e+03 4.666853354288688024e+03 2.663700828724943737e+00
1.848159362792968750e+03 4.668873733351577357e+03 2.657820203838362705e+00
1.848180236816406250e+03 4.663918992276993777e+03 2.659761419137471883e+00
1.848201049804687500e+03 4.663666737910602023e+03 2.659145347998300934e+00
1.848221862792968750e+03 4.666944984086651857e+03 2.661803241236314843e+00
1.848242736816406250e+03 4.661223746046469387e+03 2.656005578856756255e+00
1.848263549804687500e+03 4.665253232390423364e+03 2.659964354283408383e+00
1.848284362792968750e+03 4.660197826215091482e+03 2.657257786475866190e+00
1.848305236816406250e+03 4.664066095801686060e+03 2.657170573762408505e+00
1.848326049804687500e+03 4.660612494249347947e+03 2.656108897332205565e+00
1.848346862792968750e+03 4.661289437866017579e+03 2.656569966511138858e+00
1.848367736816406250e+03 4.667140870952237492e+03 2.656703955062774902e+00
1.848388549804687500e+03 4.662714130471304998e+03 2.657238765017002180e+00
1.848409362792968750e+03 4.664606623284082161e+03 2.660462842125835170e+00
1.848430236816406250e+03 4.668539741810106534e+03 2.658316134055372704e+00
1.848451049804687500e+03 4.663504106581030101e+03 2.657130734903836888e+00
1.848471862792968750e+03 4.661537706017117671e+03 2.659689169053907509e+00
1.848492736816406250e+03 4.662052520145655762e+03 2.660299020036484663e+00
1.848513549804687500e+03 4.666761360832143509e+03 2.658849992042026766e+00
1.848534362792968750e+03 4.660298021070537288e+03 2.661486591306051253e+00
1.848555236816406250e+03 4.662177073082197239e+03 2.655686621665876768e+00
1.848576049804687500e+03 4.665620250472802581e+03 2.660038927266662245e+00
1.848596862792968750e+03 4.664079149109308673e+03 2.657412285922725825e+00
1.848617736816406250e+03 4.661658526292593706e+03 2.655941485271702263e+00
1.848638549804687500e+03 4.661015720677681202e+03 2.656926416775853728e+00
1.848659362792968750e+03 4.664641941425177720e+03 2.657660973483184197e+00
1.848680236816406250e+03 4.666889624452075623e+03 2.656171819994935124e+00
1.848701049804687500e+03 4.664928982161631211e+03 2.655864193891329883e+00
1.848721862792968750e+03 4.663655987532934887e+03 2.669035445588602506e+00
1.848742736816406250e+03 4.662732558609042826e+03 2.658484472763579909e+00
1.848763549804687500e+03 4.667216134585230066e+03 2.656669134843254731e+00
1.848784362792968750e+03 4.667199269832928621e+03 2.656818822654019918e+00
1.848805236816406250e+03 4.666474837576445680e+03 2.659775223520691068e+00
1.848826049804687500e+03 4.666920735205295387e+03 2.657973056005078050e+00
1.848846862792968750e+03 4.663295462939569916e+03 2.656336076127174817e+00
1.848867736816406250e+03 4.670894430518997069e+03 2.659983894041247243e+00
1.848888549804687500e+03 4.666441459050611229e+03 2.658162314993722131e+00
1.848909362792968750e+03 4.666925303407867432e+03 2.660592781357506098e+00
1.848930236816406250e+03 4.666002827001993865e+03 2.660125956313834195e+00
1.848951049804687500e+03 4.667648889793085800e+03 2.657969737125334575e+00
1.848971862792968750e+03 4.669446616435378019e+03 2.657808273105747521e+00
1.848992736816406250e+03 4.665920867654708672e+03 2.658301873653733161e+00
1.849013549804687500e+03 4.665174029320811314e+03 2.662001094729042894e+00
1.849034362792968750e+03 4.667564350880936217e+03 2.657113327647489420e+00
1.849055236816406250e+03 4.667609727183496034e+03 2.671258687999058079e+00
1.849076049804687500e+03 4.663993539591668195e+03 2.660514818580049567e+00
1.849096862792968750e+03 4.668256991699807259e+03 2.660592512524267761e+00
1.849117736816406250e+03 4.669482813883571907e+03 2.658684994468278884e+00
1.849138549804687500e+03 4.669282777071663986e+03 2.658160700519051733e+00
1.849159362792968750e+03 4.666647662236109682e+03 2.657458311024879283e+00
1.849180236816406250e+03 4.667809279254436660e+03 2.657792843808212346e+00
1.849201049804687500e+03 4.667137693881481937e+03 2.658897875290505475e+00
1.849221862792968750e+03 4.666075115593383998e+03 2.657681696396152482e+00
1.849242736816406250e+03 4.671664216787697114e+03 2.659012289448514643e+00
1.849263549804687500e+03 4.667471182277695334e+03 2.661281622129445967e+00
1.849284362792968750e+03 4.667259535192474686e+03 2.658185007228392571e+00
1.849305236816406250e+03 4.670540194092849561e+03 2.661790163936867071e+00
1.849326049804687500e+03 4.671539985207434256e+03 2.657400353358711609e+00
1.849346862792968750e+03 4.666448456751159028e+03 2.662354489500767585e+00
1.849367736816406250e+03 4.667871271886714567e+03 2.667405880355331327e+00
1.849388549804687500e+03 4.665712286506201053e+03 2.662460337598644422e+00
1.849409362792968750e+03 4.669803207984934488e+03 2.663762318991249156e+00
1.849430236816406250e+03 4.668785345906288967e+03 2.656680801462489416e+00
1.849451049804687500e+03 4.670214252457170005e+03 2.659406693624946083e+00
1.849471862792968750e+03 4.670607050669012096e+03 2.656992909380001766e+00
1.849492736816406250e+03 4.669959572840798501e+03 2.656965989497822811e+00
1.849513549804687500e+03 4.667034079431883583e+03 2.655510923000790946e+00
1.849534362792968750e+03 4.670004146898699219e+03 2.657176047072436376e+00
1.849555236816406250e+03 4.672276276334804606e+03 2.666885178275897772e+00
1.849576049804687500e+03 4.670400391100061825e+03 2.656909726063335864e+00
1.849596862792968750e+03 4.667299535424084752e+03 2.660222303379861764e+00
1.849617736816406250e+03 4.673170635166607099e+03 2.656892048151333174e+00
1.849638549804687500e+03 4.669884241295275388e+03 2.657387702987973555e+00
1.849659362792968750e+03 4.675034132604498154e+03 2.657105431534848350e+00
1.849680236816406250e+03 4.672984187787783412e+03 2.657551794256144628e+00
1.849701049804687500e+03 4.671180973912948502e+03 2.659039726594667030e+00
1.849721862792968750e+03 4.675564913718199023e+03 2.658445371062582385e+00
1.849742736816406250e+03 4.672427452876437201e+03 2.659957900753874505e+00
1.849763549804687500e+03 4.674335114180191340e+03 2.659583121021885432e+00
1.849784362792968750e+03 4.676320883270240301e+03 2.658631099020454691e+00
1.849805236816406250e+03 4.671127799105147460e+03 2.659482268378853487e+00
1.849826049804687500e+03 4.674238366054358266e+03 2.657458311024879283e+00
1.849846923828125000e+03 4.676397349517394105e+03 2.658811075058779672e+00
1.849867736816406250e+03 4.670057861289717948e+03 2.657069450088114237e+00
1.849888610839843750e+03 4.670463222784415848e+03 2.660856224875141063e+00
1.849909423828125000e+03 4.675427518940978189e+03 2.657734624314939342e+00
1.849930236816406250e+03 4.676060277985642642e+03 2.657874384837430881e+00
1.849951110839843750e+03 4.669209958728055426e+03 2.656547798965966045e+00
1.849971923828125000e+03 4.674736251861808341e+03 2.663454316374932684e+00
1.849992736816406250e+03 4.671683663408913162e+03 2.657448531878832121e+00
1.850013610839843750e+03 4.673415938385493973e+03 2.658013779219136730e+00
1.850034423828125000e+03 4.674701070876683843e+03 2.659778091954966950e+00
1.850055236816406250e+03 4.677653888168051708e+03 2.658426985889708494e+00
1.850076110839843750e+03 4.672545831826186259e+03 2.672048819615611137e+00
1.850096923828125000e+03 4.672633768038447670e+03 2.662961760403597555e+00
1.850117736816406250e+03 4.673085286752515458e+03 2.661497072260162078e+00
1.850138610839843750e+03 4.670057842377987072e+03 2.657385818885051876e+00
1.850159423828125000e+03 4.675295749620355309e+03 2.657616118139804584e+00
1.850180236816406250e+03 4.676403564344572260e+03 2.663281905290831197e+00
1.850201110839843750e+03 4.678760033577098511e+03 2.658567696487689869e+00
1.850221923828125000e+03 4.675325399351396300e+03 2.659893006058781317e+00
1.850242736816406250e+03 4.676049186653336619e+03 2.660857479305684503e+00
1.850263610839843750e+03 4.673871436956553225e+03 2.661139263180254844e+00
1.850284423828125000e+03 4.674644810433534985e+03 2.657515549708437508e+00
1.850305236816406250e+03 4.670072909044069092e+03 2.658921726923988871e+00
1.850326110839843750e+03 4.675665998752746418e+03 2.656895368377279354e+00
1.850346923828125000e+03 4.672288978940434390e+03 2.661214340780938326e+00
1.850367736816406250e+03 4.673836043500313281e+03 2.670525103878324646e+00
1.850388610839843750e+03 4.671744362425652071e+03 2.657596381548876341e+00
1.850409423828125000e+03 4.671013105126290611e+03 2.658748394203866994e+00
1.850430236816406250e+03 4.669631548391080287e+03 2.657466206089011962e+00
1.850451110839843750e+03 4.673832604575420191e+03 2.658170656430564271e+00
1.850471923828125000e+03 4.673516992423808006e+03 2.657117634608130885e+00
1.850492736816406250e+03 4.677890908732382741e+03 2.663662161629662517e+00
1.850513610839843750e+03 4.678391817664979499e+03 2.661919590544511216e+00
1.850534423828125000e+03 4.671924645960280031e+03 2.659219495662371813e+00
1.850555236816406250e+03 4.670942660817045180e+03 2.659326096117575311e+00
1.850576110839843750e+03 4.676775436002265451e+03 2.661784431401786222e+00
1.850596923828125000e+03 4.679382160726258007e+03 2.660728717885509020e+00
1.850617736816406250e+03 4.675385349858132031e+03 2.657780643835120582e+00
1.850638610839843750e+03 4.680806077986243508e+03 2.673961427095112420e+00
1.850659423828125000e+03 4.675556014521973339e+03 2.661740989133090096e+00
1.850680236816406250e+03 4.678086575506291410e+03 2.659312737674035088e+00
1.850701110839843750e+03 4.672912334506142543e+03 2.667783046531673197e+00
1.850721923828125000e+03 4.676070182081844905e+03 2.659414045000165316e+00
1.850742736816406250e+03 4.674459523598865417e+03 2.659629108557557853e+00
1.850763610839843750e+03 4.676614710682723853e+03 2.658506893204266142e+00
1.850784423828125000e+03 4.674416110115161246e+03 2.659113159916518310e+00
1.850805236816406250e+03 4.673918746900955739e+03 2.658706875170219419e+00
1.850826110839843750e+03 4.680017300443885688e+03 2.661337613965543358e+00
1.850846923828125000e+03 4.676815151019653058e+03 2.658775296039344038e+00
1.850867736816406250e+03 4.670100356095483221e+03 2.662354220845418951e+00
1.850888610839843750e+03 4.678056162981543821e+03 2.659581686699993064e+00
1.850909423828125000e+03 4.676741384943728008e+03 2.659754516918995115e+00
1.850930236816406250e+03 4.676629631712111404e+03 2.666499390918741330e+00
1.850951110839843750e+03 4.674693799107299128e+03 2.659418617186697809e+00
1.850971923828125000e+03 4.677724951268953191e+03 2.658450124281713123e+00
1.850992736816406250e+03 4.678152609114064035e+03 2.658281604020385380e+00
1.851013610839843750e+03 4.679161795250246541e+03 2.660260213873367974e+00
1.851034423828125000e+03 4.680148385093635625e+03 2.660439990087529516e+00
1.851055236816406250e+03 4.677027607167649876e+03 2.662308459488790469e+00
1.851076110839843750e+03 4.676716597400808496e+03 2.662970086806748071e+00
1.851096923828125000e+03 4.679610890499094239e+03 2.659332551180339621e+00
1.851117736816406250e+03 4.682686906433543299e+03 2.659630991071316508e+00
1.851138610839843750e+03 4.682163796435535005e+03 2.658875189139824791e+00
1.851159423828125000e+03 4.679658090884225203e+03 2.658154242610564655e+00
1.851180236816406250e+03 4.678851047481623937e+03 2.660533189325302139e+00
1.851201110839843750e+03 4.679237240863360057e+03 2.659487467986399345e+00
1.851221923828125000e+03 4.682079530953917128e+03 2.661175727148235470e+00
1.851242736816406250e+03 4.678544630598259573e+03 2.661283951413311311e+00
1.851263610839843750e+03 4.682106984914196801e+03 2.660132678315398458e+00
1.851284423828125000e+03 4.681460291153650360e+03 2.660133574580990423e+00
1.851305236816406250e+03 4.680092480525175233e+03 2.662515409183237480e+00
1.851326110839843750e+03 4.677720968214848654e+03 2.686545357706601855e+00
1.851346923828125000e+03 4.675886407804188821e+03 2.660456658652487594e+00
1.851367736816406250e+03 4.679410536567742383e+03 2.667935149175308940e+00
1.851388610839843750e+03 4.681968579632422916e+03 2.660855508057422103e+00
1.851409423828125000e+03 4.678636751220466977e+03 2.661466077182400358e+00
1.851430236816406250e+03 4.678586954992400024e+03 2.665185238696812231e+00
1.851451110839843750e+03 4.677021363256169025e+03 2.664377680505795265e+00
1.851471923828125000e+03 4.682807639691615805e+03 2.661688320029634625e+00
1.851492736816406250e+03 4.682780070423217694e+03 2.658865684212831759e+00
1.851513610839843750e+03 4.680063191830642609e+03 2.659767604227123883e+00
1.851534423828125000e+03 4.682228421244108176e+03 2.659184708382149598e+00
1.851555236816406250e+03 4.680127883136238779e+03 2.673210390344565202e+00
1.851576110839843750e+03 4.682451148233144522e+03 2.658334250933290566e+00
1.851596923828125000e+03 4.677437235468335530e+03 2.659994112022594948e+00
1.851617736816406250e+03 4.676477476352874874e+03 2.661615584792386358e+00
1.851638610839843750e+03 4.681729017805746480e+03 2.659382846341061590e+00
1.851659423828125000e+03 4.684966972317107320e+03 2.662108658519712900e+00
1.851680236816406250e+03 4.683660655638011121e+03 2.661048683446548324e+00
1.851701110839843750e+03 4.680759472263585849e+03 2.659944097318700518e+00
1.851721923828125000e+03 4.682005880706061362e+03 2.664473784349425944e+00
1.851742736816406250e+03 4.678140386485922136e+03 2.665962235471592834e+00
1.851763610839843750e+03 4.681938759332352674e+03 2.660718413118432490e+00
1.851784423828125000e+03 4.685286889496174808e+03 2.663497730698862309e+00
1.851805236816406250e+03 4.681567980630441525e+03 2.661832082724433057e+00
1.851826110839843750e+03 4.680754768911312567e+03 2.661698800189399083e+00
1.851846923828125000e+03 4.683482037716929881e+03 2.663242605459951395e+00
1.851867736816406250e+03 4.679076648407161883e+03 2.660620650255851594e+00
1.851888610839843750e+03 4.677539628236646422e+03 2.660593767079147742e+00
1.851909423828125000e+03 4.682963001989028271e+03 2.662849217110117461e+00
1.851930236816406250e+03 4.680078784598455968e+03 2.659945531445169653e+00
1.851951110839843750e+03 4.684267703125045045e+03 2.664264212660005793e+00
1.851971923828125000e+03 4.685031211657806125e+03 2.661847130333308886e+00
1.851992736816406250e+03 4.681540468290580975e+03 2.661364579213534309e+00
1.852013610839843750e+03 4.681836711236785959e+03 2.663262389729760038e+00
1.852034423828125000e+03 4.682743646523334974e+03 2.660652640882185782e+00
1.852055236816406250e+03 4.681320447733786750e+03 2.669446946203687165e+00
1.852076110839843750e+03 4.681645482396598709e+03 2.670448323875278085e+00
1.852096923828125000e+03 4.680654167037165280e+03 2.662342310431056625e+00
1.852117736816406250e+03 4.677866439439600981e+03 2.660951828708026490e+00
1.852138610839843750e+03 4.677052339909982948e+03 2.659352543844763161e+00
1.852159423828125000e+03 4.684160027715785873e+03 2.660056136119752779e+00
1.852180236816406250e+03 4.679670962583549226e+03 2.659795302495659985e+00
1.852201110839843750e+03 4.685909485836235945e+03 2.661081296089653936e+00
1.852221923828125000e+03 4.678480654780927580e+03 2.660175340222662665e+00
1.852242736816406250e+03 4.681198184146176573e+03 2.666607846167658558e+00
1.852263610839843750e+03 4.680729260823296499e+03 2.660097096327434407e+00
1.852284423828125000e+03 4.681765776545099470e+03 2.659266206732651128e+00
1.852305236816406250e+03 4.680448168991875718e+03 2.659920254852861987e+00
1.852326110839843750e+03 4.681698079692753709e+03 2.664784442708008960e+00
1.852346923828125000e+03 4.681813766923268304e+03 2.665933170370982541e+00
1.852367736816406250e+03 4.680612574525077434e+03 2.659332282219704080e+00
1.852388610839843750e+03 4.678225436215130685e+03 2.658453980660801186e+00
1.852409423828125000e+03 4.679721295349039792e+03 2.659957183694070970e+00
1.852430236816406250e+03 4.680369698369062462e+03 2.660774506411339058e+00
1.852451110839843750e+03 4.679404032002343229e+03 2.660059452396356328e+00
1.852471923828125000e+03 4.678409198876606752e+03 2.660424486436058444e+00
1.852492736816406250e+03 4.683370913603302142e+03 2.658771081436434258e+00
1.852513610839843750e+03 4.680508189898338060e+03 2.663464073470206195e+00
1.852534423828125000e+03 4.678669737595225342e+03 2.659628839626912100e+00
1.852555236816406250e+03 4.683010421059371765e+03 2.661550730515422014e+00
1.852576110839843750e+03 4.683608584403455097e+03 2.659457883876806594e+00
1.852596923828125000e+03 4.678073192115590246e+03 2.659749048915018399e+00
1.852617736816406250e+03 4.680829068087867199e+03 2.659159155579704947e+00
1.852638610839843750e+03 4.682234768022255594e+03 2.664595385641757908e+00
1.852659423828125000e+03 4.681537927462396510e+03 2.662508961837084964e+00
1.852680236816406250e+03 4.679130324892243152e+03 2.663380644676058839e+00
1.852701110839843750e+03 4.679981917914589758e+03 2.659867011883214616e+00
1.852721984863281250e+03 4.681450328121395614e+03 2.661876687888805826e+00
1.852742797851562500e+03 4.677462115952533168e+03 2.660467143664035028e+00
1.852763610839843750e+03 4.678414856140331722e+03 2.662669424478054214e+00
1.852784484863281250e+03 4.679412096188338182e+03 2.660416331299890302e+00
1.852805297851562500e+03 4.677732202377579597e+03 2.663350566701631728e+00
1.852826110839843750e+03 4.676273361843317616e+03 2.659858496494599489e+00
1.852846984863281250e+03 4.679141857954095940e+03 2.661995183520470043e+00
1.852867797851562500e+03 4.676768371748013124e+03 2.661682587275209233e+00
1.852888610839843750e+03 4.678245910240478224e+03 2.660879610947304297e+00
1.852909484863281250e+03 4.676753053921109313e+03 2.660344815958059606e+00
1.852930297851562500e+03 4.674503820322751380e+03 2.662306310208083282e+00
1.852951110839843750e+03 4.677335213927535733e+03 2.659027801333901486e+00
1.852971984863281250e+03 4.678490010098047605e+03 2.660013203408879701e+00
1.852992797851562500e+03 4.677528535413530335e+03 2.663213689724317046e+00
1.853013610839843750e+03 4.677498730270427586e+03 2.659423368666334220e+00
1.853034484863281250e+03 4.676138049554830104e+03 2.662475560752207926e+00
1.853055297851562500e+03 4.678320421789337161e+03 2.669250716467004736e+00
1.853076110839843750e+03 4.682902975310581496e+03 2.661873373876192606e+00
1.853096984863281250e+03 4.678421599980817518e+03 2.658683739012704716e+00
1.853117797851562500e+03 4.677417419758638971e+03 2.660043946526980729e+00
1.853138610839843750e+03 4.675586280783558323e+03 2.666878920293644040e+00
1.853159484863281250e+03 4.678897959015486776e+03 2.658921457921796794e+00
1.853180297851562500e+03 4.674362518974527120e+03 2.664592253963598889e+00
1.853201110839843750e+03 4.676396192059404711e+03 2.662220964450924487e+00
1.853221984863281250e+03 4.681236725983344513e+03 2.661966075104971186e+00
1.853242797851562500e+03 4.679953146262665541e+03 2.666679640579452393e+00
1.853263610839843750e+03 4.676195528334838855e+03 2.666163178437354286e+00
1.853284484863281250e+03 4.675072101313582607e+03 2.663928702565955930e+00
1.853326110839843750e+03 4.681776398171374240e+03 2.667974916062832769e+00
1.853346984863281250e+03 4.683708127173358662e+03 2.662568061925780327e+00
1.853367797851562500e+03 4.683244631239716000e+03 2.661236021507752181e+00
1.853388610839843750e+03 4.682299809225009994e+03 2.661802255962567365e+00
1.853409484863281250e+03 4.679112455576172579e+03 2.660087326882221603e+00
1.853430297851562500e+03 4.682129763429463310e+03 2.663919484167537988e+00
1.853451110839843750e+03 4.681124639160147126e+03 2.660479331317833207e+00
1.853471984863281250e+03 4.678447871488076089e+03 2.659453849654545454e+00
1.853492797851562500e+03 4.677587334779005687e+03 2.663198470789985173e+00
1.853513610839843750e+03 4.679744324087151654e+03 2.660931848059681304e+00
1.853534484863281250e+03 4.679514741817582035e+03 2.660154098980407777e+00
1.853555297851562500e+03 4.680736947162416072e+03 2.659292027471188646e+00
1.853576110839843750e+03 4.679298066911785099e+03 2.661313783984092574e+00
1.853596984863281250e+03 4.682846301641472564e+03 2.673092124296198691e+00
1.853617797851562500e+03 4.680195896565730436e+03 2.659397818157055227e+00
1.853638610839843750e+03 4.680522946225535634e+03 2.660130975409941811e+00
1.853659484863281250e+03 4.681845193828756237e+03 2.662662529797779509e+00
1.853680297851562500e+03 4.679469421201939440e+03 2.664663297414220366e+00
1.853701110839843750e+03 4.675388526525804082e+03 2.674440635594267590e+00
1.853721984863281250e+03 4.676395540432335110e+03 2.661767502437061061e+00
1.853742797851562500e+03 4.677792412582839461e+03 2.660878894135885631e+00
1.853763610839843750e+03 4.675623387352735335e+03 2.660635704716158401e+00
1.853784484863281250e+03 4.677721222135161952e+03 2.661297120787587733e+00
1.853805297851562500e+03 4.676183826260165006e+03 2.659782394600580524e+00
1.853826110839843750e+03 4.675921320793774612e+03 2.659302965347334791e+00
1.853846984863281250e+03 4.674120034367487278e+03 2.659181839307796391e+00
1.853867797851562500e+03 4.677780069595340137e+03 2.664049881264790365e+00
1.853888610839843750e+03 4.677934928331464107e+03 2.662087701386001370e+00
1.853909484863281250e+03 4.678932474651284792e+03 2.662788601129999932e+00
1.853930297851562500e+03 4.674675253670565326e+03 2.667462816202687659e+00
1.853951110839843750e+03 4.675946162039113915e+03 2.661289953789261364e+00
1.853971984863281250e+03 4.672192561302912509e+03 2.660352702455981433e+00
1.853992797851562500e+03 4.674996621409852196e+03 2.662760038616772462e+00
1.854013610839843750e+03 4.676863075058365212e+03 2.660202765373190559e+00
1.854034484863281250e+03 4.675994635919847497e+03 2.659990078613593933e+00
1.854055297851562500e+03 4.671561419804430443e+03 2.664201749591125434e+00
1.854076110839843750e+03 4.673111849503142366e+03 2.666132953004351602e+00
1.854096984863281250e+03 4.675075897489729869e+03 2.663754711102204631e+00
1.854117797851562500e+03 4.675535329360081960e+03 2.662181111612546225e+00
1.854138610839843750e+03 4.675914156081513283e+03 2.659609835125757105e+00
1.854159484863281250e+03 4.671704192803071237e+03 2.660292388076425762e+00
1.854180297851562500e+03 4.668949583916643860e+03 2.661626781848742240e+00
1.854201110839843750e+03 4.671129858558711021e+03 2.660382007760460077e+00
1.854221984863281250e+03 4.674131148452160232e+03 2.668223423343225598e+00
1.854242797851562500e+03 4.670624710624092586e+03 2.661708563719914711e+00
1.854263610839843750e+03 4.671719854358000703e+03 2.659210888542624218e+00
1.854284484863281250e+03 4.672054527488307031e+03 2.661684289187967956e+00
1.854305297851562500e+03 4.669384751880864314e+03 2.658269406290430403e+00
1.854326110839843750e+03 4.675420227566261929e+03 2.664647102537367918e+00
1.854346984863281250e+03 4.675247166477211977e+03 2.659073798473588823e+00
1.854367797851562500e+03 4.672661998721378040e+03 2.659903762195054533e+00
1.854388610839843750e+03 4.671520617571904040e+03 2.659845319997434565e+00
1.854409484863281250e+03 4.673313843005412309e+03 2.662616773739936882e+00
1.854430297851562500e+03 4.670083456749987818e+03 2.663676035304805900e+00
1.854451110839843750e+03 4.670748500624967164e+03 2.663591180986893292e+00
1.854471984863281250e+03 4.672151263567356182e+03 2.660519388874868163e+00
1.854492797851562500e+03 4.671443862325103510e+03 2.660297137995445205e+00
1.854513610839843750e+03 4.671320106845675582e+03 2.658968891554330138e+00
1.854534484863281250e+03 4.671459707950426491e+03 2.659853207976368150e+00
1.854555297851562500e+03 4.668590817768398665e+03 2.659858227587146740e+00
1.854576110839843750e+03 4.673550119961913879e+03 2.661899079757801267e+00
1.854596984863281250e+03 4.671273117425545934e+03 2.662423353927686254e+00
1.854617797851562500e+03 4.669607193438093418e+03 2.659907795734942848e+00
1.854638610839843750e+03 4.675922246780603018e+03 2.660694577591232957e+00
1.854659484863281250e+03 4.671996972825989360e+03 2.660154815987131993e+00
1.854680297851562500e+03 4.675189094726171788e+03 2.661846145075806636e+00
1.854701110839843750e+03 4.670023230802572471e+03 2.660047531707123714e+00
1.854721984863281250e+03 4.671694196189891045e+03 2.665973861423112101e+00
1.854742797851562500e+03 4.668934548359722612e+03 2.658884963038751881e+00
1.854763610839843750e+03 4.669511456201844339e+03 2.660625220368877830e+00
1.854784484863281250e+03 4.670519457126960333e+03 2.660323576068976514e+00
1.854805297851562500e+03 4.671470128287970510e+03 2.665233634312378808e+00
1.854826110839843750e+03 4.672240992506440307e+03 2.660765366690263090e+00
1.854846984863281250e+03 4.674805582122521628e+03 2.661844980680106332e+00
1.856409484863281250e+03 4.641065935520601670e+03 2.661551715882281677e+00
1.856430358886718750e+03 4.649909503370225138e+03 2.664192174177472339e+00
1.856451171875000000e+03 4.657289437746972908e+03 2.664441839601658923e+00
1.856471984863281250e+03 4.650277784708491708e+03 2.663564685835942747e+00
1.856492858886718750e+03 4.654405714148272637e+03 2.667028392656348945e+00
1.856513671875000000e+03 4.657828048944457805e+03 2.669179437824923173e+00
1.856534484863281250e+03 4.660977220463860249e+03 2.664539820176854867e+00
1.856555358886718750e+03 4.661056043850283459e+03 2.664423227359153490e+00
1.856576171875000000e+03 4.657192339604841436e+03 2.665131564158223831e+00
1.856596984863281250e+03 4.654308484687397140e+03 2.663455032493232455e+00
1.856617858886718750e+03 4.657900650263275566e+03 2.666254299784509563e+00
1.856638671875000000e+03 4.658799681896663060e+03 2.670008403321947110e+00
1.856659484863281250e+03 4.657614319652008817e+03 2.666080460091900139e+00
1.856680358886718750e+03 4.652233981837150168e+03 2.668144700600225239e+00
1.856701171875000000e+03 4.661884975013014810e+03 2.668511666369439705e+00
1.856721984863281250e+03 4.653468640540075285e+03 2.667857132862621494e+00
1.856742858886718750e+03 4.654389524146834447e+03 2.670235113871902488e+00
1.856763671875000000e+03 4.656645064708831342e+03 2.666744727740570475e+00
1.856784484863281250e+03 4.655993521648338174e+03 2.673051630796633216e+00
1.856805358886718750e+03 4.658817665683503947e+03 2.672368054322089570e+00
1.856826171875000000e+03 4.659504805798971574e+03 2.672868956459433676e+00
1.856846984863281250e+03 4.654176185233238357e+03 2.669080466328447532e+00
1.856867858886718750e+03 4.656271557815063716e+03 2.670971901840441198e+00
1.856888671875000000e+03 4.655704613124254138e+03 2.670822114568785377e+00
1.856909484863281250e+03 4.660347238342096716e+03 2.670629021203896780e+00
1.856930358886718750e+03 4.658505395246439548e+03 2.671107756451605031e+00
1.856951171875000000e+03 4.655455245809398548e+03 2.674150267784816126e+00
1.856971984863281250e+03 4.658458925266090773e+03 2.676333449807423825e+00
1.856992858886718750e+03 4.660712120490065900e+03 2.673366286612944176e+00
1.857013671875000000e+03 4.656618837298201470e+03 2.674508119084074043e+00
1.857034484863281250e+03 4.662776582546861391e+03 2.674887938246709673e+00
1.857055358886718750e+03 4.668201755231802963e+03 2.676443822649210436e+00
1.857076171875000000e+03 4.662082126781604529e+03 2.678186379867696587e+00
1.857096984863281250e+03 4.657484671352620353e+03 2.680802360816628482e+00
1.857117858886718750e+03 4.662362628805793065e+03 2.679268317620307815e+00
1.857138671875000000e+03 4.659069236747073774e+03 2.674110681889469099e+00
1.857159484863281250e+03 4.658625786245567724e+03 2.673070450539027920e+00
1.857180358886718750e+03 4.663487155941750643e+03 2.675334185822185518e+00
1.857201171875000000e+03 4.658311728807763757e+03 2.675982702983384254e+00
1.857221984863281250e+03 4.657867638321370578e+03 2.675260573913536000e+00
1.857242858886718750e+03 4.658131586455182514e+03 2.680144512920513922e+00
1.857263671875000000e+03 4.657057195120568394e+03 2.674857365736063031e+00
1.857284484863281250e+03 4.664895122953567807e+03 2.678498296193443817e+00
1.857305358886718750e+03 4.658065648038626932e+03 2.674989190480861367e+00
1.857326171875000000e+03 4.656659128550651985e+03 2.677693328431526965e+00
1.857346984863281250e+03 4.664018441488701683e+03 2.676479098239283427e+00
1.857367858886718750e+03 4.655834039653614127e+03 2.674798982857188090e+00
1.857388671875000000e+03 4.659402630361068077e+03 2.674321889044612544e+00
1.857409484863281250e+03 4.661056153311812523e+03 2.679476982722550193e+00
1.857430358886718750e+03 4.659304701607374227e+03 2.675896635143337310e+00
1.857451171875000000e+03 4.663284028700312774e+03 2.677637589567653631e+00
1.857471984863281250e+03 4.661439479662749363e+03 2.677966574542190781e+00
1.857492858886718750e+03 4.666232877288624877e+03 2.678729094451770543e+00
1.857513671875000000e+03 4.667248605996897822e+03 2.676693948612234308e+00
1.857534484863281250e+03 4.663617145635937959e+03 2.678279406660021955e+00
1.857555358886718750e+03 4.660789544439532619e+03 2.677049411504341503e+00
1.857576171875000000e+03 4.666226159992085741e+03 2.676361778380197620e+00
1.857596984863281250e+03 4.656571226272810236e+03 2.674198144537453636e+00
1.857617858886718750e+03 4.663503441943811595e+03 2.676897292346034352e+00
1.857638671875000000e+03 4.661823155530751137e+03 2.683122840665441267e+00
1.857659484863281250e+03 4.659416053837599065e+03 2.677598500439007712e+00
1.857680358886718750e+03 4.660293391395230174e+03 2.679440945774112404e+00
1.857701171875000000e+03 4.661103269274608465e+03 2.678570483979558325e+00
1.857721984863281250e+03 4.661607662302381868e+03 2.674735517885311609e+00
1.857742858886718750e+03 4.662600995718488775e+03 2.676293807118849344e+00
1.857763671875000000e+03 4.662874942752000607e+03 2.681274211214033087e+00
1.857784484863281250e+03 4.660342607545941974e+03 2.675225727860608860e+00
1.857805358886718750e+03 4.658420733113707684e+03 2.682651759793833524e+00
1.857826171875000000e+03 4.664212392599706618e+03 2.676863447329619561e+00
1.857846984863281250e+03 4.657987863355959234e+03 2.677662876991538710e+00
1.857867858886718750e+03 4.661612373350797498e+03 2.676866297452765497e+00
1.857888671875000000e+03 4.661675242561568666e+03 2.675531127822751820e+00
1.857909484863281250e+03 4.660243967995021194e+03 2.678095130353228992e+00
1.857930358886718750e+03 4.658720052730179304e+03 2.674916995177852197e+00
1.857951171875000000e+03 4.664544688750111163e+03 2.675917127737296397e+00
1.857971984863281250e+03 4.660951637295285764e+03 2.682468672655666353e+00
1.857992858886718750e+03 4.661123048850684427e+03 2.682462006626037621e+00
1.858013671875000000e+03 4.663373092614575398e+03 2.683481450070242857e+00
1.858034484863281250e+03 4.661631361107057273e+03 2.674772509589901759e+00
1.858055358886718750e+03 4.665842456752851831e+03 2.680478349099778779e+00
1.858076171875000000e+03 4.664406492272441938e+03 2.674714837962451686e+00
1.858096984863281250e+03 4.660266065493551650e+03 2.674927512639543981e+00
1.858117858886718750e+03 4.666768743994092802e+03 2.678236944113551843e+00
1.858138671875000000e+03 4.663585481797979810e+03 2.684680968356476516e+00
1.858159484863281250e+03 4.661175260443202205e+03 2.675542623084501415e+00
1.858180358886718750e+03 4.660745194820072356e+03 2.679258796053122449e+00
1.858201171875000000e+03 4.658895554292660563e+03 2.676817221471108788e+00
1.858221984863281250e+03 4.662261639656489933e+03 2.687587293049971127e+00
1.858242858886718750e+03 4.662694128970617385e+03 2.674965838633085013e+00
1.858263671875000000e+03 4.666093159723673125e+03 2.674177638770687704e+00
1.858284484863281250e+03 4.663541154666328111e+03 2.673432370330865560e+00
1.858305358886718750e+03 4.664746983200711838e+03 2.675014948580320517e+00
1.858326171875000000e+03 4.662837894727886123e+03 2.674244415668221020e+00
1.858346984863281250e+03 4.667214137138033038e+03 2.676398747607513950e+00
1.858367858886718750e+03 4.661047272007891479e+03 2.671553653778697690e+00
1.858388671875000000e+03 4.668793135182766491e+03 2.673537244780958222e+00
1.858409484863281250e+03 4.664592929036429268e+03 2.673965706918494334e+00
1.858430358886718750e+03 4.661628302199742393e+03 2.670957798272025396e+00
1.858451171875000000e+03 4.664004086368589014e+03 2.677115938653557681e+00
1.858471984863281250e+03 4.665375029962565350e+03 2.675785526912640488e+00
1.858492858886718750e+03 4.662012294178302000e+03 2.675023326593815920e+00
1.858513671875000000e+03 4.661623539605994665e+03 2.679812414522025232e+00
1.858534484863281250e+03 4.664352524150976024e+03 2.674187178429569212e+00
1.858555358886718750e+03 4.661079592570897148e+03 2.675935303645829322e+00
1.858576171875000000e+03 4.662099063425729582e+03 2.671660386774397100e+00
1.858596984863281250e+03 4.661206261186921438e+03 2.672016608517818970e+00
1.858617858886718750e+03 4.656124491922103516e+03 2.669774261390090775e+00
1.858638671875000000e+03 4.658935652384616333e+03 2.671663242448154119e+00
1.858659484863281250e+03 4.661777370750271984e+03 2.674516409540674822e+00
1.858680358886718750e+03 4.663876700583333331e+03 2.669641286063062502e+00
1.858701171875000000e+03 4.661344019260918685e+03 2.672310152367340041e+00
1.858721984863281250e+03 4.664457787090960665e+03 2.672297751015138445e+00
1.858742858886718750e+03 4.663027832031250000e+03 2.672498663678026798e+00
1.858763671875000000e+03 4.658938036983883649e+03 2.673200401257717740e+00
1.858784484863281250e+03 4.661391889292654014e+03 2.667062720054377944e+00
1.858805358886718750e+03 4.662478110246733195e+03 2.671108202743145643e+00
1.858826171875000000e+03 4.660503295884348518e+03 2.667363870395234038e+00
1.858846984863281250e+03 4.663794626617423091e+03 2.667956149740331906e+00
1.858867858886718750e+03 4.663680927605241777e+03 2.668346908823902908e+00
1.858888671875000000e+03 4.664206726190087466e+03 2.670454752053228908e+00
1.858909484863281250e+03 4.661275172403173201e+03 2.668685437031219188e+00
1.858930358886718750e+03 4.659636657083312457e+03 2.666005877242939803e+00
1.858951171875000000e+03 4.666660509320869096e+03 2.672793849423732659e+00
1.858971984863281250e+03 4.663096330682335974e+03 2.670056354342314364e+00
1.858992858886718750e+03 4.659040617581664264e+03 2.665063127553723543e+00
1.859013671875000000e+03 4.661106721290878340e+03 2.667091325881902009e+00
1.859034484863281250e+03 4.657944162310358479e+03 2.668560269689232101e+00
1.859055358886718750e+03 4.658575393474639895e+03 2.665310832893135640e+00
1.859076171875000000e+03 4.658995709520546370e+03 2.665186401633183877e+00
1.859096984863281250e+03 4.663934569766403001e+03 2.668183570803343674e+00
1.859117858886718750e+03 4.658190784163086391e+03 2.668600831340965485e+00
1.859138671875000000e+03 4.664579894293176949e+03 2.665556457997827700e+00
1.859159484863281250e+03 4.660761002489889506e+03 2.668220563987988569e+00
1.859180358886718750e+03 4.660899682884743015e+03 2.663775923632782483e+00
1.859201171875000000e+03 4.659512390115655762e+03 2.674123074834131586e+00
1.859221984863281250e+03 4.662898577993355502e+03 2.664342423664253445e+00
1.859242858886718750e+03 4.661641457296551380e+03 2.665852770180501263e+00
1.859263671875000000e+03 4.658164265623970095e+03 2.665535438526704048e+00
1.859284484863281250e+03 4.655846282087950385e+03 2.661562196579938533e+00
1.859305358886718750e+03 4.659059846551595001e+03 2.660404681061999899e+00
1.859326171875000000e+03 4.661125657857920487e+03 2.660083024729831713e+00
1.859346984863281250e+03 4.664460264665641262e+03 2.663438293177625038e+00
1.859367858886718750e+03 4.659669876442144414e+03 2.662052145529609781e+00
1.859388671875000000e+03 4.659130372467489906e+03 2.662088865675535931e+00
1.859409484863281250e+03 4.657413506234278429e+03 2.665954365567942741e+00
1.859430358886718750e+03 4.661899554807356253e+03 2.664230117670687292e+00
1.859451171875000000e+03 4.659532747654117884e+03 2.662834891449083585e+00
1.859471984863281250e+03 4.657803511639053795e+03 2.664703828912153405e+00
1.859492858886718750e+03 4.660096334951824247e+03 2.663354147430684993e+00
1.859513671875000000e+03 4.663543192403251851e+03 2.668643715236192371e+00
1.859534484863281250e+03 4.656805358026050271e+03 2.661583695317770282e+00
1.859555358886718750e+03 4.661420384320837911e+03 2.662151557437030025e+00
1.859576171875000000e+03 4.657511915539885194e+03 2.660812140226166189e+00
1.859596984863281250e+03 4.656406236108214216e+03 2.661504238700752367e+00
1.859617858886718750e+03 4.660524746133955887e+03 2.662156572714171610e+00
1.859638671875000000e+03 4.658555824954391937e+03 2.664590553908199766e+00
1.859659484863281250e+03 4.659431612866913383e+03 2.661712415378065355e+00
1.859680358886718750e+03 4.662507141230775233e+03 2.663196322227544321e+00
1.859701171875000000e+03 4.655479134998568952e+03 2.662328519358385659e+00
1.859721984863281250e+03 4.661787472366236216e+03 2.660062051637290370e+00
1.859742858886718750e+03 4.658315021801936382e+03 2.672228338067591746e+00
1.859763671875000000e+03 4.657098661174813969e+03 2.660389446058547769e+00
1.859784484863281250e+03 4.655052509817705868e+03 2.665018307334900083e+00
1.859805358886718750e+03 4.662414541762374938e+03 2.660114752940145877e+00
1.859826171875000000e+03 4.660945038722593381e+03 2.661675421314814827e+00
1.859846984863281250e+03 4.663819777478858668e+03 2.663310014609121090e+00
1.859867858886718750e+03 4.662752268277961775e+03 2.662620803169949646e+00
1.859888671875000000e+03 4.657990523716443931e+03 2.662772215775865092e+00
1.859909484863281250e+03 4.660775667339017673e+03 2.661774130721789255e+00
1.859930358886718750e+03 4.664512066965589838e+03 2.664155483021518833e+00
1.859951171875000000e+03 4.660822825116957574e+03 2.661684020464973432e+00
1.859971984863281250e+03 4.659660223551106355e+03 2.664194142956921585e+00
1.859992858886718750e+03 4.659776226310604216e+03 2.662470814719552603e+00
1.860013671875000000e+03 4.659051300569136401e+03 2.666656484187076792e+00
1.860034484863281250e+03 4.658636185953600943e+03 2.663893439782155426e+00
1.860055358886718750e+03 4.662161619696345952e+03 2.667577309886937975e+00
1.860076171875000000e+03 4.660258144019389874e+03 2.661067050506251253e+00
1.860096984863281250e+03 4.662999410122305562e+03 2.659211874776508555e+00
1.860117858886718750e+03 4.661884528287555440e+03 2.659524671778279004e+00
1.860138671875000000e+03 4.664753868616809996e+03 2.664414368601907945e+00
1.860159484863281250e+03 4.662270951896290171e+03 2.664792047657205121e+00
1.860180358886718750e+03 4.660259011773602651e+03 2.660155532993662586e+00
1.860201171875000000e+03 4.665480696304696721e+03 2.659501094495874796e+00
1.860221984863281250e+03 4.664949995178823883e+03 2.663329350783227412e+00
1.860242858886718750e+03 4.662155332995384015e+03 2.660840275635241170e+00
1.860263671875000000e+03 4.661000830438279081e+03 2.661191674377683558e+00
1.860284484863281250e+03 4.661405299484467832e+03 2.663273132258134890e+00
1.860305358886718750e+03 4.663010092102144881e+03 2.662132302267374406e+00
1.860326171875000000e+03 4.662646635593005158e+03 2.662298698158291010e+00
1.860346984863281250e+03 4.658995066950525143e+03 2.659404721301307895e+00
1.860367858886718750e+03 4.663213381856849992e+03 2.661618451243299432e+00
1.860388671875000000e+03 4.659095879562664777e+03 2.667763921378718983e+00
1.860409484863281250e+03 4.659288835672166897e+03 2.666817859496133369e+00
1.860430358886718750e+03 4.659604249961459573e+03 2.659756668261740398e+00
1.860451171875000000e+03 4.663421434493850938e+03 2.659312289402953944e+00
1.860471984863281250e+03 4.663315137168833644e+03 2.660700312474427065e+00
1.860492858886718750e+03 4.663151092259859070e+03 2.661762755141908521e+00
1.860513671875000000e+03 4.664410403169898018e+03 2.659969104788199257e+00
1.860534484863281250e+03 4.661137712967859443e+03 2.659441209051833344e+00
1.860555358886718750e+03 4.661590352725571393e+03 2.658292097610927218e+00
1.860576171875000000e+03 4.666567909738796516e+03 2.660991879152265760e+00
1.860596984863281250e+03 4.659845909458264032e+03 2.659148217112026202e+00
1.860617858886718750e+03 4.660041823049940831e+03 2.662286966603639282e+00
1.860638671875000000e+03 4.665283148495631394e+03 2.661244174132055385e+00
1.860659484863281250e+03 4.662685335882603795e+03 2.662903295785920665e+00
1.860680358886718750e+03 4.663291732128686817e+03 2.659694188974274898e+00
1.860701171875000000e+03 4.662568916394878215e+03 2.661397008817681265e+00
1.860721984863281250e+03 4.661642259587643821e+03 2.659379260264838063e+00
1.860742858886718750e+03 4.663151368299536443e+03 2.662553287026590887e+00
1.860763671875000000e+03 4.663287235228597638e+03 2.662461501725225776e+00
1.860784484863281250e+03 4.660998196090145029e+03 2.657797329078358306e+00
1.860805358886718750e+03 4.663811406459968566e+03 2.663625015627566484e+00
1.860826171875000000e+03 4.661090913579700100e+03 2.658163032537705028e+00
1.860846984863281250e+03 4.660225820850571836e+03 2.658336403425431094e+00
1.860867858886718750e+03 4.665392142975227216e+03 2.660237539340529089e+00
1.860888671875000000e+03 4.664056826593328879e+03 2.662594119275456528e+00
1.860909484863281250e+03 4.662315874651412742e+03 2.662514692812214090e+00
1.860930358886718750e+03 4.663246343437049291e+03 2.662060295654513187e+00
1.860951171875000000e+03 4.662325900395752797e+03 2.659207571207783616e+00
1.860971984863281250e+03 4.661660990668498926e+03 2.662050443852030490e+00
1.860992858886718750e+03 4.658844788193387103e+03 2.660356018362898922e+00
1.861013671875000000e+03 4.666935983542971371e+03 2.659960948255883473e+00
1.861034484863281250e+03 4.663398352825168331e+03 2.675659889754691712e+00
1.861055358886718750e+03 4.662819335694499387e+03 2.660438735460134208e+00
1.861076171875000000e+03 4.663706067647965938e+03 2.661842831025167389e+00
1.861096984863281250e+03 4.661657513553818717e+03 2.657995211663680024e+00
1.861117858886718750e+03 4.663130064411649983e+03 2.660892961524692790e+00
1.861138671875000000e+03 4.665153662816323049e+03 2.659334433904027684e+00
1.861159484863281250e+03 4.667492962803423325e+03 2.663241352152841301e+00
1.861180358886718750e+03 4.664620531314514665e+03 2.660179821475734396e+00
1.861201171875000000e+03 4.663642965675528103e+03 2.660810258548066631e+00
1.861221984863281250e+03 4.660376242734932930e+03 2.658024542960012671e+00
1.861242858886718750e+03 4.665047856990017863e+03 2.664774869388163658e+00
1.861263671875000000e+03 4.660704796365948823e+03 2.661366460499710040e+00
1.861284484863281250e+03 4.664758360866990188e+03 2.666578251644522002e+00
1.861305358886718750e+03 4.665460140021269581e+03 2.660854074421404647e+00
1.861326171875000000e+03 4.664039150818074631e+03 2.658757899550165948e+00
1.861347045898437500e+03 4.663602844014571929e+03 2.660932564856835381e+00
1.861367858886718750e+03 4.666084613854022791e+03 2.661157629614785414e+00
1.861388732910156250e+03 4.662496434655749908e+03 2.659157990007421812e+00
1.861409545898437500e+03 4.667146028784567534e+03 2.658919574905689309e+00
1.861430358886718750e+03 4.664454666805264424e+03 2.663416630377728911e+00
1.861451232910156250e+03 4.666011653380786811e+03 2.664771827391479775e+00
1.861472045898437500e+03 4.661760376203244959e+03 2.657689590796685319e+00
1.861492858886718750e+03 4.663004200293619760e+03 2.659996263171561459e+00
1.861513732910156250e+03 4.663928728322785901e+03 2.661484710104790707e+00
1.861534545898437500e+03 4.672167562474551232e+03 2.660154815987131993e+00
1.861555358886718750e+03 4.663746393989850731e+03 2.660724147950252139e+00
1.861576232910156250e+03 4.664783517074084557e+03 2.661796792165164849e+00
1.861597045898437500e+03 4.667878276396103502e+03 2.659748779996500279e+00
1.861617858886718750e+03 4.668843529605866934e+03 2.662575046395039724e+00
1.861638732910156250e+03 4.663784841614658944e+03 2.660365786821417888e+00
1.861659545898437500e+03 4.665987266799032113e+03 2.658412726082706179e+00
1.861680358886718750e+03 4.669079537304805854e+03 2.660454059797081161e+00
1.861701232910156250e+03 4.670290558331572356e+03 2.658791795697100113e+00
1.861722045898437500e+03 4.665726440828575505e+03 2.660143881613592498e+00
1.861742858886718750e+03 4.666455379744477796e+03 2.659648202563897001e+00
1.861763732910156250e+03 4.666866026561324361e+03 2.662863453159421745e+00
1.861784545898437500e+03 4.666448627512268104e+03 2.659721350164798714e+00
1.861805358886718750e+03 4.665610918628916806e+03 2.664758406776418287e+00
1.861826232910156250e+03 4.666167718569236058e+03 2.661614420295820960e+00
1.861847045898437500e+03 4.665357268009879590e+03 2.657935651093533025e+00
1.861867858886718750e+03 4.666773295320229408e+03 2.659238592609835194e+00
1.861888732910156250e+03 4.667109619558099439e+03 2.662212635704800157e+00
1.861909545898437500e+03 4.665482954078158400e+03 2.668851335017612403e+00
1.861930358886718750e+03 4.664017330369040792e+03 2.661469481283730065e+00
1.861972045898437500e+03 4.665902463536117466e+03 2.657040108248428290e+00
1.861992858886718750e+03 4.664582812457361797e+03 2.660859092144086002e+00
1.862013732910156250e+03 4.664317672298762773e+03 2.660400648275459190e+00
1.862034545898437500e+03 4.670468471777980085e+03 2.658973016178039384e+00
1.862055358886718750e+03 4.665081052993842604e+03 2.658532631637047228e+00
1.862076232910156250e+03 4.671036496218213870e+03 2.657900577904513284e+00
1.862097045898437500e+03 4.669473467753029581e+03 2.661275888498937814e+00
1.862117858886718750e+03 4.664125336169106959e+03 2.662020171721717343e+00
1.862138732910156250e+03 4.676332735861093170e+03 2.658161418063470727e+00
1.862159545898437500e+03 4.667030664464637084e+03 2.663305538622883439e+00
1.862180358886718750e+03 4.663573928658441218e+03 2.663053528462953068e+00
1.862201232910156250e+03 4.663726557676490302e+03 2.656944273927448918e+00
1.862222045898437500e+03 4.669388989865889016e+03 2.659546635218326571e+00
1.862242858886718750e+03 4.666290392450875515e+03 2.657326244656144976e+00
1.862263732910156250e+03 4.663522774409871090e+03 2.669099850024238663e+00
1.862284545898437500e+03 4.667600207796603172e+03 2.662295563778521501e+00
1.862305358886718750e+03 4.667676692285457648e+03 2.668445818180352092e+00
1.862326232910156250e+03 4.666856118395444355e+03 2.661968493354689880e+00
1.862347045898437500e+03 4.666069455666199246e+03 2.659559992487045665e+00
1.862367858886718750e+03 4.668238925359289169e+03 2.664902003850143863e+00
1.862388732910156250e+03 4.666516845782924065e+03 2.665547603006793942e+00
1.862409545898437500e+03 4.668872676228827004e+03 2.663585183796747469e+00
1.862430358886718750e+03 4.664851770823862353e+03 2.659810092715094942e+00
1.862451232910156250e+03 4.671211028335058472e+03 2.666016072143964522e+00
1.862472045898437500e+03 4.668627719213053751e+03 2.661516869505315963e+00
1.862492858886718750e+03 4.662855780696112561e+03 2.661092495394131952e+00
1.862513732910156250e+03 4.664855064530300297e+03 2.658243216857607560e+00
1.862534545898437500e+03 4.665824375848661475e+03 2.658449675865177220e+00
1.862555358886718750e+03 4.667642944062920833e+03 2.659051203486855197e+00
1.862576232910156250e+03 4.668015211641128190e+03 2.675771270510587385e+00
1.862597045898437500e+03 4.671526666893317270e+03 2.658656118840089899e+00
1.862617858886718750e+03 4.668452040915649377e+03 2.658342143395951318e+00
1.862638732910156250e+03 4.668048855383589398e+03 2.661865671020124946e+00
1.862659545898437500e+03 4.668624935850172733e+03 2.661423435965305284e+00
1.862680358886718750e+03 4.669983050968954558e+03 2.659771458696009283e+00
1.862701232910156250e+03 4.667203301351315531e+03 2.658655670458297315e+00
1.862722045898437500e+03 4.669233936252157946e+03 2.668011197245376831e+00
1.862742858886718750e+03 4.669982538216810099e+03 2.664705260476967652e+00
1.862763732910156250e+03 4.668622991560107039e+03 2.660267114779784503e+00
1.862784545898437500e+03 4.669835976388586460e+03 2.662361653633395608e+00
1.862805358886718750e+03 4.667792003958733403e+03 2.660114484058597739e+00
1.862826232910156250e+03 4.667897952008643188e+03 2.658510659819750099e+00
1.862847045898437500e+03 4.669746132086661419e+03 2.666639049704915276e+00
1.862867858886718750e+03 4.662837103363055576e+03 2.658800135159076650e+00
1.862888732910156250e+03 4.671107237906108821e+03 2.662523020613461355e+00
1.862909545898437500e+03 4.667554226669547461e+03 2.658550477999897854e+00
1.862930358886718750e+03 4.667182157829482094e+03 2.659325109926050867e+00
1.862951232910156250e+03 4.673419265098430515e+03 2.664819246356715521e+00
1.862972045898437500e+03 4.667875925763190025e+03 2.657463514592511178e+00
1.862992858886718750e+03 4.669458337822456087e+03 2.662547377043958274e+00
1.863013732910156250e+03 4.667048109299789758e+03 2.662655366474687924e+00
1.863034545898437500e+03 4.666699691167171295e+03 2.658153794144114901e+00
1.863055358886718750e+03 4.668617234457794439e+03 2.661363862532736491e+00
1.863076232910156250e+03 4.667951090691993159e+03 2.657386536638703500e+00
1.863097045898437500e+03 4.668391197280382585e+03 2.658433174084042339e+00
1.863117858886718750e+03 4.668077714569791169e+03 2.659447932784159807e+00
1.863138732910156250e+03 4.668925595877041815e+03 2.657697395465069778e+00
1.863159545898437500e+03 4.669054247124796348e+03 2.660578981216176420e+00
1.863180358886718750e+03 4.673803794938592546e+03 2.659935492543645807e+00
1.863201232910156250e+03 4.667562392451280175e+03 2.658679255237958561e+00
1.863222045898437500e+03 4.667143440177047523e+03 2.661969926390523433e+00
1.863242858886718750e+03 4.670039139728359260e+03 2.660239959161545986e+00
1.863263732910156250e+03 4.671848695900106577e+03 2.660104266539622841e+00
1.863284545898437500e+03 4.671451044847710364e+03 2.658952930993608632e+00
1.863305358886718750e+03 4.670025300419823907e+03 2.666990757162743364e+00
1.863326232910156250e+03 4.675377882987464545e+03 2.664973217970949992e+00
1.863347045898437500e+03 4.670318094436135652e+03 2.659366171045586036e+00
1.863367858886718750e+03 4.671042912821263599e+03 2.660768950898348528e+00
1.863388732910156250e+03 4.670990654566388912e+03 2.659784545920777177e+00
1.863409545898437500e+03 4.673751300954207181e+03 2.660507470246430195e+00
1.863430358886718750e+03 4.669303676289378018e+03 2.659599346734418557e+00
1.863451232910156250e+03 4.669537147519781684e+03 2.667889841010282037e+00
1.863472045898437500e+03 4.669838014161502542e+03 2.659277234370407417e+00
1.863492858886718750e+03 4.675214832626348652e+03 2.661737943669102435e+00
1.863513732910156250e+03 4.673001630012073292e+03 2.662040233763711683e+00
1.863534545898437500e+03 4.670906437649140571e+03 2.664704544694656452e+00
1.863555358886718750e+03 4.670238941999125927e+03 2.659785263027122593e+00
1.863576232910156250e+03 4.675434436812981403e+03 2.660408982694238755e+00
1.863597045898437500e+03 4.668580656682896915e+03 2.658486804498220835e+00
1.863617858886718750e+03 4.671953696398318243e+03 2.658620606767953642e+00
1.863638732910156250e+03 4.671437045653950008e+03 2.661111310119550488e+00
1.863659545898437500e+03 4.671789558913403198e+03 2.662405712625216303e+00
1.863680358886718750e+03 4.669221937027618878e+03 2.659236440847962513e+00
1.863701232910156250e+03 4.671806302365958800e+03 2.660802104594258033e+00
1.863722045898437500e+03 4.671238913482201497e+03 2.660498150379475124e+00
1.863742858886718750e+03 4.674639979269137257e+03 2.662272906580722687e+00
1.863763732910156250e+03 4.669761674798162858e+03 2.658359542605866377e+00
1.863784545898437500e+03 4.670819433248911992e+03 2.660729882769711008e+00
1.863805358886718750e+03 4.669222874814520765e+03 2.662056444499701691e+00
1.863826232910156250e+03 4.675574167343016597e+03 2.658786056697320266e+00
1.863847045898437500e+03 4.669388466982973114e+03 2.660881044569562981e+00
1.863867858886718750e+03 4.670708079245828230e+03 2.660155532993662586e+00
1.863888732910156250e+03 4.673293199398612160e+03 2.659072363876964662e+00
1.863909545898437500e+03 4.666409996012426745e+03 2.663113869834261127e+00
1.863930358886718750e+03 4.667577844125958109e+03 2.664622317921991890e+00
1.863951232910156250e+03 4.672586183926573540e+03 2.659182287600867944e+00
1.863972045898437500e+03 4.671129750099433295e+03 2.658463935473983408e+00
1.863992858886718750e+03 4.675070411492266430e+03 2.659025649401450142e+00
1.864013732910156250e+03 4.670889899999823683e+03 2.657925156095727104e+00
1.864034545898437500e+03 4.671164514761167993e+03 2.659642913627510374e+00
1.864055358886718750e+03 4.675853223809135670e+03 2.660781854007479019e+00
1.864076232910156250e+03 4.674724666014084505e+03 2.665517817821066782e+00
1.864097045898437500e+03 4.674559232414929284e+03 2.667617797109679501e+00
1.864117858886718750e+03 4.673594182233016909e+03 2.663734661972875895e+00
1.864138732910156250e+03 4.671979139690291959e+03 2.660743234098377652e+00
1.864159545898437500e+03 4.675134668743412476e+03 2.660630238523158386e+00
1.864180358886718750e+03 4.674755870988329661e+03 2.660587315076319737e+00
1.864201232910156250e+03 4.674640229931750582e+03 2.660383441650866043e+00
1.864222045898437500e+03 4.673946774474942686e+03 2.658681138424273005e+00
1.864242858886718750e+03 4.675850111398075569e+03 2.660800222909061485e+00
1.864263732910156250e+03 4.675545738044851532e+03 2.661332865903554890e+00
1.864284545898437500e+03 4.675443001379506313e+03 2.660041078379387081e+00
1.864305358886718750e+03 4.673261028038302356e+03 2.663350566701631728e+00
1.864326232910156250e+03 4.672535915633345212e+03 2.661966075104971186e+00
1.864347045898437500e+03 4.668695111314687892e+03 2.664566484586423201e+00
1.864367858886718750e+03 4.674729166683601761e+03 2.659547800620281954e+00
1.864388732910156250e+03 4.675807195891371521e+03 2.664533825121855326e+00
1.864409545898437500e+03 4.677591580563628668e+03 2.663517692098978262e+00
1.864430358886718750e+03 4.674604963739562663e+03 2.662462486755012403e+00
1.864451232910156250e+03 4.670849925286702273e+03 2.663701992309388977e+00
1.864472045898437500e+03 4.675259083795966944e+03 2.659594057700876313e+00
1.864492858886718750e+03 4.676512701881984867e+03 2.663958774012820996e+00
1.864513732910156250e+03 4.675305704486340801e+03 2.661233154644919274e+00
1.864534545898437500e+03 4.673318638653576272e+03 2.660549409243718522e+00
1.864555358886718750e+03 4.674788388326089262e+03 2.661000480511323207e+00
1.864576232910156250e+03 4.670202301898944825e+03 2.665168778619896983e+00
1.864597045898437500e+03 4.674150844604125268e+03 2.664756080529601334e+00
1.864617858886718750e+03 4.677662373634136202e+03 2.660653805799695792e+00
1.864638732910156250e+03 4.668409438519749528e+03 2.658385282465292931e+00
1.864659545898437500e+03 4.669945668353750079e+03 2.660034893925614430e+00
1.864680358886718750e+03 4.673970751675555221e+03 2.662009245010245717e+00
1.864701232910156250e+03 4.673632784382700265e+03 2.666731585268729887e+00
1.864722045898437500e+03 4.675447344710110883e+03 2.668754138094621808e+00
1.864742858886718750e+03 4.678430130208639639e+03 2.669168004482131540e+00
1.864763732910156250e+03 4.673816844189070252e+03 2.660448055535227230e+00
1.864784545898437500e+03 4.673773762910818732e+03 2.658372636781527021e+00
1.864805358886718750e+03 4.677575454385159901e+03 2.659559006382252733e+00
1.864826232910156250e+03 4.674986201285550123e+03 2.658545455919952172e+00
1.864847045898437500e+03 4.676161803319689170e+03 2.660540358362210700e+00
1.864867858886718750e+03 4.680376863140071691e+03 2.665337310686271888e+00
1.864888732910156250e+03 4.673339168128399251e+03 2.662558301547022221e+00
1.864909545898437500e+03 4.676159341988318374e+03 2.661849996534878748e+00
1.864930358886718750e+03 4.670852404830007799e+03 2.667628522098847821e+00
1.864951232910156250e+03 4.672651337004718698e+03 2.659123201922567681e+00
1.864972045898437500e+03 4.675232197842097776e+03 2.660988116048935481e+00
1.864992858886718750e+03 4.675710997875668909e+03 2.673359865435869676e+00
1.865013732910156250e+03 4.673581021518384659e+03 2.660129989516811122e+00
1.865034545898437500e+03 4.675689957726018292e+03 2.660283336320474312e+00
1.865055358886718750e+03 4.675692027039258392e+03 2.657475446872919367e+00
1.865076232910156250e+03 4.675003499562969409e+03 2.661699516780012598e+00
1.865097045898437500e+03 4.674121275634143785e+03 2.659087427102916124e+00
1.865117858886718750e+03 4.673987846834877018e+03 2.657907484937413578e+00
1.865138732910156250e+03 4.675498248068508474e+03 2.661969926390523433e+00
1.865159545898437500e+03 4.676038283537692223e+03 2.660418750958284839e+00
1.865180358886718750e+03 4.675868995529563108e+03 2.668489955409306447e+00
1.865201232910156250e+03 4.677645771205883648e+03 2.669976703385003702e+00
1.865222045898437500e+03 4.677294176250829878e+03 2.660514818580049567e+00
1.865242858886718750e+03 4.673407174033014599e+03 2.660824774316087549e+00
1.865263732910156250e+03 4.675474810474570404e+03 2.658861200744909059e+00
1.865284545898437500e+03 4.678365747247236868e+03 2.661074397294636462e+00
1.865305358886718750e+03 4.679368805134280592e+03 2.660325009990876843e+00
1.865326232910156250e+03 4.675964074392501971e+03 2.661313067289615919e+00
1.865347045898437500e+03 4.679688601097368519e+03 2.663154603963238998e+00
1.865367858886718750e+03 4.674814701144488936e+03 2.661049579403621301e+00
1.865388732910156250e+03 4.674028948416042113e+03 2.661153060416088678e+00
1.865409545898437500e+03 4.674972205275981651e+03 2.658292097610927218e+00
1.865430358886718750e+03 4.675596485925797424e+03 2.661715729591082269e+00
1.865451232910156250e+03 4.678083285394461200e+03 2.665907145658160449e+00
1.865472045898437500e+03 4.673105808885026818e+03 2.657470691910456040e+00
1.865513732910156250e+03 4.675144371326252440e+03 2.661267735971789339e+00
1.865534545898437500e+03 4.674760222075288766e+03 2.660065188648828460e+00
1.865555358886718750e+03 4.675068462377581454e+03 2.659479399625511498e+00
1.865576232910156250e+03 4.679274846088747836e+03 2.658598456321135561e+00
1.865597045898437500e+03 4.675822485091705857e+03 2.661933652433601694e+00
1.865617858886718750e+03 4.676340384544280823e+03 2.658198102263807261e+00
1.865638732910156250e+03 4.673942942652958664e+03 2.659676529569594106e+00
1.865659545898437500e+03 4.675739964183140728e+03 2.659358998843330824e+00
1.865680358886718750e+03 4.669412500196105611e+03 2.658848736664361390e+00
1.865701232910156250e+03 4.675287655420669580e+03 2.665165200328854844e+00
1.865722045898437500e+03 4.677387462584997593e+03 2.659929038944087498e+00
1.865742858886718750e+03 4.675213674773759521e+03 2.660460960200685232e+00
1.865763732910156250e+03 4.672693786278002335e+03 2.669453644733891462e+00
1.865784545898437500e+03 4.673600742474483923e+03 2.662986739534946690e+00
1.865805358886718750e+03 4.671082819284575635e+03 2.658797983042361146e+00
1.865826232910156250e+03 4.670590337403766171e+03 2.665221468399287641e+00
1.865847045898437500e+03 4.674695687619650016e+03 2.660723251883595264e+00
1.865867858886718750e+03 4.672205666758567531e+03 2.667563903386365620e+00
1.865888732910156250e+03 4.670351216415895578e+03 2.657681427268448360e+00
1.865909545898437500e+03 4.670778313472933405e+03 2.659088144397261821e+00
1.865930358886718750e+03 4.676045941793246129e+03 2.660606581427256589e+00
1.865951232910156250e+03 4.671271831359077623e+03 2.658942978011176184e+00
1.865972045898437500e+03 4.671354873297740596e+03 2.665869494335316503e+00
1.865992858886718750e+03 4.674500837376912386e+03 2.660255463888419936e+00
1.866013732910156250e+03 4.675013151200649190e+03 2.666591663100536636e+00
1.866034545898437500e+03 4.668798136618419448e+03 2.660593498246008881e+00
1.866055358886718750e+03 4.674147925950264835e+03 2.664749817547307220e+00
1.866076232910156250e+03 4.672451959443242231e+03 2.665476046444368308e+00
1.866097045898437500e+03 4.669729799405659833e+03 2.663757843765030664e+00
1.866117858886718750e+03 4.673390252813032021e+03 2.657731753675191211e+00
1.866138732910156250e+03 4.672555586656870219e+03 2.658313981546819527e+00
1.866159545898437500e+03 4.673386894447404302e+03 2.658909083791535011e+00
1.866180358886718750e+03 4.673608209839805568e+03 2.659535160464112646e+00
1.866201232910156250e+03 4.673351393901215488e+03 2.661816855890765332e+00
1.866222045898437500e+03 4.673528477827571805e+03 2.658749380609308322e+00
1.866242858886718750e+03 4.673361767056166173e+03 2.661163363500089307e+00
1.866263732910156250e+03 4.672103684968789821e+03 2.663506771530901762e+00
1.866284545898437500e+03 4.673832617216053222e+03 2.661623198795833201e+00
1.866305358886718750e+03 4.674436526517069979e+03 2.664453293224732455e+00
1.866326232910156250e+03 4.671315940233209403e+03 2.660788305538580367e+00
1.866347045898437500e+03 4.670064690188852182e+03 2.657643121147213794e+00
1.866367858886718750e+03 4.673804940465382970e+03 2.660162254920489300e+00
1.866388732910156250e+03 4.674382803119759046e+03 2.677492182245604369e+00
1.866409545898437500e+03 4.669256467032457294e+03 2.659630273923375032e+00
1.866430358886718750e+03 4.672455286188460377e+03 2.667131462916388696e+00
1.866451232910156250e+03 4.667364639321203867e+03 2.658444653594805640e+00
1.866472045898437500e+03 4.669760970473037560e+03 2.660637855346391412e+00
1.866492858886718750e+03 4.669173544232271524e+03 2.658872588738646403e+00
1.866513732910156250e+03 4.667345930463773584e+03 2.657823792018147557e+00
1.866534545898437500e+03 4.669190856549609634e+03 2.662738817993214546e+00
1.866555358886718750e+03 4.670778212887676091e+03 2.659610552279209728e+00
1.866576232910156250e+03 4.668916400467320273e+03 2.659452684211419893e+00
1.866597045898437500e+03 4.665971268321708521e+03 2.660859360950391217e+00
1.866617858886718750e+03 4.670859062714001084e+03 2.659470524400262548e+00
1.866638732910156250e+03 4.667349035322717100e+03 2.657339074761057685e+00
1.866659545898437500e+03 4.670103305674542753e+03 2.659025649401450142e+00
1.866680358886718750e+03 4.666391116002087983e+03 2.659829095785407826e+00
1.866701232910156250e+03 4.668876209321643728e+03 2.660577995489056491e+00
1.866722045898437500e+03 4.668452764823830876e+03 2.657321938033616604e+00
1.866742858886718750e+03 4.670842930241481554e+03 2.659049768878040787e+00
1.866763732910156250e+03 4.670336939927809908e+03 2.665048634870817335e+00
1.866784545898437500e+03 4.665338834275580666e+03 2.663039920130927829e+00
1.866805358886718750e+03 4.666134749063229719e+03 2.658250302380304575e+00
1.866826232910156250e+03 4.668301153692606931e+03 2.659815291681784988e+00
1.866847045898437500e+03 4.667861997011390486e+03 2.657875999486018159e+00
1.866867858886718750e+03 4.668798176660605350e+03 2.660759900763636665e+00
1.866888732910156250e+03 4.668470212071472815e+03 2.658052887269133358e+00
1.866909545898437500e+03 4.668919557738692674e+03 2.658500436136734812e+00
1.866930358886718750e+03 4.665655140879074679e+03 2.659225502698189469e+00
1.866951232910156250e+03 4.665766896627653296e+03 2.660828089634712068e+00
1.866972045898437500e+03 4.667809184652530348e+03 2.659527988717587554e+00
1.866992858886718750e+03 4.668030683664967910e+03 2.660533189325302139e+00
1.867013732910156250e+03 4.668024324026039722e+03 2.659880905353482650e+00
1.867034545898437500e+03 4.663427623593016506e+03 2.656887561352921701e+00
1.867055358886718750e+03 4.665668846816462974e+03 2.656137262083662964e+00
1.867076232910156250e+03 4.666121754509160382e+03 2.661677391955846517e+00
1.867097045898437500e+03 4.669179269392338938e+03 2.658427703362253425e+00
1.867117858886718750e+03 4.665891910248372369e+03 2.658865684212831759e+00
1.867138732910156250e+03 4.669768108908612703e+03 2.657948926757889740e+00
1.867159545898437500e+03 4.671188092686009441e+03 2.660352971313453274e+00
1.867180358886718750e+03 4.667188737864606992e+03 2.660604520382425342e+00
1.867201232910156250e+03 4.666557061187254476e+03 2.657829263982992352e+00
1.867222045898437500e+03 4.665647111181052423e+03 2.658823001291598764e+00
1.867242858886718750e+03 4.667789365845299471e+03 2.669847488762369991e+00
1.867263732910156250e+03 4.666028373388505315e+03 2.659782663515700030e+00
1.867284545898437500e+03 4.667948149986267708e+03 2.660401365215735225e+00
1.867305358886718750e+03 4.665471949029795724e+03 2.661871224244183765e+00
1.867326232910156250e+03 4.667372731753879634e+03 2.657318080011674688e+00
1.867347045898437500e+03 4.671334226824354118e+03 2.660784452542720668e+00
1.867367858886718750e+03 4.664614453031079393e+03 2.663347702114922999e+00
1.867388732910156250e+03 4.669268136596266231e+03 2.657734893437256662e+00
1.867409545898437500e+03 4.667059606694126160e+03 2.657500028996005348e+00
1.867430358886718750e+03 4.663621405958895593e+03 2.664249894607397362e+00
1.867472045898437500e+03 4.670986027951593314e+03 2.667579186791641632e+00
1.867492858886718750e+03 4.663301552738025748e+03 2.657718207802045818e+00
1.867513732910156250e+03 4.669542636697449780e+03 2.657905332097915796e+00
1.867534545898437500e+03 4.665383767849047217e+03 2.656926147571645025e+00
1.867555358886718750e+03 4.667307683745895702e+03 2.661548401465031688e+00
1.867576232910156250e+03 4.661465992635276962e+03 2.666661759213064364e+00
1.867597045898437500e+03 4.663770406174731761e+03 2.657071154955688908e+00
1.867617858886718750e+03 4.665254227922750033e+03 2.677576328902843805e+00
1.867638732910156250e+03 4.665994572911507930e+03 2.660588748856078212e+00
1.867659545898437500e+03 4.661213090383473173e+03 2.656402852765449740e+00
1.867680358886718750e+03 4.668291458107769358e+03 2.659530857418518135e+00
1.867701232910156250e+03 4.668770228915333064e+03 2.658123477636673115e+00
1.867722045898437500e+03 4.663865196538392411e+03 2.657747990690434658e+00
1.867742858886718750e+03 4.665741690432589166e+03 2.656207813601120460e+00
1.867763732910156250e+03 4.666203846619483556e+03 2.660737499307695320e+00
1.867784545898437500e+03 4.665261648749862616e+03 2.660341948134836709e+00
1.867805358886718750e+03 4.667114980484710031e+03 2.660411402359316835e+00
1.867826232910156250e+03 4.666006359165709000e+03 2.656310765188460099e+00
1.867847045898437500e+03 4.666577098280165046e+03 2.663193726045615772e+00
1.867867858886718750e+03 4.665600713225003346e+03 2.660306906670168559e+00
1.867888732910156250e+03 4.665276258445213898e+03 2.656876344323743755e+00
1.867909545898437500e+03 4.666053530339634563e+03 2.657631638174269728e+00
1.867930358886718750e+03 4.665239099207858999e+03 2.660512936691665775e+00
1.867951232910156250e+03 4.670453516453305383e+03 2.659830350700366886e+00
1.867972045898437500e+03 4.666941954708560843e+03 2.659098186497781402e+00
1.867992858886718750e+03 4.659133637713760436e+03 2.665615311635199713e+00
1.868013732910156250e+03 4.658064001807445493e+03 2.656407789143850895e+00
1.868034545898437500e+03 4.662623085408599763e+03 2.661714117271751778e+00
1.868055358886718750e+03 4.668688496794345156e+03 2.659787862536004521e+00
1.868076232910156250e+03 4.668892062891242858e+03 2.658006693065933845e+00
1.868097045898437500e+03 4.667127349505979510e+03 2.659319192769225015e+00
1.868117858886718750e+03 4.665859613878423261e+03 2.659846754177162431e+00
1.868138732910156250e+03 4.663840755224438908e+03 2.658698356065870794e+00
1.868159545898437500e+03 4.663261091351119831e+03 2.659746897566110491e+00
1.868180358886718750e+03 4.665782878838254874e+03 2.658329497506972672e+00
1.868201232910156250e+03 4.663420390333098112e+03 2.658163301616649044e+00
1.868222045898437500e+03 4.663043896232057705e+03 2.657312876159252379e+00
1.868242858886718750e+03 4.660765521298459134e+03 2.657833569783474736e+00
1.868263732910156250e+03 4.661622980688972348e+03 2.658806322484930540e+00
1.868284545898437500e+03 4.666402282658159493e+03 2.658108678032592653e+00
1.868305358886718750e+03 4.660448698053847693e+03 2.656384453456048345e+00
1.868326232910156250e+03 4.662066749420436281e+03 2.666761356897829671e+00
1.868347045898437500e+03 4.661504298814662434e+03 2.660051565029009080e+00
1.868367858886718750e+03 4.662228872731590855e+03 2.656655583551981614e+00
1.868388732910156250e+03 4.661511507493706631e+03 2.657239213637882624e+00
1.868409545898437500e+03 4.662028108798494031e+03 2.661964910761730696e+00
1.868430358886718750e+03 4.666272654242310637e+03 2.658413443559100031e+00
1.868451232910156250e+03 4.662785295995356137e+03 2.660912494463532507e+00
1.868472045898437500e+03 4.661869939871337010e+03 2.658153973530704040e+00
1.868492858886718750e+03 4.666157005461935114e+03 2.659662007534741246e+00
1.868513732910156250e+03 4.665934444762556268e+03 2.662345444755791490e+00
1.868534545898437500e+03 4.662588588916429217e+03 2.657535286899676219e+00
1.868555358886718750e+03 4.664383383880619476e+03 2.656839372660289467e+00
1.868576232910156250e+03 4.658396979555976941e+03 2.656190849094383744e+00
1.868597045898437500e+03 4.665201244604901149e+03 2.659037843662312550e+00
1.868617858886718750e+03 4.664717422281569270e+03 2.657253031123915310e+00
1.868638732910156250e+03 4.659693364284327799e+03 2.656654596369121268e+00
1.868659545898437500e+03 4.667022221562539016e+03 2.656778799041450867e+00
1.868680358886718750e+03 4.666355721659047958e+03 2.659486302558005555e+00
1.868701232910156250e+03 4.663935801920412814e+03 2.659626508893510266e+00
1.868722045898437500e+03 4.667124608362380059e+03 2.657725294724422316e+00
1.868742858886718750e+03 4.668651008393430857e+03 2.665592950983790566e+00
1.868763732910156250e+03 4.666612305476490292e+03 2.660007467044302576e+00
1.868784545898437500e+03 4.662587890487282493e+03 2.658759872353630094e+00
1.868805358886718750e+03 4.664374714892491284e+03 2.656699647431489009e+00
