1.871576232910156250e+03 6.081730053480124297e+03 2.438108906129291764e+00
1.871597045898437500e+03 6.078899114618094245e+03 2.438338991194666683e+00
1.871617858886718750e+03 6.080648289961860428e+03 2.438660174367253131e+00
1.871638732910156250e+03 6.078760433488356284e+03 2.436672167930533206e+00
1.871659545898437500e+03 6.066554213938372413e+03 2.435733350576093414e+00
1.871680358886718750e+03 6.079235263092910827e+03 2.437751072399540142e+00
1.871701232910156250e+03 6.072949916839658727e+03 2.436291028025199701e+00
1.871722045898437500e+03 6.074222361869381530e+03 2.437783249267694075e+00
1.871742858886718750e+03 6.070471162774412733e+03 2.436510129597925900e+00
1.871763732910156250e+03 6.062188449207850681e+03 2.435136578467876678e+00
1.871784545898437500e+03 6.069003024699868547e+03 2.434466797808120919e+00
1.871805358886718750e+03 6.067595848533315802e+03 2.435890155207349306e+00
1.871826232910156250e+03 6.062442207027352197e+03 2.434918919962131056e+00
1.871847045898437500e+03 6.067815720063616936e+03 2.436646727842620930e+00
1.871867858886718750e+03 6.061933881189556814e+03 2.434781049719009438e+00
1.871888732910156250e+03 6.057712743322327697e+03 2.433423080705340968e+00
1.871909545898437500e+03 6.068827303434001806e+03 2.435704278945343582e+00
1.871930358886718750e+03 6.067753756722509934e+03 2.437965837616376863e+00
1.871951232910156250e+03 6.053086394127479252e+03 2.432025924858147725e+00
1.871972045898437500e+03 6.057768842470611162e+03 2.433084253949378883e+00
1.871992858886718750e+03 6.062234020830379450e+03 2.434476395381896197e+00
1.872013732910156250e+03 6.059715260040217800e+03 2.433480984201432218e+00
1.872034545898437500e+03 6.067068945972028814e+03 2.433273563783171056e+00
1.872055358886718750e+03 6.056634682878287094e+03 2.435894951194906621e+00
1.872076232910156250e+03 6.061362910590252795e+03 2.431814458677282520e+00
1.872097045898437500e+03 6.059135160935965359e+03 2.431288507543948985e+00
1.872117858886718750e+03 6.059339666426700205e+03 2.432310301704549538e+00
1.872138732910156250e+03 6.054439482613011023e+03 2.435456715546297612e+00
1.872159545898437500e+03 6.056169699042832690e+03 2.431549046029018335e+00
1.872180358886718750e+03 6.058356956778044150e+03 2.436733516588442949e+00
1.872201232910156250e+03 6.056418197238750508e+03 2.438544514190128076e+00
1.872222045898437500e+03 6.058875750376239921e+03 2.430904169664506842e+00
1.872242858886718750e+03 6.057943685846000335e+03 2.431770535717753479e+00
1.872263732910156250e+03 6.049938389624021511e+03 2.431562381083023805e+00
1.872284545898437500e+03 6.057504191739181806e+03 2.430406764486767290e+00
1.872305358886718750e+03 6.059361526647915525e+03 2.432447429845586928e+00
1.872326232910156250e+03 6.058682166108647834e+03 2.431934360396342587e+00
1.872347045898437500e+03 6.065259254776410671e+03 2.438387391366174217e+00
1.872367858886718750e+03 6.055038326857970787e+03 2.430996165226650518e+00
1.872388732910156250e+03 6.056007635559366463e+03 2.430787846197741686e+00
1.872409545898437500e+03 6.059868229823664478e+03 2.432372348490094538e+00
1.872430358886718750e+03 6.056344314071151530e+03 2.430556261577200949e+00
1.872451232910156250e+03 6.064897498917358462e+03 2.431147097099053411e+00
1.872472045898437500e+03 6.058934550819320066e+03 2.430378217736901991e+00
1.872492858886718750e+03 6.061621553769182356e+03 2.432193261279041785e+00
1.872513732910156250e+03 6.062627056989329503e+03 2.432218061772465134e+00
1.872534545898437500e+03 6.062939469656081201e+03 2.437464200270456960e+00
1.872555358886718750e+03 6.061331157953840375e+03 2.431227904074711343e+00
1.872576232910156250e+03 6.060631511856013276e+03 2.430319553603886629e+00
1.872597045898437500e+03 6.060170812563948857e+03 2.431672098346767896e+00
1.872617858886718750e+03 6.055317543697945439e+03 2.431498744762676356e+00
1.872638732910156250e+03 6.050521041129770310e+03 2.429514888016735430e+00
1.872659545898437500e+03 6.058584760319442466e+03 2.432153266274688086e+00
1.872680358886718750e+03 6.056663326491288899e+03 2.432255997215842402e+00
1.872701232910156250e+03 6.066407439655689814e+03 2.431852792576216338e+00
1.872722045898437500e+03 6.057878368209400833e+03 2.432450076274058848e+00
1.872742858886718750e+03 6.062436020831412861e+03 2.435051397294233588e+00
1.872763732910156250e+03 6.058162657076873074e+03 2.433478828766030055e+00
1.872784545898437500e+03 6.060872343966871085e+03 2.431460405281898218e+00
1.872805358886718750e+03 6.062108067182213745e+03 2.432922858624343210e+00
1.872826232910156250e+03 6.051346697213064544e+03 2.430905836992452329e+00
1.872847045898437500e+03 6.056043104395193041e+03 2.431338518977965713e+00
1.872867858886718750e+03 6.053665280291635099e+03 2.430376550046990047e+00
1.872888732910156250e+03 6.055148859289116444e+03 2.432035434031846854e+00
1.872909545898437500e+03 6.058391622888863822e+03 2.431194757848914367e+00
1.872930358886718750e+03 6.056010895960370362e+03 2.431566989503801235e+00
1.872951232910156250e+03 6.061943762050152145e+03 2.431379507974453347e+00
1.872972045898437500e+03 6.057000756548698519e+03 2.431882400442611836e+00
1.872992858886718750e+03 6.048032953783316771e+03 2.431116597651571620e+00
1.873013732910156250e+03 6.058167911140736578e+03 2.432330592059768648e+00
1.873034545898437500e+03 6.055248920176803040e+03 2.435273155854991600e+00
1.873055358886718750e+03 6.057877831079850694e+03 2.432792617432401272e+00
1.873076232910156250e+03 6.062468386619977537e+03 2.435000874638645119e+00
1.873097045898437500e+03 6.049136440934774328e+03 2.434670689147406364e+00
1.873117858886718750e+03 6.058453599331059195e+03 2.431041671339281063e+00
1.873138732910156250e+03 6.046909673914216000e+03 2.430018853165444526e+00
1.873159545898437500e+03 6.059991729838243373e+03 2.431749554381197775e+00
1.873180358886718750e+03 6.055240278094402129e+03 2.430226060846526703e+00
1.873201232910156250e+03 6.053326667448927765e+03 2.432813197768545432e+00
1.873222045898437500e+03 6.052743382269134599e+03 2.430386261872168330e+00
1.873242858886718750e+03 6.057250734287406885e+03 2.431745044350635876e+00
1.873263732910156250e+03 6.057292900789056148e+03 2.431611994685869860e+00
1.873284545898437500e+03 6.057439484795974749e+03 2.434390995232622590e+00
1.873305358886718750e+03 6.054799908717455764e+03 2.430834729343868350e+00
1.873326232910156250e+03 6.043077295993140979e+03 2.429476517228786214e+00
1.873347045898437500e+03 6.062344805466437720e+03 2.432108369138221260e+00
1.873367858886718750e+03 6.052916202556562894e+03 2.431559537584995212e+00
1.873388732910156250e+03 6.056823550002080992e+03 2.431484428812443088e+00
1.873409545898437500e+03 6.050013307275589796e+03 2.430864840008972294e+00
1.873430358886718750e+03 6.049867675595148285e+03 2.430842870049071625e+00
1.873451232910156250e+03 6.057428731867238639e+03 2.431674941713172888e+00
1.873472045898437500e+03 6.057521132574443982e+03 2.433391140116174967e+00
1.873492858886718750e+03 6.056353064122695287e+03 2.434006461574531599e+00
1.873513732910156250e+03 6.052777077744426606e+03 2.430306702241852967e+00
1.873534545898437500e+03 6.058205670299844314e+03 2.431068641154871202e+00
1.873555358886718750e+03 6.054883550470086448e+03 2.433926628455064467e+00
1.873576232910156250e+03 6.063214069994955025e+03 2.431458444166885169e+00
1.873597045898437500e+03 6.057238223700908748e+03 2.431360680578618094e+00
1.873617858886718750e+03 6.055189652777236006e+03 2.432942849883062753e+00
1.873638732910156250e+03 6.059186820036479730e+03 2.431141899471063184e+00
1.873659545898437500e+03 6.057026616398198712e+03 2.430990182678661071e+00
1.873680358886718750e+03 6.053683498982119090e+03 2.432743811939269474e+00
1.873701232910156250e+03 6.048841640182690753e+03 2.430597558037064676e+00
1.873722045898437500e+03 6.050487765531231162e+03 2.434689980575282853e+00
1.873742858886718750e+03 6.045017562330006513e+03 2.430223706313027865e+00
1.873763732910156250e+03 6.055274206803201196e+03 2.430974490679553845e+00
1.873784545898437500e+03 6.052201687878841767e+03 2.431472760270109834e+00
1.873805358886718750e+03 6.051407939111108135e+03 2.430310037716391758e+00
1.873826232910156250e+03 6.056909108636452402e+03 2.430389401039684039e+00
1.873847045898437500e+03 6.057168167091504074e+03 2.432415966530934170e+00
1.873867858886718750e+03 6.056706958382686025e+03 2.431733377058852508e+00
1.873888732910156250e+03 6.055608179096615459e+03 2.431089922579977802e+00
1.873909545898437500e+03 6.054367059456232710e+03 2.432226197847629834e+00
1.873930358886718750e+03 6.048192638787436408e+03 2.431058932055726540e+00
1.873951232910156250e+03 6.051300978759224563e+03 2.430802558579447048e+00
1.873972045898437500e+03 6.053203540199657255e+03 2.435000678812359265e+00
1.873992858886718750e+03 6.053996364970868854e+03 2.430935162161730112e+00
1.874013732910156250e+03 6.055128903110441570e+03 2.432032100923648521e+00
1.874034545898437500e+03 6.053532123860223692e+03 2.431068935369391504e+00
1.874055358886718750e+03 6.048625925094111153e+03 2.430342215000377060e+00
1.874076232910156250e+03 6.051141120626875818e+03 2.431030491037093455e+00
1.874097045898437500e+03 6.053052389256336937e+03 2.430994497960657696e+00
1.874117858886718750e+03 6.056510445464260556e+03 2.431280858645694209e+00
1.874138732910156250e+03 6.057110824631053219e+03 2.432461054020679025e+00
1.874159545898437500e+03 6.055201820634593787e+03 2.430990182678661071e+00
1.874180358886718750e+03 6.052479094331391934e+03 2.431444912430182459e+00
1.874201232910156250e+03 6.058082444757093072e+03 2.431752201569153726e+00
1.874222045898437500e+03 6.055925993731955714e+03 2.430794711986952183e+00
1.874242858886718750e+03 6.055263850497340172e+03 2.434126843008392438e+00
1.874263732910156250e+03 6.051322289876527066e+03 2.429813394014080252e+00
1.874284545898437500e+03 6.050828836776198841e+03 2.435852080603734482e+00
1.874305358886718750e+03 6.055516560975052926e+03 2.431616504963205028e+00
1.874326232910156250e+03 6.052771632180971210e+03 2.430785394125466681e+00
1.874347045898437500e+03 6.055295101432075171e+03 2.432001122405395677e+00
1.874367858886718750e+03 6.048741159054472519e+03 2.432632182843434965e+00
1.874388732910156250e+03 6.053233622794919938e+03 2.431178282633641441e+00
1.874409545898437500e+03 6.051770019252394377e+03 2.432164441415643807e+00
1.874430358886718750e+03 6.051943842177099214e+03 2.431750044601407090e+00
1.874451232910156250e+03 6.049632617766207659e+03 2.430917508256049686e+00
1.874472045898437500e+03 6.052206673272888111e+03 2.432556127075149455e+00
1.874492858886718750e+03 6.050556872367794313e+03 2.430325243498197008e+00
1.874513732910156250e+03 6.052938126460199783e+03 2.432101016908079227e+00
1.874534545898437500e+03 6.047878251884501879e+03 2.430002468092179235e+00
1.874555358886718750e+03 6.044082066472432416e+03 2.430826882855219306e+00
1.874576232910156250e+03 6.054007012134862634e+03 2.432283443679360335e+00
1.874597045898437500e+03 6.048036924052056747e+03 2.431188579656270665e+00
1.874617858886718750e+03 6.053862264797741773e+03 2.431211723281296422e+00
1.874638732910156250e+03 6.051496159904479100e+03 2.431459228613080281e+00
1.874659545898437500e+03 6.052087796993288976e+03 2.436929000095728881e+00
1.874680358886718750e+03 6.050291321883531054e+03 2.431228884725396444e+00
1.874701232910156250e+03 6.050865742773121383e+03 2.430665926168178448e+00
1.874722045898437500e+03 6.054464739090150943e+03 2.431280368330882791e+00
1.874742858886718750e+03 6.050284396537399516e+03 2.431203387679023997e+00
1.874763732910156250e+03 6.048759529665935588e+03 2.431396276001127177e+00
1.874784545898437500e+03 6.052590294203838312e+03 2.430635714949955783e+00
1.874805358886718750e+03 6.048045784299200932e+03 2.431139741961841239e+00
1.874826232910156250e+03 6.052033088037389462e+03 2.431199072767798341e+00
1.874847045898437500e+03 6.049059233621765998e+03 2.435396705286755115e+00
1.874867858886718750e+03 6.046849779598725036e+03 2.430894852222583502e+00
1.874888732910156250e+03 6.050445237515025838e+03 2.436967351376210900e+00
1.874909545898437500e+03 6.049689279271377018e+03 2.430832375399933021e+00
1.874930358886718750e+03 6.045681345704798332e+03 2.430316708651735880e+00
1.874951232910156250e+03 6.048709087820252535e+03 2.430550376038860705e+00
1.874972045898437500e+03 6.049523773421028636e+03 2.432937656091445078e+00
1.874992858886718750e+03 6.049668050296864749e+03 2.432036904519305764e+00
1.875013732910156250e+03 6.051948039696917476e+03 2.430722914489416908e+00
1.875034545898437500e+03 6.043927340113719765e+03 2.431915733370773935e+00
1.875055358886718750e+03 6.048196974766990934e+03 2.436766196104238169e+00
1.875076232910156250e+03 6.051076569580833166e+03 2.431475898034896943e+00
1.875097045898437500e+03 6.043977544257859336e+03 2.431256538911866549e+00
1.875117858886718750e+03 6.044429798456064418e+03 2.431368623404015050e+00
1.875138732910156250e+03 6.045401747864506433e+03 2.432749986182257906e+00
1.875159545898437500e+03 6.051445515005581910e+03 2.436693889641537769e+00
1.875180358886718750e+03 6.044801793522343360e+03 2.431831321745629548e+00
1.875201232910156250e+03 6.048024445520441077e+03 2.431945536543202113e+00
1.875222045898437500e+03 6.045407772219909020e+03 2.430889163661535513e+00
1.875242858886718750e+03 6.042329864137409459e+03 2.434266317387496770e+00
1.875263732910156250e+03 6.042632160886467318e+03 2.429564249034288803e+00
1.875284545898437500e+03 6.047135369010294198e+03 2.430950364033333866e+00
1.875305358886718750e+03 6.046868903186086754e+03 2.431030981402302338e+00
1.875326232910156250e+03 6.040475567668238909e+03 2.430173377613966235e+00
1.875347045898437500e+03 6.038129368120321487e+03 2.429817711386017987e+00
1.875367858886718750e+03 6.043105652561193892e+03 2.431153079260909955e+00
1.875388732910156250e+03 6.045383267146193248e+03 2.431427262225654307e+00
1.875409545898437500e+03 6.041721273657427446e+03 2.430922706363817021e+00
1.875430358886718750e+03 6.048084473204704409e+03 2.431984946756455379e+00
1.875451232910156250e+03 6.043655768603784963e+03 2.431722592117499193e+00
1.875472045898437500e+03 6.040186407321298248e+03 2.432537112761521403e+00
1.875492858886718750e+03 6.044039177768083391e+03 2.430281391727067586e+00
1.875513732910156250e+03 6.040118215682588925e+03 2.431998965658419554e+00
1.875534545898437500e+03 6.045868597067610608e+03 2.432937362102908896e+00
1.875555358886718750e+03 6.042490284626164794e+03 2.432463896464854169e+00
1.875576232910156250e+03 6.045605316749813937e+03 2.432263839094165547e+00
1.875597045898437500e+03 6.042025465726980656e+03 2.430210069594980649e+00
1.875617858886718750e+03 6.034480106115235685e+03 2.431322829227055671e+00
1.875638732910156250e+03 6.041681615320765559e+03 2.431168083634903443e+00
1.875659545898437500e+03 6.038226553267969393e+03 2.433744912634471014e+00
1.875680358886718750e+03 6.038688954325723898e+03 2.431533063478233281e+00
1.875701232910156250e+03 6.036889840213478237e+03 2.432842695946746847e+00
1.875722045898437500e+03 6.032592367969580664e+03 2.429178264278341270e+00
1.875742858886718750e+03 6.031866917064210611e+03 2.430761069434522970e+00
1.875763732910156250e+03 6.033323124130170072e+03 2.429901408012500763e+00
1.875784545898437500e+03 6.036909482241714613e+03 2.430331423885544240e+00
1.875805358886718750e+03 6.034011789079604569e+03 2.429208788062182212e+00
1.875826232910156250e+03 6.031270176420689495e+03 2.431414808948701101e+00
1.875847045898437500e+03 6.036356108797350316e+03 2.429284850485044167e+00
1.875867858886718750e+03 6.035389190131699252e+03 2.434476101579178930e+00
1.875888732910156250e+03 6.035974480776810196e+03 2.429823893064300133e+00
1.875909545898437500e+03 6.034253322462196593e+03 2.429552571269804950e+00
1.875930358886718750e+03 6.032892412277853509e+03 2.431565322629209103e+00
1.875951232910156250e+03 6.039089891785893997e+03 2.431709061850701126e+00
1.875972045898437500e+03 6.029716455818326722e+03 2.431802301508958486e+00
1.875992858886718750e+03 6.037932881802336851e+03 2.432411947822805232e+00
1.876013732910156250e+03 6.025799194667200936e+03 2.430719089153404511e+00
1.876034545898437500e+03 6.031307197540992092e+03 2.435186412968370906e+00
1.876055358886718750e+03 6.030818099856000117e+03 2.430366740083169219e+00
1.876076232910156250e+03 6.031868258232787412e+03 2.430456401679546463e+00
1.876097045898437500e+03 6.024657445101969643e+03 2.429268853037751974e+00
1.876117858886718750e+03 6.027313115817304606e+03 2.430408039763301442e+00
1.876138732910156250e+03 6.030733089004205794e+03 2.429310760237542777e+00
1.876159545898437500e+03 6.020040927250635832e+03 2.428995113520224347e+00
1.876180358886718750e+03 6.025619168711953535e+03 2.430311214941606401e+00
1.876201232910156250e+03 6.023433833995891291e+03 2.431403630362308554e+00
1.876222045898437500e+03 6.026773977876027857e+03 2.430733703866247986e+00
1.876242858886718750e+03 6.021199518892317428e+03 2.431185931854617177e+00
1.876263732910156250e+03 6.030307408925744312e+03 2.429426173050738047e+00
1.876284545898437500e+03 6.019860379830701277e+03 2.429604286657828016e+00
1.876305358886718750e+03 6.023004141654837440e+03 2.428766990048543573e+00
1.876326232910156250e+03 6.023078139788588487e+03 2.430894165672818463e+00
1.876347045898437500e+03 6.023643934145559797e+03 2.431964849588202693e+00
1.876367858886718750e+03 6.018703974764549457e+03 2.428614830382588075e+00
1.876388732910156250e+03 6.015213755201449203e+03 2.429003456700622898e+00
1.876409545898437500e+03 6.029484249839047152e+03 2.430602266377478671e+00
1.876430358886718750e+03 6.018599405094580106e+03 2.428475129598432591e+00
1.876451232910156250e+03 6.019675554925741380e+03 2.429682691759460500e+00
1.876472045898437500e+03 6.014338303800486756e+03 2.427990876056552949e+00
1.876492858886718750e+03 6.020965345786849866e+03 2.429106517153928113e+00
1.876513732910156250e+03 6.025955820436776776e+03 2.431257029231483902e+00
1.876534545898437500e+03 6.023097708650159802e+03 2.429380636677288763e+00
1.876555358886718750e+03 6.020316839430401160e+03 2.428875459345183785e+00
1.876576232910156250e+03 6.013668272820585116e+03 2.431057166760806965e+00
1.876597045898437500e+03 6.023303349906803305e+03 2.429189158663214165e+00
1.876617858886718750e+03 6.016832746680020136e+03 2.428580568600933631e+00
1.876638732910156250e+03 6.017515294721569262e+03 2.428823433952215005e+00
1.876659545898437500e+03 6.023007982348541191e+03 2.428868980772086683e+00
1.876680358886718750e+03 6.024089146278798580e+03 2.428880661823190845e+00
1.876701232910156250e+03 6.024507326119842219e+03 2.430945362137686860e+00
1.876742858886718750e+03 6.041329983079694102e+03 2.436613361786232446e+00
1.876763732910156250e+03 6.042606597139878431e+03 2.431659744371370557e+00
1.876784545898437500e+03 6.040230584943954455e+03 2.429716349243417728e+00
1.876805358886718750e+03 6.032026819626355064e+03 2.434769886587799359e+00
1.876826232910156250e+03 6.029561262534432899e+03 2.429352077869634918e+00
1.876847045898437500e+03 6.038588512538234681e+03 2.434328118437223409e+00
1.876867858886718750e+03 6.025252046433412943e+03 2.428545717295615081e+00
1.876888732910156250e+03 6.030480314784206712e+03 2.429970776888475736e+00
1.876909545898437500e+03 6.025886339362793478e+03 2.430516435823034893e+00
1.876930358886718750e+03 6.020038554622959964e+03 2.429742548769725730e+00
1.876951232910156250e+03 6.029519463872875349e+03 2.429171099476071127e+00
1.876972045898437500e+03 6.025158929434493075e+03 2.433986185189806140e+00
1.876992858886718750e+03 6.022087733811456019e+03 2.430473568456932298e+00
1.877013732910156250e+03 6.021612704348287480e+03 2.431180734309651648e+00
1.877034545898437500e+03 6.026474393064662763e+03 2.432182772456719544e+00
1.877055358886718750e+03 6.025089559641090091e+03 2.429102198517947730e+00
1.877076232910156250e+03 6.023046033449175411e+03 2.429344422874445186e+00
1.877097045898437500e+03 6.026624364604858783e+03 2.433413478977210165e+00
1.877117858886718750e+03 6.028378062164140829e+03 2.429426467464168571e+00
1.877138732910156250e+03 6.030864821102876704e+03 2.429611450182650678e+00
1.877159545898437500e+03 6.015831891315776375e+03 2.429007775512160627e+00
1.877180358886718750e+03 6.022040136211787285e+03 2.429472689930253892e+00
1.877201232910156250e+03 6.028888590620547802e+03 2.430128345789180244e+00
1.877222045898437500e+03 6.025237075444770198e+03 2.430209186639375574e+00
1.877242858886718750e+03 6.024246529457788711e+03 2.432427630548634756e+00
1.877263732910156250e+03 6.022173419352246128e+03 2.428950059850863319e+00
1.877284545898437500e+03 6.020178851199797464e+03 2.428959875536302881e+00
1.877305358886718750e+03 6.014271079225959511e+03 2.429191808641335992e+00
1.877326232910156250e+03 6.030154409393591777e+03 2.430724189600083296e+00
1.877347045898437500e+03 6.022386353623897776e+03 2.428905201663542179e+00
1.877367858886718750e+03 6.014295188459357632e+03 2.433166466395618066e+00
1.877388732910156250e+03 6.015268324832665712e+03 2.434241537762072749e+00
1.877409545898437500e+03 6.024226666696248685e+03 2.430100188211105738e+00
1.877430358886718750e+03 6.025442653974485438e+03 2.430266872398058275e+00
1.877451232910156250e+03 6.026723178637019373e+03 2.430130504196335917e+00
1.877472045898437500e+03 6.024869515304700144e+03 2.430654744137672463e+00
1.877492858886718750e+03 6.019700387552817119e+03 2.428956047423699527e+00
1.877513732910156250e+03 6.019431424684811645e+03 2.432786247293072357e+00
1.877534545898437500e+03 6.019411826613578341e+03 2.429074323500990840e+00
1.877555358886718750e+03 6.025840013996918969e+03 2.428926698359969105e+00
1.877576232910156250e+03 6.020562882774052014e+03 2.429656982230217643e+00
1.877597045898437500e+03 6.022043121327350491e+03 2.430406568290317981e+00
1.877617858886718750e+03 6.024135670914844013e+03 2.429668659492869143e+00
1.877638732910156250e+03 6.023905953680747189e+03 2.429821734384782328e+00
1.877659545898437500e+03 6.020583406577745336e+03 2.432739499760269819e+00
1.877680358886718750e+03 6.021068505082641423e+03 2.429541384115052605e+00
1.877701232910156250e+03 6.025052559962969099e+03 2.430695058058701896e+00
1.877722045898437500e+03 6.019971067216398296e+03 2.432278640570602057e+00
1.877742858886718750e+03 6.016519711398424988e+03 2.428649877034507298e+00
1.877763732910156250e+03 6.022430125797883193e+03 2.429283869049593036e+00
1.877784545898437500e+03 6.018529167140132813e+03 2.430499073159441803e+00
1.877805358886718750e+03 6.015828150957772777e+03 2.430173377613966235e+00
1.877826232910156250e+03 6.023081061484748716e+03 2.431559047326378398e+00
1.877847045898437500e+03 6.024519748428608182e+03 2.430828550236176167e+00
1.877867858886718750e+03 6.019099844242330619e+03 2.430704376266481503e+00
1.877888732910156250e+03 6.016571735010784323e+03 2.430328088440356638e+00
1.877909545898437500e+03 6.017184878535416829e+03 2.428794377776060553e+00
1.877930358886718750e+03 6.023143180216912697e+03 2.429699373369551996e+00
1.877951232910156250e+03 6.019146696259736018e+03 2.430335249831740096e+00
1.877972045898437500e+03 6.016208416876629599e+03 2.429051159511149915e+00
1.877992858886718750e+03 6.022589484883957994e+03 2.429981471489489842e+00
1.878013732910156250e+03 6.020681788673324263e+03 2.432162480868312660e+00
1.878034545898437500e+03 6.018894799812394922e+03 2.429749025013580255e+00
1.878055358886718750e+03 6.024547577846895365e+03 2.431496587570089574e+00
1.878076232910156250e+03 6.027657803583288114e+03 2.429215658314347603e+00
1.878097045898437500e+03 6.025608017554412072e+03 2.429304380968063448e+00
1.878117858886718750e+03 6.016108720040218941e+03 2.428658712245086893e+00
1.878138732910156250e+03 6.027347564064983999e+03 2.432827015896552147e+00
1.878159545898437500e+03 6.028166181648810380e+03 2.430635911127908777e+00
1.878180358886718750e+03 6.025342305851476340e+03 2.432212376306195800e+00
1.878201232910156250e+03 6.027704775354013691e+03 2.430693390586173397e+00
1.878222045898437500e+03 6.025963870536176728e+03 2.429256683129993544e+00
1.878242858886718750e+03 6.024654441761069393e+03 2.429765215547697199e+00
1.878263732910156250e+03 6.019433419581462658e+03 2.429570235093482022e+00
1.878284545898437500e+03 6.022000760784359045e+03 2.432876603709726471e+00
1.878305358886718750e+03 6.024348993876525128e+03 2.430071834083291193e+00
1.878326232910156250e+03 6.025668597418093668e+03 2.429598300682531242e+00
1.878347045898437500e+03 6.030463550176285025e+03 2.430368407779812223e+00
1.878367858886718750e+03 6.027651073013736095e+03 2.430054664467909742e+00
1.878388671875000000e+03 6.022621546245220998e+03 2.430090671464607333e+00
1.878409484863281250e+03 6.021333468934059056e+03 2.429822911846575284e+00
1.878430358886718750e+03 6.014853704514363017e+03 2.435982256093412790e+00
1.878451171875000000e+03 6.022469520281345467e+03 2.432824859881747237e+00
1.878471984863281250e+03 6.019913092648242127e+03 2.430915840936109351e+00
1.878492858886718750e+03 6.022046989501886856e+03 2.429408802595181438e+00
1.878513671875000000e+03 6.024854026136205903e+03 2.429394965024758157e+00
1.878534484863281250e+03 6.023509363748946271e+03 2.434835199971301378e+00
1.878555358886718750e+03 6.024802583877215511e+03 2.430135017223284954e+00
1.878576171875000000e+03 6.027607360497758236e+03 2.429162953168365391e+00
1.878596984863281250e+03 6.019321057238810681e+03 2.432033767478318786e+00
1.878617858886718750e+03 6.023714443766561999e+03 2.431241240890140265e+00
1.878638671875000000e+03 6.026043994792977173e+03 2.429485055026862295e+00
1.878659484863281250e+03 6.024621845604160626e+03 2.432052099504319553e+00
1.878680358886718750e+03 6.023518381925550784e+03 2.430252745400086400e+00
1.878701171875000000e+03 6.023905262857556409e+03 2.431533357636558534e+00
1.878721984863281250e+03 6.022715715945178999e+03 2.429619987506566048e+00
1.878742858886718750e+03 6.024169884260877552e+03 2.429980980912491706e+00
1.878763671875000000e+03 6.019438383532610715e+03 2.430025328672922313e+00
1.878784484863281250e+03 6.021401631509654180e+03 2.429863730169324221e+00
1.878805358886718750e+03 6.020938050746784938e+03 2.428981568060427865e+00
1.878826171875000000e+03 6.025582094859527388e+03 2.430070166183117220e+00
1.878846984863281250e+03 6.016820545720417613e+03 2.429663164317435786e+00
1.878867858886718750e+03 6.021551891884017095e+03 2.430382534105476999e+00
1.878888671875000000e+03 6.021935521904114466e+03 2.430423735419691589e+00
1.878909484863281250e+03 6.018018538782850555e+03 2.431246046048359588e+00
1.878930358886718750e+03 6.029978131696173477e+03 2.430946146749449532e+00
1.878951171875000000e+03 6.027624745911388345e+03 2.429879429341648578e+00
1.878971984863281250e+03 6.024361862748234671e+03 2.430834729343868350e+00
1.878992858886718750e+03 6.030879935019083860e+03 2.435084099384544842e+00
1.879013671875000000e+03 6.026196023167102794e+03 2.432914038899156584e+00
1.879034484863281250e+03 6.027133949793290412e+03 2.430200847598397385e+00
1.879055358886718750e+03 6.023987575551727787e+03 2.432889245500415853e+00
1.879076171875000000e+03 6.027408705825060679e+03 2.431770339631333933e+00
1.879096984863281250e+03 6.026235456311747839e+03 2.432240705480391174e+00
1.879117858886718750e+03 6.027942853910148187e+03 2.431043142427846693e+00
1.879138671875000000e+03 6.030238370717699581e+03 2.432393520490751193e+00
1.879159484863281250e+03 6.024094919599915556e+03 2.430662198830392473e+00
1.879180358886718750e+03 6.027492850933051159e+03 2.430979002139671774e+00
1.879201171875000000e+03 6.025098360511919964e+03 2.431165435810927811e+00
1.879221984863281250e+03 6.018670069572079228e+03 2.431229375050590669e+00
1.879242858886718750e+03 6.029611393850676905e+03 2.430775389644951101e+00
1.879263671875000000e+03 6.025127975034532028e+03 2.430755380560390755e+00
1.879284484863281250e+03 6.026804961862824712e+03 2.432024944528848209e+00
1.879305358886718750e+03 6.028678187006898042e+03 2.436107922673600878e+00
1.879326171875000000e+03 6.033343014136089550e+03 2.431022841327022732e+00
1.879346984863281250e+03 6.026755781640875284e+03 2.434501662282950285e+00
1.879367858886718750e+03 6.025891308672221385e+03 2.430069675624024317e+00
1.879388671875000000e+03 6.029239467456833154e+03 2.433603742894310695e+00
1.879409484863281250e+03 6.028271345229823055e+03 2.433958072241676707e+00
1.879430358886718750e+03 6.033427492049516331e+03 2.433135502320030508e+00
1.879451171875000000e+03 6.032187044319023698e+03 2.432918742756568165e+00
1.879471984863281250e+03 6.027104747105035131e+03 2.431108457862960481e+00
1.879492858886718750e+03 6.029764091323121647e+03 2.431285859851122222e+00
1.879513671875000000e+03 6.036183336747049907e+03 2.436746138369544568e+00
1.879534484863281250e+03 6.038912109411340680e+03 2.434014591671689764e+00
1.879555358886718750e+03 6.030629338338460002e+03 2.432273151291835855e+00
1.879576171875000000e+03 6.037352575144171169e+03 2.431037650359327618e+00
1.879596984863281250e+03 6.030871285271501620e+03 2.430281391727067586e+00
1.879617858886718750e+03 6.034299753392523598e+03 2.432711078389287351e+00
1.879638671875000000e+03 6.030309286818591318e+03 2.430290711520924685e+00
1.879659484863281250e+03 6.035579482081482638e+03 2.431226531163087401e+00
1.879680358886718750e+03 6.027389697920807521e+03 2.431713375856985770e+00
1.879701171875000000e+03 6.025014440999794715e+03 2.433906057533735900e+00
1.879721984863281250e+03 6.031496987098786121e+03 2.430751849528370645e+00
1.879742858886718750e+03 6.029911538726622894e+03 2.431390784730272259e+00
1.879763671875000000e+03 6.029992540104929503e+03 2.431374114724921043e+00
1.879784484863281250e+03 6.035960546096336657e+03 2.432722348972681914e+00
1.879805358886718750e+03 6.033188867546490656e+03 2.434332819562211370e+00
1.879826171875000000e+03 6.029785829098797876e+03 2.433007722346118840e+00
1.879846984863281250e+03 6.029841947939123202e+03 2.430615214266589330e+00
1.879867858886718750e+03 6.028699081839331484e+03 2.431139741961841239e+00
1.879888671875000000e+03 6.026277377872147554e+03 2.430369388777303019e+00
1.879909484863281250e+03 6.032205711316703855e+03 2.439395461000312348e+00
1.879930358886718750e+03 6.030734780462722483e+03 2.431900537533718154e+00
1.879951171875000000e+03 6.025794878937966132e+03 2.432006612298157844e+00
1.879971984863281250e+03 6.029347171397913371e+03 2.433887249682088250e+00
1.879992858886718750e+03 6.024760039147979114e+03 2.431272229090568615e+00
1.880013671875000000e+03 6.026838689938828793e+03 2.432210905924824917e+00
1.880034484863281250e+03 6.027777869637060576e+03 2.434294916483514370e+00
1.880055358886718750e+03 6.029555878464651869e+03 2.432661291187411035e+00
1.880076171875000000e+03 6.020881019685149113e+03 2.432111015935631393e+00
1.880096984863281250e+03 6.034841336320609116e+03 2.433768031950355404e+00
1.880117858886718750e+03 6.033263185757210522e+03 2.430994497960657696e+00
1.880138671875000000e+03 6.029734648386114714e+03 2.435182300926383991e+00
1.880159484863281250e+03 6.033169332313920677e+03 2.434990887477986199e+00
1.880180358886718750e+03 6.034543511078942174e+03 2.431476584420404485e+00
1.880201171875000000e+03 6.037019742283744563e+03 2.432287658644538553e+00
1.880221984863281250e+03 6.034574463319091592e+03 2.432147482628942203e+00
1.880242858886718750e+03 6.034201838135380967e+03 2.434764892538845871e+00
1.880263671875000000e+03 6.036137954999442627e+03 2.436377046579232708e+00
1.880284484863281250e+03 6.036622242439175352e+03 2.433025851048467025e+00
1.880305358886718750e+03 6.031917100545190806e+03 2.432482225249254615e+00
1.880326171875000000e+03 6.036638132316868905e+03 2.433355083978020694e+00
1.880346984863281250e+03 6.031776789409655066e+03 2.432298441080356532e+00
1.880367858886718750e+03 6.034222273844838128e+03 2.432686576940896739e+00
1.880388671875000000e+03 6.032146597858853056e+03 2.437048943674198220e+00
1.880409484863281250e+03 6.037140866707778514e+03 2.432141110799909356e+00
1.880430358886718750e+03 6.033397356010691510e+03 2.431780830232572743e+00
1.880451171875000000e+03 6.035817737866020252e+03 2.434873388394350524e+00
1.880471984863281250e+03 6.036368583849955030e+03 2.432552108598573071e+00
1.880492858886718750e+03 6.033767942471771676e+03 2.432527311510877421e+00
1.880513671875000000e+03 6.035180418969729544e+03 2.432432629396241719e+00
1.880534484863281250e+03 6.034409216030187963e+03 2.432961273054476958e+00
1.880555358886718750e+03 6.030092645797615660e+03 2.433430918822666822e+00
1.880576171875000000e+03 6.032560986724250142e+03 2.432747830099185382e+00
1.880596984863281250e+03 6.033487448503399719e+03 2.432476736429909803e+00
1.880617858886718750e+03 6.035313141483879917e+03 2.433168132173325393e+00
1.880638671875000000e+03 6.035870126085163065e+03 2.432548286139083693e+00
1.880659484863281250e+03 6.035776495794912080e+03 2.433320986921089446e+00
1.880680358886718750e+03 6.032929090528093184e+03 2.432037786811354518e+00
1.880701171875000000e+03 6.037380223704760283e+03 2.433183908011537611e+00
1.880721984863281250e+03 6.035940840918127833e+03 2.431792497296684896e+00
1.880742858886718750e+03 6.030080600659513948e+03 2.432026415022649157e+00
1.880763671875000000e+03 6.040338954061327058e+03 2.435669431684918784e+00
1.880784484863281250e+03 6.037309054921255665e+03 2.432430963114847522e+00
1.880805358886718750e+03 6.038948130150993165e+03 2.432262662814028698e+00
1.880826171875000000e+03 6.044044679316220027e+03 2.433098070537994762e+00
1.880846984863281250e+03 6.034715357204531756e+03 2.431710728626763629e+00
1.880867858886718750e+03 6.039153608738205548e+03 2.433457568232731738e+00
1.880888671875000000e+03 6.041608160764966669e+03 2.433293552160595397e+00
1.880909484863281250e+03 6.038986901317909542e+03 2.431772006365395811e+00
1.880930358886718750e+03 6.033922474319511821e+03 2.432968132710318976e+00
1.880951171875000000e+03 6.038780204568102818e+03 2.432454388966139636e+00
1.880971984863281250e+03 6.036645691724193057e+03 2.435424801628247149e+00
1.880992858886718750e+03 6.032811092980053218e+03 2.432516530089556372e+00
1.881013671875000000e+03 6.037613657281934138e+03 2.433205856833682734e+00
1.881034484863281250e+03 6.037378952741069043e+03 2.432490360440858090e+00
1.881055358886718750e+03 6.041081701986945518e+03 2.433032710522238684e+00
1.881076171875000000e+03 6.039904801524920913e+03 2.433393197651423812e+00
1.881096984863281250e+03 6.045760899519026680e+03 2.435501061492732600e+00
1.881117858886718750e+03 6.041510825248651599e+03 2.432623166046698149e+00
1.881138671875000000e+03 6.043922211027150297e+03 2.433521251302727340e+00
1.881159484863281250e+03 6.038122991743796774e+03 2.435713284336071371e+00
1.881180358886718750e+03 6.040883813474479211e+03 2.434561988397071275e+00
1.881201171875000000e+03 6.035377247970704047e+03 2.433472166499081268e+00
1.881221984863281250e+03 6.040216592433664118e+03 2.432646001999658303e+00
1.881242858886718750e+03 6.041214191148868849e+03 2.433931330355528111e+00
1.881263671875000000e+03 6.041465074575844483e+03 2.434936740688008694e+00
1.881284484863281250e+03 6.039491683840617043e+03 2.433583463154171511e+00
1.881305358886718750e+03 6.035311192369575110e+03 2.436987407290200913e+00
1.881326171875000000e+03 6.039466628532779396e+03 2.435435765966268651e+00
1.881346984863281250e+03 6.041222515939284676e+03 2.435318973649646779e+00
1.881367858886718750e+03 6.035557712159358744e+03 2.434723568838757402e+00
1.881388671875000000e+03 6.041663210470248487e+03 2.436396128782015946e+00
1.881409484863281250e+03 6.038087193463036783e+03 2.433503126290928797e+00
1.881430358886718750e+03 6.041477983476443114e+03 2.438217448750742200e+00
1.881451171875000000e+03 6.036297695493683023e+03 2.433668401806953874e+00
1.881471984863281250e+03 6.036434928771178420e+03 2.432722348972681914e+00
1.881492858886718750e+03 6.043012282490879443e+03 2.433560635998123001e+00
1.881513671875000000e+03 6.039743211399269057e+03 2.435237127581975525e+00
1.881534484863281250e+03 6.044272657394978523e+03 2.433831706896830038e+00
1.881555358886718750e+03 6.040769252428055552e+03 2.434189822948639392e+00
1.881576171875000000e+03 6.038987133517498478e+03 2.434532902778665076e+00
1.881596984863281250e+03 6.042173148920130188e+03 2.433459723686965059e+00
1.881617858886718750e+03 6.038732483046936977e+03 2.434441334673931756e+00
1.881638671875000000e+03 6.039150415709095796e+03 2.434709565624884053e+00
1.881659484863281250e+03 6.045608088816020427e+03 2.438162102396195241e+00
1.881680358886718750e+03 6.041686718464045953e+03 2.433606877911521416e+00
1.881701171875000000e+03 6.039994064710464045e+03 2.437858848566390346e+00
1.881721984863281250e+03 6.039171024835126445e+03 2.433549663211719061e+00
1.881742858886718750e+03 6.040373880891342196e+03 2.434169548091295265e+00
1.881763671875000000e+03 6.037296056259198849e+03 2.433384183674593082e+00
1.881784484863281250e+03 6.041391678500805028e+03 2.433431898585557640e+00
1.881805358886718750e+03 6.038271453061339344e+03 2.432342256486872412e+00
1.881826171875000000e+03 6.041457795249484661e+03 2.434270137149214364e+00
1.881846984863281250e+03 6.037363118788724023e+03 2.433200075689913700e+00
1.881867858886718750e+03 6.040603618333991108e+03 2.433917322583618148e+00
1.881888671875000000e+03 6.035595623362419246e+03 2.436930858972731428e+00
1.881909484863281250e+03 6.037039193697966766e+03 2.433646946994564964e+00
1.881930358886718750e+03 6.036572625094368959e+03 2.432917076808108536e+00
1.881951171875000000e+03 6.040820993482065205e+03 2.438667995652048059e+00
1.881971984863281250e+03 6.033720214843750000e+03 2.436854839530178118e+00
1.881992858886718750e+03 6.037293675539684045e+03 2.435644176898078772e+00
1.882013671875000000e+03 6.040773647478652492e+03 2.434057200772923757e+00
1.882034484863281250e+03 6.042732654003844800e+03 2.434973458805386848e+00
1.882055358886718750e+03 6.041377042523090495e+03 2.435220973427792757e+00
1.882076171875000000e+03 6.037964960134651847e+03 2.434130173248214568e+00
1.882096984863281250e+03 6.033852938178779368e+03 2.433577291025802669e+00
1.882117858886718750e+03 6.039261461433869044e+03 2.433679569990603309e+00
1.882138671875000000e+03 6.038589631359446685e+03 2.433683880503918040e+00
1.882159484863281250e+03 6.040761149551654853e+03 2.435984115692866769e+00
1.882180358886718750e+03 6.035767185355931360e+03 2.435189937570262142e+00
1.882201171875000000e+03 6.035322611328525454e+03 2.434755589871326009e+00
1.882221984863281250e+03 6.035095312363806443e+03 2.434437711052418685e+00
1.882242858886718750e+03 6.030471718940131723e+03 2.432181792190639680e+00
1.882263671875000000e+03 6.029347307459011063e+03 2.433392511806534042e+00
1.882284484863281250e+03 6.033195411004686321e+03 2.433199879718698000e+00
1.882305358886718750e+03 6.031787735376650744e+03 2.433775673031893572e+00
1.882326171875000000e+03 6.035494836349925208e+03 2.441068140650187512e+00
1.882346984863281250e+03 6.035397293298648037e+03 2.433306681691711493e+00
1.882367858886718750e+03 6.031254729723325909e+03 2.434159557519770090e+00
1.882388671875000000e+03 6.037992142043940476e+03 2.435480601763471586e+00
1.882409484863281250e+03 6.026498780299025384e+03 2.432788599346459524e+00
1.882430358886718750e+03 6.036008041215729463e+03 2.438092477635824817e+00
1.882451171875000000e+03 6.035195929832225374e+03 2.434992062440189731e+00
1.882471984863281250e+03 6.031928361521247098e+03 2.435271295712640782e+00
1.882492858886718750e+03 6.033634620345179428e+03 2.434808761481396466e+00
1.882513671875000000e+03 6.024576459443028398e+03 2.437190989934362229e+00
1.882534484863281250e+03 6.033451386672061744e+03 2.433479024714781946e+00
1.882555358886718750e+03 6.033401419174486364e+03 2.434235563190138230e+00
1.882576171875000000e+03 6.030658327990910948e+03 2.433472852321520996e+00
1.882596984863281250e+03 6.033039713038190712e+03 2.434301576498737241e+00
1.882617858886718750e+03 6.028577621541222470e+03 2.435924999310201233e+00
1.882638671875000000e+03 6.032883436105935289e+03 2.435111513972149755e+00
1.882659484863281250e+03 6.031793324339550054e+03 2.434588429566816092e+00
1.882680358886718750e+03 6.031642475739038673e+03 2.434772726336557724e+00
1.882701171875000000e+03 6.024845310136041917e+03 2.433579446373995925e+00
1.882721984863281250e+03 6.034086797333752656e+03 2.433748243396910649e+00
1.882742858886718750e+03 6.032633146820756338e+03 2.437461363657383195e+00
1.882763671875000000e+03 6.031736690537985851e+03 2.433423276658581713e+00
1.882784484863281250e+03 6.031596490697874287e+03 2.438198576371712445e+00
1.882805358886718750e+03 6.023733248279576401e+03 2.433578956522301606e+00
1.882826171875000000e+03 6.030681641039861461e+03 2.436233289180809169e+00
1.882846984863281250e+03 6.029665347387749534e+03 2.435044543507063786e+00
1.882867858886718750e+03 6.024205618117180165e+03 2.433354398122388851e+00
1.882888671875000000e+03 6.025878563062378817e+03 2.435975992169017168e+00
1.882909484863281250e+03 6.028405298062635666e+03 2.434558364955140330e+00
1.882930358886718750e+03 6.028660243218395408e+03 2.434525949599568584e+00
1.882951171875000000e+03 6.029756380074330082e+03 2.433606192126851475e+00
1.882992858886718750e+03 6.036276385991212010e+03 2.434449659189411364e+00
1.883013671875000000e+03 6.041698155906223292e+03 2.435559502930625175e+00
1.883034484863281250e+03 6.038757675897026274e+03 2.435107989256747540e+00
1.883055358886718750e+03 6.036470110895985272e+03 2.436234267816690391e+00
1.883076171875000000e+03 6.038090135239574920e+03 2.434984425175731548e+00
1.883096984863281250e+03 6.041304186241038224e+03 2.433839543698185892e+00
1.883117858886718750e+03 6.042564741751315523e+03 2.434988929206386654e+00
1.883138671875000000e+03 6.044540133098287697e+03 2.439980247605216590e+00
1.883159484863281250e+03 6.043881268364661082e+03 2.434839704277997008e+00
1.883180358886718750e+03 6.036785107746401991e+03 2.434750302023418023e+00
1.883201171875000000e+03 6.046177840966925032e+03 2.435498712058873139e+00
1.883221984863281250e+03 6.036111778539333500e+03 2.436932522177268634e+00
1.883242797851562500e+03 6.040469562588013105e+03 2.437342907660702274e+00
1.883263610839843750e+03 6.042685487503649711e+03 2.435233113529426507e+00
1.883284484863281250e+03 6.037620434671086514e+03 2.435093400797076146e+00
1.883305297851562500e+03 6.040357511747501121e+03 2.435397880053171260e+00
1.883326110839843750e+03 6.040655582816499191e+03 2.436511988794495487e+00
1.883346984863281250e+03 6.041137842592834204e+03 2.436124756022215010e+00
1.883367797851562500e+03 6.038529038470999694e+03 2.435266302691936779e+00
1.883388610839843750e+03 6.039951415688487941e+03 2.435280302704491362e+00
1.883409484863281250e+03 6.040829536469090272e+03 2.435370664485696057e+00
1.883430297851562500e+03 6.041549954549406721e+03 2.435139613604144326e+00
1.883451110839843750e+03 6.040926927564348262e+03 2.435814103285421250e+00
1.883471984863281250e+03 6.041538918079386349e+03 2.435791492796667068e+00
1.883492797851562500e+03 6.041275431713091166e+03 2.434928222005646514e+00
1.883513610839843750e+03 6.040072375648808702e+03 2.434995391496687756e+00
1.883534484863281250e+03 6.040979101277865084e+03 2.436525296686415043e+00
1.883555297851562500e+03 6.048064280752690138e+03 2.438669657671835633e+00
1.883576110839843750e+03 6.041242040581769288e+03 2.438624391669414138e+00
1.883596984863281250e+03 6.038154616801552038e+03 2.435177307723207285e+00
1.883617797851562500e+03 6.034271773856759864e+03 2.434467287481168363e+00
1.883638610839843750e+03 6.042585740462969625e+03 2.438014734156384034e+00
1.883659484863281250e+03 6.038666548791641617e+03 2.434858308934756632e+00
1.883680297851562500e+03 6.040613090674132764e+03 2.436090208384626088e+00
1.883701110839843750e+03 6.044790130749350283e+03 2.435056488666500485e+00
1.883721984863281250e+03 6.040758144092103976e+03 2.437230804446026244e+00
1.883742797851562500e+03 6.043162332141307161e+03 2.437343396755926150e+00
1.883763610839843750e+03 6.040508588822502134e+03 2.438412911069785416e+00
1.886221984863281250e+03 6.095785551902796215e+03 2.465997924451116763e+00
1.886242797851562500e+03 6.094589993861319272e+03 2.468088665035716112e+00
1.886263610839843750e+03 6.085680632092924498e+03 2.465533031687179744e+00
1.886284484863281250e+03 6.091760524917653129e+03 2.466045878451511353e+00
1.886305297851562500e+03 6.084994620969083371e+03 2.463546290537800942e+00
1.886326110839843750e+03 6.085059334319413210e+03 2.462978134597200608e+00
1.886346984863281250e+03 6.070882099556114554e+03 2.461429801018960362e+00
1.886367797851562500e+03 6.083908309666940113e+03 2.461028857276247983e+00
1.886388610839843750e+03 6.076619915346159360e+03 2.460170275059756495e+00
1.886409484863281250e+03 6.071202270832659451e+03 2.460149051368626161e+00
1.886430297851562500e+03 6.080624166666430028e+03 2.461045520167728817e+00
1.886451110839843750e+03 6.077641392303435168e+03 2.457547617205518176e+00
1.886471984863281250e+03 6.079097019080306382e+03 2.458820607228989097e+00
1.886492797851562500e+03 6.069307387772115362e+03 2.460819689640400210e+00
1.886513610839843750e+03 6.072688295055337221e+03 2.457916245935506172e+00
1.886534484863281250e+03 6.067140681792844589e+03 2.461775573442677612e+00
1.886555297851562500e+03 6.063453222434813142e+03 2.456399954763566207e+00
1.886576110839843750e+03 6.059462854443610922e+03 2.455499168350802730e+00
1.886596984863281250e+03 6.058039779891659236e+03 2.458780075688308919e+00
1.886617797851562500e+03 6.057899625135472888e+03 2.454952943898638384e+00
1.886638610839843750e+03 6.056832032342596904e+03 2.456987583760929628e+00
1.886659423828125000e+03 6.065993230642377966e+03 2.455024518358663421e+00
1.886680236816406250e+03 6.064312304686715834e+03 2.455441492786890390e+00
1.886701110839843750e+03 6.052044618634486142e+03 2.452808626997843966e+00
1.886721923828125000e+03 6.046372219875066548e+03 2.452865100869586090e+00
1.886742736816406250e+03 6.047358978525623570e+03 2.453084957500620167e+00
1.886763610839843750e+03 6.057854155608093606e+03 2.454535206538940528e+00
1.886784423828125000e+03 6.042218092740945394e+03 2.455300793682369864e+00
1.886805236816406250e+03 6.043839532049163608e+03 2.450890562169084852e+00
1.886826110839843750e+03 6.040772431601407334e+03 2.451213115937921572e+00
1.886846923828125000e+03 6.057326615055252660e+03 2.453235405059351226e+00
1.886867736816406250e+03 6.047457993389549301e+03 2.450466391877212935e+00
1.886888610839843750e+03 6.047998634035128816e+03 2.449691313156545203e+00
1.886909423828125000e+03 6.038346277146866669e+03 2.451462492109501401e+00
1.886930236816406250e+03 6.042481879232282154e+03 2.453110421495793503e+00
1.886951110839843750e+03 6.034280648252172796e+03 2.446874345216627056e+00
1.886971923828125000e+03 6.044767759232287062e+03 2.447379119506405409e+00
1.886992736816406250e+03 6.039698864463239261e+03 2.447960635392329998e+00
1.887013610839843750e+03 6.040716657130922613e+03 2.449379168889186165e+00
1.887034423828125000e+03 6.035464524467141018e+03 2.447013385313625999e+00
1.887055236816406250e+03 6.029310752542894079e+03 2.446028729442393246e+00
1.887076110839843750e+03 6.015728352411807464e+03 2.444420112382798660e+00
1.887096923828125000e+03 6.031918139851975866e+03 2.445813697419853217e+00
1.887117736816406250e+03 6.021693900170194865e+03 2.444679543961202572e+00
1.887138610839843750e+03 6.018600426225000774e+03 2.444393680026124560e+00
1.887159423828125000e+03 6.020384700375469038e+03 2.445366904534067576e+00
1.887180236816406250e+03 6.020891070400731223e+03 2.444674765207347722e+00
1.887201110839843750e+03 6.016580030422806885e+03 2.446079024322640461e+00
1.887221923828125000e+03 6.011246618475987816e+03 2.445479122249793136e+00
1.887242736816406250e+03 6.011028050175621502e+03 2.442984841211096825e+00
1.887263610839843750e+03 6.016753507038826683e+03 2.449883427084833976e+00
1.887284423828125000e+03 6.019877005048915635e+03 2.444352616646799703e+00
1.887305236816406250e+03 6.009894500579337546e+03 2.442559688467422774e+00
1.887326110839843750e+03 6.007974499511272370e+03 2.443666239129832274e+00
1.887346923828125000e+03 6.018869883916308027e+03 2.444441765244296683e+00
1.887367736816406250e+03 6.023816155581245766e+03 2.446356992102010519e+00
1.887388610839843750e+03 6.009238347336968218e+03 2.443003676615886910e+00
1.887409423828125000e+03 6.005130321377915607e+03 2.446013718754497468e+00
1.887430236816406250e+03 6.021169210792169906e+03 2.443011776771219612e+00
1.887451110839843750e+03 6.018194521624178378e+03 2.445667960074518810e+00
1.887471923828125000e+03 6.012778679353786174e+03 2.443148401850439466e+00
1.887492736816406250e+03 6.020087119502297355e+03 2.442466273782644137e+00
1.887513610839843750e+03 6.007004410462195665e+03 2.441532418614887234e+00
1.887534423828125000e+03 6.015037144879734115e+03 2.443830046842775605e+00
1.887555236816406250e+03 6.024481780848856943e+03 2.443102145357693988e+00
1.887576110839843750e+03 6.009843246641205951e+03 2.442228084331940163e+00
1.887596923828125000e+03 6.012450660162556233e+03 2.442564764189130155e+00
1.887617736816406250e+03 6.015640442532476300e+03 2.442349427188359012e+00
1.887638610839843750e+03 6.013864236958150286e+03 2.442669399794391794e+00
1.887659423828125000e+03 6.022666221806175599e+03 2.442210219186650377e+00
1.887680236816406250e+03 6.008317249846861159e+03 2.440382695594740525e+00
1.887701110839843750e+03 6.019547704322259051e+03 2.446199688830218211e+00
1.887721923828125000e+03 6.023022057684402171e+03 2.441271285331973573e+00
1.887742736816406250e+03 6.019230296254154382e+03 2.441638953753617614e+00
1.887763610839843750e+03 6.023637385967903356e+03 2.440805199451090868e+00
1.887784423828125000e+03 6.015664441972959139e+03 2.441141880217494897e+00
1.887805236816406250e+03 6.014993785463726454e+03 2.441307322214432585e+00
1.887826110839843750e+03 6.016046386054339564e+03 2.440567922474235374e+00
1.887846923828125000e+03 6.025341748291058138e+03 2.442570913607068128e+00
1.887867736816406250e+03 6.022397980234799434e+03 2.441972492928510263e+00
1.887888610839843750e+03 6.020915297034842297e+03 2.443307365272545439e+00
1.887909423828125000e+03 6.018812780362759440e+03 2.440825712227463029e+00
1.887930236816406250e+03 6.015733722998946178e+03 2.439951910576873217e+00
1.887951110839843750e+03 6.022212692484540639e+03 2.442715176462268545e+00
1.887971923828125000e+03 6.018699742223144312e+03 2.440492407094706273e+00
1.887992736816406250e+03 6.017301927107702795e+03 2.440659749153682334e+00
1.888013610839843750e+03 6.022820209284613156e+03 2.440829717082736217e+00
1.888034423828125000e+03 6.028484629234080785e+03 2.444234884796898211e+00
1.888055236816406250e+03 6.021301212112214671e+03 2.442810533631836201e+00
1.888076110839843750e+03 6.019710839743598626e+03 2.439738786035442253e+00
1.888096923828125000e+03 6.025835274643489356e+03 2.441593156907977402e+00
1.888117736816406250e+03 6.028219241052425787e+03 2.440618720638779049e+00
1.888138610839843750e+03 6.024955429282890691e+03 2.440230087782121249e+00
1.888159423828125000e+03 6.022565295170760692e+03 2.440982775773129720e+00
1.888180236816406250e+03 6.021207241930917917e+03 2.442378029252363358e+00
1.888201110839843750e+03 6.029328373073391049e+03 2.443151914966003702e+00
1.888221923828125000e+03 6.025320551726209487e+03 2.439555157618992887e+00
1.888242736816406250e+03 6.021999745372774669e+03 2.440922999047752118e+00
1.888263610839843750e+03 6.026838266799535631e+03 2.446270447315650465e+00
1.888284423828125000e+03 6.029824478596092376e+03 2.441180751304739438e+00
1.888305236816406250e+03 6.027505708738813155e+03 2.440384844932399488e+00
1.888326110839843750e+03 6.030356700616003764e+03 2.444194306474076761e+00
1.888346923828125000e+03 6.026378065315860113e+03 2.443242571117739459e+00
1.888367736816406250e+03 6.032242247390085140e+03 2.442028729237763596e+00
1.888388610839843750e+03 6.025029303512671504e+03 2.439376402260027721e+00
1.888409423828125000e+03 6.036876509436177002e+03 2.441771945267725563e+00
1.888430236816406250e+03 6.035467814889747387e+03 2.441177137687045917e+00
1.888451110839843750e+03 6.031550230184812790e+03 2.442040249710736521e+00
1.888471923828125000e+03 6.037822206225486298e+03 2.441978741471269920e+00
1.888492736816406250e+03 6.029918715436300772e+03 2.440281381485585044e+00
1.888513610839843750e+03 6.043851011561298037e+03 2.445170145491980751e+00
1.888534423828125000e+03 6.034126981361117942e+03 2.442216662368871027e+00
1.888555236816406250e+03 6.040238782660579091e+03 2.442290562500888829e+00
1.888576110839843750e+03 6.037850243306589618e+03 2.441673715817775037e+00
1.888596923828125000e+03 6.041204766647066208e+03 2.441617959570670848e+00
1.888617736816406250e+03 6.037193780661071287e+03 2.441102715506122678e+00
1.888638610839843750e+03 6.037900520704396513e+03 2.442317212858537978e+00
1.888659423828125000e+03 6.038058603011757441e+03 2.440147624787404990e+00
1.888680236816406250e+03 6.043456984771708449e+03 2.441434179527743886e+00
1.888701110839843750e+03 6.049215005240104801e+03 2.444243175957857339e+00
1.888721923828125000e+03 6.029764637300482718e+03 2.439725397948510732e+00
1.888742736816406250e+03 6.032655897185160029e+03 2.440469058399655999e+00
1.888763610839843750e+03 6.037996904936931969e+03 2.447677394995992017e+00
1.888784423828125000e+03 6.045417937563191117e+03 2.444700999475633019e+00
1.888805236816406250e+03 6.037404062604044157e+03 2.444881705950475936e+00
1.888826110839843750e+03 6.043540733833847298e+03 2.443822632317562249e+00
1.888846923828125000e+03 6.041655767232078688e+03 2.442916622648759972e+00
1.888867736816406250e+03 6.031743500037492595e+03 2.443148109090580888e+00
1.888888610839843750e+03 6.043427052273179470e+03 2.441208585748227300e+00
1.888909423828125000e+03 6.033269163442766512e+03 2.440041806222442933e+00
1.888930236816406250e+03 6.041004643040154406e+03 2.442367096079731237e+00
1.888951110839843750e+03 6.034799027022844712e+03 2.439133414704448555e+00
1.888971923828125000e+03 6.039356263911240603e+03 2.441243842254388507e+00
1.888992736816406250e+03 6.043093519999624732e+03 2.439858005175445044e+00
1.889013610839843750e+03 6.041613083073459165e+03 2.441670200575353000e+00
1.889034423828125000e+03 6.041950207663095171e+03 2.442818439228030325e+00
1.889055236816406250e+03 6.040371894916203928e+03 2.440596056972920813e+00
1.889076110839843750e+03 6.050429815950331431e+03 2.440544379120174412e+00
1.889096923828125000e+03 6.039858399300421297e+03 2.441765110344452872e+00
1.889117736816406250e+03 6.048405027448274268e+03 2.442002563893864941e+00
1.889138610839843750e+03 6.039126342955702057e+03 2.441716874770559098e+00
1.889159423828125000e+03 6.043790575746484137e+03 2.441873295170482017e+00
1.889180236816406250e+03 6.046870819719086285e+03 2.442239799110366150e+00
1.889201110839843750e+03 6.042629078453749571e+03 2.441182411613778136e+00
1.889221923828125000e+03 6.044789856068769950e+03 2.440314990489468983e+00
1.889242736816406250e+03 6.042739940705787376e+03 2.440618036824353965e+00
1.889263610839843750e+03 6.047160945407587860e+03 2.440463099073504338e+00
1.889284423828125000e+03 6.044511992955117421e+03 2.439589069814694255e+00
1.889305236816406250e+03 6.051603465413344566e+03 2.441360253472958597e+00
1.889326110839843750e+03 6.045377925950473582e+03 2.441597258153053396e+00
1.889346923828125000e+03 6.041315532805456314e+03 2.441947889135969163e+00
1.889367736816406250e+03 6.039811764450878400e+03 2.440035552719499901e+00
1.889388610839843750e+03 6.046701925663135626e+03 2.442249756627847379e+00
1.889409423828125000e+03 6.046112310059384981e+03 2.439421849779500828e+00
1.889430236816406250e+03 6.046862010308613208e+03 2.439353922528809449e+00
1.889451110839843750e+03 6.038634590008932719e+03 2.440133359579045091e+00
1.889471923828125000e+03 6.032457845589897261e+03 2.438947883371334502e+00
1.889492736816406250e+03 6.041969635830681000e+03 2.440641384094183852e+00
1.889513610839843750e+03 6.034058558838234603e+03 2.439549000599181117e+00
1.889534362792968750e+03 6.046277524185409675e+03 2.440098477862120863e+00
1.889555236816406250e+03 6.050289271330306292e+03 2.441641101985412732e+00
1.889576049804687500e+03 6.047739212501346628e+03 2.441545503841093812e+00
1.889596862792968750e+03 6.041739118989106828e+03 2.444646385068516281e+00
1.889617736816406250e+03 6.049301210614772572e+03 2.439628845189922401e+00
1.889638549804687500e+03 6.041148675364369410e+03 2.438507752072009094e+00
1.889659362792968750e+03 6.040900266975198974e+03 2.441664927702231314e+00
1.889680236816406250e+03 6.042721380656145811e+03 2.441119416744174764e+00
1.889701049804687500e+03 6.046561858517997280e+03 2.439258137004292060e+00
1.889721862792968750e+03 6.046560086288135608e+03 2.441072242777343249e+00
1.889742736816406250e+03 6.043138139401335138e+03 2.438942702367591142e+00
1.889763549804687500e+03 6.050922575751791555e+03 2.441330174595976565e+00
1.889784362792968750e+03 6.045241002530534388e+03 2.442149398613882028e+00
1.889805236816406250e+03 6.039187224099616287e+03 2.439295083295059285e+00
1.889826049804687500e+03 6.043872562637589908e+03 2.440403211922463012e+00
1.889846862792968750e+03 6.040847004784300225e+03 2.438829401816734688e+00
1.889867736816406250e+03 6.037353459505664432e+03 2.438695663245692646e+00
1.889888549804687500e+03 6.042967422302278464e+03 2.439145339839568383e+00
1.889909362792968750e+03 6.046849029208791762e+03 2.441904343720911807e+00
1.889930236816406250e+03 6.043921675929555931e+03 2.439090503285052947e+00
1.889951049804687500e+03 6.047581026951530475e+03 2.440107857868628383e+00
1.889971862792968750e+03 6.048751836227499552e+03 2.439165084607239464e+00
1.889992736816406250e+03 6.050292543731885416e+03 2.441412207023982539e+00
1.890013549804687500e+03 6.041062677356958375e+03 2.439074961149652054e+00
1.890034362792968750e+03 6.045488248137047776e+03 2.439462409753898164e+00
1.890055236816406250e+03 6.047249483688836335e+03 2.439109759755697660e+00
1.890076049804687500e+03 6.045547568086240972e+03 2.440602992858527109e+00
1.890096862792968750e+03 6.039257757439907436e+03 2.438066954578176571e+00
1.890117736816406250e+03 6.044592108715394716e+03 2.439315120070566500e+00
1.890138549804687500e+03 6.047170698826576881e+03 2.438871340252831033e+00
1.890159362792968750e+03 6.043894003721026820e+03 2.442831029569151102e+00
1.890180236816406250e+03 6.038633013878793463e+03 2.438585284295330613e+00
1.890201049804687500e+03 6.045738586332051455e+03 2.443182752096953347e+00
1.890221862792968750e+03 6.037857267100962417e+03 2.440046300917783739e+00
1.890242736816406250e+03 6.042351442457543271e+03 2.438438919381805459e+00
1.890263549804687500e+03 6.040236867991737199e+03 2.437993513178468685e+00
1.890284362792968750e+03 6.044663802667689197e+03 2.439537272899407583e+00
1.890305236816406250e+03 6.041172962762847419e+03 2.440721290632870133e+00
1.890326049804687500e+03 6.037963102237211388e+03 2.443777754447970629e+00
1.890346862792968750e+03 6.035859125957174911e+03 2.438625564880946950e+00
1.890367736816406250e+03 6.043401803633121744e+03 2.439107218301275193e+00
1.890388549804687500e+03 6.039236740975880821e+03 2.444047204406191831e+00
1.890409362792968750e+03 6.047640466555056264e+03 2.439377281897472383e+00
1.890430236816406250e+03 6.036378620185962973e+03 2.438952184573628390e+00
1.890451049804687500e+03 6.037100588286059974e+03 2.439442862862472250e+00
1.890471862792968750e+03 6.045192834273767403e+03 2.439531115834457253e+00
1.890492736816406250e+03 6.046167883879144028e+03 2.439483129287807639e+00
1.890513549804687500e+03 6.044811621753937288e+03 2.438650886558978659e+00
1.890534362792968750e+03 6.037298592359798931e+03 2.437681924926682786e+00
1.890555236816406250e+03 6.049838879253110463e+03 2.441812075645575675e+00
1.890576049804687500e+03 6.046704379972562492e+03 2.441941738149099983e+00
1.890596862792968750e+03 6.050433096324754842e+03 2.439246212420621784e+00
1.890617736816406250e+03 6.044966882908388470e+03 2.439690803573480782e+00
1.890638549804687500e+03 6.041683910198753438e+03 2.438318946397864728e+00
1.890659362792968750e+03 6.048214499535892173e+03 2.438691361590963780e+00
1.890680236816406250e+03 6.049551274954721521e+03 2.440443560197164796e+00
1.890701049804687500e+03 6.046938537207862282e+03 2.443147621157405691e+00
1.890721862792968750e+03 6.050648025838785543e+03 2.442253563903213909e+00
1.890742736816406250e+03 6.042253412350876715e+03 2.437552231449098716e+00
1.890763549804687500e+03 6.045672038831835380e+03 2.440717187915867559e+00
1.890784362792968750e+03 6.051084416316970419e+03 2.439100473659391533e+00
1.890805236816406250e+03 6.038090022368734026e+03 2.439950249430517637e+00
1.890826049804687500e+03 6.048594681057044909e+03 2.441786298544323497e+00
1.890846862792968750e+03 6.048783365453405168e+03 2.439933735619946642e+00
1.890867736816406250e+03 6.040809677048220692e+03 2.444832556672046131e+00
1.890888549804687500e+03 6.043366716792413172e+03 2.438309461729262662e+00
1.890909362792968750e+03 6.056071754903058718e+03 2.440403700404354392e+00
1.890930236816406250e+03 6.051971332763377177e+03 2.438904479905531719e+00
1.890951049804687500e+03 6.045839460499221786e+03 2.438205714646242583e+00
1.890971862792968750e+03 6.046092806696814478e+03 2.440372241970950817e+00
1.890992736816406250e+03 6.050269420483634349e+03 2.438949838464226527e+00
1.891013549804687500e+03 6.042844483432545530e+03 2.443444266548354893e+00
1.891034362792968750e+03 6.054898854552019657e+03 2.440176448070361381e+00
1.891055236816406250e+03 6.049642872291750791e+03 2.439731163629991872e+00
1.891076049804687500e+03 6.049871521714308983e+03 2.439322939255386569e+00
1.891096862792968750e+03 6.031431918015149677e+03 2.442634847114462104e+00
1.891117736816406250e+03 6.040106298080337183e+03 2.438172076567027613e+00
1.891138549804687500e+03 6.044672847998664110e+03 2.442075982357465147e+00
1.891159362792968750e+03 6.051892183633513923e+03 2.438352582450949768e+00
1.891180236816406250e+03 6.043656484715223087e+03 2.437888579084273921e+00
1.891201049804687500e+03 6.041840637762690676e+03 2.438978187135046216e+00
1.891221862792968750e+03 6.037397850831971482e+03 2.441017156494558638e+00
1.891242736816406250e+03 6.040376247068586963e+03 2.439117188607287989e+00
1.891263549804687500e+03 6.048345706884441825e+03 2.439282865668242817e+00
1.891284362792968750e+03 6.045213876736715974e+03 2.439012302857197501e+00
1.891305236816406250e+03 6.044963075548073903e+03 2.437723198477427466e+00
1.891326049804687500e+03 6.049953538983991166e+03 2.438850420004225139e+00
1.891346862792968750e+03 6.044767175529848828e+03 2.438204247879209419e+00
1.891367736816406250e+03 6.039868399826666973e+03 2.438474411480328730e+00
1.891388549804687500e+03 6.051398300472508708e+03 2.440185534661861944e+00
1.891409362792968750e+03 6.061632550601674666e+03 2.440852866971027435e+00
1.891430236816406250e+03 6.059031619426197722e+03 2.439617899696794101e+00
1.891451049804687500e+03 6.060419211836198883e+03 2.439936667073769438e+00
1.891492736816406250e+03 6.051088144487315731e+03 2.439012302857197501e+00
1.891513549804687500e+03 6.055670894728480562e+03 2.439695103466000159e+00
1.891534362792968750e+03 6.051374827678614565e+03 2.438389053577223020e+00
1.891555236816406250e+03 6.050847748868233793e+03 2.441225286261985428e+00
1.891576049804687500e+03 6.045611049059709330e+03 2.442146567442781357e+00
1.891596862792968750e+03 6.046049818524898001e+03 2.442005199967330231e+00
1.891617736816406250e+03 6.055374514957124120e+03 2.440284507924077584e+00
1.891638549804687500e+03 6.049245891769646732e+03 2.438983465816670915e+00
1.891659362792968750e+03 6.050850538912925003e+03 2.438053361729622281e+00
1.891680236816406250e+03 6.052245835470040220e+03 2.439071637661304859e+00
1.891701049804687500e+03 6.059081118484726176e+03 2.445111056186896725e+00
1.891721862792968750e+03 6.048593291761339060e+03 2.439752369493814577e+00
1.891742736816406250e+03 6.053357846443146627e+03 2.440423044208644754e+00
1.891763549804687500e+03 6.059142624025202167e+03 2.439019243246555835e+00
1.891784362792968750e+03 6.056956000425192542e+03 2.438830379410867000e+00
1.891805236816406250e+03 6.057047203854726831e+03 2.446178441392321545e+00
1.891826049804687500e+03 6.055621044422982777e+03 2.439401618407656347e+00
1.891846862792968750e+03 6.056854814438681387e+03 2.444475609648120606e+00
1.891867736816406250e+03 6.052032700529553040e+03 2.438707101699763236e+00
1.891888549804687500e+03 6.057572860807717007e+03 2.438896659379116816e+00
1.891909362792968750e+03 6.057939925459158076e+03 2.438693805713899820e+00
1.891930236816406250e+03 6.064008495413948367e+03 2.441035714069099694e+00
1.891951049804687500e+03 6.064639499479879305e+03 2.440704098248851484e+00
1.891971862792968750e+03 6.061643822362855644e+03 2.442817658429544903e+00
1.891992675781250000e+03 6.053755189599422920e+03 2.439939696239019629e+00
1.892013488769531250e+03 6.063585725286067827e+03 2.440291835498599404e+00
1.892034362792968750e+03 6.057148350635687166e+03 2.441268160157208822e+00
1.892055175781250000e+03 6.058619335901358681e+03 2.438890207425945977e+00
1.892075988769531250e+03 6.056995312503563582e+03 2.438460332031988198e+00
1.892096862792968750e+03 6.060881426765005926e+03 2.439519192585131169e+00
1.892117675781250000e+03 6.067351648618924628e+03 2.440783709690941716e+00
1.892138488769531250e+03 6.051408928210456907e+03 2.438954823944007977e+00
1.892159362792968750e+03 6.060051029286266385e+03 2.440424216555492354e+00
1.892180175781250000e+03 6.058554461173324853e+03 2.440108541826025768e+00
1.892200988769531250e+03 6.061164363356493595e+03 2.442213733651787066e+00
1.892221862792968750e+03 6.061313174402752338e+03 2.440632592261468670e+00
1.892242675781250000e+03 6.062687361562637307e+03 2.442530405251613690e+00
1.892263488769531250e+03 6.057568254135254392e+03 2.438556148893970654e+00
1.892284362792968750e+03 6.065155024083534954e+03 2.440137854105746129e+00
1.892305175781250000e+03 6.059848885607051670e+03 2.439480099555626502e+00
1.892325988769531250e+03 6.063568705280108588e+03 2.439367312654525666e+00
1.892346862792968750e+03 6.065033153950310407e+03 2.440332869509315383e+00
1.892367675781250000e+03 6.065892430247297852e+03 2.440188856633104475e+00
1.892388488769531250e+03 6.062156467494490244e+03 2.441860211700814798e+00
1.892409362792968750e+03 6.064712117288971967e+03 2.439533754578481428e+00
1.892430175781250000e+03 6.057222384413214968e+03 2.444667840873964160e+00
1.892450988769531250e+03 6.067306581854712022e+03 2.441150181883583681e+00
1.892471862792968750e+03 6.066882520428857788e+03 2.441479686395533033e+00
1.892492675781250000e+03 6.057445379678964855e+03 2.440184557610636240e+00
1.892534362792968750e+03 6.068020273985061067e+03 2.443442607776237008e+00
1.892555175781250000e+03 6.064038193953345399e+03 2.441134262193185300e+00
1.892575988769531250e+03 6.055688245294543776e+03 2.441198819312969892e+00
1.892596862792968750e+03 6.058622364257308618e+03 2.439444035680374601e+00
1.892617675781250000e+03 6.065676937790674856e+03 2.440463782931342696e+00
1.892638488769531250e+03 6.057323298485202031e+03 2.440336191279993905e+00
1.892659362792968750e+03 6.071393427091174999e+03 2.440671471459831654e+00
1.892680175781250000e+03 6.065952688304324511e+03 2.440894575287354762e+00
1.892700988769531250e+03 6.074197359871871413e+03 2.442239799110366150e+00
1.892721862792968750e+03 6.072262355315283457e+03 2.441885695110612708e+00
1.892742675781250000e+03 6.070978491319392560e+03 2.440925147909651649e+00
1.892763488769531250e+03 6.072016010007718251e+03 2.440352409271908662e+00
1.892784362792968750e+03 6.066269966318502156e+03 2.443868875173242028e+00
1.892805175781250000e+03 6.065947912268644359e+03 2.441802018702838861e+00
1.892825988769531250e+03 6.069983579431231192e+03 2.440387971238342946e+00
1.892846862792968750e+03 6.067326471575181131e+03 2.440010538547458196e+00
1.892867675781250000e+03 6.064058156237447292e+03 2.444310187014782088e+00
1.892888488769531250e+03 6.068422740819733008e+03 2.441579095443987768e+00
1.892909362792968750e+03 6.066175869773364866e+03 2.441036495437564291e+00
1.892930175781250000e+03 6.076563623933543568e+03 2.442136511877512461e+00
1.892950988769531250e+03 6.065021745816785369e+03 2.440794259233203256e+00
1.892971862792968750e+03 6.067802786133082009e+03 2.441375781059872629e+00
1.892992675781250000e+03 6.068740520529785499e+03 2.441265327964122545e+00
1.893013488769531250e+03 6.075318972294320702e+03 2.441840391087106710e+00
1.893034362792968750e+03 6.062174523715445503e+03 2.446698950503418679e+00
1.893055175781250000e+03 6.067807587184135627e+03 2.441130355504830263e+00
1.893075988769531250e+03 6.070984288882574219e+03 2.441223137664279896e+00
1.893096862792968750e+03 6.080041453353120232e+03 2.445468202941494251e+00
1.893117675781250000e+03 6.073104786803214665e+03 2.441073414812406916e+00
1.893138488769531250e+03 6.070788775641485699e+03 2.440208006732087043e+00
1.893159362792968750e+03 6.072873971592991438e+03 2.443348153482674867e+00
1.893180175781250000e+03 6.066073165744732250e+03 2.440705563513573928e+00
1.893200988769531250e+03 6.069870478287112746e+03 2.442538214143489927e+00
1.893221862792968750e+03 6.073437207428021793e+03 2.441425097583498793e+00
1.893242675781250000e+03 6.075325017965306870e+03 2.441595793423459781e+00
1.893263488769531250e+03 6.074137744176829074e+03 2.441595598126114375e+00
1.893284362792968750e+03 6.064508607079862486e+03 2.441339256893341858e+00
1.893305175781250000e+03 6.062211976980057443e+03 2.441238666123323853e+00
1.893325988769531250e+03 6.076526083319799909e+03 2.441042160351451606e+00
1.893346862792968750e+03 6.062715610324438785e+03 2.443538424413598698e+00
1.893367675781250000e+03 6.070196090651093982e+03 2.443261404535657544e+00
1.893388488769531250e+03 6.070494191133367167e+03 2.441546675648974318e+00
1.893409362792968750e+03 6.061160532941773454e+03 2.439833380059964973e+00
1.893430175781250000e+03 6.066056765631368762e+03 2.440966561969424298e+00
1.893450988769531250e+03 6.076569552770540213e+03 2.440951617826053077e+00
1.893471862792968750e+03 6.065588303152326262e+03 2.440358173471989023e+00
1.893492675781250000e+03 6.066580169059384389e+03 2.440437600808748719e+00
1.893513488769531250e+03 6.069636665637647639e+03 2.441468260931221046e+00
1.893534362792968750e+03 6.077844089985505889e+03 2.441172840404988165e+00
1.893555175781250000e+03 6.066133083869422990e+03 2.442376369756096732e+00
1.893575988769531250e+03 6.066513722056545703e+03 2.439483129287807639e+00
1.893596862792968750e+03 6.060408318827057883e+03 2.442118646062330978e+00
1.893617675781250000e+03 6.068874526705952121e+03 2.440595861595575844e+00
1.893638488769531250e+03 6.075693361931472282e+03 2.441878762868379571e+00
1.893659362792968750e+03 6.071048259598182085e+03 2.441238666123323853e+00
1.893680175781250000e+03 6.074139159804860356e+03 2.443043981942420562e+00
1.893700988769531250e+03 6.079586027345445473e+03 2.441248139411463569e+00
1.893721862792968750e+03 6.078226306516036857e+03 2.442524450954782544e+00
1.893742675781250000e+03 6.075031104467181649e+03 2.441808462962175241e+00
1.893763488769531250e+03 6.077404250245638650e+03 2.440166188974774109e+00
1.893784362792968750e+03 6.066742963359653913e+03 2.444860447058445185e+00
1.893805175781250000e+03 6.066790586545543192e+03 2.441043137059413670e+00
1.893825988769531250e+03 6.073619775696137367e+03 2.440349380618952235e+00
1.893846862792968750e+03 6.068905643524110928e+03 2.440259203197538085e+00
1.893867675781250000e+03 6.076353914208418246e+03 2.441369530973870994e+00
1.893888488769531250e+03 6.079570715095372179e+03 2.441072926464532333e+00
1.893909362792968750e+03 6.067783781109155825e+03 2.442513908885449503e+00
1.893930175781250000e+03 6.071091395740140797e+03 2.440009072865362061e+00
1.893950988769531250e+03 6.078002144829328245e+03 2.444633023858159948e+00
1.893971862792968750e+03 6.077873839812709775e+03 2.445609565216266379e+00
1.893992675781250000e+03 6.071320443905847242e+03 2.441579778989249050e+00
1.894013488769531250e+03 6.073231775765137172e+03 2.441035714069099694e+00
1.894034362792968750e+03 6.070906797019747501e+03 2.442065926501551854e+00
1.894055175781250000e+03 6.069652095029090560e+03 2.441213859607019643e+00
1.894075988769531250e+03 6.073871518980450674e+03 2.441195987039436854e+00
1.894096862792968750e+03 6.072172809207138016e+03 2.440430664453085985e+00
1.894117675781250000e+03 6.078753161408521009e+03 2.440515267106914354e+00
1.894138488769531250e+03 6.074469461728817805e+03 2.440389143602038846e+00
1.894159362792968750e+03 6.075167890906496723e+03 2.441299900027396941e+00
1.894180175781250000e+03 6.074229681258097116e+03 2.442243118287370951e+00
1.894200988769531250e+03 6.077552111853403403e+03 2.441354003347204760e+00
1.894221801757812500e+03 6.076211684410420276e+03 2.442290562500888829e+00
1.894242614746093750e+03 6.072697037411010569e+03 2.441253413184807819e+00
1.894263488769531250e+03 6.075606821164194116e+03 2.440814479061755637e+00
1.894284301757812500e+03 6.066037576830565740e+03 2.440419429468986934e+00
1.894305114746093750e+03 6.074762502080720878e+03 2.442406630981420079e+00
1.894325988769531250e+03 6.075906251955036169e+03 2.441494236695758158e+00
1.894346801757812500e+03 6.072840884911208377e+03 2.440448054152575263e+00
1.894367614746093750e+03 6.065948646089809699e+03 2.441593156907977402e+00
1.894388488769531250e+03 6.069996566300418635e+03 2.442790232724404653e+00
1.894409301757812500e+03 6.069278623427382627e+03 2.443098534581958692e+00
1.894430114746093750e+03 6.066368708719367532e+03 2.440193644171939180e+00
1.894450988769531250e+03 6.069078804341846990e+03 2.439783347313821071e+00
1.894471801757812500e+03 6.069382759232292301e+03 2.440572025442160342e+00
1.894492614746093750e+03 6.060156161025571237e+03 2.441747632382212707e+00
1.894513488769531250e+03 6.051122988146179523e+03 2.439703214606257831e+00
1.894534301757812500e+03 6.060850957926014416e+03 2.439693246695159967e+00
1.894555114746093750e+03 6.059102202844505882e+03 2.439240934307598696e+00
1.894575988769531250e+03 6.062324517649792142e+03 2.444383828779490564e+00
1.894596801757812500e+03 6.068385459976238963e+03 2.443325027236594060e+00
1.894617614746093750e+03 6.055390814708385733e+03 2.442318189056593702e+00
1.894638488769531250e+03 6.057891777373632067e+03 2.439576365012737114e+00
1.894659301757812500e+03 6.064585819804872699e+03 2.440528650860835036e+00
1.894680114746093750e+03 6.062421448927397250e+03 2.439493195790291225e+00
1.894700988769531250e+03 6.063726503013226647e+03 2.441882570722182955e+00
1.894721801757812500e+03 6.066598873108508087e+03 2.441305369009505455e+00
1.894742614746093750e+03 6.061843256218154238e+03 2.442230232045524918e+00
1.894763488769531250e+03 6.057368120901998736e+03 2.441853962854745319e+00
1.894784301757812500e+03 6.064059734904999459e+03 2.440168143091544728e+00
1.894805114746093750e+03 6.061497350440899936e+03 2.440314306589933757e+00
1.894825988769531250e+03 6.066674833960509204e+03 2.440517220944178778e+00
1.894846801757812500e+03 6.063703230461272142e+03 2.439106436314766313e+00
1.894867614746093750e+03 6.068670608055084813e+03 2.442103416083895695e+00
1.894888488769531250e+03 6.068216246011341354e+03 2.440225593425300765e+00
1.894909301757812500e+03 6.067562196725714784e+03 2.439923964081768037e+00
1.894930114746093750e+03 6.066873636522323068e+03 2.439113376436272240e+00
1.894950988769531250e+03 6.057637102153952583e+03 2.440882463343866160e+00
1.894971801757812500e+03 6.066233060761204797e+03 2.439291271402060701e+00
1.894992614746093750e+03 6.057999828078880455e+03 2.438229280582267400e+00
1.895013488769531250e+03 6.060695102493595186e+03 2.444622003242835628e+00
1.895034301757812500e+03 6.071161271630210649e+03 2.441375781059872629e+00
1.895055114746093750e+03 6.066754121273995224e+03 2.444960108706582425e+00
1.895075988769531250e+03 6.063598419556751651e+03 2.442331270072894522e+00
1.895096801757812500e+03 6.064937755706282587e+03 2.442009202888262287e+00
1.895117614746093750e+03 6.065660259998862784e+03 2.441365234030462794e+00
1.895138488769531250e+03 6.069241017886681220e+03 2.442590435466189369e+00
1.895159301757812500e+03 6.071505393144555455e+03 2.440957771307933566e+00
1.895180114746093750e+03 6.065686849118569626e+03 2.439419308650222273e+00
1.895200988769531250e+03 6.067384311875098319e+03 2.441540523651326122e+00
1.895221801757812500e+03 6.067115714785000819e+03 2.443273992594150901e+00
1.895242614746093750e+03 6.064183885306017146e+03 2.440205075604228391e+00
1.895263488769531250e+03 6.067876822676017582e+03 2.439598060865330709e+00
1.895284301757812500e+03 6.072244600291359347e+03 2.439783542756231771e+00
1.895305114746093750e+03 6.069316973379065530e+03 2.439050230377831419e+00
1.895325988769531250e+03 6.079687067377421954e+03 2.445595039400579651e+00
1.895346801757812500e+03 6.075178868138288635e+03 2.440392269902475153e+00
1.895367614746093750e+03 6.074527309039222018e+03 2.445071174974196460e+00
1.895388488769531250e+03 6.039058231654665178e+03 2.439382559715479015e+00
1.895409301757812500e+03 6.058546107400659821e+03 2.439070464664335969e+00
1.895430114746093750e+03 6.055346832531741711e+03 2.441104375868237142e+00
1.895450988769531250e+03 6.062654972956477650e+03 2.438907608109075920e+00
1.895471801757812500e+03 6.073369492129900209e+03 2.440348110537561954e+00
1.895492614746093750e+03 6.077289697229136436e+03 2.439993829719371288e+00
1.895513488769531250e+03 6.067631236732402613e+03 2.441557905445978172e+00
1.895534301757812500e+03 6.059886079154704021e+03 2.439585160651908335e+00
1.895555114746093750e+03 6.064644953397701101e+03 2.439907059228305641e+00
1.895575988769531250e+03 6.063267636545490859e+03 2.438291567872574284e+00
1.895596801757812500e+03 6.072929100121089505e+03 2.441993679329005129e+00
1.895617614746093750e+03 6.070510562209120508e+03 2.443639798618664205e+00
1.895638488769531250e+03 6.066616996150790328e+03 2.439589265272669394e+00
1.895659301757812500e+03 6.066511133834316752e+03 2.444243175957857339e+00
1.895680114746093750e+03 6.073428257848489011e+03 2.445680340775169714e+00
1.895700988769531250e+03 6.079463882717569504e+03 2.440913426821764709e+00
1.895721801757812500e+03 6.074118719834696094e+03 2.439600992722504191e+00
1.895742614746093750e+03 6.081077807492213651e+03 2.443393234396438185e+00
1.895763488769531250e+03 6.074790123553794729e+03 2.439169874155507234e+00
1.895784301757812500e+03 6.066546762937056883e+03 2.440475017711255745e+00
1.895805114746093750e+03 6.062821868372148856e+03 2.438224098051558375e+00
1.895825988769531250e+03 6.074282876828342523e+03 2.440318605383827943e+00
1.895846801757812500e+03 6.069010913116319898e+03 2.440983264139040543e+00
1.895867614746093750e+03 6.077556240606246320e+03 2.439894453798916008e+00
1.895888488769531250e+03 6.070072040822321469e+03 2.438975841050657234e+00
1.895909301757812500e+03 6.075938029645049028e+03 2.439233994549021123e+00
1.895930114746093750e+03 6.072828433962752570e+03 2.440553855103268166e+00
1.895950988769531250e+03 6.071284188607110082e+03 2.441274410502737524e+00
1.895971801757812500e+03 6.072499776251477670e+03 2.440233702802252491e+00
1.895992614746093750e+03 6.076825154280119932e+03 2.440165993563011337e+00
1.896013488769531250e+03 6.072026345025784394e+03 2.440841926966792474e+00
1.896034301757812500e+03 6.073099672951755565e+03 2.440382695594740525e+00
1.896055114746093750e+03 6.079218414219721126e+03 2.442497510020491092e+00
1.896075988769531250e+03 6.081142434613943806e+03 2.441594816936575985e+00
1.896096801757812500e+03 6.080071568088291315e+03 2.443363180546346936e+00
1.896117614746093750e+03 6.079909113197927581e+03 2.442920428884820083e+00
1.896138488769531250e+03 6.068898050488042827e+03 2.441656627786285672e+00
1.896159240722656250e+03 6.082737686999676953e+03 2.440208006732087043e+00
1.896180114746093750e+03 6.078067318865882953e+03 2.444228934652287411e+00
1.896200927734375000e+03 6.075596027796401359e+03 2.443912288028342594e+00
1.896221740722656250e+03 6.072713350849548988e+03 2.439248558244966336e+00
1.896242614746093750e+03 6.067997096943425277e+03 2.442521815441715205e+00
1.896263427734375000e+03 6.080405496692807901e+03 2.441391210891179497e+00
1.896284240722656250e+03 6.077916683356711474e+03 2.439500330276607620e+00
1.896305114746093750e+03 6.077568280712725027e+03 2.440050111631260954e+00
1.896325927734375000e+03 6.076026269158805007e+03 2.440332381013245566e+00
1.896346740722656250e+03 6.068557966821284026e+03 2.438689210760753845e+00
1.896367614746093750e+03 6.075389676096679977e+03 2.439049252871817508e+00
1.896388427734375000e+03 6.079116222546106655e+03 2.442778130180089047e+00
1.896409240722656250e+03 6.075724104824716960e+03 2.444527106862200760e+00
1.896430114746093750e+03 6.070330404330074089e+03 2.438840350848634486e+00
1.896450927734375000e+03 6.074310686506026286e+03 2.438974374746767815e+00
1.896471740722656250e+03 6.069180782400057979e+03 2.440001744441675058e+00
1.896492614746093750e+03 6.075502574526488388e+03 2.439699207901790068e+00
1.896513427734375000e+03 6.072920020900223790e+03 2.441652331348124871e+00
1.896534240722656250e+03 6.077553738982781397e+03 2.439699891973750034e+00
1.896555114746093750e+03 6.071088507623882833e+03 2.441054076161890851e+00
1.896575927734375000e+03 6.070204528806871167e+03 2.440200092678789012e+00
1.896596740722656250e+03 6.069401152524173085e+03 2.441023309811225062e+00
1.896617614746093750e+03 6.054702159290748568e+03 2.439435239532362409e+00
1.896638427734375000e+03 6.062601407111494154e+03 2.438974374746767815e+00
1.896659240722656250e+03 6.057631798197829085e+03 2.438429630730786446e+00
1.896680114746093750e+03 6.063888315158770638e+03 2.445058596168257381e+00
1.896700927734375000e+03 6.065025929638389243e+03 2.438278660746882931e+00
1.896721740722656250e+03 6.063314020216304016e+03 2.440255392810578794e+00
1.896742614746093750e+03 6.065713965639931303e+03 2.440608756466782214e+00
1.896763427734375000e+03 6.066492219679810660e+03 2.439768298201177910e+00
1.896784240722656250e+03 6.059120136838576400e+03 2.442776958962940892e+00
1.896805114746093750e+03 6.059764009299439749e+03 2.439604999588276257e+00
1.896825927734375000e+03 6.064940731826592128e+03 2.438948860917976802e+00
1.896846740722656250e+03 6.066429258436727650e+03 2.441683773288972681e+00
1.896867614746093750e+03 6.064859762757169847e+03 2.439969303688449109e+00
1.896888427734375000e+03 6.058817893441749220e+03 2.440051577288705698e+00
1.896909240722656250e+03 6.054409021400542770e+03 2.441422265572469108e+00
1.896930114746093750e+03 6.064606350414593180e+03 2.440032914518138973e+00
1.896950927734375000e+03 6.066882495069749893e+03 2.439474137813574028e+00
1.896971740722656250e+03 6.053157865519460756e+03 2.437001984411910183e+00
1.896992614746093750e+03 6.065086164517782890e+03 2.442213538403856798e+00
1.897013427734375000e+03 6.055294165179680931e+03 2.438828424222210245e+00
1.897034240722656250e+03 6.064080133005487369e+03 2.439198220269044093e+00
1.897055114746093750e+03 6.062663820740452138e+03 2.439274557647053587e+00
1.897075927734375000e+03 6.071670708947116509e+03 2.439679369731503566e+00
1.897096740722656250e+03 6.060209008428321795e+03 2.439025401603675203e+00
1.897117614746093750e+03 6.066412258868394019e+03 2.441507322126600155e+00
1.897138427734375000e+03 6.072988253668987454e+03 2.439752369493814577e+00
1.897159240722656250e+03 6.072956902948608331e+03 2.442466273782644137e+00
1.897180114746093750e+03 6.071022943705119360e+03 2.441548823961961823e+00
1.897200927734375000e+03 6.069114151981292707e+03 2.440876211994679412e+00
1.897221740722656250e+03 6.069022299010152892e+03 2.440004382676737915e+00
1.897242614746093750e+03 6.060740969351887543e+03 2.441891162780744917e+00
1.897263427734375000e+03 6.068354039507926245e+03 2.440616571507083332e+00
1.897284240722656250e+03 6.060435172528173098e+03 2.440087827602686055e+00
1.897305114746093750e+03 6.086502808394074236e+03 2.440686026578279932e+00
1.897325927734375000e+03 6.087029357609266299e+03 2.439792630811041363e+00
1.897346740722656250e+03 6.083605685037344301e+03 2.438908096890517463e+00
1.897367614746093750e+03 6.085874882369196712e+03 2.440560595728641147e+00
1.897388427734375000e+03 6.082422270560697143e+03 2.439989334927373577e+00
1.897409240722656250e+03 6.080299665714808725e+03 2.440160717439491478e+00
1.897430114746093750e+03 6.080176950681521703e+03 2.439566592043131532e+00
1.897450927734375000e+03 6.079911200084705342e+03 2.442690580150344015e+00
1.897471740722656250e+03 6.089365143614600129e+03 2.440981115328302753e+00
1.897492614746093750e+03 6.080687209513313064e+03 2.440500222507584471e+00
1.897513427734375000e+03 6.087798092426707626e+03 2.442914475538622288e+00
1.897534240722656250e+03 6.082460199452499182e+03 2.442669887823093688e+00
1.897555114746093750e+03 6.086301990214679790e+03 2.440784979545664868e+00
1.897575927734375000e+03 6.086274622813504720e+03 2.440174591665784654e+00
1.897596740722656250e+03 6.076653264126225622e+03 2.440363644564556012e+00
1.897617614746093750e+03 6.082449248216435080e+03 2.440249726070251590e+00
1.897638427734375000e+03 6.088381029205646882e+03 2.446825723164065991e+00
1.897659240722656250e+03 6.084872246186262601e+03 2.443152207725406200e+00
1.897680114746093750e+03 6.076804793730514575e+03 2.445224748200841347e+00
1.897700927734375000e+03 6.086787226701419058e+03 2.440279720563506505e+00
1.897721740722656250e+03 6.086005323785333530e+03 2.444859959467009958e+00
1.897742614746093750e+03 6.086991133344398804e+03 2.440396275469056242e+00
1.897763427734375000e+03 6.090860401533530421e+03 2.441568353993325946e+00
