1.842535949707031250e+03 4.827799745773954214e+02 1.164513929251818292e+00
1.842556823730468750e+03 4.837664151580240741e+02 1.164099929515035825e+00
1.842577697753906250e+03 4.829611405447706147e+02 1.158277177936019475e+00
1.842598510742187500e+03 4.834588939114087225e+02 1.159903296435355502e+00
1.842619323730468750e+03 4.822641381610054054e+02 1.167436459300944973e+00
1.842640197753906250e+03 4.838485873965486235e+02 1.161637205482789703e+00
1.842661010742187500e+03 4.832429552001762545e+02 1.174147373651924120e+00
1.842681823730468750e+03 4.837337513172293484e+02 1.173523671405974911e+00
1.842702697753906250e+03 4.839576146092960585e+02 1.157922977834338063e+00
1.842723510742187500e+03 4.835664042269323772e+02 1.166037452276203146e+00
1.842744323730468750e+03 4.824290852189568000e+02 1.158304348361134384e+00
1.842765197753906250e+03 4.830522977356414458e+02 1.157127717379943466e+00
1.842786010742187500e+03 4.837930253101030758e+02 1.156852616681449675e+00
1.842806823730468750e+03 4.844452586307868955e+02 1.157102013174911237e+00
1.842827697753906250e+03 4.828717984863607171e+02 1.157054775702047067e+00
1.842848510742187500e+03 4.850455879307358487e+02 1.157811785451897668e+00
1.842869323730468750e+03 4.836393990738990283e+02 1.158817533564098667e+00
1.842890197753906250e+03 4.827062819930162618e+02 1.174279708447510284e+00
1.842911010742187500e+03 4.832039536055784197e+02 1.157010575753082637e+00
1.842931823730468750e+03 4.837004206959358044e+02 1.157204981091614737e+00
1.842952697753906250e+03 4.835834022886540424e+02 1.157073990304819278e+00
1.842973510742187500e+03 4.844894062865046749e+02 1.167667618018163989e+00
1.842994323730468750e+03 4.835374512692244480e+02 1.158800251024434402e+00
1.843015197753906250e+03 4.832475363044032974e+02 1.158191339905655814e+00
1.843036010742187500e+03 4.838631877713386871e+02 1.157501110875562622e+00
1.843056823730468750e+03 4.839595027178675650e+02 1.158795261671881960e+00
1.843077697753906250e+03 4.839129640721773740e+02 1.161310309085141546e+00
1.843098510742187500e+03 4.828100584390371068e+02 1.156812170332945700e+00
1.843119323730468750e+03 4.839321556755945721e+02 1.158014549098089541e+00
1.843140197753906250e+03 4.839417769135825438e+02 1.156056980827468550e+00
1.843161010742187500e+03 4.839750695605094393e+02 1.161426760439683292e+00
1.843181823730468750e+03 4.828639137775890617e+02 1.155527817233250820e+00
1.843202697753906250e+03 4.827419007073531247e+02 1.155716180004970228e+00
1.843223510742187500e+03 4.840826767623793785e+02 1.164608104262666588e+00
1.843244323730468750e+03 4.828886262024740859e+02 1.155457147484560299e+00
1.843265197753906250e+03 4.840396799030231705e+02 1.163640605074836021e+00
1.843286010742187500e+03 4.841138592916001926e+02 1.156161897756606383e+00
1.843306823730468750e+03 4.848678279956794199e+02 1.157144303758245174e+00
1.843327697753906250e+03 4.844442504113819155e+02 1.157159550654040414e+00
1.843348510742187500e+03 4.841029698024923391e+02 1.156674126858430851e+00
1.843369323730468750e+03 4.844695478819772347e+02 1.155868776727298597e+00
1.843390197753906250e+03 4.830919513540858361e+02 1.156206491012578219e+00
1.843411010742187500e+03 4.841873933668787799e+02 1.158089283177803797e+00
1.843431823730468750e+03 4.828236245269038704e+02 1.156202933925805310e+00
1.843452697753906250e+03 4.839343893336359770e+02 1.164741778755526980e+00
1.843473510742187500e+03 4.832794093794061610e+02 1.159137985392063586e+00
1.843494323730468750e+03 4.838942619963978586e+02 1.158802977156444092e+00
1.843515197753906250e+03 4.842589455005758055e+02 1.157497403284047932e+00
1.843536010742187500e+03 4.830400380793795421e+02 1.157408108534423885e+00
1.843556823730468750e+03 4.834063760187402750e+02 1.158914228733057161e+00
1.843577697753906250e+03 4.836838834426602034e+02 1.156160608908606058e+00
1.843598510742187500e+03 4.836428835267037698e+02 1.157378651085119170e+00
1.843619323730468750e+03 4.840782877905990063e+02 1.155477265590319380e+00
1.843640197753906250e+03 4.834827908391135338e+02 1.163457982336140173e+00
1.843661010742187500e+03 4.842306318011266058e+02 1.159336815382598251e+00
1.843681823730468750e+03 4.848819183434392244e+02 1.156597136891287958e+00
1.843702697753906250e+03 4.843288071012126466e+02 1.158111568646844391e+00
1.843723510742187500e+03 4.833726215861648257e+02 1.157393585899619382e+00
1.843744323730468750e+03 4.832065669560405468e+02 1.159336095604467598e+00
1.843765197753906250e+03 4.834294677895171048e+02 1.160669694819508990e+00
1.843786010742187500e+03 4.835788549934217713e+02 1.159106000761220834e+00
1.843806823730468750e+03 4.839695321526061775e+02 1.157286308452426749e+00
1.843827697753906250e+03 4.834867279917498877e+02 1.158107399804181092e+00
1.843848510742187500e+03 4.838549302615381862e+02 1.157216312668874370e+00
1.843869323730468750e+03 4.837788119994958151e+02 1.158362392134225427e+00
1.843890197753906250e+03 4.832148359573105836e+02 1.157290840778119057e+00
1.843911071777343750e+03 4.839583289390113237e+02 1.162353182309669108e+00
1.843931884765625000e+03 4.834629983038475984e+02 1.158305995033081848e+00
1.843952697753906250e+03 4.839409740035883942e+02 1.156628005639481982e+00
1.843973571777343750e+03 4.839302603095383688e+02 1.155829791444294319e+00
1.843994384765625000e+03 4.837554372864296397e+02 1.158275016624837672e+00
1.844015197753906250e+03 4.829241636366641046e+02 1.156812427957474743e+00
1.844036071777343750e+03 4.832984078034890558e+02 1.162312978651794726e+00
1.844056884765625000e+03 4.840254066074006687e+02 1.156409484586610414e+00
1.844077697753906250e+03 4.838948005325388522e+02 1.159103995264609166e+00
1.844098571777343750e+03 4.836530901188471034e+02 1.163271641739617834e+00
1.844119384765625000e+03 4.833969417914303790e+02 1.160838379357172379e+00
1.844140197753906250e+03 4.827105205465558697e+02 1.159375888381987796e+00
1.844161071777343750e+03 4.831750803069442668e+02 1.166879765031399341e+00
1.844181884765625000e+03 4.835382232854428253e+02 1.168878309581135477e+00
1.844202697753906250e+03 4.840217053895810295e+02 1.155810453018391692e+00
1.844223571777343750e+03 4.844313426667301883e+02 1.172436693999884039e+00
1.844244384765625000e+03 4.841037454309076793e+02 1.156322580069976569e+00
1.844265197753906250e+03 4.830924366774497685e+02 1.157578607118728398e+00
1.844286071777343750e+03 4.841000066126515549e+02 1.159358151459948250e+00
1.844306884765625000e+03 4.846750119655537787e+02 1.156430977756827794e+00
1.844327697753906250e+03 4.828941070994701477e+02 1.156675672789222231e+00
1.844348571777343750e+03 4.829819098216761972e+02 1.156028159227560970e+00
1.844369384765625000e+03 4.834042650405432369e+02 1.157962201488191178e+00
1.844390197753906250e+03 4.832699065635949864e+02 1.158237810564360259e+00
1.844411071777343750e+03 4.827284177090613184e+02 1.163549783940746263e+00
1.844431884765625000e+03 4.826309055224975282e+02 1.173010924071349992e+00
1.844452697753906250e+03 4.822341886445851742e+02 1.163827398740003183e+00
1.844473571777343750e+03 4.833969892254472143e+02 1.156773783636932507e+00
1.844494384765625000e+03 4.828808255395680931e+02 1.157647139340536535e+00
1.844515197753906250e+03 4.836953461627366551e+02 1.156735292610375110e+00
1.844536071777343750e+03 4.837339557231691742e+02 1.158969876231142893e+00
1.844556884765625000e+03 4.842448729820509357e+02 1.156797176486509482e+00
1.844577697753906250e+03 4.834971567693019097e+02 1.159871332908742669e+00
1.844598571777343750e+03 4.836889991995992659e+02 1.156274176679908061e+00
1.844619384765625000e+03 4.841349573816724501e+02 1.169698856348569738e+00
1.844640197753906250e+03 4.839407163258580340e+02 1.157944185539197646e+00
1.844661071777343750e+03 4.848668901887377842e+02 1.159253472387770323e+00
1.844681884765625000e+03 4.844735598989283858e+02 1.155493359822730159e+00
1.844702697753906250e+03 4.844933861384845954e+02 1.164571765894528710e+00
1.844723571777343750e+03 4.824619155753418909e+02 1.157094337860699040e+00
1.844744384765625000e+03 4.845426561944716468e+02 1.160220006353275712e+00
1.844765197753906250e+03 4.845839313437841724e+02 1.157407902540878109e+00
1.844786071777343750e+03 4.836218677898197029e+02 1.157820691531466606e+00
1.844806884765625000e+03 4.836352966190762572e+02 1.155774353757641482e+00
1.844827697753906250e+03 4.842853336350320888e+02 1.156884096873421752e+00
1.844848571777343750e+03 4.827724518164415599e+02 1.156390052767538146e+00
1.844869384765625000e+03 4.836111059413204885e+02 1.159175728178131859e+00
1.844890197753906250e+03 4.834045597282843119e+02 1.161206627272913128e+00
1.844911071777343750e+03 4.836660362434611784e+02 1.159075249431856358e+00
1.844931884765625000e+03 4.842095514002147070e+02 1.156009906894643446e+00
1.844952697753906250e+03 4.839290883549692239e+02 1.159905557487481031e+00
1.844973571777343750e+03 4.837541151475226684e+02 1.156721328347040556e+00
1.844994384765625000e+03 4.832935362583988876e+02 1.156112920522508691e+00
1.845015197753906250e+03 4.850489595660786222e+02 1.157487516315282017e+00
1.845036071777343750e+03 4.836522747379887619e+02 1.160815735460152487e+00
1.845056884765625000e+03 4.848034612984410501e+02 1.156874668362413816e+00
1.845077697753906250e+03 4.827512436664849815e+02 1.158827049138113630e+00
1.845098571777343750e+03 4.832333774540238096e+02 1.163705451022509330e+00
1.845119384765625000e+03 4.853576287037902262e+02 1.159127495353165838e+00
1.845140197753906250e+03 4.832173775805346736e+02 1.167377488122713469e+00
1.845161071777343750e+03 4.845158818047990508e+02 1.156680465161544991e+00
1.845181884765625000e+03 4.841976407706770829e+02 1.171569123085330899e+00
1.845202697753906250e+03 4.830958608488901973e+02 1.155838867500622813e+00
1.845223571777343750e+03 4.840055481693717070e+02 1.157195709718596088e+00
1.845244384765625000e+03 4.836733926144249835e+02 1.155939936948560343e+00
1.845265197753906250e+03 4.836243372121287507e+02 1.155960820095088604e+00
1.845286071777343750e+03 4.832646656270104586e+02 1.157854925245798805e+00
1.845306884765625000e+03 4.845552425120537805e+02 1.157909491179202055e+00
1.845327697753906250e+03 4.840112248571336977e+02 1.158939378441567580e+00
1.845348571777343750e+03 4.847752754975761604e+02 1.159625873002413154e+00
1.845369445800781250e+03 4.837525719682100203e+02 1.157981503979644833e+00
1.845390258789062500e+03 4.835629057139306042e+02 1.156342734664728145e+00
1.845411071777343750e+03 4.839879414629658640e+02 1.158994201885923170e+00
1.845431945800781250e+03 4.837212890613656100e+02 1.159211413006381086e+00
1.845452758789062500e+03 4.844834612674814593e+02 1.156133645879006355e+00
1.845473571777343750e+03 4.830572440555066009e+02 1.158298018944044161e+00
1.845494445800781250e+03 4.834342862318177367e+02 1.157123544992696429e+00
1.845515258789062500e+03 4.842658070453485379e+02 1.156845557993827045e+00
1.845536071777343750e+03 4.840125300655262208e+02 1.155675642307864015e+00
1.845556945800781250e+03 4.842624638357518734e+02 1.156987187218174729e+00
1.845577758789062500e+03 4.843948319575564483e+02 1.162624828240587327e+00
1.845598571777343750e+03 4.841605807464539453e+02 1.157448637051385232e+00
1.845619445800781250e+03 4.849004317762740470e+02 1.156966219561391007e+00
1.845640258789062500e+03 4.847723153361839650e+02 1.156776926756566626e+00
1.845661071777343750e+03 4.831127502797514808e+02 1.156297579636944128e+00
1.845681945800781250e+03 4.840280668559089463e+02 1.159409150805643218e+00
1.845702758789062500e+03 4.826197824570918442e+02 1.156588891343331316e+00
1.845723571777343750e+03 4.839502850538248140e+02 1.160080313204265412e+00
1.845744445800781250e+03 4.824523893060334672e+02 1.155724999086631399e+00
1.845765258789062500e+03 4.833853596205692611e+02 1.159436603153653600e+00
1.845786071777343750e+03 4.833983967015045664e+02 1.157494777066206515e+00
1.845806945800781250e+03 4.825930102604405647e+02 1.161251283445768001e+00
1.845827758789062500e+03 4.847924480685481967e+02 1.155973452926514877e+00
1.845848571777343750e+03 4.838509587098637326e+02 1.157146209631206180e+00
1.845869445800781250e+03 4.842985270365017527e+02 1.156561732154061550e+00
1.845890258789062500e+03 4.824426508846955812e+02 1.159085997062787365e+00
1.845911071777343750e+03 4.832841318902120520e+02 1.158333679354682344e+00
1.845931945800781250e+03 4.835806061207729840e+02 1.166939374295271392e+00
1.845952758789062500e+03 4.845711911659486191e+02 1.156733386060373459e+00
1.845973571777343750e+03 4.837035002283903395e+02 1.171575075551630540e+00
1.845994445800781250e+03 4.824953614612174420e+02 1.172969459623927735e+00
1.846015258789062500e+03 4.835829106719804145e+02 1.159237019021755799e+00
1.846036071777343750e+03 4.831963421796412490e+02 1.170437808897754062e+00
1.846056945800781250e+03 4.836919900283738230e+02 1.157634473285111820e+00
1.846077758789062500e+03 4.844976021547147411e+02 1.160015213225346287e+00
1.846098571777343750e+03 4.846802139332497177e+02 1.158948070136216701e+00
1.846119445800781250e+03 4.840185904192122734e+02 1.158233281944290427e+00
1.846140258789062500e+03 4.821911838537149606e+02 1.158794747304418005e+00
1.846161071777343750e+03 4.842600389728952450e+02 1.162626725129423777e+00
1.846181945800781250e+03 4.847402039266067959e+02 1.158723093685443795e+00
1.846202758789062500e+03 4.839418044728850532e+02 1.160861587609592460e+00
1.846223571777343750e+03 4.829659709898116375e+02 1.158430929440597668e+00
1.846244445800781250e+03 4.829209498176641091e+02 1.155631183300321441e+00
1.846265258789062500e+03 4.842000488467327273e+02 1.159834383618763232e+00
1.846286071777343750e+03 4.839764037543535551e+02 1.157720095181309805e+00
1.846306945800781250e+03 4.834246879678273103e+02 1.159369461992306283e+00
1.846327758789062500e+03 4.828855015873041907e+02 1.155178295096966679e+00
1.846348571777343750e+03 4.831644719638424021e+02 1.157272814377656944e+00
1.846369445800781250e+03 4.832401694601898612e+02 1.157391783432233145e+00
1.846390258789062500e+03 4.828545711204478152e+02 1.157391525936663168e+00
1.846411071777343750e+03 4.837233032642147919e+02 1.156753894190090115e+00
1.846431945800781250e+03 4.839368784264042347e+02 1.157442920917040041e+00
1.846452758789062500e+03 4.836433889574773275e+02 1.156908981590810237e+00
1.846473571777343750e+03 4.832886102594057434e+02 1.156695975821859124e+00
1.846494445800781250e+03 4.835179792738766196e+02 1.155699005810708613e+00
1.846515258789062500e+03 4.837525465332552699e+02 1.155695344012556802e+00
1.846536071777343750e+03 4.836162963536056623e+02 1.156624810581898810e+00
1.846556945800781250e+03 4.831344067258892778e+02 1.156384692208261677e+00
1.846577758789062500e+03 4.831439466933883864e+02 1.155843250797760069e+00
1.846598571777343750e+03 4.825437912685010815e+02 1.158108017411448420e+00
1.846619445800781250e+03 4.828284927631418668e+02 1.156477570691868850e+00
1.846640258789062500e+03 4.833427588932293020e+02 1.157400847239799635e+00
1.846661071777343750e+03 4.839882887890269103e+02 1.160484806893235188e+00
1.846681945800781250e+03 4.841231397238490217e+02 1.155565832675161886e+00
1.846702758789062500e+03 4.818885554401693412e+02 1.155832627719552752e+00
1.846723571777343750e+03 4.835708751388560245e+02 1.156922222309218373e+00
1.846744445800781250e+03 4.830470827792205455e+02 1.160875553413982963e+00
1.846765258789062500e+03 4.835928580126894190e+02 1.155491709142543177e+00
1.846786071777343750e+03 4.840189219335340454e+02 1.165097947403200829e+00
1.846806945800781250e+03 4.844489472804006596e+02 1.159768704506321191e+00
1.846827758789062500e+03 4.843339760790222499e+02 1.157565579873848449e+00
1.846848571777343750e+03 4.846726193370964211e+02 1.162759755964899444e+00
1.846869445800781250e+03 4.830756860547689939e+02 1.155482630359364160e+00
1.846890258789062500e+03 4.827205442376785527e+02 1.154947991211669134e+00
1.846911071777343750e+03 4.835647736987115195e+02 1.158078063079582387e+00
1.846931945800781250e+03 4.840047067260322251e+02 1.156338456353013022e+00
1.846952758789062500e+03 4.842938946007107006e+02 1.163772700546237271e+00
1.846973571777343750e+03 4.842199970193029230e+02 1.156647691122138388e+00
1.846994445800781250e+03 4.829100587280636319e+02 1.158223401257222340e+00
1.847015319824218750e+03 4.829184332841335845e+02 1.158987979092601428e+00
1.847036132812500000e+03 4.841389551803677023e+02 1.158528685848888795e+00
1.847056945800781250e+03 4.830633476958616370e+02 1.156616462163973402e+00
1.847077819824218750e+03 4.835343699720930886e+02 1.156552455624509923e+00
1.847098632812500000e+03 4.836338683810192833e+02 1.156108280466421112e+00
1.847119445800781250e+03 4.845810971252021773e+02 1.156612287932413663e+00
1.847140319824218750e+03 4.826717579902523312e+02 1.155600906871889988e+00
1.847161132812500000e+03 4.832596549415685558e+02 1.157415369783492798e+00
1.847181945800781250e+03 4.826021588274535361e+02 1.155311564495934862e+00
1.847202819824218750e+03 4.832975518560525643e+02 1.158715840631403093e+00
1.847223632812500000e+03 4.830661161256293781e+02 1.157367115096480825e+00
1.847244445800781250e+03 4.819315047134315932e+02 1.157830936012258949e+00
1.847265319824218750e+03 4.826888254829977427e+02 1.155971751369510914e+00
1.847286132812500000e+03 4.833948684578855932e+02 1.157065026964144039e+00
1.847306945800781250e+03 4.835688349565530189e+02 1.157439728108991872e+00
1.847327819824218750e+03 4.835386360919917479e+02 1.157269724109384113e+00
1.847348632812500000e+03 4.838756332681519439e+02 1.167448406345600320e+00
1.847369445800781250e+03 4.832001555531653594e+02 1.155722729855675146e+00
1.847390319824218750e+03 4.834721309422607192e+02 1.157423248959671191e+00
1.847411132812500000e+03 4.829251102405599454e+02 1.164863566812748941e+00
1.847431945800781250e+03 4.841561812317143563e+02 1.160936241097877852e+00
1.847452819824218750e+03 4.823829899905925913e+02 1.156136532963861763e+00
1.847473632812500000e+03 4.839598109371629562e+02 1.158800611079972898e+00
1.847494445800781250e+03 4.831894720841780213e+02 1.161736385209039879e+00
1.847515319824218750e+03 4.828313785195688865e+02 1.158267863685261911e+00
1.847536132812500000e+03 4.824567313379180860e+02 1.157364849085201097e+00
1.847556945800781250e+03 4.829487503542605964e+02 1.157316540789256942e+00
1.847577819824218750e+03 4.824415519233650116e+02 1.156007071054341306e+00
1.847598632812500000e+03 4.831359039234862394e+02 1.171597358874896022e+00
1.847619445800781250e+03 4.829610635670911734e+02 1.155725463246959794e+00
1.847640319824218750e+03 4.834839468169977863e+02 1.157771115200481260e+00
1.847661132812500000e+03 4.832819109233393533e+02 1.156298662141116429e+00
1.847681945800781250e+03 4.835633593355325957e+02 1.162395589508095739e+00
1.847702819824218750e+03 4.831232254499544752e+02 1.162614574733838779e+00
1.847723632812500000e+03 4.832165381083096349e+02 1.156294950694020995e+00
1.847744445800781250e+03 4.827387743101492106e+02 1.156458036935464007e+00
1.847765319824218750e+03 4.834227966039353532e+02 1.159319540584120345e+00
1.847786132812500000e+03 4.830934877642591232e+02 1.157294394521076297e+00
1.847806945800781250e+03 4.824308589579863451e+02 1.160692803739520995e+00
1.847827819824218750e+03 4.830734689322030135e+02 1.162045722308101769e+00
1.847848632812500000e+03 4.833464472332325954e+02 1.156591674222338550e+00
1.847869445800781250e+03 4.831776023956666108e+02 1.158150682982880930e+00
1.847890319824218750e+03 4.830329213573913307e+02 1.158668771836973255e+00
1.847911132812500000e+03 4.820278334952396335e+02 1.160285351695307554e+00
1.847952819824218750e+03 4.849243668041027036e+02 1.157453889690489346e+00
1.847973632812500000e+03 4.828258562362123598e+02 1.157192104164583846e+00
1.847994445800781250e+03 4.849451034389247752e+02 1.158700099804749639e+00
1.848015319824218750e+03 4.845412303644972098e+02 1.157242168852440356e+00
1.848036132812500000e+03 4.837983887015278697e+02 1.157407284560020511e+00
1.848056945800781250e+03 4.849358349744788939e+02 1.157521862869920204e+00
1.848077819824218750e+03 4.842605896445231792e+02 1.157783264944220791e+00
1.848098632812500000e+03 4.830079602963567709e+02 1.159718646096650430e+00
1.848119445800781250e+03 4.832614437870478810e+02 1.160507559969042202e+00
1.848140319824218750e+03 4.831007152614960205e+02 1.158182745459931162e+00
1.848161132812500000e+03 4.836181482472586026e+02 1.165849069939494331e+00
1.848181945800781250e+03 4.834000137152323191e+02 1.156301136432561938e+00
1.848202819824218750e+03 4.830793095090470501e+02 1.157624021110619239e+00
1.848223632812500000e+03 4.837773981169729609e+02 1.156725193012436481e+00
1.848244445800781250e+03 4.831091372432645130e+02 1.158193604299902368e+00
1.848265319824218750e+03 4.838014189197750170e+02 1.160453218926534635e+00
1.848286132812500000e+03 4.836868554163102090e+02 1.157238717960948904e+00
1.848306945800781250e+03 4.830129109527161972e+02 1.156347012960614151e+00
1.848327819824218750e+03 4.836686310294895179e+02 1.157194473529914669e+00
1.848348632812500000e+03 4.848580115603683680e+02 1.158257108462755980e+00
1.848369445800781250e+03 4.838528551085976233e+02 1.163950562695551971e+00
1.848390319824218750e+03 4.821970290253783560e+02 1.157015212190634745e+00
1.848411132812500000e+03 4.844180578727925308e+02 1.156854007804586804e+00
1.848431945800781250e+03 4.820863548032772314e+02 1.156042080304710007e+00
1.848452819824218750e+03 4.835697149879728727e+02 1.171152731521613699e+00
1.848473632812500000e+03 4.839606351565111027e+02 1.161241633751566749e+00
1.848494445800781250e+03 4.839031758296021621e+02 1.157588956722607643e+00
1.848515319824218750e+03 4.838608653889945117e+02 1.156121736577769621e+00
1.848536132812500000e+03 4.834193149327717833e+02 1.161745312508274619e+00
1.848556945800781250e+03 4.847082778327028905e+02 1.157725089167418675e+00
1.848577819824218750e+03 4.827028949084004807e+02 1.167228693918181959e+00
1.848598632812500000e+03 4.835960162950870540e+02 1.156884302960236033e+00
1.848619445800781250e+03 4.836037238282783051e+02 1.157774461540928446e+00
1.848640319824218750e+03 4.839014836400412491e+02 1.156816601466853722e+00
1.848661132812500000e+03 4.829044906894248470e+02 1.159166678248793270e+00
1.848681945800781250e+03 4.828130753431930771e+02 1.161759985966017039e+00
1.848702819824218750e+03 4.839033066910294565e+02 1.163211588314109202e+00
1.848723632812500000e+03 4.836761953847426412e+02 1.164259669867641733e+00
1.848744445800781250e+03 4.831699180106667768e+02 1.158206830332395132e+00
1.848765319824218750e+03 4.836097681370015380e+02 1.162810349825086131e+00
1.848786132812500000e+03 4.835921357100808677e+02 1.159875392633785474e+00
1.848806945800781250e+03 4.842298620768684145e+02 1.158712136926722369e+00
1.848827819824218750e+03 4.837876286465581757e+02 1.155796065019601526e+00
1.848848632812500000e+03 4.847838539942629836e+02 1.156687473326182047e+00
1.848869506835937500e+03 4.847336926886338802e+02 1.157259577670527895e+00
1.848890319824218750e+03 4.843954106952514849e+02 1.159609681923361890e+00
1.848911193847656250e+03 4.842329083264087899e+02 1.157297021193639752e+00
1.848932006835937500e+03 4.835080486228997074e+02 1.157999776708420026e+00
1.848952819824218750e+03 4.834999373337082602e+02 1.157708665565020612e+00
1.848973693847656250e+03 4.835124070120699002e+02 1.157139770858591321e+00
1.848994506835937500e+03 4.838299574657066842e+02 1.160699222802317410e+00
1.849015319824218750e+03 4.835853538240990019e+02 1.158412457697886699e+00
1.849036193847656250e+03 4.833487559055730003e+02 1.157945060606053955e+00
1.849057006835937500e+03 4.835038135722736001e+02 1.158604261333913588e+00
1.849077819824218750e+03 4.847485051804187606e+02 1.156905632746969115e+00
1.849098693847656250e+03 4.839352574750686244e+02 1.157885297167551730e+00
1.849119506835937500e+03 4.847210483484984138e+02 1.166621423025685500e+00
1.849140319824218750e+03 4.839663419643052293e+02 1.161042821940507785e+00
1.849161193847656250e+03 4.827194941114016729e+02 1.156321549134969873e+00
1.849182006835937500e+03 4.844742645736706095e+02 1.158546949947452109e+00
1.849202819824218750e+03 4.836872301390037592e+02 1.158840525114655406e+00
1.849223693847656250e+03 4.835078405936168338e+02 1.160573351342005788e+00
1.849244506835937500e+03 4.840724960674597241e+02 1.156996254195312712e+00
1.849265319824218750e+03 4.850355790575417814e+02 1.157095780205509516e+00
1.849286193847656250e+03 4.844476442868658523e+02 1.158244140310469072e+00
1.849307006835937500e+03 4.832009771269577527e+02 1.158238891255169101e+00
1.849327819824218750e+03 4.837044351908947988e+02 1.159509394997076726e+00
1.849348693847656250e+03 4.844882291223903508e+02 1.158822677127323120e+00
1.849369506835937500e+03 4.831480190811110447e+02 1.159357534518646204e+00
1.849390319824218750e+03 4.828686378025590216e+02 1.157980217156891367e+00
1.849411193847656250e+03 4.841004843401793778e+02 1.160400262211030764e+00
1.849432006835937500e+03 4.835677478971863366e+02 1.177856185965243219e+00
1.849452819824218750e+03 4.840729261752175034e+02 1.158048262382664007e+00
1.849473693847656250e+03 4.837021030690842736e+02 1.157022939545267581e+00
1.849494506835937500e+03 4.838096133047368426e+02 1.157308712389395255e+00
1.849515319824218750e+03 4.847145614007066001e+02 1.158384569439148581e+00
1.849536193847656250e+03 4.840084422282777155e+02 1.157233721875928545e+00
1.849557006835937500e+03 4.837583937476421738e+02 1.161771529639932687e+00
1.849577819824218750e+03 4.844001562196256714e+02 1.158773040789316866e+00
1.849598693847656250e+03 4.843476190830845098e+02 1.174972763151663102e+00
1.849619506835937500e+03 4.845478486353123913e+02 1.159494538840872169e+00
1.849640319824218750e+03 4.840283186638762345e+02 1.158324005354685049e+00
1.849661193847656250e+03 4.831005496920392375e+02 1.156679846792038502e+00
1.849682006835937500e+03 4.839535788951057498e+02 1.159861671733775301e+00
1.849702819824218750e+03 4.830767090475150667e+02 1.159127958151001447e+00
1.849723693847656250e+03 4.844305834915884361e+02 1.157179948213985732e+00
1.849744506835937500e+03 4.846919730695722706e+02 1.157522429296311994e+00
1.849765319824218750e+03 4.832594467537140872e+02 1.169667975843437402e+00
1.849786193847656250e+03 4.840809533542434906e+02 1.166510344432055257e+00
1.849807006835937500e+03 4.836256924829997388e+02 1.158272031950385195e+00
1.849827819824218750e+03 4.834237365243474187e+02 1.156653514250440162e+00
1.849848693847656250e+03 4.844756512109968867e+02 1.157963642752001920e+00
1.849869506835937500e+03 4.841386454656299634e+02 1.162706135347484349e+00
1.849890319824218750e+03 4.839529233530899432e+02 1.158696396049754274e+00
1.849911193847656250e+03 4.825133383159633240e+02 1.156597858373937360e+00
1.849932006835937500e+03 4.842361268701893664e+02 1.158086298024670224e+00
1.849952819824218750e+03 4.837335772818356645e+02 1.157169440424977047e+00
1.849973693847656250e+03 4.830797242750201690e+02 1.156297321897706176e+00
1.849994506835937500e+03 4.825555055931659467e+02 1.158120060687332531e+00
1.850015319824218750e+03 4.840110100722228026e+02 1.157367475597866235e+00
1.850036193847656250e+03 4.846418093051823917e+02 1.157611715227570004e+00
1.850057006835937500e+03 4.832964179380180099e+02 1.156511895701988646e+00
1.850077819824218750e+03 4.834060719899608785e+02 1.156434791850815769e+00
1.850098693847656250e+03 4.831309348830018280e+02 1.165372738374559125e+00
1.850119506835937500e+03 4.841218279049003286e+02 1.160544025593549522e+00
1.850140319824218750e+03 4.827614073894472995e+02 1.156390671292009342e+00
1.850161193847656250e+03 4.839647578212432109e+02 1.158568249124072080e+00
1.850182006835937500e+03 4.843937722780475497e+02 1.159843685289412285e+00
1.850202819824218750e+03 4.836233594446153461e+02 1.157189837810597366e+00
1.850223693847656250e+03 4.833487941712396037e+02 1.157281415580902584e+00
1.850244506835937500e+03 4.840572932453077897e+02 1.158815270389047303e+00
1.850265319824218750e+03 4.839331435264721790e+02 1.158664450671495372e+00
1.850286193847656250e+03 4.843859156407896194e+02 1.156993266222060113e+00
1.850307006835937500e+03 4.835773894655029039e+02 1.157119990725026693e+00
1.850327819824218750e+03 4.837346255860393285e+02 1.159616569584619228e+00
1.850348693847656250e+03 4.836643983377985592e+02 1.166614627812871730e+00
1.850369506835937500e+03 4.827914478906089926e+02 1.156728748493196735e+00
1.850390319824218750e+03 4.841769846372322377e+02 1.170452016910202175e+00
1.850411193847656250e+03 4.834500246099000833e+02 1.162978057598572867e+00
1.850432006835937500e+03 4.840665542748697021e+02 1.161138767134121785e+00
1.850452819824218750e+03 4.829425457493617841e+02 1.157918087653109218e+00
1.850473693847656250e+03 4.835720730528545914e+02 1.158343456187486131e+00
1.850494506835937500e+03 4.835028679836181027e+02 1.159199843838025101e+00
1.850515319824218750e+03 4.830598284453104156e+02 1.160749649724798660e+00
1.850536193847656250e+03 4.836556180541726349e+02 1.159350748142654597e+00
1.850557006835937500e+03 4.836739853120102453e+02 1.166147093653654432e+00
1.850577819824218750e+03 4.835459645016165382e+02 1.157838709402024602e+00
1.850598693847656250e+03 4.844754045040610890e+02 1.158058762197573310e+00
1.850619506835937500e+03 4.828933625629701964e+02 1.157730340552255655e+00
1.850640319824218750e+03 4.837691439752661040e+02 1.157555333044627544e+00
1.850661193847656250e+03 4.837215069223400405e+02 1.160641295894339065e+00
1.850682006835937500e+03 4.826293960603845221e+02 1.157393791895713342e+00
1.850702819824218750e+03 4.828657063587450580e+02 1.157804835573431834e+00
1.850723693847656250e+03 4.840259185215915068e+02 1.158079246856542621e+00
1.850744506835937500e+03 4.835418007752478502e+02 1.168840523136366771e+00
1.850765319824218750e+03 4.836785622115664864e+02 1.159744240912816249e+00
1.850786193847656250e+03 4.839505317411918099e+02 1.157516713526373087e+00
1.850807006835937500e+03 4.834338108777940874e+02 1.157070899505533212e+00
1.850827819824218750e+03 4.837627331924095984e+02 1.156675930444153177e+00
1.850848693847656250e+03 4.832618531280896264e+02 1.158642175836656740e+00
1.850869506835937500e+03 4.836350733583528267e+02 1.167165065074843966e+00
1.850890319824218750e+03 4.840140258101894801e+02 1.157395027871507276e+00
1.850911193847656250e+03 4.837686415658293981e+02 1.158026078637139689e+00
1.850932006835937500e+03 4.839784132553614882e+02 1.159536947779451266e+00
1.850952819824218750e+03 4.832034738170639798e+02 1.159688013807022022e+00
1.850973693847656250e+03 4.836178149964995896e+02 1.156983014324138859e+00
1.850994506835937500e+03 4.818825317975371263e+02 1.160747030865242335e+00
1.851015319824218750e+03 4.842821165889922668e+02 1.158266165498874178e+00
1.851036193847656250e+03 4.834762244646953491e+02 1.159586088803455928e+00
1.851057006835937500e+03 4.842854043762339984e+02 1.159962647593031360e+00
1.851077880859375000e+03 4.839940420644841765e+02 1.158212902934853350e+00
1.851098693847656250e+03 4.835824045631474064e+02 1.157728332672630644e+00
1.851119567871093750e+03 4.836700435374048084e+02 1.162320619505027297e+00
1.851140380859375000e+03 4.841172537530234763e+02 1.157667734256746073e+00
1.851161193847656250e+03 4.826549458677919233e+02 1.156998881544728075e+00
1.851182067871093750e+03 4.829910635332813058e+02 1.160552243040876341e+00
1.851202880859375000e+03 4.836345814661599434e+02 1.160732755409263239e+00
1.851223693847656250e+03 4.832552434750388670e+02 1.159209870457271307e+00
1.851244567871093750e+03 4.843146399432226303e+02 1.159309720569042579e+00
1.851265380859375000e+03 4.841872747952630789e+02 1.157909130846566770e+00
1.851286193847656250e+03 4.840888201771441004e+02 1.159756678350470027e+00
1.851307067871093750e+03 4.845631960566831822e+02 1.160641809443458738e+00
1.851327880859375000e+03 4.827220203740882880e+02 1.157215591571809199e+00
1.851348693847656250e+03 4.849963057778306847e+02 1.158224481961475982e+00
1.851369567871093750e+03 4.835143951191186602e+02 1.156491744055266890e+00
1.851390380859375000e+03 4.848284635936478821e+02 1.159076072220522002e+00
1.851411193847656250e+03 4.838504165697484609e+02 1.158749842144771280e+00
1.851432067871093750e+03 4.835420813604047794e+02 1.158685439038574794e+00
1.851452880859375000e+03 4.831641543076721064e+02 1.156648154912192750e+00
1.851473693847656250e+03 4.837321695592154356e+02 1.157139873879235337e+00
1.851494567871093750e+03 4.836197773056706524e+02 1.156529882425119560e+00
1.851515380859375000e+03 4.834124587183823678e+02 1.168285263195443235e+00
1.851536193847656250e+03 4.833026134395942108e+02 1.159499525184418900e+00
1.851557067871093750e+03 4.827035835537012645e+02 1.157043081940420493e+00
1.851577880859375000e+03 4.832482813554451013e+02 1.157725809947139917e+00
1.851598693847656250e+03 4.833563233155090870e+02 1.161021927527094766e+00
1.851619567871093750e+03 4.827630894583311374e+02 1.157978672967699740e+00
1.851640380859375000e+03 4.840540193394486437e+02 1.157107937040331214e+00
1.851661193847656250e+03 4.834752548029851482e+02 1.164613119892034421e+00
1.851682067871093750e+03 4.842851193617731269e+02 1.159424676370702123e+00
1.851702880859375000e+03 4.835151611851474627e+02 1.164319054922742902e+00
1.851723693847656250e+03 4.847143083407867721e+02 1.159237378941635699e+00
1.851744567871093750e+03 4.838249314295431986e+02 1.159699783691875430e+00
1.851765380859375000e+03 4.836942667526741957e+02 1.157069302589333937e+00
1.851786193847656250e+03 4.835178662990198291e+02 1.161152575607804049e+00
1.851807067871093750e+03 4.837971614186994884e+02 1.161844842118205268e+00
1.851827880859375000e+03 4.827647325589763909e+02 1.161696570671479467e+00
1.851848693847656250e+03 4.837105176781351474e+02 1.162917373959526657e+00
1.851869567871093750e+03 4.835600475652013870e+02 1.159956121683601626e+00
1.851890380859375000e+03 4.839669647009440041e+02 1.158135912329641970e+00
1.851911193847656250e+03 4.839432826301608088e+02 1.158345360087432718e+00
1.851932067871093750e+03 4.843051326058254631e+02 1.160420294618442760e+00
1.851952880859375000e+03 4.827019107336286652e+02 1.165189722109067461e+00
1.851973693847656250e+03 4.845634885433746604e+02 1.158860430182628409e+00
1.851994567871093750e+03 4.831985292467597901e+02 1.159890552240941064e+00
1.852015380859375000e+03 4.831125809741355397e+02 1.156575801415216542e+00
1.852036193847656250e+03 4.836652492562417933e+02 1.158085217191465954e+00
1.852057067871093750e+03 4.831895012623660364e+02 1.161205190034227730e+00
1.852077880859375000e+03 4.822670613755105364e+02 1.158602615085879251e+00
1.852098693847656250e+03 4.835248669022819286e+02 1.157271629775794342e+00
1.852119567871093750e+03 4.849591279946978943e+02 1.160115713316825614e+00
1.852140380859375000e+03 4.829552759591855988e+02 1.156629448565819951e+00
1.852161193847656250e+03 4.833181192036402081e+02 1.167785528094553493e+00
1.852182067871093750e+03 4.839569891427283324e+02 1.167213425354750145e+00
1.852202880859375000e+03 4.833445653830923447e+02 1.158910268504270924e+00
1.852223693847656250e+03 4.830480366788723927e+02 1.158532493036850575e+00
1.852244567871093750e+03 4.841347285532118576e+02 1.157404555140618907e+00
1.852265380859375000e+03 4.836468494215922647e+02 1.159806272591648035e+00
1.852286193847656250e+03 4.841307227560034789e+02 1.158237810564360259e+00
1.852307067871093750e+03 4.851501624400962100e+02 1.161435022961265329e+00
1.852327880859375000e+03 4.826611040345820243e+02 1.159896256313009966e+00
1.852348693847656250e+03 4.844540699560317307e+02 1.163609154001095991e+00
1.852369567871093750e+03 4.847072968929964532e+02 1.169878976382477731e+00
1.852390380859375000e+03 4.833223641865450873e+02 1.174647801959668891e+00
1.852411193847656250e+03 4.833536346759616436e+02 1.163748167468798833e+00
1.852432067871093750e+03 4.836619500562194389e+02 1.157841798151681534e+00
1.852452880859375000e+03 4.842674075302621191e+02 1.159219022885280337e+00
1.852473693847656250e+03 4.838138318057620495e+02 1.158601277507628868e+00
1.852494567871093750e+03 4.842195723485039025e+02 1.159743675571571764e+00
1.852515380859375000e+03 4.827535628864793580e+02 1.159716744451219306e+00
1.852536193847656250e+03 4.846223568034661753e+02 1.158048622672007699e+00
1.852557067871093750e+03 4.823687295393962131e+02 1.156581985651685907e+00
1.852577880859375000e+03 4.831965411846626921e+02 1.164875489076916404e+00
1.852598693847656250e+03 4.838167598996382139e+02 1.160657061748724628e+00
1.852619567871093750e+03 4.827619853802122520e+02 1.158104054425758589e+00
1.852640380859375000e+03 4.838339157300092666e+02 1.174799918325990955e+00
1.852661193847656250e+03 4.843077138612330828e+02 1.161228647600355934e+00
1.852682067871093750e+03 4.829109840108936851e+02 1.170471673589295714e+00
1.852702880859375000e+03 4.835429196319771563e+02 1.157439470624088029e+00
1.852723693847656250e+03 4.844735556304260626e+02 1.159143333218495941e+00
1.852744567871093750e+03 4.838296200434895695e+02 1.166569972572540470e+00
1.852765380859375000e+03 4.840134884622225968e+02 1.156810418484625957e+00
1.852786193847656250e+03 4.822132157714785308e+02 1.162156560885527767e+00
1.852807067871093750e+03 4.834680668206970608e+02 1.160979367472864565e+00
1.852827880859375000e+03 4.837106189316110658e+02 1.158632504412450359e+00
1.852848693847656250e+03 4.836658546364304243e+02 1.158612852652886049e+00
1.852869567871093750e+03 4.834551703010616848e+02 1.158621906908124721e+00
1.852890380859375000e+03 4.833355011761417472e+02 1.158473377315372810e+00
1.852911193847656250e+03 4.837519781387449029e+02 1.158284896871603742e+00
1.852932067871093750e+03 4.837280111811821826e+02 1.157619696045293134e+00
1.852952880859375000e+03 4.836476821907113504e+02 1.158045174183690573e+00
1.852973693847656250e+03 4.846909094959385698e+02 1.163274664824979876e+00
1.852994567871093750e+03 4.847940807376813837e+02 1.160609712186752684e+00
1.853015380859375000e+03 4.830887381839816612e+02 1.163970841249021282e+00
1.853036193847656250e+03 4.827657262388354980e+02 1.160810241296101220e+00
1.853057067871093750e+03 4.831808767363505126e+02 1.157002693766604251e+00
1.853077880859375000e+03 4.823958491851369672e+02 1.157412434390418632e+00
1.853098693847656250e+03 4.825651789649726311e+02 1.157562129946500651e+00
1.853119567871093750e+03 4.836754038598125476e+02 1.158669337702687763e+00
1.853140380859375000e+03 4.834670257601123922e+02 1.156444069324218837e+00
1.853161193847656250e+03 4.833743353492658343e+02 1.157601468806728873e+00
1.853182067871093750e+03 4.832043506978833989e+02 1.162107579846959116e+00
1.853202880859375000e+03 4.834575616737334371e+02 1.159690480867017426e+00
1.853223693847656250e+03 4.827767229680615060e+02 1.156522151776103291e+00
1.853244567871093750e+03 4.837519121984972230e+02 1.163321496025204072e+00
1.853265380859375000e+03 4.826755664094055760e+02 1.157318806895123453e+00
1.853286193847656250e+03 4.825282095026348657e+02 1.165421735615913557e+00
1.853327880859375000e+03 4.833395795273193016e+02 1.159096384630512677e+00
1.853348693847656250e+03 4.829821809269835171e+02 1.158571593162131208e+00
1.853369567871093750e+03 4.827058135621908264e+02 1.157780433447540336e+00
1.853390380859375000e+03 4.830850299504912186e+02 1.159033183583053184e+00
1.853411193847656250e+03 4.836865084644167041e+02 1.158391618748767504e+00
1.853432067871093750e+03 4.848798429652402433e+02 1.158961287558767150e+00
1.853452880859375000e+03 4.831905104230515349e+02 1.172678100057067851e+00
1.853473693847656250e+03 4.838171040471995070e+02 1.159065015949018784e+00
1.853494567871093750e+03 4.837253122475118516e+02 1.159304990479741226e+00
1.853515380859375000e+03 4.839922289040530927e+02 1.168296946468214026e+00
1.853536193847656250e+03 4.848796316704009541e+02 1.158532595933648768e+00
1.853557067871093750e+03 4.827994741094988740e+02 1.158151043240362554e+00
1.853577880859375000e+03 4.848758044469995525e+02 1.159167655233203531e+00
1.853598693847656250e+03 4.836537188099945297e+02 1.157605999898487337e+00
1.853619567871093750e+03 4.832015660274030324e+02 1.160362148316887332e+00
1.853640380859375000e+03 4.843917143373100203e+02 1.157658466589792212e+00
1.853661193847656250e+03 4.841586582958904046e+02 1.166855450524145965e+00
1.853682067871093750e+03 4.834878434850294866e+02 1.157488340232571522e+00
1.853702880859375000e+03 4.836025681078718321e+02 1.157654399090313202e+00
1.853723693847656250e+03 4.840714429727126458e+02 1.166404825300405568e+00
1.853744567871093750e+03 4.824383195366440304e+02 1.158877506092510723e+00
1.853765380859375000e+03 4.833968142763901596e+02 1.157859918650369746e+00
1.853786193847656250e+03 4.846300155214487972e+02 1.160840998010646441e+00
1.853807067871093750e+03 4.837600791968458793e+02 1.157894254158457814e+00
1.853827880859375000e+03 4.839220472045913084e+02 1.169703136750292805e+00
1.853848693847656250e+03 4.845654456036706392e+02 1.161875725346298349e+00
1.853869567871093750e+03 4.838931511392843277e+02 1.156905169060134853e+00
1.853890380859375000e+03 4.843013299937123293e+02 1.159087436929217896e+00
1.853911193847656250e+03 4.835094885543927035e+02 1.157229910415120244e+00
1.853932067871093750e+03 4.836952704105559633e+02 1.157715821959598435e+00
1.853952880859375000e+03 4.823055786731922012e+02 1.157704340815917776e+00
1.853973693847656250e+03 4.835344035636451849e+02 1.159348948718115224e+00
1.853994567871093750e+03 4.838009712450045186e+02 1.157892349516766561e+00
1.854015380859375000e+03 4.834396855786102947e+02 1.161284800111721083e+00
1.854036193847656250e+03 4.835059106023002187e+02 1.157996894268950916e+00
1.854057067871093750e+03 4.841149697299431409e+02 1.161603904234548734e+00
1.854077880859375000e+03 4.835347682419290436e+02 1.158972859108454045e+00
1.854098693847656250e+03 4.836123295208226409e+02 1.159171563162610052e+00
1.854119567871093750e+03 4.832143993187918909e+02 1.166777957421916367e+00
1.854140380859375000e+03 4.843006001785491321e+02 1.159849286811991842e+00
1.854161254882812500e+03 4.835847286349036267e+02 1.159816602316992018e+00
1.854182067871093750e+03 4.842278361055133473e+02 1.168638566768645859e+00
1.854202941894531250e+03 4.843903516303537344e+02 1.157841437797979545e+00
1.854223754882812500e+03 4.843293715725849893e+02 1.159292239708100691e+00
1.854244567871093750e+03 4.825516347498648315e+02 1.158104054425758589e+00
1.854265441894531250e+03 4.840991895990126181e+02 1.159854528579261190e+00
1.854286254882812500e+03 4.823010195192821357e+02 1.161386473389939278e+00
1.854307067871093750e+03 4.839196217912322595e+02 1.160582801162628019e+00
1.854327941894531250e+03 4.846637407683733159e+02 1.158641455626997940e+00
1.854348754882812500e+03 4.830300624494367412e+02 1.157981967235485854e+00
1.854369567871093750e+03 4.838665327878824769e+02 1.158394808933181697e+00
1.854390441894531250e+03 4.846254459183211338e+02 1.162518392437877690e+00
1.854411254882812500e+03 4.843423828948954792e+02 1.159289103408102317e+00
1.854432067871093750e+03 4.844459493896025606e+02 1.163569096190990138e+00
1.854452941894531250e+03 4.848993328334989883e+02 1.159805398929065978e+00
1.854473754882812500e+03 4.838872172278827861e+02 1.169730194641578791e+00
1.854494567871093750e+03 4.848820132030841137e+02 1.161226389124451197e+00
1.854515441894531250e+03 4.845157634944920915e+02 1.166996835356199469e+00
1.854536254882812500e+03 4.832631696454123471e+02 1.158044916833404381e+00
1.854557067871093750e+03 4.834860513973992511e+02 1.159130580668578769e+00
1.854577941894531250e+03 4.832260573585601833e+02 1.158666971353315978e+00
1.854598754882812500e+03 4.841623961995580316e+02 1.159442669315154051e+00
1.854619567871093750e+03 4.817138784600500685e+02 1.165322767249798330e+00
1.854640441894531250e+03 4.848679884673064748e+02 1.158649789454240464e+00
1.854661254882812500e+03 4.835975966571118079e+02 1.158905742511944226e+00
1.854682067871093750e+03 4.837284245141322572e+02 1.174677942657762930e+00
1.854702941894531250e+03 4.840819130271481754e+02 1.158625610901238057e+00
1.854723754882812500e+03 4.832294946978140047e+02 1.157759325708611398e+00
1.854744567871093750e+03 4.839296873640246872e+02 1.161907428537200193e+00
1.854765441894531250e+03 4.843005492495731801e+02 1.159151200649072511e+00
1.854786254882812500e+03 4.837927671875778515e+02 1.159380309717404467e+00
1.854807067871093750e+03 4.841314184565641199e+02 1.160263775810092435e+00
1.854827941894531250e+03 4.841108721821390191e+02 1.159819377451406286e+00
1.854848754882812500e+03 4.834273433901432213e+02 1.159990086841976131e+00
1.856411254882812500e+03 4.831384863523808804e+02 1.168197150209069779e+00
1.856432067871093750e+03 4.837065349104327083e+02 1.168483250822361041e+00
1.856452941894531250e+03 4.837694018559797655e+02 1.169392104398411680e+00
1.856473754882812500e+03 4.835292577465763202e+02 1.175278667114116882e+00
1.856494567871093750e+03 4.829979990812661867e+02 1.175998452234222835e+00
1.856515441894531250e+03 4.842273244938581342e+02 1.172621476523816320e+00
1.856536254882812500e+03 4.830656863495707398e+02 1.182028311191896774e+00
1.856557067871093750e+03 4.839435363665720047e+02 1.172721252063031017e+00
1.856577941894531250e+03 4.825178282826454392e+02 1.172576440055979052e+00
1.856598754882812500e+03 4.848928021436461790e+02 1.176244498715320885e+00
1.856619567871093750e+03 4.835619896655798016e+02 1.175019736834398199e+00
1.856640441894531250e+03 4.845562107074337632e+02 1.177839638227083263e+00
1.856661254882812500e+03 4.832617328555086829e+02 1.176036110057605333e+00
1.856682067871093750e+03 4.824298421582543028e+02 1.181382080040764393e+00
1.856702941894531250e+03 4.840214684174692934e+02 1.187126402059680785e+00
1.856723754882812500e+03 4.832476963296901999e+02 1.180450697835941920e+00
1.856744567871093750e+03 4.836731732841751068e+02 1.180620191088727955e+00
1.856765441894531250e+03 4.831108278957860307e+02 1.183521532933747178e+00
1.856786254882812500e+03 4.830587867360114274e+02 1.184693936204948228e+00
1.856807067871093750e+03 4.833724515698094706e+02 1.186823501634759914e+00
1.856827941894531250e+03 4.831834017218607755e+02 1.192485433125645367e+00
1.856848754882812500e+03 4.827872960249817993e+02 1.186911587746309227e+00
1.856869567871093750e+03 4.826952477990259354e+02 1.187128058961508303e+00
1.856890441894531250e+03 4.834541867610491295e+02 1.188609959710089869e+00
1.856911254882812500e+03 4.827540542467217506e+02 1.188996426203997814e+00
1.856932067871093750e+03 4.838197371662318460e+02 1.193915005209844171e+00
1.856952941894531250e+03 4.835371187727570828e+02 1.197914134589573631e+00
1.856973754882812500e+03 4.844047205278921524e+02 1.196265196270222653e+00
1.856994567871093750e+03 4.827147539980086890e+02 1.195999496603384671e+00
1.857015441894531250e+03 4.833686559004585774e+02 1.198707198093881932e+00
1.857036254882812500e+03 4.827207649753048031e+02 1.198962355053760476e+00
1.857057067871093750e+03 4.835166556023285125e+02 1.199251752268815308e+00
1.857077941894531250e+03 4.826974645048114212e+02 1.198837169862934537e+00
1.857098754882812500e+03 4.839454992433358598e+02 1.200184933002183874e+00
1.857119567871093750e+03 4.846913803695076126e+02 1.201815499406480248e+00
1.857140441894531250e+03 4.825622018750186157e+02 1.200981857032538791e+00
1.857161254882812500e+03 4.836880935852993275e+02 1.203113456769782319e+00
1.857182067871093750e+03 4.835005218398144393e+02 1.206253393692223508e+00
1.857202941894531250e+03 4.827240084732671335e+02 1.204560154617410062e+00
1.857223754882812500e+03 4.844633021870184280e+02 1.203631653558435932e+00
1.857244567871093750e+03 4.840051695178895557e+02 1.204926022122581264e+00
1.857265441894531250e+03 4.833513082913650010e+02 1.204321031454989477e+00
1.857286254882812500e+03 4.823726232609306521e+02 1.206838944309907458e+00
1.857307067871093750e+03 4.830175405004940217e+02 1.206986411042663798e+00
1.857327941894531250e+03 4.825895299503085312e+02 1.206957324088182126e+00
1.857348754882812500e+03 4.842436938766661001e+02 1.208882218144593068e+00
1.857369567871093750e+03 4.831318178853371705e+02 1.208536289972292233e+00
1.857390441894531250e+03 4.848707074597149926e+02 1.209617141021651410e+00
1.857411254882812500e+03 4.833968882624042749e+02 1.208052169491177663e+00
1.857432067871093750e+03 4.847262235051445600e+02 1.210167769395096071e+00
1.857452941894531250e+03 4.843831097127453518e+02 1.209633106219901721e+00
1.857473754882812500e+03 4.827176359806426831e+02 1.210045467499774485e+00
1.857494567871093750e+03 4.828157456521609561e+02 1.214047677085850152e+00
1.857515441894531250e+03 4.841884492288608612e+02 1.210158805278052974e+00
1.857536254882812500e+03 4.829580073905985387e+02 1.209573728413981142e+00
1.857557067871093750e+03 4.832636856242907584e+02 1.210608012996480465e+00
1.857577941894531250e+03 4.843600550176044521e+02 1.214599241323750745e+00
1.857598754882812500e+03 4.834700660765266207e+02 1.208622448413414929e+00
1.857619567871093750e+03 4.839053308541105594e+02 1.219457616544203038e+00
1.857640441894531250e+03 4.845186465341506050e+02 1.210756891379474398e+00
1.857661254882812500e+03 4.841400081954857910e+02 1.211309314373833379e+00
1.857682067871093750e+03 4.847677659722864405e+02 1.209375025628456779e+00
1.857702941894531250e+03 4.845739579703140976e+02 1.210890393725274405e+00
1.857723754882812500e+03 4.836510493506902435e+02 1.213535794529057688e+00
1.857744567871093750e+03 4.830752863778849928e+02 1.208828917632345012e+00
1.857765441894531250e+03 4.835974852732881004e+02 1.208751058173678006e+00
1.857786254882812500e+03 4.828750120209949159e+02 1.210824136657514094e+00
1.857807067871093750e+03 4.830455603648078409e+02 1.208438139787795018e+00
1.857827941894531250e+03 4.832854159828687557e+02 1.217118956921570350e+00
1.857848754882812500e+03 4.822848676276933588e+02 1.207072729490557661e+00
1.857869567871093750e+03 4.860821366169007547e+02 1.206155156572478182e+00
1.857890441894531250e+03 4.846295048780006596e+02 1.203754904193335751e+00
1.857911254882812500e+03 4.830930606258817193e+02 1.204960203661194162e+00
1.857932067871093750e+03 4.856343375225818022e+02 1.202284928358425597e+00
1.857952941894531250e+03 4.840306790517817603e+02 1.203421568545927522e+00
1.857973754882812500e+03 4.844178000652136120e+02 1.200461026878989923e+00
1.857994567871093750e+03 4.837511061908168699e+02 1.201506727732389201e+00
1.858015441894531250e+03 4.838363980442516663e+02 1.197802076525758430e+00
1.858036254882812500e+03 4.834591796226313249e+02 1.198234924941061319e+00
1.858057067871093750e+03 4.837442064628134517e+02 1.197995783086752031e+00
1.858077941894531250e+03 4.839467595881455395e+02 1.194583396197555603e+00
1.858098754882812500e+03 4.819532780697989551e+02 1.193351283568875765e+00
1.858119567871093750e+03 4.837640681196167520e+02 1.197609433567374593e+00
1.858140441894531250e+03 4.835567071943933684e+02 1.195313447440775390e+00
1.858161254882812500e+03 4.833721447290668607e+02 1.192374714441942096e+00
1.858182128906250000e+03 4.834894594922903366e+02 1.192374214560012691e+00
1.858202941894531250e+03 4.830276228190757024e+02 1.190442305037213711e+00
1.858223815917968750e+03 4.832775336846662526e+02 1.203768867511184615e+00
1.858244628906250000e+03 4.829147866953003927e+02 1.190592653731256334e+00
1.858265441894531250e+03 4.840569866798850285e+02 1.187588437451370771e+00
1.858286315917968750e+03 4.827907253689490403e+02 1.186183350100585177e+00
1.858307128906250000e+03 4.834116021494629081e+02 1.184499966513108626e+00
1.858327941894531250e+03 4.837157968843226286e+02 1.183746076293372029e+00
1.858348815917968750e+03 4.845063191985778417e+02 1.184182904852703055e+00
1.858369628906250000e+03 4.845535687422655542e+02 1.183241939821079169e+00
1.858390441894531250e+03 4.837549646772443452e+02 1.185104966484274547e+00
1.858411315917968750e+03 4.837760461631511930e+02 1.181013107766483605e+00
1.858432128906250000e+03 4.837771028327198906e+02 1.179863821835716031e+00
1.858452941894531250e+03 4.839267705793039909e+02 1.182236097377087569e+00
1.858473815917968750e+03 4.847089875163943020e+02 1.179324618477875175e+00
1.858494628906250000e+03 4.835450485605201152e+02 1.195022797227420996e+00
1.858515441894531250e+03 4.835464739563786338e+02 1.190494426065379363e+00
1.858536315917968750e+03 4.835114673186361074e+02 1.181751138862914940e+00
1.858557128906250000e+03 4.843094186988730030e+02 1.178614147039618976e+00
1.858577941894531250e+03 4.826713011106398312e+02 1.174950340926063541e+00
1.858598815917968750e+03 4.846909375313603618e+02 1.174183009575157977e+00
1.858619628906250000e+03 4.837347570451407250e+02 1.173927087150794968e+00
1.858640441894531250e+03 4.839825873683279838e+02 1.174822191217406164e+00
1.858661315917968750e+03 4.850931918651244246e+02 1.175240731435458263e+00
1.858682128906250000e+03 4.824357647576288741e+02 1.174070615681999774e+00
1.858702941894531250e+03 4.837033331661214675e+02 1.171245914724873050e+00
1.858723815917968750e+03 4.831792091949426435e+02 1.172645569815595312e+00
1.858744628906250000e+03 4.839982649600194122e+02 1.170484302576815905e+00
1.858765441894531250e+03 4.839329641826328157e+02 1.173197140312286280e+00
1.858786315917968750e+03 4.836341182839517501e+02 1.171980484347554530e+00
1.858807128906250000e+03 4.843576842639755000e+02 1.171836394627778555e+00
1.858827941894531250e+03 4.825731664073419438e+02 1.168941488235833992e+00
1.858848815917968750e+03 4.849971908306892487e+02 1.168992630360185636e+00
1.858869628906250000e+03 4.851603878933702276e+02 1.168823133822204596e+00
1.858890441894531250e+03 4.831921700658118084e+02 1.171341278606846892e+00
1.858911315917968750e+03 4.840215136513729135e+02 1.169769888607492536e+00
1.858932128906250000e+03 4.851483287836946943e+02 1.168623826667244847e+00
1.858952941894531250e+03 4.842114579961434515e+02 1.173114680395734188e+00
1.858973815917968750e+03 4.828188271927218125e+02 1.171054247494647926e+00
1.858994628906250000e+03 4.836284704184960788e+02 1.172994968562868001e+00
1.859015441894531250e+03 4.835436507738574505e+02 1.166224475348226042e+00
1.859036315917968750e+03 4.843540224850012805e+02 1.173149331541154972e+00
1.859057128906250000e+03 4.836854792356719486e+02 1.167517686583292136e+00
1.859077941894531250e+03 4.833933187175867943e+02 1.164999974786979253e+00
1.859098815917968750e+03 4.831661284801140255e+02 1.165789507182346085e+00
1.859119628906250000e+03 4.836964347717637906e+02 1.167229051373795956e+00
1.859140441894531250e+03 4.837303445960399699e+02 1.165542225289238454e+00
1.859161315917968750e+03 4.833545358043836586e+02 1.164089330581624449e+00
1.859182128906250000e+03 4.833268760144711678e+02 1.165319340287600092e+00
1.859202941894531250e+03 4.842949893949236184e+02 1.167813293930408669e+00
1.859223815917968750e+03 4.834015384200785661e+02 1.163891210050450820e+00
1.859244628906250000e+03 4.838970983628939280e+02 1.163134928583551941e+00
1.859265441894531250e+03 4.843444682290808601e+02 1.164497857320738072e+00
1.859286315917968750e+03 4.838945322823112178e+02 1.162202360135637491e+00
1.859307128906250000e+03 4.831485322552879325e+02 1.185130214216584710e+00
1.859327941894531250e+03 4.843428933187439611e+02 1.168511408151510000e+00
1.859348815917968750e+03 4.826763744092249908e+02 1.161152934933923353e+00
1.859369628906250000e+03 4.837393657643957567e+02 1.173238037874247741e+00
1.859390441894531250e+03 4.834087710356966454e+02 1.162172203609512566e+00
1.859411315917968750e+03 4.832195145444439390e+02 1.163974528220786286e+00
1.859432128906250000e+03 4.826089548752451037e+02 1.162762882903567441e+00
1.859452941894531250e+03 4.829762514292560809e+02 1.180987115904372997e+00
1.859473815917968750e+03 4.837511842626760199e+02 1.163222553932047987e+00
1.859494628906250000e+03 4.831234167958389207e+02 1.163497326767903184e+00
1.859515441894531250e+03 4.839855370337387512e+02 1.161313901853282538e+00
1.859536315917968750e+03 4.849786816196278210e+02 1.170472844831774051e+00
1.859557128906250000e+03 4.829982016980381445e+02 1.161564957495782036e+00
1.859577941894531250e+03 4.833685217256584110e+02 1.162368155765618027e+00
1.859598815917968750e+03 4.840762380936844806e+02 1.161956571903321578e+00
1.859619628906250000e+03 4.823079887834531974e+02 1.162119991991286350e+00
1.859640441894531250e+03 4.838795854088504029e+02 1.169248817196929524e+00
1.859661315917968750e+03 4.829663043889995606e+02 1.163522121273248278e+00
1.859682128906250000e+03 4.838532634934746852e+02 1.162637696263600473e+00
1.859702941894531250e+03 4.842153909744567386e+02 1.168713947494865346e+00
1.859723815917968750e+03 4.829524809071426716e+02 1.161871416107937760e+00
1.859744628906250000e+03 4.833797358579313936e+02 1.160135031355177260e+00
1.859765441894531250e+03 4.835787659425338347e+02 1.162960426867631680e+00
1.859786315917968750e+03 4.834028897775307314e+02 1.161599183487276754e+00
1.859807128906250000e+03 4.840902002892854625e+02 1.163916098585900727e+00
1.859827941894531250e+03 4.838105626082582944e+02 1.177083001375854865e+00
1.859848815917968750e+03 4.848998339978399486e+02 1.160207522508380551e+00
1.859869628906250000e+03 4.832512540667149210e+02 1.161583173853671269e+00
1.859890441894531250e+03 4.834282363217577654e+02 1.160539968207474848e+00
1.859911315917968750e+03 4.830094778702829217e+02 1.162814860619617141e+00
1.859932128906250000e+03 4.834110691311121855e+02 1.167428137142038524e+00
1.859952941894531250e+03 4.838056225042538472e+02 1.162788051890534691e+00
1.859973815917968750e+03 4.844077299627433604e+02 1.161928871305365929e+00
1.859994628906250000e+03 4.832505237051506697e+02 1.160130715651109590e+00
1.860015441894531250e+03 4.847035930285055656e+02 1.159999490030768632e+00
1.860036315917968750e+03 4.841804189596299466e+02 1.167987325769402007e+00
1.860057128906250000e+03 4.829281527526645164e+02 1.165466895132024616e+00
1.860077941894531250e+03 4.829669406270263039e+02 1.159471046191530297e+00
1.860098815917968750e+03 4.826103359894491405e+02 1.162889952526468207e+00
1.860119628906250000e+03 4.828729071053452344e+02 1.174896363496879204e+00
1.860140441894531250e+03 4.842217684227564973e+02 1.161620016205758166e+00
1.860161315917968750e+03 4.838465456813203218e+02 1.165874121177181033e+00
1.860182128906250000e+03 4.840730187140392218e+02 1.161179062778021853e+00
1.860202941894531250e+03 4.837202961067616229e+02 1.162618778682543041e+00
1.860223815917968750e+03 4.837475831402880999e+02 1.164178983249559485e+00
1.860244628906250000e+03 4.831218928561767143e+02 1.161655882498453973e+00
1.860265441894531250e+03 4.828869989325942242e+02 1.158448217490059440e+00
1.860286315917968750e+03 4.833888719841675652e+02 1.159921641662907232e+00
1.860307128906250000e+03 4.846699180566906193e+02 1.164461617885101496e+00
1.860327941894531250e+03 4.828468039732626949e+02 1.159670949831694609e+00
1.860348815917968750e+03 4.839977943592724614e+02 1.158755757586054314e+00
1.860369628906250000e+03 4.839309101012311771e+02 1.158658637649656820e+00
1.860390441894531250e+03 4.837731172242908428e+02 1.162138917691715401e+00
1.860411315917968750e+03 4.823261332561588119e+02 1.160885924968819038e+00
1.860432128906250000e+03 4.829177078742149547e+02 1.159811977078212486e+00
1.860452941894531250e+03 4.837868490020103991e+02 1.160786056395636701e+00
1.860473815917968750e+03 4.838701322057801235e+02 1.159224267502469985e+00
1.860494628906250000e+03 4.836692950991614453e+02 1.162252414138791101e+00
1.860515441894531250e+03 4.846722070667699427e+02 1.159623251604952054e+00
1.860536315917968750e+03 4.837177381363983955e+02 1.164903528942572430e+00
1.860557128906250000e+03 4.843026233145844799e+02 1.162013509947591006e+00
1.860577941894531250e+03 4.832426409949097206e+02 1.160161027994817129e+00
1.860598815917968750e+03 4.840027556143326706e+02 1.159306430074180216e+00
1.860619628906250000e+03 4.834486187698933009e+02 1.159635793139161430e+00
1.860640441894531250e+03 4.843072078048742242e+02 1.160666562241606803e+00
1.860661315917968750e+03 4.838470260993942702e+02 1.160458920232894542e+00
1.860682128906250000e+03 4.836661581526017812e+02 1.158313971067196357e+00
1.860702941894531250e+03 4.839827505023638992e+02 1.158876786029103156e+00
1.860723815917968750e+03 4.838107463260307100e+02 1.166828019473914901e+00
1.860744628906250000e+03 4.837253941174924421e+02 1.157856366643143620e+00
1.860765441894531250e+03 4.839173833638869269e+02 1.159034469236746245e+00
1.860786315917968750e+03 4.832518231601212619e+02 1.159319643411063305e+00
1.860807128906250000e+03 4.850031780889262336e+02 1.160811165549817003e+00
1.860827941894531250e+03 4.833193561722042659e+02 1.158294777034091450e+00
1.860848815917968750e+03 4.830834704600286500e+02 1.169022457983940111e+00
1.860869628906250000e+03 4.840624639972272121e+02 1.160040236301421057e+00
1.860890441894531250e+03 4.843275889149046520e+02 1.159874210689986196e+00
1.860911315917968750e+03 4.837176229765573225e+02 1.158970956239331773e+00
1.860932128906250000e+03 4.835057567350999079e+02 1.164974188457293058e+00
1.860952941894531250e+03 4.835996405642512173e+02 1.159795634420131449e+00
1.860973815917968750e+03 4.832941930689544847e+02 1.158719184243516276e+00
1.860994628906250000e+03 4.843148839549015179e+02 1.159788593644258459e+00
1.861015441894531250e+03 4.834270765255843116e+02 1.158720727445852861e+00
1.861036315917968750e+03 4.842927450478978812e+02 1.168565884536026056e+00
1.861057128906250000e+03 4.845185621586476827e+02 1.159401285125457148e+00
1.861077941894531250e+03 4.841436797014851550e+02 1.163616888790236059e+00
1.861098815917968750e+03 4.846567243689633528e+02 1.158112546521345765e+00
1.861119628906250000e+03 4.826270965503420598e+02 1.161241428438053003e+00
1.861140441894531250e+03 4.831857857075272591e+02 1.159280414270347226e+00
1.861161315917968750e+03 4.828297371099809538e+02 1.162159894598457699e+00
1.861182128906250000e+03 4.838769833906501958e+02 1.160300968276217093e+00
1.861202941894531250e+03 4.831747757528747229e+02 1.158034211010823267e+00
1.861223815917968750e+03 4.826712891068921181e+02 1.161732331987318068e+00
1.861244628906250000e+03 4.822667022409223705e+02 1.169414735136301564e+00
1.861265441894531250e+03 4.830286251593248039e+02 1.160490610767596298e+00
1.861286315917968750e+03 4.837475348239509572e+02 1.172841906607057005e+00
1.861307128906250000e+03 4.827948382293201348e+02 1.160763616875977178e+00
1.861327941894531250e+03 4.830585069075250999e+02 1.162569048071736555e+00
1.861348815917968750e+03 4.841665545414903704e+02 1.164890992954670912e+00
1.861369628906250000e+03 4.844086277963044722e+02 1.157732605848164731e+00
1.861390441894531250e+03 4.828793218388344144e+02 1.158993739034677395e+00
1.861411315917968750e+03 4.845304051180017950e+02 1.159680150018260303e+00
1.861432128906250000e+03 4.839927402081432888e+02 1.160798071886876004e+00
1.861452941894531250e+03 4.842499624685767685e+02 1.157824655487046828e+00
1.861473815917968750e+03 4.829729781830972684e+02 1.160904665414605130e+00
1.861494628906250000e+03 4.834631235533665290e+02 1.158268326826571881e+00
1.861515441894531250e+03 4.828789589592126390e+02 1.164283168281760261e+00
1.861536315917968750e+03 4.830114709120213661e+02 1.158138640025432542e+00
1.861557128906250000e+03 4.839182734386803872e+02 1.157911756124627489e+00
1.861577941894531250e+03 4.849077138582183579e+02 1.159138191078151969e+00
1.861598815917968750e+03 4.828112741594318322e+02 1.158444667286667062e+00
1.861619628906250000e+03 4.839863779957644283e+02 1.158176055128693260e+00
1.861640441894531250e+03 4.846876349218901510e+02 1.158954961729428357e+00
1.861661315917968750e+03 4.827695043271085638e+02 1.159267046238934729e+00
1.861682128906250000e+03 4.849096544729532070e+02 1.159178710525730960e+00
1.861702941894531250e+03 4.828074577527237921e+02 1.159445650976122177e+00
1.861723815917968750e+03 4.830263529567146179e+02 1.166410344213108186e+00
1.861744628906250000e+03 4.829411932254204203e+02 1.157790317914935807e+00
1.861765441894531250e+03 4.840708160207492483e+02 1.160202025464122544e+00
1.861786315917968750e+03 4.826820546728542354e+02 1.158246661907007535e+00
1.861807128906250000e+03 4.843781387184222922e+02 1.158435457288012893e+00
1.861827941894531250e+03 4.828688955225086374e+02 1.159808636616511679e+00
1.861848815917968750e+03 4.842534099417225093e+02 1.160005193567159587e+00
1.861869628906250000e+03 4.837262481696456007e+02 1.158597213318086183e+00
1.861890441894531250e+03 4.829804388293786701e+02 1.178134780559871198e+00
1.861911315917968750e+03 4.848181596450314714e+02 1.160159486708316479e+00
1.861932128906250000e+03 4.842057048378215995e+02 1.159610966937894672e+00
1.861973815917968750e+03 4.838574203896580457e+02 1.158937218365328814e+00
1.861994628906250000e+03 4.838836872760650181e+02 1.158520093905754500e+00
1.862015441894531250e+03 4.842243912214922261e+02 1.160283348237149736e+00
1.862036315917968750e+03 4.838441535386458554e+02 1.157387972491946471e+00
1.862057128906250000e+03 4.840500901400761222e+02 1.158817636435586884e+00
1.862077941894531250e+03 4.840988721023712742e+02 1.160346275719498665e+00
1.862098815917968750e+03 4.834894279946677784e+02 1.158825403206575455e+00
1.862119628906250000e+03 4.830589707508477773e+02 1.162064290173902226e+00
1.862140441894531250e+03 4.838233146208360722e+02 1.158762804637557764e+00
1.862161315917968750e+03 4.832595331820454589e+02 1.159282470876882298e+00
1.862182128906250000e+03 4.828981696229349723e+02 1.158124795616201963e+00
1.862202941894531250e+03 4.826947253451249935e+02 1.160588501832424901e+00
1.862223815917968750e+03 4.829445017000654161e+02 1.157975533109992794e+00
1.862244628906250000e+03 4.848079038274018444e+02 1.159650184896534375e+00
1.862265441894531250e+03 4.825007234342148195e+02 1.160070191347948088e+00
1.862286315917968750e+03 4.841414202837492553e+02 1.160461899282733800e+00
1.862307128906250000e+03 4.835190141535062480e+02 1.173864227602956722e+00
1.862327941894531250e+03 4.836320999548310624e+02 1.159779188745572842e+00
1.862348815917968750e+03 4.829697777923872763e+02 1.160079491127859574e+00
1.862369628906250000e+03 4.825693464873758103e+02 1.161138407803617989e+00
1.862390441894531250e+03 4.845314213843278139e+02 1.157822853690738230e+00
1.862411315917968750e+03 4.839225712719751868e+02 1.159813056302244183e+00
1.862432128906250000e+03 4.836770710530013844e+02 1.159493202291534963e+00
1.862452941894531250e+03 4.838224180263032395e+02 1.167556996312281159e+00
1.862473815917968750e+03 4.839334527108582051e+02 1.161118849789892327e+00
1.862494628906250000e+03 4.827868546113169828e+02 1.159209253437052833e+00
1.862515441894531250e+03 4.834239074207883959e+02 1.158469775737898999e+00
1.862536315917968750e+03 4.834323103330347067e+02 1.158965350471596212e+00
1.862557128906250000e+03 4.831518845643667532e+02 1.164550064694485965e+00
1.862577941894531250e+03 4.835243560868702843e+02 1.160650488389213697e+00
1.862598815917968750e+03 4.841380772961727530e+02 1.158913148672003013e+00
1.862619628906250000e+03 4.839968918875673012e+02 1.159813056302244183e+00
1.862640441894531250e+03 4.837467707974225277e+02 1.174176562700517623e+00
1.862661315917968750e+03 4.840878759572432273e+02 1.160211683804937222e+00
1.862682128906250000e+03 4.843086351820143136e+02 1.159942042037413801e+00
1.862702941894531250e+03 4.828800216493769426e+02 1.158347006701079041e+00
1.862723815917968750e+03 4.848227765035013590e+02 1.160615464080436254e+00
1.862744628906250000e+03 4.836982602634064961e+02 1.157756082290227972e+00
1.862765441894531250e+03 4.831930849648171602e+02 1.157928228321718933e+00
1.862786315917968750e+03 4.837265324495097616e+02 1.163552857529871920e+00
1.862807128906250000e+03 4.832288025319048757e+02 1.167417057856830143e+00
1.862827941894531250e+03 4.844717881439254938e+02 1.158428768416274179e+00
1.862848815917968750e+03 4.825084190953215852e+02 1.157495240516846824e+00
1.862869628906250000e+03 4.823229959505709417e+02 1.158803440083884251e+00
1.862890441894531250e+03 4.836616209831932451e+02 1.161391502932364261e+00
1.862911315917968750e+03 4.833406543427640258e+02 1.161906966846452560e+00
1.862932128906250000e+03 4.840369018339951594e+02 1.159274809999021105e+00
1.862952941894531250e+03 4.837796423110267483e+02 1.160274974772021128e+00
1.862973815917968750e+03 4.829323520814521089e+02 1.158783534036960772e+00
1.862994628906250000e+03 4.837809519079640381e+02 1.159921898596806944e+00
1.863015441894531250e+03 4.839376644281641688e+02 1.165596738170989743e+00
1.863036315917968750e+03 4.836167659588807055e+02 1.159945947357863272e+00
1.863057128906250000e+03 4.844940127245824328e+02 1.175525675526883917e+00
1.863077941894531250e+03 4.837839176811417587e+02 1.160830626054406123e+00
1.863098815917968750e+03 4.824197244769809458e+02 1.161738283548528150e+00
1.863119628906250000e+03 4.847661480985926801e+02 1.159574985992692708e+00
1.863140441894531250e+03 4.839754931964440061e+02 1.158786517393942450e+00
1.863161315917968750e+03 4.847435954103344216e+02 1.158524415609667013e+00
1.863182128906250000e+03 4.846315205839502482e+02 1.158788420565935562e+00
1.863202941894531250e+03 4.853153142772593469e+02 1.158083055522030946e+00
1.863223815917968750e+03 4.842109789721253605e+02 1.168119644062954876e+00
1.863244628906250000e+03 4.833040165889068476e+02 1.157674427525627658e+00
1.863265441894531250e+03 4.815786034115539564e+02 1.156852462112109015e+00
1.863286315917968750e+03 4.831707998033558624e+02 1.165214634062161636e+00
1.863307128906250000e+03 4.838311914900461943e+02 1.183220631421743940e+00
1.863327941894531250e+03 4.829740809037818394e+02 1.159658305880794993e+00
1.863348815917968750e+03 4.832964059320826209e+02 1.162149534413110308e+00
1.863369628906250000e+03 4.830731709714638669e+02 1.169625628478645929e+00
1.863390441894531250e+03 4.842283073975448247e+02 1.158876888895331581e+00
1.863411315917968750e+03 4.827030023891110773e+02 1.161576041285597771e+00
1.863432128906250000e+03 4.834480613356031427e+02 1.166749502828854590e+00
1.863452941894531250e+03 4.838880396484477728e+02 1.159664268086200600e+00
1.863473815917968750e+03 4.842754379618534699e+02 1.161481979653999685e+00
1.863494628906250000e+03 4.832257952062930144e+02 1.157431849044994854e+00
1.863515441894531250e+03 4.825066363999944201e+02 1.158247588206397838e+00
1.863536315917968750e+03 4.825921725526475825e+02 1.159391877084954281e+00
1.863557128906250000e+03 4.838422444844209735e+02 1.159766340400061324e+00
1.863577941894531250e+03 4.841473302136377015e+02 1.158386833455673282e+00
1.863598815917968750e+03 4.839725645561700276e+02 1.159226272791007206e+00
1.863619628906250000e+03 4.844057202515927543e+02 1.158506408403672916e+00
1.863640441894531250e+03 4.840474419718394188e+02 1.157920249630515208e+00
1.863661315917968750e+03 4.851511143052095463e+02 1.161464223575909172e+00
1.863682128906250000e+03 4.830045860731470952e+02 1.158875963098946471e+00
1.863702941894531250e+03 4.840060116005001305e+02 1.159469246953686028e+00
1.863723815917968750e+03 4.838470292617543578e+02 1.159818657972751410e+00
1.863744628906250000e+03 4.849321615233116063e+02 1.162270568439186080e+00
1.863765441894531250e+03 4.833422621437698012e+02 1.163301103677408799e+00
1.863786315917968750e+03 4.846998951581138613e+02 1.164536347689642648e+00
1.863807128906250000e+03 4.834567417573965713e+02 1.159806375375437959e+00
1.863827941894531250e+03 4.835160620135026193e+02 1.158192163322257828e+00
1.863848815917968750e+03 4.836493132441233911e+02 1.158457993356216020e+00
1.863869628906250000e+03 4.843848319516011429e+02 1.157520524042801702e+00
1.863890441894531250e+03 4.835756545694491138e+02 1.171583673505116163e+00
1.863911315917968750e+03 4.833854444320594439e+02 1.160108109319882841e+00
1.863932128906250000e+03 4.831867867431799368e+02 1.160849572775779048e+00
1.863952941894531250e+03 4.845284619331198428e+02 1.157531492080883462e+00
1.863973815917968750e+03 4.824905515013525132e+02 1.157400126257705386e+00
1.863994628906250000e+03 4.829385829790279558e+02 1.158436074720380127e+00
1.864015441894531250e+03 4.835704103904487852e+02 1.167041780702896991e+00
1.864036315917968750e+03 4.847896810205321003e+02 1.158642072949590096e+00
1.864057128906250000e+03 4.823055905291852810e+02 1.158346646504543997e+00
1.864077941894531250e+03 4.830697723348248473e+02 1.158855801127563367e+00
1.864098815917968750e+03 4.836052463589878698e+02 1.167944407129657414e+00
1.864119628906250000e+03 4.832326115121406929e+02 1.161241531094814317e+00
1.864140441894531250e+03 4.828888374746144905e+02 1.164984114215254607e+00
1.864161315917968750e+03 4.834462281394650063e+02 1.157743211492785917e+00
1.864182128906250000e+03 4.838543366256793092e+02 1.157427420266521345e+00
1.864202941894531250e+03 4.845637559261501224e+02 1.159490220752846357e+00
1.864223815917968750e+03 4.833524077828903955e+02 1.159659385247838959e+00
1.864244628906250000e+03 4.842918330027761726e+02 1.159844045021032999e+00
1.864265441894531250e+03 4.841814297226948725e+02 1.158653236143047272e+00
1.864286315917968750e+03 4.832546861586726550e+02 1.158870562605292864e+00
1.864307128906250000e+03 4.830965315964840556e+02 1.158535837178117145e+00
1.864327941894531250e+03 4.833747988147706565e+02 1.157486692397406092e+00
1.864348815917968750e+03 4.841281394911401321e+02 1.161477104457279808e+00
1.864369628906250000e+03 4.827653712194964442e+02 1.159626849599952214e+00
1.864390441894531250e+03 4.836211543982084891e+02 1.157650125626098481e+00
1.864411315917968750e+03 4.839762493802179506e+02 1.159318563727707474e+00
1.864432128906250000e+03 4.839699662214769660e+02 1.162907943109704689e+00
1.864452941894531250e+03 4.830804182740747024e+02 1.158620260685162551e+00
1.864473815917968750e+03 4.841838555882717401e+02 1.158013210840585838e+00
1.864494628906250000e+03 4.840101104542131338e+02 1.170400378361847515e+00
1.864515441894531250e+03 4.841807212331925143e+02 1.158928372296822662e+00
1.864536315917968750e+03 4.829378536106077036e+02 1.157379990076352616e+00
1.864557128906250000e+03 4.839515277001242453e+02 1.166139477872489394e+00
1.864577941894531250e+03 4.829501688391772518e+02 1.160364151638990649e+00
1.864598815917968750e+03 4.841445494829117706e+02 1.158808686581947578e+00
1.864619628906250000e+03 4.832787438324143068e+02 1.158446776829125113e+00
1.864640441894531250e+03 4.831108879523206383e+02 1.159555555818048589e+00
1.864661315917968750e+03 4.825715842725812763e+02 1.158069261917284543e+00
1.864682128906250000e+03 4.838955961150876419e+02 1.158447034090137606e+00
1.864702941894531250e+03 4.833224132310797927e+02 1.158533933591195053e+00
1.864723815917968750e+03 4.834785854532715916e+02 1.171318990411877259e+00
1.864744628906250000e+03 4.834843085192554213e+02 1.173556075727483883e+00
1.864765441894531250e+03 4.845272004824612964e+02 1.160285814031314366e+00
1.864786315917968750e+03 4.838835888034271306e+02 1.159310440363548800e+00
1.864807128906250000e+03 4.841099486528468674e+02 1.160014750781488857e+00
1.864827941894531250e+03 4.843927873281581356e+02 1.159780011034839076e+00
1.864848815917968750e+03 4.835948074051489698e+02 1.158403504713826582e+00
1.864869628906250000e+03 4.827370902727075190e+02 1.170179488360983955e+00
1.864890441894531250e+03 4.845132880241766316e+02 1.165516502096622276e+00
1.864911315917968750e+03 4.831461625734203267e+02 1.158418786489701535e+00
1.864932128906250000e+03 4.834398592611444769e+02 1.158630395208150698e+00
1.864952941894531250e+03 4.821614492047919498e+02 1.163965105936395572e+00
1.864973815917968750e+03 4.828188277026852688e+02 1.164402700802138702e+00
1.864994628906250000e+03 4.839489060992707437e+02 1.165720584417270667e+00
1.865015441894531250e+03 4.840347157821793758e+02 1.157778271209048748e+00
1.865036315917968750e+03 4.844469561229601595e+02 1.160683508873672887e+00
1.865057128906250000e+03 4.827832958303479813e+02 1.157476547860493810e+00
1.865077941894531250e+03 4.830283318538295703e+02 1.159084917161790962e+00
1.865098815917968750e+03 4.839181994620679461e+02 1.161503327642855909e+00
1.865119628906250000e+03 4.837549135926097961e+02 1.166174642943299977e+00
1.865140441894531250e+03 4.849090541997472315e+02 1.157682201966287350e+00
1.865161315917968750e+03 4.838329490879342529e+02 1.159005053123274065e+00
1.865182128906250000e+03 4.842753394608693611e+02 1.156827112460798723e+00
1.865202941894531250e+03 4.834462466652455532e+02 1.157067757184462087e+00
1.865223815917968750e+03 4.828675476543971286e+02 1.158143426344028670e+00
1.865244628906250000e+03 4.841648552244277539e+02 1.164693571729419341e+00
1.865265441894531250e+03 4.833341738440637414e+02 1.159017087078114683e+00
1.865286315917968750e+03 4.837021788009853935e+02 1.158309802952994350e+00
1.865307128906250000e+03 4.844477720857557870e+02 1.157875156122950999e+00
1.865327941894531250e+03 4.838533534207276148e+02 1.157427059783806778e+00
1.865348815917968750e+03 4.831676645879213652e+02 1.159517516967396134e+00
1.865369628906250000e+03 4.848490414550633432e+02 1.157750985471552863e+00
1.865390441894531250e+03 4.831060866465838899e+02 1.157837731296248895e+00
1.865411315917968750e+03 4.847654565843808427e+02 1.162715311517618311e+00
1.865432128906250000e+03 4.838330176539873264e+02 1.158794284373505290e+00
1.865452941894531250e+03 4.852173760987976152e+02 1.161205908653792696e+00
1.865473815917968750e+03 4.834121672873403668e+02 1.159655324766597051e+00
1.865515441894531250e+03 4.841893186315597859e+02 1.160800947370609126e+00
1.865536315917968750e+03 4.839773323288050051e+02 1.157870420173220172e+00
1.865557128906250000e+03 4.838337803871216352e+02 1.158996567567181168e+00
1.865577941894531250e+03 4.838423855794175665e+02 1.159224627426309162e+00
1.865598815917968750e+03 4.836239012375449988e+02 1.159502146861600247e+00
1.865619628906250000e+03 4.838975035831612104e+02 1.160061097015934850e+00
1.865640441894531250e+03 4.847499395754787201e+02 1.157907483610234767e+00
1.865661315917968750e+03 4.851397517042894378e+02 1.161020387383461916e+00
1.865682128906250000e+03 4.838847866416743386e+02 1.160253295949648988e+00
1.865702941894531250e+03 4.836844837088644908e+02 1.157539267481548118e+00
1.865723815917968750e+03 4.836727995369203654e+02 1.159878732903228515e+00
1.865744628906250000e+03 4.831846560167347775e+02 1.157256744892525280e+00
1.865765441894531250e+03 4.835790459898182121e+02 1.158887844096397890e+00
1.865786315917968750e+03 4.834138041545908209e+02 1.158680449191634709e+00
1.865807128906250000e+03 4.836256047936127516e+02 1.157895695506844458e+00
1.865827941894531250e+03 4.837865507149432460e+02 1.157728898998005684e+00
1.865848815917968750e+03 4.835500792852748191e+02 1.159259796588201219e+00
1.865869628906250000e+03 4.840997480962294048e+02 1.160003292391478480e+00
1.865890441894531250e+03 4.841086635948907997e+02 1.157454507646463959e+00
1.865911315917968750e+03 4.842182501114592696e+02 1.159382109093270108e+00
1.865932128906250000e+03 4.838495575021599961e+02 1.157973885968119010e+00
1.865952941894531250e+03 4.836491147694709412e+02 1.158298739367245922e+00
1.865973815917968750e+03 4.829929313422705945e+02 1.166245480985564464e+00
1.865994628906250000e+03 4.829259057054688355e+02 1.160256840618922203e+00
1.866015441894531250e+03 4.831755553427468612e+02 1.158849011813353647e+00
1.866036315917968750e+03 4.840023144045298409e+02 1.158197515515900555e+00
1.866057128906250000e+03 4.845859663005329026e+02 1.157973268289312463e+00
1.866077941894531250e+03 4.836826572901799182e+02 1.157799584526479020e+00
1.866098815917968750e+03 4.837106350514306428e+02 1.157017478886676054e+00
1.866119628906250000e+03 4.843055588761097283e+02 1.159554733369611457e+00
1.866140441894531250e+03 4.842114916877440578e+02 1.157892246563072325e+00
1.866161315917968750e+03 4.846902715492475409e+02 1.158176415378282753e+00
1.866182128906250000e+03 4.841343030085614600e+02 1.157854204546453714e+00
1.866202941894531250e+03 4.843881894306277331e+02 1.158447600064164140e+00
1.866223815917968750e+03 4.846716432494244486e+02 1.174511905504267206e+00
1.866244628906250000e+03 4.840020035175820112e+02 1.165152174134381324e+00
1.866265441894531250e+03 4.836078529487497235e+02 1.162759294612580874e+00
1.866286315917968750e+03 4.844607311058384198e+02 1.167186615520994897e+00
1.866307128906250000e+03 4.834240358391264749e+02 1.160128711925906719e+00
1.866327941894531250e+03 4.846217241372770559e+02 1.162930392506992261e+00
1.866348815917968750e+03 4.835364275853409595e+02 1.161769015694049667e+00
1.866369628906250000e+03 4.837272657301969616e+02 1.156802998862330067e+00
1.866390441894531250e+03 4.821718617418556505e+02 1.157034272905376637e+00
1.866411315917968750e+03 4.836906659701854778e+02 1.157424690894603314e+00
1.866432128906250000e+03 4.849165196654913643e+02 1.167622798857570920e+00
1.866452941894531250e+03 4.837722873502945049e+02 1.158776281361230343e+00
1.866473815917968750e+03 4.842304530866397840e+02 1.169723162707427822e+00
1.866494628906250000e+03 4.835125545827626183e+02 1.161894552426446348e+00
1.866515441894531250e+03 4.846062608413750468e+02 1.159023052582055513e+00
1.866536315917968750e+03 4.835051871742903131e+02 1.159613845365281115e+00
1.866557128906250000e+03 4.846964342381351685e+02 1.162355079641814282e+00
1.866577941894531250e+03 4.829902936252817085e+02 1.169150733585418767e+00
1.866598815917968750e+03 4.828532206527941639e+02 1.157140749554337766e+00
1.866619628906250000e+03 4.829336023971438294e+02 1.157811528049735417e+00
1.866640441894531250e+03 4.841167943690299467e+02 1.158707404397957941e+00
1.866661315917968750e+03 4.837863944460072503e+02 1.159800413900565541e+00
1.866682128906250000e+03 4.821045983828009298e+02 1.157648426533533614e+00
1.866702941894531250e+03 4.819646037282756197e+02 1.158650612545036651e+00
1.866723815917968750e+03 4.837903614564541499e+02 1.167637806831859582e+00
1.866744628906250000e+03 4.836506545286536038e+02 1.158682352537847793e+00
1.866765441894531250e+03 4.838715863224859390e+02 1.157430407118980265e+00
1.866786315917968750e+03 4.832856351341582126e+02 1.156690359028690995e+00
1.866807128906250000e+03 4.833290316975192127e+02 1.156701077289265855e+00
1.866827941894531250e+03 4.832924021156690628e+02 1.159588453277202946e+00
1.866848815917968750e+03 4.828927419916966528e+02 1.157219403079778441e+00
1.866869628906250000e+03 4.834371032714843750e+02 1.158523335185200454e+00
1.866890441894531250e+03 4.828045997095741200e+02 1.157544983140119221e+00
1.866911315917968750e+03 4.834377467177583299e+02 1.165146700418489667e+00
1.866932128906250000e+03 4.831365811261400722e+02 1.161953801873242709e+00
1.866952941894531250e+03 4.822505508879520448e+02 1.174416291554979619e+00
1.866973815917968750e+03 4.828338753957831955e+02 1.161314107153983421e+00
1.866994628906250000e+03 4.832473286536190926e+02 1.161984938683131352e+00
1.867015441894531250e+03 4.831712233040328215e+02 1.157011606074144439e+00
1.867036315917968750e+03 4.837859258767015831e+02 1.160862203751564126e+00
1.867057128906250000e+03 4.824759245039212487e+02 1.168867702983116263e+00
1.867077941894531250e+03 4.828067408265974336e+02 1.157803651515904475e+00
1.867098815917968750e+03 4.827325579336364285e+02 1.158318499371799870e+00
1.867119628906250000e+03 4.833688608902257329e+02 1.158029681594552107e+00
1.867140441894531250e+03 4.834596783275397911e+02 1.157502037771585668e+00
1.867161315917968750e+03 4.843465462241707087e+02 1.162907584325864274e+00
1.867182128906250000e+03 4.838483323164024341e+02 1.157872788150506871e+00
1.867202941894531250e+03 4.843327553311610245e+02 1.166549790295521527e+00
1.867223815917968750e+03 4.845292627047510337e+02 1.158656014063877304e+00
1.867244628906250000e+03 4.828118921569133022e+02 1.168821450971620379e+00
1.867265441894531250e+03 4.835063115975705728e+02 1.163035509375933030e+00
1.867286315917968750e+03 4.833878623002614745e+02 1.157028297147518092e+00
1.867307128906250000e+03 4.832540940958202782e+02 1.157473458136156541e+00
1.867327941894531250e+03 4.835047949403669918e+02 1.157006969622141668e+00
1.867348815917968750e+03 4.834890102221618804e+02 1.158409730646851932e+00
1.867369628906250000e+03 4.827507153628299079e+02 1.168676614752378606e+00
1.867390441894531250e+03 4.829495522002471262e+02 1.157630560166797107e+00
1.867411315917968750e+03 4.835286432356532487e+02 1.157381792562105494e+00
1.867432128906250000e+03 4.827174859245224638e+02 1.158275016624837672e+00
1.867473815917968750e+03 4.843918579511279177e+02 1.160034532937324503e+00
1.867494628906250000e+03 4.833191717638600835e+02 1.158586512598954954e+00
1.867515441894531250e+03 4.836477767834577435e+02 1.158523335185200454e+00
1.867536315917968750e+03 4.841742606257738544e+02 1.158141367714798697e+00
1.867557128906250000e+03 4.844737102031537574e+02 1.156817322812627502e+00
1.867577941894531250e+03 4.824017278267272673e+02 1.157393122408273856e+00
1.867598815917968750e+03 4.832270189638241504e+02 1.157737239394173390e+00
1.867619628906250000e+03 4.829439703901838357e+02 1.159331314209826269e+00
1.867640441894531250e+03 4.831305553991273314e+02 1.156813509979870647e+00
1.867661315917968750e+03 4.835174683211129150e+02 1.158978824840045219e+00
1.867682128906250000e+03 4.842887853839600325e+02 1.157580151841600236e+00
1.867702941894531250e+03 4.836503609554827108e+02 1.157328386293625888e+00
1.867723815917968750e+03 4.832394955120683449e+02 1.159842965825836014e+00
1.867744628906250000e+03 4.832507181926180806e+02 1.161042667929008010e+00
1.867765441894531250e+03 4.846038280763817738e+02 1.158252116770531970e+00
1.867786315917968750e+03 4.829732206302661552e+02 1.159349308603246476e+00
1.867807128906250000e+03 4.839632963453544221e+02 1.157444259833922962e+00
1.867827941894531250e+03 4.830370380251731035e+02 1.157728693061537584e+00
1.867848754882812500e+03 4.839952830836218141e+02 1.167292574604658739e+00
1.867869567871093750e+03 4.831399390542651986e+02 1.156936390225290934e+00
1.867890441894531250e+03 4.827005279096952677e+02 1.157821051891625430e+00
1.867911254882812500e+03 4.825353286767672785e+02 1.159876112077247612e+00
1.867932067871093750e+03 4.842235755710450462e+02 1.159742339309353110e+00
1.867952941894531250e+03 4.839215099413362964e+02 1.158101069310699893e+00
1.867973754882812500e+03 4.841001507281213208e+02 1.158326989895217096e+00
1.867994567871093750e+03 4.822283209399852240e+02 1.157072908526008304e+00
1.868015441894531250e+03 4.837123522611852877e+02 1.163521301628623661e+00
1.868036254882812500e+03 4.825492754569186786e+02 1.159135208626300040e+00
1.868057067871093750e+03 4.842333161549677243e+02 1.160855169444608093e+00
1.868077941894531250e+03 4.822724585035195446e+02 1.158732301397866093e+00
1.868098754882812500e+03 4.837143642881364372e+02 1.166139375646900511e+00
1.868119567871093750e+03 4.837224027242908733e+02 1.159901754806379026e+00
1.868140441894531250e+03 4.831153460132582040e+02 1.157925242753383044e+00
1.868161254882812500e+03 4.828896135066984812e+02 1.159938085317759437e+00
1.868182067871093750e+03 4.836585127832158264e+02 1.158684873180723551e+00
1.868202941894531250e+03 4.825736221726124313e+02 1.156952155047964448e+00
1.868223754882812500e+03 4.831019770650266878e+02 1.157187004861872426e+00
1.868244567871093750e+03 4.831090292892262710e+02 1.164708873326466776e+00
1.868265441894531250e+03 4.849044363833013449e+02 1.159531961596833138e+00
1.868286254882812500e+03 4.832787450876503499e+02 1.158569792527452513e+00
1.868307067871093750e+03 4.847182373092411467e+02 1.159078951976252325e+00
1.868327941894531250e+03 4.840377218420259169e+02 1.158702003118683654e+00
1.868348754882812500e+03 4.833297365130496814e+02 1.158249852490678133e+00
1.868369567871093750e+03 4.839215202546500905e+02 1.159846768699683839e+00
1.868390441894531250e+03 4.820293388968044042e+02 1.158026696287777879e+00
1.868411254882812500e+03 4.827593758245977824e+02 1.167393214061516415e+00
1.868432067871093750e+03 4.833059806756961621e+02 1.166622649225286024e+00
1.868452941894531250e+03 4.832227654958318794e+02 1.159491197464640466e+00
1.868473754882812500e+03 4.830347642371312986e+02 1.157244795643543878e+00
1.868494567871093750e+03 4.841167477192235538e+02 1.158511862044178775e+00
1.868515441894531250e+03 4.825060576410732551e+02 1.157879119892073927e+00
1.868536254882812500e+03 4.838200412351965269e+02 1.156952361122655537e+00
1.868557067871093750e+03 4.829380160830663158e+02 1.160131589068704727e+00
1.868577941894531250e+03 4.821878805848637626e+02 1.156633365071092268e+00
1.868598754882812500e+03 4.843587117713463499e+02 1.159047119993029229e+00
1.868619567871093750e+03 4.839585527115226000e+02 1.165762051049856751e+00
1.868640441894531250e+03 4.843477566004896175e+02 1.162981286453479868e+00
1.868661254882812500e+03 4.834133079330565579e+02 1.157672625495504759e+00
1.868682067871093750e+03 4.826675910678055743e+02 1.158013828498087427e+00
1.868702941894531250e+03 4.835381231317624611e+02 1.157956127570993754e+00
1.868723754882812500e+03 4.830720770304776011e+02 1.156972041086514746e+00
1.868744567871093750e+03 4.845674841038417071e+02 1.160902611681881913e+00
1.868765441894531250e+03 4.836140898906112966e+02 1.157204981091614737e+00
1.868786254882812500e+03 4.847916433615795313e+02 1.159082757356779236e+00
1.868807067871093750e+03 4.837382162504476923e+02 1.158243419853306921e+00
