1.928119323730468750e+03 2.005073360763494748e+03 2.332095658069417876e+00
1.928140136718750000e+03 2.009464349986111301e+03 2.335277553456647670e+00
1.928160949707031250e+03 2.008613240495223181e+03 2.328812158546433864e+00
1.928181823730468750e+03 2.012527593892039476e+03 2.325079647873921740e+00
1.928202636718750000e+03 2.007507037707463496e+03 2.319607714339925408e+00
1.928223449707031250e+03 2.007670476753789444e+03 2.313444820909305921e+00
1.928244323730468750e+03 2.009017736342064381e+03 2.308523419078595040e+00
1.928265136718750000e+03 2.005653370982807246e+03 2.304558288055577719e+00
1.928285949707031250e+03 2.009557458636319097e+03 2.288063013382815480e+00
1.928306823730468750e+03 2.010533729312665855e+03 2.274563539997366490e+00
1.928327636718750000e+03 2.009184584618192275e+03 2.254281738315041306e+00
1.928348449707031250e+03 2.007911118550105130e+03 2.234980787838964034e+00
1.928369323730468750e+03 2.010167767331090545e+03 2.211959548718288815e+00
1.928390136718750000e+03 2.009983386241422522e+03 2.193144790329653038e+00
1.928410949707031250e+03 2.011524710279295505e+03 2.173823628245292738e+00
1.928431823730468750e+03 2.010804919029137636e+03 2.167164036321927334e+00
1.928452636718750000e+03 2.010393689024323976e+03 2.148006215589115087e+00
1.928473449707031250e+03 2.005748082659431930e+03 2.139526085117095189e+00
1.928494323730468750e+03 2.008371253697830070e+03 2.138119198530054721e+00
1.928515136718750000e+03 2.010010228901762275e+03 2.133603351114657265e+00
1.928535949707031250e+03 2.004401114902170775e+03 2.131836161174404332e+00
1.928556823730468750e+03 2.003814146421294936e+03 2.129846095940976625e+00
1.928577636718750000e+03 2.004141544542561860e+03 2.127099738834593357e+00
1.928598449707031250e+03 2.006941221499112544e+03 2.126225286538613979e+00
1.928619323730468750e+03 2.013564796507337633e+03 2.127255869215448403e+00
1.928640136718750000e+03 2.005167160471376519e+03 2.122204119364880626e+00
1.928660949707031250e+03 2.003598142845439725e+03 2.118235311193647163e+00
1.928681823730468750e+03 2.010935599056628234e+03 2.117028937789349197e+00
1.928702697753906250e+03 2.005644301129827909e+03 2.113771956299862254e+00
1.928723510742187500e+03 2.004798294501601049e+03 2.106182140309902362e+00
1.928744323730468750e+03 2.005265544347156720e+03 2.099532157010297606e+00
1.928765197753906250e+03 2.004898609588546606e+03 2.094426629350190527e+00
1.928786010742187500e+03 2.005169017270213772e+03 2.088111687314922360e+00
1.928806823730468750e+03 2.002347427687323034e+03 2.082615410765443098e+00
1.928827697753906250e+03 2.007173920959473435e+03 2.080057149432092967e+00
1.928848510742187500e+03 2.005711757296285214e+03 2.076582142297115130e+00
1.928869323730468750e+03 2.006454380908578059e+03 2.076530705446081537e+00
1.928890197753906250e+03 2.004424872680958288e+03 2.078385645073704158e+00
1.928911010742187500e+03 2.004418347315453502e+03 2.077171049367108946e+00
1.928931823730468750e+03 2.003042024036359180e+03 2.074286910551762730e+00
1.928952697753906250e+03 2.004154169775015362e+03 2.069358634734242752e+00
1.928973510742187500e+03 2.003396667682851330e+03 2.059321179070155328e+00
1.928994323730468750e+03 2.008893277778176525e+03 2.049107506161611969e+00
1.929015197753906250e+03 2.005677253007094805e+03 2.040955348242706524e+00
1.929036010742187500e+03 2.010585131316239313e+03 2.026026067861672164e+00
1.929056823730468750e+03 2.004564585460258513e+03 2.013782457484367239e+00
1.929077697753906250e+03 2.007107170929652057e+03 1.998722562524060997e+00
1.929098510742187500e+03 2.011065893598140519e+03 1.986297397132039677e+00
1.929119323730468750e+03 2.007469417365507070e+03 1.967665661304873304e+00
1.929140197753906250e+03 2.009219143126685594e+03 1.957085279377530185e+00
1.929161010742187500e+03 2.011728577222772401e+03 1.943928360191989224e+00
1.929181823730468750e+03 2.006783280054987699e+03 1.928375230376346838e+00
1.929202697753906250e+03 2.009951272529420748e+03 1.920773880783910537e+00
1.929223510742187500e+03 2.010612033738394530e+03 1.912078763660260972e+00
1.929244323730468750e+03 2.010013739263151365e+03 1.902662058681440893e+00
1.929265197753906250e+03 2.013151732941268165e+03 1.894966814762116813e+00
1.929286010742187500e+03 2.011002928445339421e+03 1.886964896437064665e+00
1.929306823730468750e+03 2.011349171146766366e+03 1.873656300039930223e+00
1.929327697753906250e+03 2.013586617100016156e+03 1.861622581927584008e+00
1.929348510742187500e+03 2.010488454012179318e+03 1.847457391146889671e+00
1.929369323730468750e+03 2.012206809171870646e+03 1.829759372566778675e+00
1.929390197753906250e+03 2.011031220559980738e+03 1.816211320815705799e+00
1.929411010742187500e+03 2.011353360381879611e+03 1.802001341202180695e+00
1.929431823730468750e+03 2.013623111679935391e+03 1.792468896806149958e+00
1.929452697753906250e+03 2.013320228593259344e+03 1.784772301584380605e+00
1.929473510742187500e+03 2.013504899653379198e+03 1.778983966937409233e+00
1.929494323730468750e+03 2.014374580752293696e+03 1.776222361511350600e+00
1.929515197753906250e+03 2.013062283122908411e+03 1.776373495685267034e+00
1.929536010742187500e+03 2.015786363599841934e+03 1.771711004832208669e+00
1.929556823730468750e+03 2.014126132324879109e+03 1.770127555970854027e+00
1.929577697753906250e+03 2.016754276202275832e+03 1.771034326553465821e+00
1.929598510742187500e+03 2.017625100911816844e+03 1.771223997518833526e+00
1.929619323730468750e+03 2.015427512104567995e+03 1.773060561129604418e+00
1.929640197753906250e+03 2.012915981264762195e+03 1.763811243238947890e+00
1.929661010742187500e+03 2.013337353876674115e+03 1.761658999493436628e+00
1.929681823730468750e+03 2.014428770428062762e+03 1.759323149166044598e+00
1.929702697753906250e+03 2.017633721676227196e+03 1.759868047276057057e+00
1.929723510742187500e+03 2.016422861435846244e+03 1.758402678702676969e+00
1.929744323730468750e+03 2.013446413677472265e+03 1.758240711189249073e+00
1.929765197753906250e+03 2.017134174591413739e+03 1.755582352660408851e+00
1.929786010742187500e+03 2.013027689870689301e+03 1.749796242432217319e+00
1.929806823730468750e+03 2.011966496685531638e+03 1.746835026428685156e+00
1.929827697753906250e+03 2.014985925815654809e+03 1.746105697556824765e+00
1.929848510742187500e+03 2.010814347757929227e+03 1.741720573223799251e+00
1.929869323730468750e+03 2.017466713131464985e+03 1.745262477229617026e+00
1.929890197753906250e+03 2.016417659445809022e+03 1.739830235607348063e+00
1.929911010742187500e+03 2.012097698799852424e+03 1.738336797962533709e+00
1.929931823730468750e+03 2.013238626033970831e+03 1.738954083815408280e+00
1.929952697753906250e+03 2.016045934976761600e+03 1.738937768293178365e+00
1.929973510742187500e+03 2.014017915174640166e+03 1.735643764747446527e+00
1.929994323730468750e+03 2.013596787382733055e+03 1.734401324648016995e+00
1.930015197753906250e+03 2.008658548112328845e+03 1.730775827411567880e+00
1.930036010742187500e+03 2.017533308203341676e+03 1.730604661551311541e+00
1.930056823730468750e+03 2.015559970575336138e+03 1.729652022606995798e+00
1.930077697753906250e+03 2.013367237928008308e+03 1.725095030336948554e+00
1.930098510742187500e+03 2.013217842421041041e+03 1.722786757873489227e+00
1.930119323730468750e+03 2.012601830260283805e+03 1.711628883053751604e+00
1.930140197753906250e+03 2.013181742372184090e+03 1.706378943073997512e+00
1.930161010742187500e+03 2.013472516043575524e+03 1.700378863808610364e+00
1.930181823730468750e+03 2.012675893566769446e+03 1.698011649191788042e+00
1.930202697753906250e+03 2.014993057436245181e+03 1.695932723123498187e+00
1.930223571777343750e+03 2.014952145388077042e+03 1.690203161725025716e+00
1.930244384765625000e+03 2.015433159922925370e+03 1.689109105711986025e+00
1.930265197753906250e+03 2.017182912774198940e+03 1.690114151073366822e+00
1.930286071777343750e+03 2.013850961953417027e+03 1.684205548144185993e+00
1.930306884765625000e+03 2.012719488871574868e+03 1.681495438709362356e+00
1.930327697753906250e+03 2.013140892547171461e+03 1.676148274383781001e+00
1.930348571777343750e+03 2.015503179852693847e+03 1.672075776495715482e+00
1.930369384765625000e+03 2.015817146230971957e+03 1.668966740737949150e+00
1.930390197753906250e+03 2.016926585279662504e+03 1.667526508103442717e+00
1.930411071777343750e+03 2.015744845023838479e+03 1.665457628726376704e+00
1.930431884765625000e+03 2.016035887074885977e+03 1.661710985001471519e+00
1.930452697753906250e+03 2.014285296455444040e+03 1.663729997109098191e+00
1.930473571777343750e+03 2.015658180593292855e+03 1.658447750815336352e+00
1.930494384765625000e+03 2.014359249941207054e+03 1.659398451242486194e+00
1.930515197753906250e+03 2.016077699425344690e+03 1.663992078840218936e+00
1.930536071777343750e+03 2.012956018714168749e+03 1.657626965178059741e+00
1.930556884765625000e+03 2.015813197444404068e+03 1.658311748204416514e+00
1.930577697753906250e+03 2.016113484705020710e+03 1.654830324170557754e+00
1.930598571777343750e+03 2.016276250461442942e+03 1.653435096428954809e+00
1.930619384765625000e+03 2.013574005919069805e+03 1.652134153811902983e+00
1.930640197753906250e+03 2.014310962737044520e+03 1.655329466465092381e+00
1.930661071777343750e+03 2.012016642507002871e+03 1.655132924645401182e+00
1.930681884765625000e+03 2.012272286572673238e+03 1.651827251250824302e+00
1.930702697753906250e+03 2.011156640244971641e+03 1.659256491587017157e+00
1.930723571777343750e+03 2.014210146313129371e+03 1.652918433856844782e+00
1.930744384765625000e+03 2.013727340114039634e+03 1.653740042658647935e+00
1.930765197753906250e+03 2.013552762459807127e+03 1.653904459596006404e+00
1.930786071777343750e+03 2.014743616030699741e+03 1.651593698659837184e+00
1.930806884765625000e+03 2.016102470809636543e+03 1.652970215558513756e+00
1.930827697753906250e+03 2.014461116031788151e+03 1.647881292002842946e+00
1.930848571777343750e+03 2.014107864186407369e+03 1.645996817987826377e+00
1.930869384765625000e+03 2.013279258171458878e+03 1.645922509525856059e+00
1.930890197753906250e+03 2.011638340794840133e+03 1.643414115674111997e+00
1.930911071777343750e+03 2.014201467419327855e+03 1.644683033514726000e+00
1.930931884765625000e+03 2.013958933172896195e+03 1.645310024973283936e+00
1.930952697753906250e+03 2.016822536677389053e+03 1.646171060348033288e+00
1.930973571777343750e+03 2.016725884128793496e+03 1.645759975231013916e+00
1.930994384765625000e+03 2.014940615842886473e+03 1.648149582726897711e+00
1.931015197753906250e+03 2.013921115327995267e+03 1.648734838778969758e+00
1.931036071777343750e+03 2.015581408832222223e+03 1.648251563699965061e+00
1.931056884765625000e+03 2.014955376558344597e+03 1.646679632480761990e+00
1.931077697753906250e+03 2.014911650365343576e+03 1.653405103407546983e+00
1.931098571777343750e+03 2.016775286297912317e+03 1.644622655217545582e+00
1.931119384765625000e+03 2.016758899479443699e+03 1.643564551738075252e+00
1.931140197753906250e+03 2.017315564904753955e+03 1.639694313193652775e+00
1.931161071777343750e+03 2.015599279681860935e+03 1.635087030643421313e+00
1.931181884765625000e+03 2.017379086362351245e+03 1.634848388618626913e+00
1.931202697753906250e+03 2.018735661128352149e+03 1.631972466446920400e+00
1.931223571777343750e+03 2.016492751594686524e+03 1.629747717705813947e+00
1.931244384765625000e+03 2.015726564444933501e+03 1.627665607564283246e+00
1.931265197753906250e+03 2.016266327343040302e+03 1.629328099063409363e+00
1.931286071777343750e+03 2.016989435173470611e+03 1.626838597620590576e+00
1.931306884765625000e+03 2.019626699575369457e+03 1.628004890448608188e+00
1.931327697753906250e+03 2.017042479979786094e+03 1.628089096054190721e+00
1.931348571777343750e+03 2.015885498565125545e+03 1.627353577714638844e+00
1.931369384765625000e+03 2.017350926735540725e+03 1.625446771680114866e+00
1.931390197753906250e+03 2.016032926065292486e+03 1.621174932078704112e+00
1.931411071777343750e+03 2.016664910236663673e+03 1.622135425158741651e+00
1.931431884765625000e+03 2.017533152430747577e+03 1.620752946810063877e+00
1.931452697753906250e+03 2.019171943357190685e+03 1.619467708005423168e+00
1.931473571777343750e+03 2.016653702008441087e+03 1.623450861298519010e+00
1.931494384765625000e+03 2.018926051997182185e+03 1.619196873551769222e+00
1.931515197753906250e+03 2.019901492483677430e+03 1.621471315100192934e+00
1.931536071777343750e+03 2.019276897452444700e+03 1.617786388720720225e+00
1.931556884765625000e+03 2.019166349417184847e+03 1.616569142824805017e+00
1.931577697753906250e+03 2.017767330066149498e+03 1.616781137615181940e+00
1.931598571777343750e+03 2.017429203498948482e+03 1.618469688270743001e+00
1.931619384765625000e+03 2.017111357167735150e+03 1.621138900679590433e+00
1.931640197753906250e+03 2.016939456690175575e+03 1.621335592959004757e+00
1.931661071777343750e+03 2.019365762315002485e+03 1.621903623942077877e+00
1.931681884765625000e+03 2.019219602219725402e+03 1.624993177546337764e+00
1.931702697753906250e+03 2.017697944728145558e+03 1.620354394177993873e+00
1.931723571777343750e+03 2.015907434468813790e+03 1.620523963894629604e+00
1.931744384765625000e+03 2.018143515501687034e+03 1.620364399651723852e+00
1.931765197753906250e+03 2.018382527251003921e+03 1.619698312242333627e+00
1.931786071777343750e+03 2.016645006756407838e+03 1.619961998458477659e+00
1.931806945800781250e+03 2.015030931610152948e+03 1.621216992209135732e+00
1.931827758789062500e+03 2.016430999161852014e+03 1.618238835284919297e+00
1.931848571777343750e+03 2.016247525247535123e+03 1.615575309299164042e+00
1.931869445800781250e+03 2.017284598885668402e+03 1.614339929097104998e+00
1.931890258789062500e+03 2.016812381961046867e+03 1.613916304430784043e+00
1.931911071777343750e+03 2.018537520691742884e+03 1.615695799820239253e+00
1.931931945800781250e+03 2.016341140162116062e+03 1.616727090800967881e+00
1.931952758789062500e+03 2.015286305581865690e+03 1.616969734309700701e+00
1.931973571777343750e+03 2.018603837738054608e+03 1.618968627776526503e+00
1.931994445800781250e+03 2.016826936690775710e+03 1.622569540734776439e+00
1.932015258789062500e+03 2.017034404388473376e+03 1.617663400995865031e+00
1.932036071777343750e+03 2.019053361981569196e+03 1.618449948460562338e+00
1.932056945800781250e+03 2.018635530901761740e+03 1.618161115718499632e+00
1.932077758789062500e+03 2.018293927676920703e+03 1.622481815841649633e+00
1.932098571777343750e+03 2.018981772800020281e+03 1.618083245072771126e+00
1.932119445800781250e+03 2.017434793107056066e+03 1.615734903814263212e+00
1.932140258789062500e+03 2.018126811399507005e+03 1.616225689132074539e+00
1.932161071777343750e+03 2.018785758465814069e+03 1.614949469942112081e+00
1.932181945800781250e+03 2.016964576821177161e+03 1.611384498303645385e+00
1.932202758789062500e+03 2.017008778199867720e+03 1.609705918743056019e+00
1.932223571777343750e+03 2.018144195535110612e+03 1.610042248521045716e+00
1.932244445800781250e+03 2.018701956304853411e+03 1.609117950355261506e+00
1.932265258789062500e+03 2.018552782328646572e+03 1.613783861982511780e+00
1.932286071777343750e+03 2.017684184835884025e+03 1.609119209776380233e+00
1.932306945800781250e+03 2.017022724346340965e+03 1.606326354471880880e+00
1.932327758789062500e+03 2.018872306944525008e+03 1.606636383844959770e+00
1.932348571777343750e+03 2.017199150424639811e+03 1.605172531385497647e+00
1.932369445800781250e+03 2.015202060094054559e+03 1.604675319666262201e+00
1.932390258789062500e+03 2.019427935563093342e+03 1.603958273228356379e+00
1.932411071777343750e+03 2.015667430577293544e+03 1.608986594728113451e+00
1.932431945800781250e+03 2.017433042037867835e+03 1.603910929454251955e+00
1.932452758789062500e+03 2.015661398530844963e+03 1.600831846719369622e+00
1.932473571777343750e+03 2.018203291024394275e+03 1.601903888324324177e+00
1.932494445800781250e+03 2.019106541368067155e+03 1.604513139175819170e+00
1.932515258789062500e+03 2.017626420113313543e+03 1.601570985352902765e+00
1.932536071777343750e+03 2.017219711189821282e+03 1.603699240353228195e+00
1.932556945800781250e+03 2.017859673289580769e+03 1.603453622193099060e+00
1.932577758789062500e+03 2.015013025309197019e+03 1.606816674994887562e+00
1.932598571777343750e+03 2.018884567555534886e+03 1.604153505081415299e+00
1.932619445800781250e+03 2.017843997459220191e+03 1.604267868548836740e+00
1.932640258789062500e+03 2.014553585701517022e+03 1.602656813996401697e+00
1.932661071777343750e+03 2.015282052640612619e+03 1.603662147286188722e+00
1.932681945800781250e+03 2.016311330864155934e+03 1.615508308845010399e+00
1.932702758789062500e+03 2.012904656538123163e+03 1.603616950565956101e+00
1.932723571777343750e+03 2.012548741390258328e+03 1.602754028705584810e+00
1.932744445800781250e+03 2.013098291828754100e+03 1.604860287940350183e+00
1.932765258789062500e+03 2.014726035662957656e+03 1.603556735851084269e+00
1.932786071777343750e+03 2.016464233697238342e+03 1.604148154544116522e+00
1.932806945800781250e+03 2.015879283084361305e+03 1.603777437755855351e+00
1.932827758789062500e+03 2.014868062797026596e+03 1.601738450224394761e+00
1.932848571777343750e+03 2.007421587996765993e+03 1.602114177683079399e+00
1.932869445800781250e+03 2.012652242003718129e+03 1.600140121404007187e+00
1.932890258789062500e+03 2.010856668171103593e+03 1.600547059234580294e+00
1.932911071777343750e+03 2.014117145135809551e+03 1.600967371086903901e+00
1.932931945800781250e+03 2.014833581066915031e+03 1.602367068771539671e+00
1.932952758789062500e+03 2.013121355214629148e+03 1.602042224027550033e+00
1.932973571777343750e+03 2.015275528047810440e+03 1.600987177533584438e+00
1.932994445800781250e+03 2.011387458169805541e+03 1.602240070204515199e+00
1.933015258789062500e+03 2.014706587663394657e+03 1.605721558206279820e+00
1.933036071777343750e+03 2.012951553812717975e+03 1.603428567620962975e+00
1.933056945800781250e+03 2.011629635829283870e+03 1.602103983824955336e+00
1.933077758789062500e+03 2.011327388935589624e+03 1.603310501044448166e+00
1.933098571777343750e+03 2.007088030538688599e+03 1.604468932305414430e+00
1.933119445800781250e+03 2.013120555316689206e+03 1.609174623329777232e+00
1.933140258789062500e+03 2.011198757046091032e+03 1.600669500230608389e+00
1.933161071777343750e+03 2.011309994965358783e+03 1.600861633278338081e+00
1.933181945800781250e+03 2.012066660853625763e+03 1.598496941051354314e+00
1.933202758789062500e+03 2.011488142989659309e+03 1.598306985040597761e+00
1.933223571777343750e+03 2.008125038136682633e+03 1.597394478764896153e+00
1.933244445800781250e+03 2.008198046073611295e+03 1.598778141898471450e+00
1.933265258789062500e+03 2.009327128992133566e+03 1.599486927380910695e+00
1.933286071777343750e+03 2.008468882083737071e+03 1.597427165202288890e+00
1.933306945800781250e+03 2.013170335188345234e+03 1.596534615088537112e+00
1.933327758789062500e+03 2.010623574983332674e+03 1.596724408657918426e+00
1.933348571777343750e+03 2.010757970816089255e+03 1.593991653970960209e+00
1.933369445800781250e+03 2.009600524025517871e+03 1.594571743216888660e+00
1.933390258789062500e+03 2.007959552720835518e+03 1.591915945268636667e+00
1.933411132812500000e+03 2.009895133135613833e+03 1.592468120189980851e+00
1.933431945800781250e+03 2.012276675228484692e+03 1.593048839043128773e+00
1.933452819824218750e+03 2.011038102885350554e+03 1.593132871935354578e+00
1.933473632812500000e+03 2.010420406815085926e+03 1.593922100872722236e+00
1.933494445800781250e+03 2.010993344274124865e+03 1.594584377512088702e+00
1.933515319824218750e+03 2.013214583719792017e+03 1.595298613096466589e+00
1.933536132812500000e+03 2.004817227262843062e+03 1.593017185254980372e+00
1.933556945800781250e+03 2.005817880160058394e+03 1.598515137458459634e+00
1.933577819824218750e+03 2.008643939339577173e+03 1.593534567241071009e+00
1.933598632812500000e+03 2.006123189584752936e+03 1.592060315384139280e+00
1.933619445800781250e+03 2.008209744495710083e+03 1.593812380299190368e+00
1.933640319824218750e+03 2.002284502853368622e+03 1.593000048544596314e+00
1.933661132812500000e+03 2.010032051037027941e+03 1.596787344659946317e+00
1.933681945800781250e+03 2.004915021473604838e+03 1.597394478764896153e+00
1.933702819824218750e+03 2.005691789791877000e+03 1.597116318476604402e+00
1.933723632812500000e+03 2.004602721088006547e+03 1.593666298856189378e+00
1.933744445800781250e+03 2.000994722585068757e+03 1.593488484786589554e+00
1.933765319824218750e+03 2.004447443049511094e+03 1.593479731962005763e+00
1.933786132812500000e+03 1.999009523490878337e+03 1.598304747497232503e+00
1.933806945800781250e+03 2.001153575770252246e+03 1.590595864139658921e+00
1.933827819824218750e+03 1.992730654619426787e+03 1.589969639398304269e+00
1.933848632812500000e+03 1.994800851826986218e+03 1.588942738749044903e+00
1.933869445800781250e+03 1.998844078475646938e+03 1.589171021243315218e+00
1.933890319824218750e+03 1.997599042186652923e+03 1.591309942178778192e+00
1.933911132812500000e+03 1.996891702441928146e+03 1.591585372260119424e+00
1.933931945800781250e+03 1.999790460362646400e+03 1.598609546638884771e+00
1.933952819824218750e+03 1.999301930797397745e+03 1.590914354067927139e+00
1.933973632812500000e+03 1.994089645149993657e+03 1.589097506307275642e+00
1.933994445800781250e+03 1.998776802885417965e+03 1.594688886955446083e+00
1.934015319824218750e+03 2.000024256678265147e+03 1.591468674227093372e+00
1.934036132812500000e+03 1.993880096298973285e+03 1.590175959489408708e+00
1.934056945800781250e+03 1.993990215728691055e+03 1.593055274488133666e+00
1.934077819824218750e+03 1.993932073646052231e+03 1.593247427892352075e+00
1.934098632812500000e+03 1.996404030642033376e+03 1.590989583320012946e+00
1.934119445800781250e+03 2.000343067883547292e+03 1.591719736675804020e+00
1.934140319824218750e+03 1.991778248853330751e+03 1.588329446927279731e+00
1.934161132812500000e+03 2.003580686190857023e+03 1.589645485852401618e+00
1.934181945800781250e+03 1.996023284355546821e+03 1.587614553929112216e+00
1.934202819824218750e+03 1.995411791594284523e+03 1.587205502084455322e+00
1.934223632812500000e+03 1.992502737553610586e+03 1.585571171587793593e+00
1.934244445800781250e+03 1.992413093655995453e+03 1.585079167551963764e+00
1.934265319824218750e+03 1.996766520944750710e+03 1.585849252134131637e+00
1.934286132812500000e+03 1.989397550080856263e+03 1.587869303842865287e+00
1.934306945800781250e+03 1.989823343995660025e+03 1.585353273919744233e+00
1.934327819824218750e+03 1.995315982511843458e+03 1.587844153518356727e+00
1.934348632812500000e+03 1.995542603825229889e+03 1.585681312051280933e+00
1.934369445800781250e+03 2.001383105833277568e+03 1.585601771105211055e+00
1.934390319824218750e+03 1.991923525959590506e+03 1.589293738600555672e+00
1.934411132812500000e+03 1.998708641470032035e+03 1.590798131367768375e+00
1.934431945800781250e+03 1.994898868519428333e+03 1.591945374471788854e+00
1.934452819824218750e+03 1.993987779575857076e+03 1.584595060396229105e+00
1.934473632812500000e+03 1.988182290674446449e+03 1.582419416114480670e+00
1.934494445800781250e+03 1.990925512619445271e+03 1.586538792767968165e+00
1.934515319824218750e+03 1.995208532626451870e+03 1.585067134362002417e+00
1.934536132812500000e+03 1.997070072819943562e+03 1.588051950815646318e+00
1.934556945800781250e+03 2.004126338990068007e+03 1.588099692307031630e+00
1.934577819824218750e+03 1.991751637494521674e+03 1.593642212457838658e+00
1.934598632812500000e+03 1.991253187465829569e+03 1.583832419523269586e+00
1.934619445800781250e+03 1.997220101358350121e+03 1.585806103604718853e+00
1.934640319824218750e+03 2.000606279210624507e+03 1.585603349934069595e+00
1.934661132812500000e+03 1.996855818072615421e+03 1.586962964991700531e+00
1.934681945800781250e+03 1.992023015681195830e+03 1.583896846210840037e+00
1.934702819824218750e+03 1.995413343445960436e+03 1.584636060285685710e+00
1.934723632812500000e+03 1.998709134899869014e+03 1.585559217316152791e+00
1.934744445800781250e+03 2.002684803851331253e+03 1.586379868021162709e+00
1.934765319824218750e+03 1.994569245683009058e+03 1.588781203256921071e+00
1.934786132812500000e+03 1.995067995912663491e+03 1.589876741634038471e+00
1.934806945800781250e+03 1.987852201447805328e+03 1.584969135669840323e+00
1.934827819824218750e+03 1.994868633654545192e+03 1.584894297592049250e+00
1.934848632812500000e+03 1.984801909977876221e+03 1.584804412013598673e+00
1.934869445800781250e+03 1.994987459164245593e+03 1.583375185697777576e+00
1.934890319824218750e+03 1.998172276824778237e+03 1.584712715948806805e+00
1.934911132812500000e+03 1.992951279494664959e+03 1.583198926474432389e+00
1.934931945800781250e+03 1.994978550607831039e+03 1.585034869920575407e+00
1.934952819824218750e+03 1.998880454297407368e+03 1.584882037348963602e+00
1.934973632812500000e+03 1.998753587780166526e+03 1.583940949885442873e+00
1.934994445800781250e+03 1.990804856298889490e+03 1.581872098476201138e+00
1.935015319824218750e+03 1.994920894001327952e+03 1.583004273134730688e+00
1.935036132812500000e+03 1.998183026810955653e+03 1.584583851067479010e+00
1.935056945800781250e+03 2.005279975621705944e+03 1.587348348027180611e+00
1.935077819824218750e+03 1.997960125880080795e+03 1.584545407733688682e+00
1.935098632812500000e+03 2.000483396900624257e+03 1.588848205340474662e+00
1.935119445800781250e+03 1.997660947019616742e+03 1.586155768346842132e+00
1.935140319824218750e+03 1.991358062462525822e+03 1.582457986427631358e+00
1.935161132812500000e+03 1.996254743634345687e+03 1.583481940607040173e+00
1.935182006835937500e+03 1.989162029693727618e+03 1.581728305774596111e+00
1.935202819824218750e+03 1.999067035644592352e+03 1.581990333310576924e+00
1.935223693847656250e+03 1.995277835092267878e+03 1.582934161949155039e+00
1.935244506835937500e+03 1.993711305694913108e+03 1.582190762237133175e+00
1.935265319824218750e+03 1.995377157425162068e+03 1.580181104324434482e+00
1.935286193847656250e+03 1.993123729852300130e+03 1.580759172819890201e+00
1.935307006835937500e+03 1.992808657792368422e+03 1.581462767387964652e+00
1.935327819824218750e+03 1.989894248758665071e+03 1.579678063972884017e+00
1.935348693847656250e+03 1.987924624114324388e+03 1.581206834528092298e+00
1.935369506835937500e+03 1.988915568803968199e+03 1.593761892835337202e+00
1.935390319824218750e+03 1.995462375739272375e+03 1.581730340668158874e+00
1.935411193847656250e+03 1.984312642072572089e+03 1.577695353725062200e+00
1.935432006835937500e+03 1.982542392919620397e+03 1.577017669452960069e+00
1.935452819824218750e+03 1.980935708085346505e+03 1.578109892215741716e+00
1.935473693847656250e+03 1.982463243056596411e+03 1.578171606603130384e+00
1.935494506835937500e+03 1.987978353435767531e+03 1.581245057471470483e+00
1.935515319824218750e+03 1.988563090874961290e+03 1.582345738176626382e+00
1.935536193847656250e+03 1.996180878208972899e+03 1.582782708176678543e+00
1.935557006835937500e+03 1.993570270139613967e+03 1.580588429285479046e+00
1.935577819824218750e+03 1.986475552058687526e+03 1.584612965065588241e+00
1.935598693847656250e+03 1.987547993740684433e+03 1.579070233073758489e+00
1.935619506835937500e+03 1.989569390294070899e+03 1.580542648179296350e+00
1.935640319824218750e+03 1.985949951404921649e+03 1.577869205706278422e+00
1.935661193847656250e+03 1.992624602322221563e+03 1.579277071284944878e+00
1.935682006835937500e+03 1.990780013475063697e+03 1.580050813606284299e+00
1.935702819824218750e+03 1.988727921146954941e+03 1.579292620800099689e+00
1.935723693847656250e+03 1.976665630575895875e+03 1.575329561419228419e+00
1.935744506835937500e+03 1.987810516354603806e+03 1.579734887564107293e+00
1.935765319824218750e+03 1.981706097555983433e+03 1.576959236063253611e+00
1.935786193847656250e+03 1.982952376563348480e+03 1.578377505204295650e+00
1.935807006835937500e+03 1.988577554024016536e+03 1.578170095875829126e+00
1.935827819824218750e+03 1.993867009959049710e+03 1.579716701218803809e+00
1.935848693847656250e+03 1.992492071109210656e+03 1.579139383461153345e+00
1.935869506835937500e+03 1.986578604654438777e+03 1.581322405216631477e+00
1.935890319824218750e+03 1.990681375638631835e+03 1.583144335592919338e+00
1.935911193847656250e+03 1.988958258602594697e+03 1.578693778395358738e+00
1.935932006835937500e+03 1.978524727285872586e+03 1.575905324716006417e+00
1.935952819824218750e+03 1.989374103785860370e+03 1.583233261292177785e+00
1.935973693847656250e+03 1.990970923517442770e+03 1.577603017765238480e+00
1.935994506835937500e+03 1.985758935906765828e+03 1.577846993613102544e+00
1.936015319824218750e+03 1.989321722260756360e+03 1.582077063379864645e+00
1.936036193847656250e+03 1.985405234218365649e+03 1.577708500959037474e+00
1.936057006835937500e+03 1.986571512810175363e+03 1.577189177468203196e+00
1.936077819824218750e+03 1.993897162641628029e+03 1.583340251639794749e+00
1.936098693847656250e+03 1.993073521936920315e+03 1.578921655186204198e+00
1.936119506835937500e+03 1.993104508460247871e+03 1.580539857525331771e+00
1.936140319824218750e+03 1.998805779188017823e+03 1.580350307791571263e+00
1.936182006835937500e+03 2.017737279028081957e+03 1.582229488809439033e+00
1.936202819824218750e+03 2.021459637555321933e+03 1.587546073064776797e+00
1.936223693847656250e+03 2.018121379724377675e+03 1.586598300916867155e+00
1.936244506835937500e+03 2.019026800511928741e+03 1.583104577186921214e+00
1.936265319824218750e+03 2.020513281596883644e+03 1.582814190064381732e+00
1.936286193847656250e+03 2.017344249799530871e+03 1.582908857901520472e+00
1.936307006835937500e+03 2.018395837920108534e+03 1.583350039276865573e+00
1.936327819824218750e+03 2.017142432811908748e+03 1.581141318103195470e+00
1.936348693847656250e+03 2.019513074289935957e+03 1.587718696248409112e+00
1.936369506835937500e+03 2.015708496861122512e+03 1.580365922178400995e+00
1.936390319824218750e+03 2.020245647185797907e+03 1.583714096397006443e+00
1.936411193847656250e+03 2.019105062490416458e+03 1.583569492329317541e+00
1.936432006835937500e+03 2.017709564450680546e+03 1.582263241935935261e+00
1.936452819824218750e+03 2.019458429135964479e+03 1.581540255236557613e+00
1.936473693847656250e+03 2.018245000125639990e+03 1.580734286438780334e+00
1.936494506835937500e+03 2.017692266991192810e+03 1.581548546513010800e+00
1.936515319824218750e+03 2.017683561157325812e+03 1.585069992252889914e+00
1.936536193847656250e+03 2.019799528637257708e+03 1.581207060702072287e+00
1.936557006835937500e+03 2.018534088202367229e+03 1.584679616804305136e+00
1.936577819824218750e+03 2.018625709132397333e+03 1.584227593842436832e+00
1.936598693847656250e+03 2.017017215111596443e+03 1.588430165197536326e+00
1.936619506835937500e+03 2.018665278746903368e+03 1.583622713581602337e+00
1.936640319824218750e+03 2.018157392833815038e+03 1.586317045149144400e+00
1.936661193847656250e+03 2.019664553664041705e+03 1.586720090308625819e+00
1.936682006835937500e+03 2.017258179096386812e+03 1.579442975204618627e+00
1.936702819824218750e+03 2.018847552139772461e+03 1.580783757163202408e+00
1.936723693847656250e+03 2.019139483604281168e+03 1.581305518702313728e+00
1.936744506835937500e+03 2.019360007387857877e+03 1.580845442574547066e+00
1.936765319824218750e+03 2.019569533767761186e+03 1.582336095002451648e+00
1.936786193847656250e+03 2.020047397544768046e+03 1.581361529974302238e+00
1.936807006835937500e+03 2.016436454233045424e+03 1.579699722076737478e+00
1.936827819824218750e+03 2.020240394475326866e+03 1.582029592254146966e+00
1.936848693847656250e+03 2.017389599295864627e+03 1.585454482013129995e+00
1.936869506835937500e+03 2.017734894091196793e+03 1.583423294054851826e+00
1.936890319824218750e+03 2.020567988212660339e+03 1.583316459900474982e+00
1.936911193847656250e+03 2.016979597538908365e+03 1.578743313060139153e+00
1.936932006835937500e+03 2.018947970929227949e+03 1.579642746288571376e+00
1.936952819824218750e+03 2.016330241794539688e+03 1.579917343126358009e+00
1.936973693847656250e+03 2.018357355352064587e+03 1.586424128096245445e+00
1.936994506835937500e+03 2.015686645883316260e+03 1.579810271883210993e+00
1.937015319824218750e+03 2.015591187411828969e+03 1.579404029352971195e+00
1.937036193847656250e+03 2.018572868779833470e+03 1.580668825844446124e+00
1.937057006835937500e+03 2.018483753408770554e+03 1.581729511637764096e+00
1.937077819824218750e+03 2.017353841611528424e+03 1.578503931460530918e+00
1.937098693847656250e+03 2.015720962792309365e+03 1.578268139079160859e+00
1.937119567871093750e+03 2.018219360029620248e+03 1.580034969763729480e+00
1.937140380859375000e+03 2.016480119876843446e+03 1.579606069395992130e+00
1.937161193847656250e+03 2.017479840119555320e+03 1.577643897117876559e+00
1.937182067871093750e+03 2.015431104918079200e+03 1.578642278818499944e+00
1.937202880859375000e+03 2.016296727894060496e+03 1.585455083527803843e+00
1.937223693847656250e+03 2.016848093297577634e+03 1.586241519144772516e+00
1.937244567871093750e+03 2.016368511614173940e+03 1.576997788736731909e+00
1.937265380859375000e+03 2.017650196714771710e+03 1.587186124515256536e+00
1.937286193847656250e+03 2.016658622899644797e+03 1.579592711550719786e+00
1.937307067871093750e+03 2.017360732211462619e+03 1.578003076054774301e+00
1.937327880859375000e+03 2.015553184481757853e+03 1.578670822779773442e+00
1.937348693847656250e+03 2.016821962689961310e+03 1.577189782135130391e+00
1.937369567871093750e+03 2.015101284339044696e+03 1.576408888381412243e+00
1.937390380859375000e+03 2.015423003342540142e+03 1.575986414022994886e+00
1.937411193847656250e+03 2.015781601482724000e+03 1.578619700028513817e+00
1.937432067871093750e+03 2.016690679608499522e+03 1.578096521706032540e+00
1.937452880859375000e+03 2.018551195131566146e+03 1.577703211855092880e+00
1.937473693847656250e+03 2.016519633747410808e+03 1.586510390364570311e+00
1.937494567871093750e+03 2.016273629114627511e+03 1.578183314690681405e+00
1.937515380859375000e+03 2.016107387942158084e+03 1.577208602277345051e+00
1.937536193847656250e+03 2.015559871748399019e+03 1.579281071902986167e+00
1.937557067871093750e+03 2.018507076905504391e+03 1.577403215078136745e+00
1.937577880859375000e+03 2.018322177721529670e+03 1.577456568801717696e+00
1.937598693847656250e+03 2.016659550618117692e+03 1.578602331508769163e+00
1.937619567871093750e+03 2.016440342431879799e+03 1.577447046881359505e+00
1.937640380859375000e+03 2.016050169760206927e+03 1.576531616150403048e+00
1.937661193847656250e+03 2.015868524309960776e+03 1.576830039938837524e+00
1.937682067871093750e+03 2.017889749671040590e+03 1.575992692218819879e+00
1.937702880859375000e+03 2.016000273358714367e+03 1.576726463721639382e+00
1.937723693847656250e+03 2.016538975949518544e+03 1.587651646497307167e+00
1.937744567871093750e+03 2.014436132649401088e+03 1.575421576617981323e+00
1.937765380859375000e+03 2.017184063218862775e+03 1.577953669246216384e+00
1.937786193847656250e+03 2.017911764128062941e+03 1.577444401893281611e+00
1.937807067871093750e+03 2.015715665048439405e+03 1.577093259241807655e+00
1.937827880859375000e+03 2.017587690926922050e+03 1.576432557511795007e+00
1.937848693847656250e+03 2.015187251354177533e+03 1.577392559231591385e+00
1.937869567871093750e+03 2.016465561953198630e+03 1.576225724180815302e+00
1.937890380859375000e+03 2.017916470961414234e+03 1.576462956320882736e+00
1.937911193847656250e+03 2.017780559273023300e+03 1.576782788858876794e+00
1.937932067871093750e+03 2.017621205472748215e+03 1.576324190818413573e+00
1.937952880859375000e+03 2.015235838468546262e+03 1.577676539389317734e+00
1.937973693847656250e+03 2.017145557374823738e+03 1.579974912613268279e+00
1.937994567871093750e+03 2.017371076154485763e+03 1.576489346851441375e+00
1.938015380859375000e+03 2.015967731299497018e+03 1.578801000863166992e+00
1.938036193847656250e+03 2.017619979630334910e+03 1.577096207170168851e+00
1.938057067871093750e+03 2.016313277182838419e+03 1.580478989873911999e+00
1.938077880859375000e+03 2.015243960124124897e+03 1.576392781070305338e+00
1.938098693847656250e+03 2.018463400977937226e+03 1.582041648548001556e+00
1.938119567871093750e+03 2.018241858657334433e+03 1.576239110559637391e+00
1.938140380859375000e+03 2.019680649249937005e+03 1.576637397854676381e+00
1.938161193847656250e+03 2.021023185350848962e+03 1.578517298519358514e+00
1.938182067871093750e+03 2.018154739188629947e+03 1.578846228438798960e+00
1.938202880859375000e+03 2.016283815530856145e+03 1.575805091961233639e+00
1.938223693847656250e+03 2.014723494458324012e+03 1.576022116200910039e+00
1.938244567871093750e+03 2.018581403944890326e+03 1.577183130786180776e+00
1.938265380859375000e+03 2.016811701124929186e+03 1.576640875903134509e+00
1.938286193847656250e+03 2.021242116805800379e+03 1.579797896726265583e+00
1.938307067871093750e+03 2.019626864894214350e+03 1.578138445806349432e+00
1.938327880859375000e+03 2.016612622382110203e+03 1.575740788346457588e+00
1.938348693847656250e+03 2.018373765748154710e+03 1.576995596551159728e+00
1.938369567871093750e+03 2.017075097503991401e+03 1.581895685863248913e+00
1.938390380859375000e+03 2.016824100814448684e+03 1.584761009369433982e+00
1.938411193847656250e+03 2.019284115480537139e+03 1.576823613875151242e+00
1.938432067871093750e+03 2.018490965818523591e+03 1.577737364042453683e+00
1.938452880859375000e+03 2.018845026645842609e+03 1.582839721566109858e+00
1.938473693847656250e+03 2.017020071170275287e+03 1.584197795521276708e+00
1.938494567871093750e+03 2.016362927056167791e+03 1.576469761944103043e+00
1.938515380859375000e+03 2.018225802737429376e+03 1.581107993402458112e+00
1.938536193847656250e+03 2.018612264574746405e+03 1.577543699260782084e+00
1.938557067871093750e+03 2.018576216207495690e+03 1.576694935887301252e+00
1.938577880859375000e+03 2.021093604733070833e+03 1.577735323998925354e+00
1.938598693847656250e+03 2.018181779962297014e+03 1.577454830677686770e+00
1.938619567871093750e+03 2.018433170898005301e+03 1.576080584334455859e+00
1.938640380859375000e+03 2.016468219677352636e+03 1.581289310494410127e+00
1.938661193847656250e+03 2.018972869770594343e+03 1.583558049902847431e+00
1.938682067871093750e+03 2.016815017406941024e+03 1.575915839329866230e+00
1.938702880859375000e+03 2.016024390893137479e+03 1.575443141902788557e+00
1.938723693847656250e+03 2.019514990430094713e+03 1.576773187266333309e+00
1.938744567871093750e+03 2.017249851879157632e+03 1.576194186330431402e+00
1.938765380859375000e+03 2.017364079547924575e+03 1.576521181258877302e+00
1.938786193847656250e+03 2.018088323258580203e+03 1.576590216613247053e+00
1.938807067871093750e+03 2.017850266897263054e+03 1.577144658228831098e+00
1.938827880859375000e+03 2.020124278564662063e+03 1.577487552430484330e+00
1.938848693847656250e+03 2.017427794742944116e+03 1.575977110144633153e+00
1.938869567871093750e+03 2.015415209813435467e+03 1.578457259147192593e+00
1.938890380859375000e+03 2.018366495853417518e+03 1.577391652347710505e+00
1.938911193847656250e+03 2.016874580038962449e+03 1.575514418743936496e+00
1.938932067871093750e+03 2.018333117742576178e+03 1.576018712426453083e+00
1.938952880859375000e+03 2.018781499400447046e+03 1.576501747979702328e+00
1.938973693847656250e+03 2.018357386343882808e+03 1.576496757293473161e+00
1.938994567871093750e+03 2.014771935260793725e+03 1.577230445453997820e+00
1.939015380859375000e+03 2.016257796376712804e+03 1.576646546617863853e+00
1.939036193847656250e+03 2.017991290385854654e+03 1.576362229661892878e+00
1.939057067871093750e+03 2.017317931237090761e+03 1.577270276350316358e+00
1.939077880859375000e+03 2.016918447543389902e+03 1.576628551479456686e+00
1.939098693847656250e+03 2.019544117509069110e+03 1.576644807600848575e+00
1.939119567871093750e+03 2.017685988458978500e+03 1.577479466517759832e+00
1.939140380859375000e+03 2.018962048944146545e+03 1.581046318234681669e+00
1.939161193847656250e+03 2.020092926392913796e+03 1.579661989996521632e+00
1.939182067871093750e+03 2.018203060338476007e+03 1.575600597369663625e+00
1.939202880859375000e+03 2.016435004218133145e+03 1.575806529306169379e+00
1.939223693847656250e+03 2.017907898765153732e+03 1.580130256764193053e+00
1.939244567871093750e+03 2.016481775893882059e+03 1.576204093972513709e+00
1.939265380859375000e+03 2.018017464198967673e+03 1.577809066118963877e+00
1.939286193847656250e+03 2.018114871043311496e+03 1.575564356010966227e+00
1.939307067871093750e+03 2.017007700522599862e+03 1.577881671539952180e+00
1.939327880859375000e+03 2.015422089400139157e+03 1.575108430551104721e+00
1.939348693847656250e+03 2.016736806229233480e+03 1.577136872901679698e+00
1.939369567871093750e+03 2.015557028037194414e+03 1.576021057249644475e+00
1.939390441894531250e+03 2.018450728805355311e+03 1.576379093507571882e+00
1.939411254882812500e+03 2.016303673422549309e+03 1.576214757853563020e+00
1.939432067871093750e+03 2.016857965944575199e+03 1.576177093610668267e+00
1.939452941894531250e+03 2.017857810179974194e+03 1.577596519286279531e+00
1.939473754882812500e+03 2.019936679418235599e+03 1.577093863945510321e+00
1.939494567871093750e+03 2.017089663227707888e+03 1.577041405036875954e+00
1.939515441894531250e+03 2.016912276958362327e+03 1.575395092531013619e+00
1.939536254882812500e+03 2.017870458824831303e+03 1.577013587501253644e+00
1.939557067871093750e+03 2.016367188301257102e+03 1.578381810207512892e+00
1.939577941894531250e+03 2.018576709485609626e+03 1.576842891987646045e+00
1.939598754882812500e+03 2.018546469827778765e+03 1.576472181714167808e+00
1.939619567871093750e+03 2.016694170139538301e+03 1.575295054334021838e+00
1.939640441894531250e+03 2.016430791591208845e+03 1.578110420990633145e+00
1.939661254882812500e+03 2.017472009477756728e+03 1.577866410323996771e+00
1.939682067871093750e+03 2.015438124552483941e+03 1.577104824159938357e+00
1.939702941894531250e+03 2.015631971832932095e+03 1.574861910988081037e+00
1.939723754882812500e+03 2.015949298694868276e+03 1.577674045906296341e+00
1.939744567871093750e+03 2.017769532326450417e+03 1.577349406095720497e+00
1.939765441894531250e+03 2.015941105437402712e+03 1.575030096462856077e+00
1.939786254882812500e+03 2.016311878690678441e+03 1.576507419194876247e+00
1.939807067871093750e+03 2.017567316456969138e+03 1.575682761538167220e+00
1.939827941894531250e+03 2.012043287779317552e+03 1.574286220420398008e+00
1.939848754882812500e+03 2.013653758971300249e+03 1.578270782686756135e+00
1.939869567871093750e+03 2.014548840332091459e+03 1.575135827641158892e+00
1.939890441894531250e+03 2.011904948352286965e+03 1.574989527712929105e+00
1.939911254882812500e+03 2.014091181389860822e+03 1.577301943840445198e+00
1.939932067871093750e+03 2.013351855009530482e+03 1.577011017378092017e+00
1.939952941894531250e+03 2.014856273042687917e+03 1.581168912233307688e+00
1.939973754882812500e+03 2.012842653582694766e+03 1.575048791038814677e+00
1.939994567871093750e+03 2.012419678702973442e+03 1.576209766258649170e+00
1.940015441894531250e+03 2.013518120319008176e+03 1.577139820748520105e+00
1.940036254882812500e+03 2.012887771475482168e+03 1.575805167610999868e+00
1.940057067871093750e+03 2.014110190816561953e+03 1.577604906852937194e+00
1.940077941894531250e+03 2.015012611005819736e+03 1.580581038026961149e+00
1.940098754882812500e+03 2.011156576840660136e+03 1.575401675759925846e+00
1.940119567871093750e+03 2.016427165578569429e+03 1.585076535299465572e+00
1.940140441894531250e+03 2.015277713022495391e+03 1.574748061480966355e+00
1.940161254882812500e+03 2.013975240809533716e+03 1.574444397308868204e+00
1.940182067871093750e+03 2.016279298378265594e+03 1.589065398717166122e+00
1.940202941894531250e+03 2.012056237179703203e+03 1.575471668159364791e+00
1.940223754882812500e+03 2.014161279912130794e+03 1.574206330886961602e+00
1.940244567871093750e+03 2.013263971832044035e+03 1.573717212532401488e+00
1.940265441894531250e+03 2.015736255549006501e+03 1.574075469886975442e+00
1.940286254882812500e+03 2.012423923891624781e+03 1.574031619930998271e+00
1.940307067871093750e+03 2.015319824756807520e+03 1.574167406934513957e+00
1.940327941894531250e+03 2.010480387636771184e+03 1.574603163967880803e+00
1.940348754882812500e+03 2.011463292163245569e+03 1.575543397684062485e+00
1.940369567871093750e+03 2.013675129198300738e+03 1.575135676277329644e+00
1.940390441894531250e+03 2.011115046982353306e+03 1.574585826851952586e+00
1.940411254882812500e+03 2.015398188710750674e+03 1.574957510965434127e+00
1.940432067871093750e+03 2.017723105226675898e+03 1.580954705812229744e+00
1.940452941894531250e+03 2.009288217290230705e+03 1.575464631226291656e+00
1.940473754882812500e+03 2.011552378135998651e+03 1.573439488035611067e+00
1.940494567871093750e+03 2.008729590565091257e+03 1.573401605827391636e+00
1.940515441894531250e+03 2.006178677916858305e+03 1.571946162590464047e+00
1.940536254882812500e+03 2.010598377973903553e+03 1.576971557902549392e+00
1.940557067871093750e+03 2.010953878092757805e+03 1.580284982162208696e+00
1.940577941894531250e+03 2.010944023406899305e+03 1.573850527121292586e+00
1.940598754882812500e+03 2.011587010912137885e+03 1.574525561854770883e+00
1.940619567871093750e+03 2.013265989672279375e+03 1.578295330260111262e+00
1.940640441894531250e+03 2.018541840566847668e+03 1.579071063500305128e+00
1.940661254882812500e+03 2.015508728175148690e+03 1.575050002015840001e+00
1.940682067871093750e+03 2.016252727537533474e+03 1.575085044260220890e+00
1.940702941894531250e+03 2.017153061586529020e+03 1.575699103071912965e+00
1.940723754882812500e+03 2.018555180898744311e+03 1.577383188073012477e+00
1.940744567871093750e+03 2.017348928409845257e+03 1.578208694504831477e+00
1.940765441894531250e+03 2.019194196892948867e+03 1.582375270031966874e+00
1.940786254882812500e+03 2.022990598362081528e+03 1.578567744930730932e+00
1.940807067871093750e+03 2.019585456575045328e+03 1.578341478664457176e+00
1.940827941894531250e+03 2.021630806300941913e+03 1.576961730676528006e+00
1.940848754882812500e+03 2.021352396221711615e+03 1.582734806304199493e+00
1.941869567871093750e+03 2.024114780771939422e+03 1.834849453189318469e+00
1.941890441894531250e+03 2.025569571740327319e+03 1.865893821582023770e+00
1.941911254882812500e+03 2.008601734627053247e+03 1.892229455534711002e+00
1.941932067871093750e+03 2.018187291368191381e+03 1.914999720720315546e+00
1.941952941894531250e+03 2.021801530335488678e+03 1.940744882219380685e+00
1.941973754882812500e+03 2.023520968585697574e+03 1.961903550692813525e+00
1.941994567871093750e+03 2.020635019161497439e+03 1.985689643861827669e+00
1.942015441894531250e+03 2.018831506594167422e+03 2.012484565817842519e+00
1.942036254882812500e+03 2.015909189835690086e+03 2.031211617914112644e+00
1.942057067871093750e+03 2.020795459930290235e+03 2.052676881516750207e+00
1.942077941894531250e+03 2.015012035050221129e+03 2.069764608184872401e+00
1.942098754882812500e+03 2.016412188139951468e+03 2.088820504642860509e+00
1.942119567871093750e+03 2.016104004308030198e+03 2.107221394107458234e+00
1.942140441894531250e+03 2.015244152145539374e+03 2.124256116027036789e+00
1.942161254882812500e+03 2.014018772893140522e+03 2.141268779540899114e+00
1.942182067871093750e+03 2.012329110248090728e+03 2.156535917482274023e+00
1.942202941894531250e+03 2.008715055496858440e+03 2.172626941514776089e+00
1.942223754882812500e+03 2.007167654964475332e+03 2.189402053060394149e+00
1.942244567871093750e+03 2.010235400436528835e+03 2.200662088468948063e+00
1.942265441894531250e+03 2.009343476161932813e+03 2.207525201396583370e+00
1.942286254882812500e+03 2.005685409716311369e+03 2.210084676544394000e+00
1.942307067871093750e+03 2.006534864106848545e+03 2.210906766536337109e+00
1.942327941894531250e+03 2.008398650005853597e+03 2.218882597063941642e+00
1.942348754882812500e+03 2.005417045473112921e+03 2.213280935452402343e+00
1.942369567871093750e+03 2.006137365953755761e+03 2.215677309696596264e+00
1.942390441894531250e+03 2.008531771481817486e+03 2.220346440613539585e+00
1.942411254882812500e+03 2.005512903116225971e+03 2.227535530432041888e+00
1.942432067871093750e+03 2.005690087655121715e+03 2.238988208802743074e+00
1.942452941894531250e+03 2.003819424664861799e+03 2.251551411142779902e+00
1.942473754882812500e+03 2.003898474507362153e+03 2.260940760548843187e+00
1.942494567871093750e+03 2.004556828579760804e+03 2.264623170541452790e+00
1.942515441894531250e+03 2.002342064773852144e+03 2.264143465962448420e+00
1.942536254882812500e+03 2.004338737973342177e+03 2.261966039549379914e+00
1.942557067871093750e+03 1.999803490221107495e+03 2.255744171503707651e+00
1.942577941894531250e+03 2.005791267395571595e+03 2.251587625504978707e+00
1.942598754882812500e+03 2.004960627123388804e+03 2.248685346758591663e+00
1.942619567871093750e+03 2.003982511401026386e+03 2.244744733303564832e+00
1.942640441894531250e+03 2.006021083170694510e+03 2.242410469266722384e+00
1.942661254882812500e+03 2.002134376697264997e+03 2.239783510236980746e+00
1.942682067871093750e+03 2.008610594510211740e+03 2.237658988376132640e+00
1.942702941894531250e+03 2.004590974539872150e+03 2.229112844322464593e+00
1.942723754882812500e+03 2.003869135103431290e+03 2.222070170869677952e+00
1.942744567871093750e+03 2.007914720350475363e+03 2.221254788523993717e+00
1.942765441894531250e+03 2.002436681716150815e+03 2.213903479831827337e+00
1.942786254882812500e+03 2.003017094562779675e+03 2.211495372901058687e+00
1.942807067871093750e+03 2.003563008957306920e+03 2.212119066451929683e+00
1.942827941894531250e+03 2.004806360731713539e+03 2.214507331393300582e+00
1.942848754882812500e+03 2.006206815909542456e+03 2.217139505803773503e+00
1.942869567871093750e+03 2.005906394045562593e+03 2.218271768099210117e+00
1.942890441894531250e+03 2.005687432605300273e+03 2.216557776374683097e+00
1.942911254882812500e+03 2.005150455628700911e+03 2.211333006944575796e+00
1.942932067871093750e+03 2.006070203172131187e+03 2.204370998533601078e+00
1.942952941894531250e+03 2.004790121738143171e+03 2.200251768617945469e+00
1.942973754882812500e+03 2.003744584544908321e+03 2.188861096502076720e+00
1.942994567871093750e+03 2.007682161759835253e+03 2.176586611601181609e+00
1.943015441894531250e+03 2.003968008781000208e+03 2.167420133991433850e+00
1.943036254882812500e+03 2.005531706215502709e+03 2.152760764707657426e+00
1.943057067871093750e+03 2.005755671063811860e+03 2.140040408314467069e+00
1.943077941894531250e+03 2.009125075127142736e+03 2.125925311415718166e+00
1.943098754882812500e+03 2.009808493946719864e+03 2.112868065906677195e+00
1.943119567871093750e+03 2.009081491778935742e+03 2.102025544727283979e+00
1.943140441894531250e+03 2.009403394408440363e+03 2.085824456169978802e+00
1.943161254882812500e+03 2.009593906250050168e+03 2.072619955274942694e+00
1.943182067871093750e+03 2.012351583242895686e+03 2.062447055946295738e+00
1.943202941894531250e+03 2.011595310284189509e+03 2.053609819231085876e+00
1.943223754882812500e+03 2.012132433553304509e+03 2.045328618999520565e+00
1.943244567871093750e+03 2.008176233605138805e+03 2.038347023735743502e+00
1.943265441894531250e+03 2.012452511643137768e+03 2.031114309620489333e+00
1.943286254882812500e+03 2.010813661086547654e+03 2.020197922480887254e+00
1.943307067871093750e+03 2.009724349451110356e+03 2.008795709000914975e+00
1.943327941894531250e+03 2.011786165952335978e+03 1.998517500265583724e+00
1.943348754882812500e+03 2.012713704703306576e+03 1.983485225129157259e+00
1.943369567871093750e+03 2.010096785668071789e+03 1.966462880691856929e+00
1.943390441894531250e+03 2.011481594458356085e+03 1.952003584311274409e+00
1.943411254882812500e+03 2.017451404494826420e+03 1.943145770884922241e+00
1.943432067871093750e+03 2.012616950029170766e+03 1.932477224099789614e+00
1.943452941894531250e+03 2.018771373081199272e+03 1.928129795260162149e+00
1.943473754882812500e+03 2.014890852418336181e+03 1.920992392727962184e+00
1.943494567871093750e+03 2.015908209387648185e+03 1.913881192086511307e+00
1.943515441894531250e+03 2.015714075761916320e+03 1.909905103153493711e+00
1.943536254882812500e+03 2.014720914294232898e+03 1.905711989226747782e+00
1.943557067871093750e+03 2.016957464643532603e+03 1.907652354724252541e+00
1.943577941894531250e+03 2.014881185585448293e+03 1.898505692375757503e+00
1.943598754882812500e+03 2.017570174768276047e+03 1.899528409756978897e+00
1.943619567871093750e+03 2.014144427531244673e+03 1.891380537410579432e+00
1.943640441894531250e+03 2.015969671585489323e+03 1.889094213782722687e+00
1.943661254882812500e+03 2.014973457629099357e+03 1.884414308052587028e+00
1.943682067871093750e+03 2.018793364827613914e+03 1.880879022766991371e+00
1.943702941894531250e+03 2.016004290698384466e+03 1.884262666153316390e+00
1.943723754882812500e+03 2.017270300976044382e+03 1.871881498347801820e+00
1.943744567871093750e+03 2.019855070288223487e+03 1.861616754719409572e+00
1.943765441894531250e+03 2.017012941903517913e+03 1.853594087923686740e+00
1.943786254882812500e+03 2.018983986030934375e+03 1.847170098444945951e+00
1.943807067871093750e+03 2.012339749517026576e+03 1.850961322003179532e+00
1.943827941894531250e+03 2.020737459024797317e+03 1.839388003262835580e+00
1.943848754882812500e+03 2.017436017051543786e+03 1.835616972518996137e+00
1.943869567871093750e+03 2.017324362331573866e+03 1.833366639383818830e+00
1.943890441894531250e+03 2.015782148909718671e+03 1.832566368181429040e+00
1.943911254882812500e+03 2.018096702043875666e+03 1.833180796895506726e+00
1.943932067871093750e+03 2.020193343301819823e+03 1.831877484406133849e+00
1.943952941894531250e+03 2.017498801464012104e+03 1.828974273863620104e+00
1.943973754882812500e+03 2.016476593327540741e+03 1.829414825579393389e+00
1.943994567871093750e+03 2.018871269118054443e+03 1.824496654441569943e+00
1.944015441894531250e+03 2.018849424742166320e+03 1.822525839916764090e+00
1.944036254882812500e+03 2.019416138965472783e+03 1.816378816787125539e+00
1.944057067871093750e+03 2.020286346497542581e+03 1.811085839898090022e+00
1.944077941894531250e+03 2.017394341446432009e+03 1.807989097680498425e+00
1.944098754882812500e+03 2.017689557274310573e+03 1.799246640968553024e+00
1.944119567871093750e+03 2.020418773050336313e+03 1.791020483844452116e+00
1.944140441894531250e+03 2.022060891522073689e+03 1.790342114856646738e+00
1.944161254882812500e+03 2.020786245049339414e+03 1.778315083780410255e+00
1.944182128906250000e+03 2.018662622562711476e+03 1.773775110584506098e+00
1.944202941894531250e+03 2.021351303614198514e+03 1.770469298998513796e+00
1.944223815917968750e+03 2.020579876258114837e+03 1.766039031780053836e+00
1.944244628906250000e+03 2.020833528734498941e+03 1.765318784913584516e+00
1.944265441894531250e+03 2.018661836365532508e+03 1.762562010736094198e+00
1.944286315917968750e+03 2.021975221967536072e+03 1.762278059925559859e+00
1.944307128906250000e+03 2.020811426897071669e+03 1.756860704231520964e+00
1.944327941894531250e+03 2.020190729250457480e+03 1.760390023776656765e+00
1.944348815917968750e+03 2.020684992757341206e+03 1.747929915452592242e+00
1.944369628906250000e+03 2.018227304298579384e+03 1.744098453503151624e+00
1.944390441894531250e+03 2.022224334148019807e+03 1.739734513648135694e+00
1.944411315917968750e+03 2.019446097034288869e+03 1.731360556587607125e+00
1.944432128906250000e+03 2.021726378774405930e+03 1.727711705044649770e+00
1.944452941894531250e+03 2.021967667012910169e+03 1.723311526691193807e+00
1.944473815917968750e+03 2.023396367337581523e+03 1.722893108251445593e+00
1.944494628906250000e+03 2.020372728663543057e+03 1.729439112636703024e+00
1.944515441894531250e+03 2.022554573588665335e+03 1.719202502245921416e+00
1.944536315917968750e+03 2.025209257213327419e+03 1.718662606531698556e+00
1.944557128906250000e+03 2.022256737582325513e+03 1.717420792287129405e+00
1.944577941894531250e+03 2.022889111525047610e+03 1.716709382102893366e+00
1.944598815917968750e+03 2.023980408535174774e+03 1.718209268301129633e+00
1.944619628906250000e+03 2.019686238488562140e+03 1.712396635291312030e+00
1.944640441894531250e+03 2.022513917971146839e+03 1.715502705757855795e+00
1.944661315917968750e+03 2.024619033878059781e+03 1.713098493814254386e+00
1.944682128906250000e+03 2.021369855954866125e+03 1.712809474854006808e+00
1.944702941894531250e+03 2.022116978627191656e+03 1.716086178689700592e+00
1.944723815917968750e+03 2.023066704989625578e+03 1.711993444661932706e+00
1.944744628906250000e+03 2.019977193821246146e+03 1.713411328152206314e+00
1.945786315917968750e+03 2.019852101450148439e+03 1.670471315175881655e+00
1.945807128906250000e+03 2.021739098624223971e+03 1.665358992013699080e+00
1.945827941894531250e+03 2.022275733917273556e+03 1.665718222007970484e+00
1.945848815917968750e+03 2.020487029372013239e+03 1.660725861610113707e+00
1.945869628906250000e+03 2.019150986286769239e+03 1.661974102392304253e+00
1.945890441894531250e+03 2.020852704288536188e+03 1.661849291811705820e+00
1.945911315917968750e+03 2.022817047960901164e+03 1.655480403958139446e+00
1.945932128906250000e+03 2.020690111437505948e+03 1.653142208593899820e+00
1.945952941894531250e+03 2.021229787160923024e+03 1.653891701830279004e+00
1.945973815917968750e+03 2.021841709177148005e+03 1.653327811190909769e+00
1.945994628906250000e+03 2.022440414655533004e+03 1.650659591156354855e+00
1.946015441894531250e+03 2.021438085518180287e+03 1.654169899707520486e+00
1.946036315917968750e+03 2.020795121059376470e+03 1.649978062454965366e+00
1.946057128906250000e+03 2.020832975127455029e+03 1.649085401152280861e+00
1.946077941894531250e+03 2.020361255464338683e+03 1.640045136202765708e+00
1.946098815917968750e+03 2.016830966468675797e+03 1.642346596020822114e+00
1.946119628906250000e+03 2.022420864181501202e+03 1.634509067616439104e+00
1.946140441894531250e+03 2.021635232728521714e+03 1.632533218372963724e+00
1.946161315917968750e+03 2.017856829127616038e+03 1.630407579167412635e+00
1.946182128906250000e+03 2.020880089746059184e+03 1.628433707874650471e+00
1.946202941894531250e+03 2.020099879722231890e+03 1.628061638183084581e+00
1.946223815917968750e+03 2.020016559186597988e+03 1.628353619769626670e+00
1.946244628906250000e+03 2.021149936591356891e+03 1.633629188536314558e+00
1.946265441894531250e+03 2.020875829553828680e+03 1.629155787100729835e+00
1.946286315917968750e+03 2.021384933381234987e+03 1.627704716946181129e+00
1.946307128906250000e+03 2.019733094867515319e+03 1.636269446272729189e+00
1.946327941894531250e+03 2.020258161446298345e+03 1.626190189842140921e+00
1.946348815917968750e+03 2.018205652345598082e+03 1.626084479339174438e+00
1.946369628906250000e+03 2.022361692762001439e+03 1.623214327440346771e+00
1.946390441894531250e+03 2.021054543529502553e+03 1.623934616623650795e+00
1.946411315917968750e+03 2.018054241255615580e+03 1.619274396167498908e+00
1.946432128906250000e+03 2.021288253316998635e+03 1.618978715446854233e+00
1.946452941894531250e+03 2.024490414253054951e+03 1.618731586248467913e+00
1.946473815917968750e+03 2.020917538448005416e+03 1.619540065183814992e+00
1.946494628906250000e+03 2.023483228457579116e+03 1.620334162332782713e+00
1.946515441894531250e+03 2.019354446139464926e+03 1.619569654878849185e+00
1.946536315917968750e+03 2.019368745421907988e+03 1.617141722984917651e+00
1.946557128906250000e+03 2.020229793182614685e+03 1.620256911145459000e+00
1.946577941894531250e+03 2.021370404839283765e+03 1.616770372636662678e+00
1.946598815917968750e+03 2.021776560173108010e+03 1.621303535583401789e+00
1.946619628906250000e+03 2.021604475222799465e+03 1.617293570905287803e+00
1.946640441894531250e+03 2.022346837629024321e+03 1.617158972447092946e+00
1.946661315917968750e+03 2.021138530261357573e+03 1.619130464712919437e+00
1.946682128906250000e+03 2.023175942319417118e+03 1.618808247464574190e+00
1.946702941894531250e+03 2.019423266868581777e+03 1.616270459511019997e+00
1.946723815917968750e+03 2.021311791077190719e+03 1.616677540155922577e+00
1.946744628906250000e+03 2.023076140795057199e+03 1.618817894296078252e+00
1.946765441894531250e+03 2.020776349368498813e+03 1.615275113792478567e+00
1.946786315917968750e+03 2.018265173162427800e+03 1.615265150595754706e+00
1.946807128906250000e+03 2.017968018510392540e+03 1.616454395961804735e+00
1.946827941894531250e+03 2.019751368730321246e+03 1.617214921359457325e+00
1.946848815917968750e+03 2.020937311240542840e+03 1.615778654897103594e+00
1.946869628906250000e+03 2.023499806611554959e+03 1.614905696394963286e+00
1.946890441894531250e+03 2.021138546567441153e+03 1.619888409079614178e+00
1.946911315917968750e+03 2.020782144981656074e+03 1.614779019546378480e+00
1.946932128906250000e+03 2.022322489990168833e+03 1.624669554931010174e+00
1.946952941894531250e+03 2.015915952979368740e+03 1.611723436357098471e+00
1.946973815917968750e+03 2.016718391400196651e+03 1.612224611526975160e+00
1.946994628906250000e+03 2.017458027791451059e+03 1.611827722028402077e+00
1.947015441894531250e+03 2.017754749774750053e+03 1.615615818137782655e+00
1.947036315917968750e+03 2.015573994451207000e+03 1.612681057841468757e+00
1.947057128906250000e+03 2.017617890784242263e+03 1.613620380659477993e+00
1.947077941894531250e+03 2.018879092295276678e+03 1.610939524637276410e+00
1.947098815917968750e+03 2.019212192304972632e+03 1.608088228922437413e+00
1.947119628906250000e+03 2.018771451171290664e+03 1.609999156027625888e+00
1.947140441894531250e+03 2.018619135637225554e+03 1.607728208180345453e+00
1.947161315917968750e+03 2.017748981695633120e+03 1.611744663845652958e+00
1.947182128906250000e+03 2.019251191885897697e+03 1.608700360863918322e+00
1.947202941894531250e+03 2.019244064859408809e+03 1.609074018166383180e+00
1.947223815917968750e+03 2.018583769520404530e+03 1.605271376011953466e+00
1.947244628906250000e+03 2.019556132267822250e+03 1.605637812936397069e+00
1.947265441894531250e+03 2.016998081719894799e+03 1.609167956024606827e+00
1.947286315917968750e+03 2.012018472451300113e+03 1.605639223575514141e+00
1.947307128906250000e+03 2.015812831269413437e+03 1.609372703772823376e+00
1.947327941894531250e+03 2.014634589226072876e+03 1.604825821572945843e+00
1.947348815917968750e+03 2.017703156890042010e+03 1.605154856047446899e+00
1.947369628906250000e+03 2.019053606220451002e+03 1.605150102982159543e+00
1.947390441894531250e+03 2.018176035245795902e+03 1.602818141071272073e+00
1.947411315917968750e+03 2.019167150771648267e+03 1.601798658870002612e+00
1.947432128906250000e+03 2.014695099688577557e+03 1.602089027755134953e+00
1.947452941894531250e+03 2.019178825289579891e+03 1.602038057015721773e+00
1.947473815917968750e+03 2.018936932582748796e+03 1.603639623422008720e+00
1.947494628906250000e+03 2.019045814337710908e+03 1.601842269652381523e+00
1.947515441894531250e+03 2.021786870775113130e+03 1.605971802840434171e+00
1.947536315917968750e+03 2.017364963518783952e+03 1.602995738270711179e+00
1.947557128906250000e+03 2.019306952489167998e+03 1.604083798072218237e+00
1.947577941894531250e+03 2.018128231836712530e+03 1.603139631119081310e+00
1.947598815917968750e+03 2.017824071752800592e+03 1.602354644634197633e+00
1.947619628906250000e+03 2.017515748966909996e+03 1.607414607127782613e+00
1.947640441894531250e+03 2.013674376679457509e+03 1.607230452012359923e+00
1.947661315917968750e+03 2.018477874211376729e+03 1.601772685331358970e+00
1.947682128906250000e+03 2.012735118169816815e+03 1.603593385323374587e+00
1.947702941894531250e+03 2.016098178057651239e+03 1.608256942371130149e+00
1.947723815917968750e+03 2.016000105830687517e+03 1.600953372397847518e+00
1.947744628906250000e+03 2.020573721603499962e+03 1.603499046546645435e+00
1.947765441894531250e+03 2.020825130936825190e+03 1.604419671786447621e+00
1.947786315917968750e+03 2.019029366734718224e+03 1.602990012034844813e+00
1.947807128906250000e+03 2.014534279494038856e+03 1.603601562576122630e+00
1.947827941894531250e+03 2.017022564826868802e+03 1.604834289671459358e+00
1.947848815917968750e+03 2.018770279347464111e+03 1.602565023617602114e+00
1.947869628906250000e+03 2.013920630706897555e+03 1.606514471820576384e+00
1.947890441894531250e+03 2.015436342004858489e+03 1.600400773161243961e+00
1.947911315917968750e+03 2.016217561420183301e+03 1.601634847356018465e+00
1.947932128906250000e+03 2.012453810791943852e+03 1.599620255467040453e+00
1.947952941894531250e+03 2.015020370604228447e+03 1.605213302746539394e+00
1.947973815917968750e+03 2.015903022941928157e+03 1.598941798751116750e+00
1.947994628906250000e+03 2.012998102280152125e+03 1.601332559593854343e+00
1.948015441894531250e+03 2.016070437787569062e+03 1.599344941990075597e+00
1.948036315917968750e+03 2.017194052695073424e+03 1.603486928555267976e+00
1.948057128906250000e+03 2.019217127832550887e+03 1.602297060847507559e+00
1.948077941894531250e+03 2.014010268492703744e+03 1.599646412999355283e+00
1.948098815917968750e+03 2.018809288263200187e+03 1.600183106912134834e+00
1.948119628906250000e+03 2.016477467150012444e+03 1.598865750725424029e+00
1.948140441894531250e+03 2.017868380858070395e+03 1.599034691725923052e+00
1.948161315917968750e+03 2.015552304767294572e+03 1.597776674241657702e+00
1.948182128906250000e+03 2.017262964382209020e+03 1.596816385466228949e+00
1.948202941894531250e+03 2.018442038982415625e+03 1.596204998603797387e+00
1.948223815917968750e+03 2.015689286137187537e+03 1.597428284588984893e+00
1.948244628906250000e+03 2.015613505258593023e+03 1.596335613729956693e+00
1.948265441894531250e+03 2.015082919397385012e+03 1.596947398476153968e+00
1.948286315917968750e+03 2.017815633501033290e+03 1.597007265230873996e+00
1.948307128906250000e+03 2.018518328733783164e+03 1.596864312839765265e+00
1.948327941894531250e+03 2.018095142958317865e+03 1.598606563811689307e+00
1.948348815917968750e+03 2.014320811049424719e+03 1.597076758611601255e+00
1.948369628906250000e+03 2.014496467910547153e+03 1.594778215420948664e+00
1.948390441894531250e+03 2.018299900716720458e+03 1.595320358032839891e+00
1.948411315917968750e+03 2.013355963404786962e+03 1.595633048826567979e+00
1.948432128906250000e+03 2.013132739145938785e+03 1.597791073806741124e+00
1.948452941894531250e+03 2.015547948173234090e+03 1.593074206518634073e+00
1.948473815917968750e+03 2.017654118434092197e+03 1.602533557796380626e+00
1.948494628906250000e+03 2.015794523793906592e+03 1.593778273387769673e+00
1.948515441894531250e+03 2.017804561567574865e+03 1.595773422205577496e+00
1.948536315917968750e+03 2.013674379160838953e+03 1.592507345401226182e+00
1.948557128906250000e+03 2.015502629539206509e+03 1.594244038920498818e+00
1.948577941894531250e+03 2.016949643998035981e+03 1.593801534978869672e+00
1.948598815917968750e+03 2.012668489726663665e+03 1.593595385063911740e+00
1.948619628906250000e+03 2.017970237606070441e+03 1.592285530583940956e+00
1.948640441894531250e+03 2.016333415885313116e+03 1.593147014168008635e+00
1.948661315917968750e+03 2.011637905844984289e+03 1.591479160921441816e+00
1.948682128906250000e+03 2.015057860562553287e+03 1.591405303160770224e+00
1.948702941894531250e+03 2.013252502561841993e+03 1.592596197411714876e+00
1.948723815917968750e+03 2.014145508309697334e+03 1.590186829536715640e+00
1.948744628906250000e+03 2.012292235824114414e+03 1.590081424427634227e+00
1.948765441894531250e+03 2.015544131710703596e+03 1.595754895718663580e+00
1.948786315917968750e+03 2.011222409387235757e+03 1.591050648274515478e+00
1.948807128906250000e+03 2.011817283873253018e+03 1.591981916847275524e+00
1.948827941894531250e+03 2.012620439533449371e+03 1.591830050818964670e+00
1.948848815917968750e+03 2.013725006138362914e+03 1.596845724356307228e+00
1.948869628906250000e+03 2.012908182456149461e+03 1.591003894458274504e+00
1.948890441894531250e+03 2.009405483172145523e+03 1.592344299921212736e+00
1.948911315917968750e+03 2.009607119459181149e+03 1.590741028516555300e+00
1.948932128906250000e+03 2.012629408643901570e+03 1.597614987313845658e+00
1.948952941894531250e+03 2.011595374096869818e+03 1.593786575795260285e+00
1.948973815917968750e+03 2.014174235817756880e+03 1.597647669239831369e+00
1.948994628906250000e+03 2.013155720266186563e+03 1.592053052262666357e+00
1.949015441894531250e+03 2.014117920286937988e+03 1.589441646929172336e+00
1.949036315917968750e+03 2.009387930671374306e+03 1.590502253444769698e+00
1.949057128906250000e+03 2.009913120879858980e+03 1.589824554552423663e+00
1.949077941894531250e+03 2.012558730061350616e+03 1.591033790085697008e+00
1.949098815917968750e+03 2.013609263856260895e+03 1.594471487657014075e+00
1.949119628906250000e+03 2.011964098001618140e+03 1.589670382708056717e+00
1.949140441894531250e+03 2.010102336168373540e+03 1.589550469268338873e+00
1.949161315917968750e+03 2.007580569127293757e+03 1.587491781859264650e+00
1.949182128906250000e+03 2.009178801875536692e+03 1.590325209989784661e+00
1.949202941894531250e+03 2.009793405604642885e+03 1.587486375164526509e+00
1.949223815917968750e+03 2.008773346133757968e+03 1.587594355384824407e+00
1.949244628906250000e+03 2.013182613313260163e+03 1.586751719460488097e+00
1.949265441894531250e+03 2.010074427864157315e+03 1.588286891163547931e+00
1.949286315917968750e+03 2.009438746799159617e+03 1.585755962636659744e+00
1.949307128906250000e+03 2.010256553860183658e+03 1.587657428054364939e+00
1.949327941894531250e+03 2.006447427103572181e+03 1.586070313553444633e+00
1.949348815917968750e+03 2.005019173866075107e+03 1.586198456440079507e+00
1.949369628906250000e+03 2.008506735138304066e+03 1.586972730285726163e+00
1.949390441894531250e+03 2.008810154147251751e+03 1.591230008343584856e+00
1.949411315917968750e+03 2.011932959291705174e+03 1.586262260972802540e+00
1.949432128906250000e+03 2.008750099413422731e+03 1.585654397886674838e+00
1.949452941894531250e+03 2.012229666037072093e+03 1.589358918967069156e+00
1.949473815917968750e+03 2.009759491100993046e+03 1.587222551145435423e+00
1.949494628906250000e+03 2.011187000793535162e+03 1.587439741658052794e+00
1.949515441894531250e+03 2.012921668724044366e+03 1.588821269792090263e+00
1.949536315917968750e+03 2.011677542356896538e+03 1.584773044883803994e+00
1.949557128906250000e+03 2.008872178941292987e+03 1.583898803055202142e+00
1.949577941894531250e+03 2.005987141703737507e+03 1.583098025990115065e+00
1.949598815917968750e+03 2.005682126949866188e+03 1.582806809199534870e+00
1.949619628906250000e+03 2.001563379521775914e+03 1.582031400704082325e+00
1.949640441894531250e+03 2.008916462432479420e+03 1.584473483845122876e+00
1.949661315917968750e+03 2.008843693287333053e+03 1.583561663309612344e+00
1.949682128906250000e+03 2.004044345922101229e+03 1.582203646085277748e+00
1.949702941894531250e+03 2.007223039187169888e+03 1.583323236065173001e+00
1.949723815917968750e+03 2.003360347566091605e+03 1.582530529215872228e+00
1.949744628906250000e+03 2.006042949210112283e+03 1.582794306839736542e+00
1.949765441894531250e+03 2.002741725384063102e+03 1.584497784854668190e+00
1.949786315917968750e+03 2.003652561505196900e+03 1.582271604764458939e+00
1.949807128906250000e+03 2.007800491222014898e+03 1.585001551871036529e+00
1.949827941894531250e+03 2.005208085727206026e+03 1.582730287184789475e+00
1.949848815917968750e+03 1.999814438878125884e+03 1.581959362516022205e+00
1.949869628906250000e+03 2.001792457605532945e+03 1.581404347482197714e+00
1.949911315917968750e+03 2.019201656616486616e+03 1.585902923056724534e+00
1.949932128906250000e+03 2.018425035767898862e+03 1.585796932511641000e+00
1.949952941894531250e+03 2.018912662361506818e+03 1.585199118420425268e+00
1.949973815917968750e+03 2.018028848007422084e+03 1.595315426217589039e+00
1.949994628906250000e+03 2.016725660115146411e+03 1.589351643500581002e+00
1.950015441894531250e+03 2.017974447659963971e+03 1.586676364409571827e+00
1.950036315917968750e+03 2.017896077872518390e+03 1.585421172781851240e+00
1.950057128906250000e+03 2.019924237962967254e+03 1.587604642407892674e+00
1.950077941894531250e+03 2.017521875711202483e+03 1.588249438145972192e+00
1.950098815917968750e+03 2.016770778925617378e+03 1.587368699899161850e+00
1.950119628906250000e+03 2.017963099451775633e+03 1.585669734505735562e+00
1.950140441894531250e+03 2.018374480884806871e+03 1.583895115154196676e+00
1.950161315917968750e+03 2.016931466460846877e+03 1.587769526031659328e+00
1.950182128906250000e+03 2.021011346337531450e+03 1.584436918775518066e+00
1.950202941894531250e+03 2.019740059903648216e+03 1.586544277829621707e+00
1.950223815917968750e+03 2.019117905060510111e+03 1.584024412352354805e+00
1.950244628906250000e+03 2.019537055532114664e+03 1.583233336587012374e+00
1.950265441894531250e+03 2.018217394349004280e+03 1.583188686121473454e+00
1.950286315917968750e+03 2.019939536452560105e+03 1.583904297259141947e+00
1.950307128906250000e+03 2.021787794238920242e+03 1.584852552204271570e+00
1.950327941894531250e+03 2.018867293045037968e+03 1.583452128253744595e+00
1.950348815917968750e+03 2.018463575608690689e+03 1.583874793913006451e+00
1.950369628906250000e+03 2.019215585784208997e+03 1.584091164108898608e+00
1.950390441894531250e+03 2.018421767967604865e+03 1.582947642214148853e+00
1.950411315917968750e+03 2.018240271886575101e+03 1.582753635829520888e+00
1.950432128906250000e+03 2.018067685420198131e+03 1.583437899432706963e+00
1.950452941894531250e+03 2.018566189846114867e+03 1.583017376277209731e+00
1.950473815917968750e+03 2.017827073796761852e+03 1.590142524257427192e+00
1.950494628906250000e+03 2.020534380902466182e+03 1.583554135369547700e+00
1.950515441894531250e+03 2.021621005946940841e+03 1.584742880703385204e+00
1.950536315917968750e+03 2.019440022918439354e+03 1.581702680964940377e+00
1.950557128906250000e+03 2.017419218585052477e+03 1.582902531826407611e+00
1.950577941894531250e+03 2.018937244025993550e+03 1.580790544184500712e+00
1.950598815917968750e+03 2.021595272056394833e+03 1.581563922947015755e+00
1.950619628906250000e+03 2.016687840049256010e+03 1.580231195869931105e+00
1.950640441894531250e+03 2.020611337408190593e+03 1.582218413407912250e+00
1.950661315917968750e+03 2.021449550207162702e+03 1.592128527207086419e+00
1.950682128906250000e+03 2.017788662604111096e+03 1.582144726109684818e+00
1.950702941894531250e+03 2.018874207243383353e+03 1.581336954613367318e+00
1.950723815917968750e+03 2.019941103946761814e+03 1.580111169646351899e+00
1.950744628906250000e+03 2.018707069543400848e+03 1.579814044777631432e+00
1.950765441894531250e+03 2.018179664928349212e+03 1.580477330499909794e+00
1.950786315917968750e+03 2.021355448796750807e+03 1.580586468342710216e+00
1.950807128906250000e+03 2.017763293644626401e+03 1.580855999738682627e+00
1.950827941894531250e+03 2.019794962225742211e+03 1.581484702563043410e+00
1.950848815917968750e+03 2.019920389488085675e+03 1.581211207219306747e+00
1.950869628906250000e+03 2.017555185826722436e+03 1.580766563245495693e+00
1.950890441894531250e+03 2.017659917650677471e+03 1.579516260240307002e+00
1.950911315917968750e+03 2.021758179369164736e+03 1.580701858142169236e+00
1.950932128906250000e+03 2.019738297025774955e+03 1.579468636675040782e+00
1.950952941894531250e+03 2.019586858096712604e+03 1.583244555477368642e+00
1.950973815917968750e+03 2.015953935983786323e+03 1.578908820058174012e+00
1.950994628906250000e+03 2.017317707107480146e+03 1.581674342456732552e+00
1.951015441894531250e+03 2.018645598290019961e+03 1.579694892420766994e+00
1.951036315917968750e+03 2.017704259203108677e+03 1.586245201590564813e+00
1.951057128906250000e+03 2.017058438458874889e+03 1.579352401976296116e+00
1.951077941894531250e+03 2.017664979441423156e+03 1.580644390549889255e+00
1.951098815917968750e+03 2.016907674785460813e+03 1.579271636466841988e+00
1.951119628906250000e+03 2.019252480478717189e+03 1.581935173225567981e+00
1.951140441894531250e+03 2.016072752067909732e+03 1.578121751838589493e+00
1.951161315917968750e+03 2.015843567519836597e+03 1.577880236085334564e+00
1.951182128906250000e+03 2.016122399082086304e+03 1.577576268040624896e+00
1.951202941894531250e+03 2.018219155853921393e+03 1.577456493231147450e+00
1.951223815917968750e+03 2.017115846791164358e+03 1.579474901029509049e+00
1.951244628906250000e+03 2.018189230050967808e+03 1.578266175253509207e+00
1.951265441894531250e+03 2.018675565270590596e+03 1.577333837424160334e+00
1.951286315917968750e+03 2.017360874797802353e+03 1.576938371870431732e+00
1.951307128906250000e+03 2.017831874372018319e+03 1.579288091830905127e+00
1.951327941894531250e+03 2.017639280715406358e+03 1.578290798429151209e+00
1.951348815917968750e+03 2.017014576845096144e+03 1.576747330718520246e+00
1.951369628906250000e+03 2.017023256958957063e+03 1.580835111567104212e+00
1.951390441894531250e+03 2.016305127213642209e+03 1.577225305910236131e+00
1.951411315917968750e+03 2.016254580221390597e+03 1.578008137521201171e+00
1.951432128906250000e+03 2.017228572806290686e+03 1.577329076100717931e+00
1.951452941894531250e+03 2.015459116906497002e+03 1.576009181818865068e+00
1.951473815917968750e+03 2.016950061893479869e+03 1.577793728646314397e+00
1.951494628906250000e+03 2.017008998345470445e+03 1.582800181454832922e+00
1.951515441894531250e+03 2.016638061135186035e+03 1.575851540234206372e+00
1.951536315917968750e+03 2.019171681896465770e+03 1.577056674236427813e+00
1.951557128906250000e+03 2.017089700135067915e+03 1.577373061113248820e+00
1.951577941894531250e+03 2.017155980159746377e+03 1.579823099687478472e+00
1.951598815917968750e+03 2.016171762529081661e+03 1.580624480030582202e+00
1.951619628906250000e+03 2.017427775861232021e+03 1.575430732441625903e+00
1.951640441894531250e+03 2.014679161645154863e+03 1.573621537204974441e+00
1.951661315917968750e+03 2.018304222675303436e+03 1.575381850320568544e+00
1.951682128906250000e+03 2.017764397745876067e+03 1.577071338576035320e+00
1.951702941894531250e+03 2.015666847340170989e+03 1.574469685964993371e+00
1.951723815917968750e+03 2.015097519141999328e+03 1.576033386423866478e+00
1.951744628906250000e+03 2.015779686551547684e+03 1.573670852767611539e+00
1.951765441894531250e+03 2.014782154996932150e+03 1.583917392956065928e+00
1.951786315917968750e+03 2.013109433349660549e+03 1.574541309714843740e+00
1.951807128906250000e+03 2.014252187853428040e+03 1.576172858217823824e+00
1.951827941894531250e+03 2.013361351893523533e+03 1.572946341868333597e+00
1.951848815917968750e+03 2.015423683096182685e+03 1.574993463532947002e+00
1.951869628906250000e+03 2.016484910399371529e+03 1.579342816005679717e+00
1.951890441894531250e+03 2.013086536061600782e+03 1.573864085188308115e+00
1.951911315917968750e+03 2.015163703301381702e+03 1.572639070313749610e+00
1.951932128906250000e+03 2.014282142904339707e+03 1.572893138313739225e+00
1.951952941894531250e+03 2.015284587981262348e+03 1.574342102821657763e+00
1.951973815917968750e+03 2.010285960177023981e+03 1.571221615118410853e+00
1.951994628906250000e+03 2.015179359936154924e+03 1.577781639892853915e+00
1.952015441894531250e+03 2.011439718569482693e+03 1.572195868988297329e+00
1.952036315917968750e+03 2.011710114052884819e+03 1.572125882401074204e+00
1.952057128906250000e+03 2.011962856760547766e+03 1.574900590696108438e+00
1.952077941894531250e+03 2.012497726402567650e+03 1.573923012189659465e+00
1.952098815917968750e+03 2.012640739238401238e+03 1.572531200275286478e+00
1.952119628906250000e+03 2.010731370015903849e+03 1.572958619356144228e+00
1.952140441894531250e+03 2.009306831422044752e+03 1.571166304587500617e+00
1.952161315917968750e+03 2.012930519929064985e+03 1.573087072510089612e+00
1.952182128906250000e+03 2.012523832559854554e+03 1.578848569062711649e+00
1.952202941894531250e+03 2.012265411444766869e+03 1.572673180873219723e+00
1.952223815917968750e+03 2.011594370620231075e+03 1.571422962389261713e+00
1.952244628906250000e+03 2.012172589207181090e+03 1.571824821141441175e+00
1.952265441894531250e+03 2.010955915692721192e+03 1.571776661157237687e+00
1.952286315917968750e+03 2.012206377938199239e+03 1.584620939349010271e+00
1.952307128906250000e+03 2.010156592593734104e+03 1.571696492367557374e+00
1.952327941894531250e+03 2.011874639336204609e+03 1.571715150748042689e+00
1.952348815917968750e+03 2.010128456285158109e+03 1.572020555434624267e+00
1.952369628906250000e+03 2.009543852551049895e+03 1.572842737275198965e+00
1.952390441894531250e+03 2.012582399174964848e+03 1.572884346669922051e+00
1.952411315917968750e+03 2.007767081835590034e+03 1.571953063603867218e+00
1.952432128906250000e+03 2.008931680380951093e+03 1.570706825659926364e+00
1.952452941894531250e+03 2.012231463389363398e+03 1.571130871440919119e+00
1.952473815917968750e+03 2.009252064512200832e+03 1.571297256135411047e+00
1.952494628906250000e+03 2.008427911216562279e+03 1.571765815476905637e+00
1.952515441894531250e+03 2.006706210433816068e+03 1.574086223921083327e+00
1.952536315917968750e+03 2.010538554656441647e+03 1.571408245339160015e+00
1.952557128906250000e+03 2.010591289157998972e+03 1.571743820510786316e+00
1.952577941894531250e+03 2.008222350836143960e+03 1.572123380114374580e+00
1.952598815917968750e+03 2.011457585084102675e+03 1.571531211919324544e+00
1.952619628906250000e+03 2.008114648014269733e+03 1.572569406672754910e+00
1.952640441894531250e+03 2.007821568693041172e+03 1.573256281215968277e+00
1.952661315917968750e+03 2.009502293544704571e+03 1.571679199036638108e+00
1.952682128906250000e+03 2.008490147885216174e+03 1.570785754804565393e+00
1.952702941894531250e+03 2.008400557824679709e+03 1.575643647086215182e+00
1.952723815917968750e+03 2.008944428087754886e+03 1.570559354139628994e+00
1.952744628906250000e+03 2.007843175212297410e+03 1.571330788901762254e+00
1.952765441894531250e+03 2.008271829773733543e+03 1.571454140839068092e+00
1.952786315917968750e+03 2.005955572164819159e+03 1.570737942430918022e+00
1.952807128906250000e+03 2.007142299652154406e+03 1.571694823721113909e+00
1.952827941894531250e+03 2.008306869655390528e+03 1.575616561461522291e+00
1.952848815917968750e+03 2.006261193283688044e+03 1.572851680735241731e+00
1.952869628906250000e+03 2.006672869972577018e+03 1.574471730239809908e+00
1.952890441894531250e+03 2.005641644570284598e+03 1.570238937249073707e+00
1.952911315917968750e+03 2.007195103998048580e+03 1.571358327719953429e+00
1.952932128906250000e+03 2.006820696152331493e+03 1.570568462406201737e+00
1.952952941894531250e+03 2.005876112248340178e+03 1.570707584612894614e+00
1.952973815917968750e+03 2.005766144921598880e+03 1.571422127921034750e+00
1.952994628906250000e+03 2.004450004412023873e+03 1.570423862437078544e+00
1.953015441894531250e+03 2.005155096025662260e+03 1.570640795347830077e+00
1.953036315917968750e+03 2.006193374279561567e+03 1.576527986630749556e+00
1.953057128906250000e+03 2.004295808133991159e+03 1.569572919840235059e+00
1.953077941894531250e+03 2.006347037478207540e+03 1.571729561540716080e+00
1.953098815917968750e+03 2.004603030463436198e+03 1.570396459052533666e+00
1.953119628906250000e+03 2.003365890026886063e+03 1.573519795300845070e+00
1.953140441894531250e+03 2.005477094802803776e+03 1.569932806314385809e+00
1.953161315917968750e+03 2.005797778378111616e+03 1.573913544632545403e+00
1.953182128906250000e+03 2.006073293197664952e+03 1.574000038117889355e+00
1.953202941894531250e+03 2.003186741827428477e+03 1.569364650727135491e+00
1.953223815917968750e+03 2.004854648861273972e+03 1.574907175992075192e+00
1.953244628906250000e+03 2.003349484635719818e+03 1.568648182273825409e+00
1.953265441894531250e+03 2.003993254146111440e+03 1.570518518095196381e+00
1.953286315917968750e+03 2.004154776421795532e+03 1.569638387499167287e+00
1.953307128906250000e+03 2.003471181248438370e+03 1.569778655297168646e+00
1.953327941894531250e+03 2.003850512126409058e+03 1.570584857152922620e+00
1.953348815917968750e+03 2.000773070090213196e+03 1.571936986470772846e+00
1.953369628906250000e+03 2.002682680658221670e+03 1.568741045314566485e+00
1.953390441894531250e+03 2.000252850027003433e+03 1.568865208745764406e+00
1.953411315917968750e+03 2.002031726680835163e+03 1.575327366912193661e+00
1.953432128906250000e+03 2.002004231173151084e+03 1.568670524620524809e+00
1.953452941894531250e+03 2.001759847610845100e+03 1.570251008153530137e+00
1.953473815917968750e+03 2.003507231764899416e+03 1.569178689082369571e+00
1.953494628906250000e+03 2.003897288179113048e+03 1.569158177257444775e+00
1.953515441894531250e+03 2.002790877518050365e+03 1.570775888878380044e+00
1.953536315917968750e+03 2.002573523928009308e+03 1.568788766571941773e+00
1.953557128906250000e+03 2.000403016371672038e+03 1.570599581918450616e+00
1.953577941894531250e+03 2.001591955164798037e+03 1.570088612552323237e+00
1.953598815917968750e+03 1.999995033027901400e+03 1.570748112168756982e+00
1.953619628906250000e+03 1.998941585695757794e+03 1.568037368192900072e+00
1.953640441894531250e+03 2.001680256479216496e+03 1.571249838671983312e+00
1.953661315917968750e+03 2.002857011464838251e+03 1.569118292385847546e+00
1.953682128906250000e+03 1.999690437418774764e+03 1.570548272344068907e+00
1.953702941894531250e+03 2.002388105246563555e+03 1.571318878023717946e+00
1.953723815917968750e+03 2.000666470327731759e+03 1.569171927806740863e+00
1.953744628906250000e+03 1.997662521904759842e+03 1.568515413533856817e+00
1.953765441894531250e+03 1.999360008044380493e+03 1.567836194405848538e+00
1.953786315917968750e+03 1.999647708109786890e+03 1.568696134333985581e+00
1.953807128906250000e+03 1.999845689124691944e+03 1.568389094202972123e+00
1.953827941894531250e+03 1.997138763997478918e+03 1.567501455790012432e+00
1.953848815917968750e+03 1.999055435031454181e+03 1.569957636121920741e+00
1.953869628906250000e+03 1.998591375730350364e+03 1.568109741866499984e+00
1.953890441894531250e+03 2.001652061410223951e+03 1.568352838219954748e+00
1.953911315917968750e+03 1.997584767124926202e+03 1.566821188442032664e+00
1.953932128906250000e+03 1.995923587010707934e+03 1.567039152599586149e+00
1.953952941894531250e+03 1.996047919162960625e+03 1.566760168261391417e+00
1.953973815917968750e+03 1.997623722707569641e+03 1.567448295580117890e+00
1.953994628906250000e+03 1.999850100426178869e+03 1.567972213824921912e+00
1.954015441894531250e+03 1.997860766403661955e+03 1.568181123972099522e+00
1.954036315917968750e+03 1.999656415080043644e+03 1.568207273791831557e+00
1.954057128906250000e+03 1.998655560179640588e+03 1.567404716552553756e+00
1.954077941894531250e+03 1.996330356327723393e+03 1.567428977975692694e+00
1.954098815917968750e+03 1.997443077252155490e+03 1.567261117744534582e+00
1.954119628906250000e+03 1.997326943614819356e+03 1.567333603321172886e+00
1.954140441894531250e+03 1.997495176177837266e+03 1.568144711142121617e+00
1.954161315917968750e+03 1.996959708892071149e+03 1.567667617353610376e+00
1.954182128906250000e+03 1.995598456956627615e+03 1.567424794998494963e+00
1.954202941894531250e+03 1.998147237867590775e+03 1.570838194956790446e+00
1.954223815917968750e+03 1.996835129830678852e+03 1.568962921647804709e+00
1.954244628906250000e+03 1.994559231177459878e+03 1.566219784870649612e+00
1.954265441894531250e+03 1.995324790230131839e+03 1.568986095276896142e+00
1.954286315917968750e+03 1.995611241586647338e+03 1.570772018382722068e+00
1.954307128906250000e+03 1.993584833585230626e+03 1.566128523028656350e+00
1.954327941894531250e+03 1.993275634915942646e+03 1.570766174675129800e+00
1.954348815917968750e+03 1.994134296292354520e+03 1.566013353497900384e+00
1.954369628906250000e+03 1.992432632744300918e+03 1.567660697475205422e+00
1.954390441894531250e+03 1.992985099808725408e+03 1.570091573632272031e+00
1.954411315917968750e+03 1.994034022486514004e+03 1.567074678264079868e+00
1.954432128906250000e+03 1.994990829102435782e+03 1.566216207567475704e+00
1.954452941894531250e+03 1.990037325435925140e+03 1.565022073413341985e+00
1.954473815917968750e+03 1.992929672608739565e+03 1.565875793593254128e+00
1.954494628906250000e+03 1.991394387477905411e+03 1.564769165272750007e+00
1.954515441894531250e+03 1.989527479688661515e+03 1.564782040198649193e+00
1.954536315917968750e+03 1.990893741527993370e+03 1.566437223894004971e+00
1.954557128906250000e+03 1.991858633657765267e+03 1.566074478897079292e+00
1.954577941894531250e+03 1.991523973485103852e+03 1.569600565449246421e+00
1.954598815917968750e+03 1.989884117402725678e+03 1.565465478136942368e+00
1.954619628906250000e+03 1.989973349573001315e+03 1.564679952077181468e+00
1.954640441894531250e+03 1.992489160569901287e+03 1.565853563631097067e+00
1.954661315917968750e+03 1.989696480591869886e+03 1.567162842333127859e+00
1.954682128906250000e+03 1.990668786213256681e+03 1.570429176057401621e+00
1.954702941894531250e+03 1.987795213101400805e+03 1.565039897324827178e+00
1.954723815917968750e+03 1.989302734683484914e+03 1.570724964535512802e+00
1.954744628906250000e+03 1.989152537701130996e+03 1.564881226904533351e+00
1.954765441894531250e+03 1.988092406059196719e+03 1.564516521031362517e+00
1.954786315917968750e+03 1.988120257856067610e+03 1.568470952113717676e+00
1.954807128906250000e+03 1.985105230801669222e+03 1.565041039876332585e+00
1.954827941894531250e+03 1.982461095579194307e+03 1.570037514062241790e+00
1.954848815917968750e+03 1.985706648184648429e+03 1.566452063749057544e+00
1.954869628906250000e+03 1.985395766129743151e+03 1.564617248384297499e+00
