1.928119323730468750e+03 2.006073499378862380e+03 2.332095658069417876e+00
1.928140136718750000e+03 2.011995430469848998e+03 2.335277553456647670e+00
1.928160949707031250e+03 2.008595956423896041e+03 2.328812158546433864e+00
1.928181823730468750e+03 2.010854931612730525e+03 2.325079647873921740e+00
1.928202636718750000e+03 2.007301582678206159e+03 2.319607714339925408e+00
1.928223449707031250e+03 2.008475246258376046e+03 2.313444820909305921e+00
1.928244323730468750e+03 2.005231086642015271e+03 2.308523419078595040e+00
1.928265136718750000e+03 2.007093543276382206e+03 2.304558288055577719e+00
1.928285949707031250e+03 2.007837755932095661e+03 2.288063013382815480e+00
1.928306823730468750e+03 2.007626131750607328e+03 2.274563539997366490e+00
1.928327636718750000e+03 2.008528332260753359e+03 2.254281738315041306e+00
1.928348449707031250e+03 2.004035306021652559e+03 2.234980787838964034e+00
1.928369323730468750e+03 2.009948418961410880e+03 2.211959548718288815e+00
1.928390136718750000e+03 2.004076931451747896e+03 2.193144790329653038e+00
1.928410949707031250e+03 2.006492083669593285e+03 2.173823628245292738e+00
1.928431823730468750e+03 2.006163763676172039e+03 2.167164036321927334e+00
1.928452636718750000e+03 2.007357276976067169e+03 2.148006215589115087e+00
1.928473449707031250e+03 2.003291172424180786e+03 2.139526085117095189e+00
1.928494323730468750e+03 2.006538965449347870e+03 2.138119198530054721e+00
1.928515136718750000e+03 2.006680700414954572e+03 2.133603351114657265e+00
1.928535949707031250e+03 2.003936098841023068e+03 2.131836161174404332e+00
1.928556823730468750e+03 2.003412503444044432e+03 2.129846095940976625e+00
1.928577636718750000e+03 2.001280355575140220e+03 2.127099738834593357e+00
1.928598449707031250e+03 2.005189050236492676e+03 2.126225286538613979e+00
1.928619323730468750e+03 2.012506763822740595e+03 2.127255869215448403e+00
1.928640136718750000e+03 2.002151091870354776e+03 2.122204119364880626e+00
1.928660949707031250e+03 2.003826224667301631e+03 2.118235311193647163e+00
1.928681823730468750e+03 2.008315212412698656e+03 2.117028937789349197e+00
1.928702697753906250e+03 2.005725952903314010e+03 2.113771956299862254e+00
1.928723510742187500e+03 2.002476428526623295e+03 2.106182140309902362e+00
1.928744323730468750e+03 2.002554806496449146e+03 2.099532157010297606e+00
1.928765197753906250e+03 2.001811157371001627e+03 2.094426629350190527e+00
1.928786010742187500e+03 2.005086620297724494e+03 2.088111687314922360e+00
1.928806823730468750e+03 2.001871487187726871e+03 2.082615410765443098e+00
1.928827697753906250e+03 2.003398663190361276e+03 2.080057149432092967e+00
1.928848510742187500e+03 2.001711079753362810e+03 2.076582142297115130e+00
1.928869323730468750e+03 2.004039575501256422e+03 2.076530705446081537e+00
1.928890197753906250e+03 2.000979807603049721e+03 2.078385645073704158e+00
1.928911010742187500e+03 2.003729474154963555e+03 2.077171049367108946e+00
1.928931823730468750e+03 2.000349976409657302e+03 2.074286910551762730e+00
1.928952697753906250e+03 2.000132862062926051e+03 2.069358634734242752e+00
1.928973510742187500e+03 2.000574580205763141e+03 2.059321179070155328e+00
1.928994323730468750e+03 2.006734191476879914e+03 2.049107506161611969e+00
1.929015197753906250e+03 2.001680211834753663e+03 2.040955348242706524e+00
1.929036010742187500e+03 2.007211112387203229e+03 2.026026067861672164e+00
1.929056823730468750e+03 2.005455747725147376e+03 2.013782457484367239e+00
1.929077697753906250e+03 2.004049866859117628e+03 1.998722562524060997e+00
1.929098510742187500e+03 2.006767222205794042e+03 1.986297397132039677e+00
1.929119323730468750e+03 2.003937306374337368e+03 1.967665661304873304e+00
1.929140197753906250e+03 2.003188087827128129e+03 1.957085279377530185e+00
1.929161010742187500e+03 2.005536034604258930e+03 1.943928360191989224e+00
1.929181823730468750e+03 2.003012151264294971e+03 1.928375230376346838e+00
1.929202697753906250e+03 2.004976328632464629e+03 1.920773880783910537e+00
1.929223510742187500e+03 2.005713459379688629e+03 1.912078763660260972e+00
1.929244323730468750e+03 2.003306556088853085e+03 1.902662058681440893e+00
1.929265197753906250e+03 2.004823020427012125e+03 1.894966814762116813e+00
1.929286010742187500e+03 2.003179043544599608e+03 1.886964896437064665e+00
1.929306823730468750e+03 2.003000448195386525e+03 1.873656300039930223e+00
1.929327697753906250e+03 2.006596463590371513e+03 1.861622581927584008e+00
1.929348510742187500e+03 2.002414774083757038e+03 1.847457391146889671e+00
1.929369323730468750e+03 2.005627054305536149e+03 1.829759372566778675e+00
1.929390197753906250e+03 2.002426439811974888e+03 1.816211320815705799e+00
1.929411010742187500e+03 2.001500383790065371e+03 1.802001341202180695e+00
1.929431823730468750e+03 2.005649903077884574e+03 1.792468896806149958e+00
1.929452697753906250e+03 2.005024131515261615e+03 1.784772301584380605e+00
1.929473510742187500e+03 2.002863663703632028e+03 1.778983966937409233e+00
1.929494323730468750e+03 2.004913325859174165e+03 1.776222361511350600e+00
1.929515197753906250e+03 2.003034711410424279e+03 1.776373495685267034e+00
1.929536010742187500e+03 2.006048625204515702e+03 1.771711004832208669e+00
1.929556823730468750e+03 2.002846219313715210e+03 1.770127555970854027e+00
1.929577697753906250e+03 2.008620094889499342e+03 1.771034326553465821e+00
1.929598510742187500e+03 2.007731462692374862e+03 1.771223997518833526e+00
1.929619323730468750e+03 2.007627652537738868e+03 1.773060561129604418e+00
1.929640197753906250e+03 2.004443145687791457e+03 1.763811243238947890e+00
1.929661010742187500e+03 2.003486645778279126e+03 1.761658999493436628e+00
1.929681823730468750e+03 2.003594653076938812e+03 1.759323149166044598e+00
1.929702697753906250e+03 2.007237583572603398e+03 1.759868047276057057e+00
1.929723510742187500e+03 2.002714051982851288e+03 1.758402678702676969e+00
1.929744323730468750e+03 2.006140150073367295e+03 1.758240711189249073e+00
1.929765197753906250e+03 2.006951996541555673e+03 1.755582352660408851e+00
1.929786010742187500e+03 2.002505566107558934e+03 1.749796242432217319e+00
1.929806823730468750e+03 2.002550033549929140e+03 1.746835026428685156e+00
1.929827697753906250e+03 2.005685782858772200e+03 1.746105697556824765e+00
1.929848510742187500e+03 2.000029954900689063e+03 1.741720573223799251e+00
1.929869323730468750e+03 2.006260881297101150e+03 1.745262477229617026e+00
1.929890197753906250e+03 2.008056056037955386e+03 1.739830235607348063e+00
1.929911010742187500e+03 1.999469260839597609e+03 1.738336797962533709e+00
1.929931823730468750e+03 2.003730158518189910e+03 1.738954083815408280e+00
1.929952697753906250e+03 2.005955919899855417e+03 1.738937768293178365e+00
1.929973510742187500e+03 2.004793313199329987e+03 1.735643764747446527e+00
1.929994323730468750e+03 2.001759499956435320e+03 1.734401324648016995e+00
1.930015197753906250e+03 1.998225106360255268e+03 1.730775827411567880e+00
1.930036010742187500e+03 2.008101299993516932e+03 1.730604661551311541e+00
1.930056823730468750e+03 2.005126012115470076e+03 1.729652022606995798e+00
1.930077697753906250e+03 2.002832702952239288e+03 1.725095030336948554e+00
1.930098510742187500e+03 2.003561773048555096e+03 1.722786757873489227e+00
1.930119323730468750e+03 2.002342358256999887e+03 1.711628883053751604e+00
1.930140197753906250e+03 2.004339703946964164e+03 1.706378943073997512e+00
1.930161010742187500e+03 2.004501218445319410e+03 1.700378863808610364e+00
1.930181823730468750e+03 2.001530188777494004e+03 1.698011649191788042e+00
1.930202697753906250e+03 2.004271516260620501e+03 1.695932723123498187e+00
1.930223571777343750e+03 2.002216530872652129e+03 1.690203161725025716e+00
1.930244384765625000e+03 2.003845812571934857e+03 1.689109105711986025e+00
1.930265197753906250e+03 2.007242166211979111e+03 1.690114151073366822e+00
1.930286071777343750e+03 2.007104824071319399e+03 1.684205548144185993e+00
1.930306884765625000e+03 2.002241974796821069e+03 1.681495438709362356e+00
1.930327697753906250e+03 2.003147835791325178e+03 1.676148274383781001e+00
1.930348571777343750e+03 2.002410713240777568e+03 1.672075776495715482e+00
1.930369384765625000e+03 2.007021039964437477e+03 1.668966740737949150e+00
1.930390197753906250e+03 2.007327543922373479e+03 1.667526508103442717e+00
1.930411071777343750e+03 2.007021208234862115e+03 1.665457628726376704e+00
1.930431884765625000e+03 2.004320194350951624e+03 1.661710985001471519e+00
1.930452697753906250e+03 2.002306418184897666e+03 1.663729997109098191e+00
1.930473571777343750e+03 2.005659449795559340e+03 1.658447750815336352e+00
1.930494384765625000e+03 2.002743985775833607e+03 1.659398451242486194e+00
1.930515197753906250e+03 2.005206581138858382e+03 1.663992078840218936e+00
1.930536071777343750e+03 2.001303385760886158e+03 1.657626965178059741e+00
1.930556884765625000e+03 2.004654420510385080e+03 1.658311748204416514e+00
1.930577697753906250e+03 2.005944299009173847e+03 1.654830324170557754e+00
1.930598571777343750e+03 2.006273618876423370e+03 1.653435096428954809e+00
1.930619384765625000e+03 2.001775846309646113e+03 1.652134153811902983e+00
1.930640197753906250e+03 2.004685748674331535e+03 1.655329466465092381e+00
1.930661071777343750e+03 2.002178885226056082e+03 1.655132924645401182e+00
1.930681884765625000e+03 2.001034012370109849e+03 1.651827251250824302e+00
1.930702697753906250e+03 1.998609866484800477e+03 1.659256491587017157e+00
1.930723571777343750e+03 2.003571962032207466e+03 1.652918433856844782e+00
1.930744384765625000e+03 2.004004424708195529e+03 1.653740042658647935e+00
1.930765197753906250e+03 2.002895947091687958e+03 1.653904459596006404e+00
1.930786071777343750e+03 2.005516631199049243e+03 1.651593698659837184e+00
1.930806884765625000e+03 2.008470990433238057e+03 1.652970215558513756e+00
1.930827697753906250e+03 2.004826847778896990e+03 1.647881292002842946e+00
1.930848571777343750e+03 2.003898456586612156e+03 1.645996817987826377e+00
1.930869384765625000e+03 2.003904148562708542e+03 1.645922509525856059e+00
1.930890197753906250e+03 2.001813796803324749e+03 1.643414115674111997e+00
1.930911071777343750e+03 2.002980620983043082e+03 1.644683033514726000e+00
1.930931884765625000e+03 2.004615582198407083e+03 1.645310024973283936e+00
1.930952697753906250e+03 2.007264526399172610e+03 1.646171060348033288e+00
1.930973571777343750e+03 2.006417735918373637e+03 1.645759975231013916e+00
1.930994384765625000e+03 2.005871869971783781e+03 1.648149582726897711e+00
1.931015197753906250e+03 2.002809748933833816e+03 1.648734838778969758e+00
1.931036071777343750e+03 2.006393216668978766e+03 1.648251563699965061e+00
1.931056884765625000e+03 2.004947449622949080e+03 1.646679632480761990e+00
1.931077697753906250e+03 2.007226755252257135e+03 1.653405103407546983e+00
1.931098571777343750e+03 2.006442278813030498e+03 1.644622655217545582e+00
1.931119384765625000e+03 2.005775656243001322e+03 1.643564551738075252e+00
1.931140197753906250e+03 2.007969197052282198e+03 1.639694313193652775e+00
1.931161071777343750e+03 2.004929606393733138e+03 1.635087030643421313e+00
1.931181884765625000e+03 2.007047940565381850e+03 1.634848388618626913e+00
1.931202697753906250e+03 2.006544864391455121e+03 1.631972466446920400e+00
1.931223571777343750e+03 2.007621939015975840e+03 1.629747717705813947e+00
1.931244384765625000e+03 2.005001311553335654e+03 1.627665607564283246e+00
1.931265197753906250e+03 2.008322612304977611e+03 1.629328099063409363e+00
1.931286071777343750e+03 2.006356965670296177e+03 1.626838597620590576e+00
1.931306884765625000e+03 2.010552654755779258e+03 1.628004890448608188e+00
1.931327697753906250e+03 2.007442580200462999e+03 1.628089096054190721e+00
1.931348571777343750e+03 2.007582160268295411e+03 1.627353577714638844e+00
1.931369384765625000e+03 2.008058753864482242e+03 1.625446771680114866e+00
1.931390197753906250e+03 2.005713028752373702e+03 1.621174932078704112e+00
1.931411071777343750e+03 2.005540469253538504e+03 1.622135425158741651e+00
1.931431884765625000e+03 2.008095579879779962e+03 1.620752946810063877e+00
1.931452697753906250e+03 2.008036530466315526e+03 1.619467708005423168e+00
1.931473571777343750e+03 2.006566412737919109e+03 1.623450861298519010e+00
1.931494384765625000e+03 2.010570647015791110e+03 1.619196873551769222e+00
1.931515197753906250e+03 2.010558971455248866e+03 1.621471315100192934e+00
1.931536071777343750e+03 2.009283292687346147e+03 1.617786388720720225e+00
1.931556884765625000e+03 2.009603486173279634e+03 1.616569142824805017e+00
1.931577697753906250e+03 2.007921034688468353e+03 1.616781137615181940e+00
1.931598571777343750e+03 2.007327086909696391e+03 1.618469688270743001e+00
1.931619384765625000e+03 2.009846716571817979e+03 1.621138900679590433e+00
1.931640197753906250e+03 2.008423543393782438e+03 1.621335592959004757e+00
1.931661071777343750e+03 2.012902273839006284e+03 1.621903623942077877e+00
1.931681884765625000e+03 2.009244872289624709e+03 1.624993177546337764e+00
1.931702697753906250e+03 2.010590478623934359e+03 1.620354394177993873e+00
1.931723571777343750e+03 2.007081578704254298e+03 1.620523963894629604e+00
1.931744384765625000e+03 2.008783276985132034e+03 1.620364399651723852e+00
1.931765197753906250e+03 2.009430084481610720e+03 1.619698312242333627e+00
1.931786071777343750e+03 2.008537064575463774e+03 1.619961998458477659e+00
1.931806945800781250e+03 2.005734935640281037e+03 1.621216992209135732e+00
1.931827758789062500e+03 2.009142270083794301e+03 1.618238835284919297e+00
1.931848571777343750e+03 2.006937028173297676e+03 1.615575309299164042e+00
1.931869445800781250e+03 2.010886248486355726e+03 1.614339929097104998e+00
1.931890258789062500e+03 2.007175844446560404e+03 1.613916304430784043e+00
1.931911071777343750e+03 2.010145808716677038e+03 1.615695799820239253e+00
1.931931945800781250e+03 2.007136593790783536e+03 1.616727090800967881e+00
1.931952758789062500e+03 2.007281258738796623e+03 1.616969734309700701e+00
1.931973571777343750e+03 2.010330930653365613e+03 1.618968627776526503e+00
1.931994445800781250e+03 2.008779552187001627e+03 1.622569540734776439e+00
1.932015258789062500e+03 2.008239599496218943e+03 1.617663400995865031e+00
1.932036071777343750e+03 2.011560782058696532e+03 1.618449948460562338e+00
1.932056945800781250e+03 2.011216004415618954e+03 1.618161115718499632e+00
1.932077758789062500e+03 2.008395851716788457e+03 1.622481815841649633e+00
1.932098571777343750e+03 2.010727011548239261e+03 1.618083245072771126e+00
1.932119445800781250e+03 2.011113722548151145e+03 1.615734903814263212e+00
1.932140258789062500e+03 2.009841526702324700e+03 1.616225689132074539e+00
1.932161071777343750e+03 2.011431339492757161e+03 1.614949469942112081e+00
1.932181945800781250e+03 2.009380960862079974e+03 1.611384498303645385e+00
1.932202758789062500e+03 2.008159116286806693e+03 1.609705918743056019e+00
1.932223571777343750e+03 2.010400065732387702e+03 1.610042248521045716e+00
1.932244445800781250e+03 2.008650444639455600e+03 1.609117950355261506e+00
1.932265258789062500e+03 2.011365144848227828e+03 1.613783861982511780e+00
1.932286071777343750e+03 2.008593183919530475e+03 1.609119209776380233e+00
1.932306945800781250e+03 2.009646250052906908e+03 1.606326354471880880e+00
1.932327758789062500e+03 2.009740884426486446e+03 1.606636383844959770e+00
1.932348571777343750e+03 2.010912880522568230e+03 1.605172531385497647e+00
1.932369445800781250e+03 2.007360797381421435e+03 1.604675319666262201e+00
1.932390258789062500e+03 2.013241918569438440e+03 1.603958273228356379e+00
1.932411071777343750e+03 2.010816400423419964e+03 1.608986594728113451e+00
1.932431945800781250e+03 2.011519418108392529e+03 1.603910929454251955e+00
1.932452758789062500e+03 2.009012193900400234e+03 1.600831846719369622e+00
1.932473571777343750e+03 2.012362715746814047e+03 1.601903888324324177e+00
1.932494445800781250e+03 2.012646041760630851e+03 1.604513139175819170e+00
1.932515258789062500e+03 2.010575434243868585e+03 1.601570985352902765e+00
1.932536071777343750e+03 2.010008944194984451e+03 1.603699240353228195e+00
1.932556945800781250e+03 2.010432487523481541e+03 1.603453622193099060e+00
1.932577758789062500e+03 2.008763755415119704e+03 1.606816674994887562e+00
1.932598571777343750e+03 2.011531753539717101e+03 1.604153505081415299e+00
1.932619445800781250e+03 2.010779429699197408e+03 1.604267868548836740e+00
1.932640258789062500e+03 2.009857125860103224e+03 1.602656813996401697e+00
1.932661071777343750e+03 2.009330803648580968e+03 1.603662147286188722e+00
1.932681945800781250e+03 2.012303619887063633e+03 1.615508308845010399e+00
1.932702758789062500e+03 2.007108083289485876e+03 1.603616950565956101e+00
1.932723571777343750e+03 2.008286087008722461e+03 1.602754028705584810e+00
1.932744445800781250e+03 2.004053363838568657e+03 1.604860287940350183e+00
1.932765258789062500e+03 2.010542484875555147e+03 1.603556735851084269e+00
1.932786071777343750e+03 2.008574720958740727e+03 1.604148154544116522e+00
1.932806945800781250e+03 2.011245349956364862e+03 1.603777437755855351e+00
1.932827758789062500e+03 2.010755085551058983e+03 1.601738450224394761e+00
1.932848571777343750e+03 2.002669155362412766e+03 1.602114177683079399e+00
1.932869445800781250e+03 2.008230380873011654e+03 1.600140121404007187e+00
1.932890258789062500e+03 2.006501314643018304e+03 1.600547059234580294e+00
1.932911071777343750e+03 2.006821807405074196e+03 1.600967371086903901e+00
1.932931945800781250e+03 2.009266114657682920e+03 1.602367068771539671e+00
1.932952758789062500e+03 2.006842710541601718e+03 1.602042224027550033e+00
1.932973571777343750e+03 2.010036792039695683e+03 1.600987177533584438e+00
1.932994445800781250e+03 2.008817828956471203e+03 1.602240070204515199e+00
1.933015258789062500e+03 2.006844089524167430e+03 1.605721558206279820e+00
1.933036071777343750e+03 2.009403320202380655e+03 1.603428567620962975e+00
1.933056945800781250e+03 2.004083051464708660e+03 1.602103983824955336e+00
1.933077758789062500e+03 2.007063765087031243e+03 1.603310501044448166e+00
1.933098571777343750e+03 2.002716560665422548e+03 1.604468932305414430e+00
1.933119445800781250e+03 2.008279180271414589e+03 1.609174623329777232e+00
1.933140258789062500e+03 2.006774164412640403e+03 1.600669500230608389e+00
1.933161071777343750e+03 2.005773860154106387e+03 1.600861633278338081e+00
1.933181945800781250e+03 2.007364765441097916e+03 1.598496941051354314e+00
1.933202758789062500e+03 2.007489433361359261e+03 1.598306985040597761e+00
1.933223571777343750e+03 2.005453856170069230e+03 1.597394478764896153e+00
1.933244445800781250e+03 2.004918696682598011e+03 1.598778141898471450e+00
1.933265258789062500e+03 2.007266261927601818e+03 1.599486927380910695e+00
1.933286071777343750e+03 2.003506587552023348e+03 1.597427165202288890e+00
1.933306945800781250e+03 2.008705802131812561e+03 1.596534615088537112e+00
1.933327758789062500e+03 2.006752346705955688e+03 1.596724408657918426e+00
1.933348571777343750e+03 2.009035084467055185e+03 1.593991653970960209e+00
1.933369445800781250e+03 2.005800860457821727e+03 1.594571743216888660e+00
1.933390258789062500e+03 2.004907114823307893e+03 1.591915945268636667e+00
1.933411132812500000e+03 2.004935354923297155e+03 1.592468120189980851e+00
1.933431945800781250e+03 2.008036379787911301e+03 1.593048839043128773e+00
1.933452819824218750e+03 2.007226675093543918e+03 1.593132871935354578e+00
1.933473632812500000e+03 2.008441100867798241e+03 1.593922100872722236e+00
1.933494445800781250e+03 2.006917279671666620e+03 1.594584377512088702e+00
1.933515319824218750e+03 2.009695418347562736e+03 1.595298613096466589e+00
1.933536132812500000e+03 2.004074225344908655e+03 1.593017185254980372e+00
1.933556945800781250e+03 2.002859254522508081e+03 1.598515137458459634e+00
1.933577819824218750e+03 2.006779551390917959e+03 1.593534567241071009e+00
1.933598632812500000e+03 2.004171744436633389e+03 1.592060315384139280e+00
1.933619445800781250e+03 2.007088238350801703e+03 1.593812380299190368e+00
1.933640319824218750e+03 1.999485509544913612e+03 1.593000048544596314e+00
1.933661132812500000e+03 2.007173133138903722e+03 1.596787344659946317e+00
1.933681945800781250e+03 2.001225711954606140e+03 1.597394478764896153e+00
1.933702819824218750e+03 2.004481619151251834e+03 1.597116318476604402e+00
1.933723632812500000e+03 2.002150887789057606e+03 1.593666298856189378e+00
1.933744445800781250e+03 2.001138810227970907e+03 1.593488484786589554e+00
1.933765319824218750e+03 2.003153412398770570e+03 1.593479731962005763e+00
1.933786132812500000e+03 1.999093338806656448e+03 1.598304747497232503e+00
1.933806945800781250e+03 2.001452183088850234e+03 1.590595864139658921e+00
1.933827819824218750e+03 1.992323429458549754e+03 1.589969639398304269e+00
1.933848632812500000e+03 1.997929078008982287e+03 1.588942738749044903e+00
1.933869445800781250e+03 2.000200242440889269e+03 1.589171021243315218e+00
1.933890319824218750e+03 2.000879635261136855e+03 1.591309942178778192e+00
1.933911132812500000e+03 1.998992814058272415e+03 1.591585372260119424e+00
1.933931945800781250e+03 2.000621362512721589e+03 1.598609546638884771e+00
1.933952819824218750e+03 1.998439878993577622e+03 1.590914354067927139e+00
1.933973632812500000e+03 1.995971352964281095e+03 1.589097506307275642e+00
1.933994445800781250e+03 2.000057216608664248e+03 1.594688886955446083e+00
1.934015319824218750e+03 2.002468024290605399e+03 1.591468674227093372e+00
1.934036132812500000e+03 1.997411843841617156e+03 1.590175959489408708e+00
1.934056945800781250e+03 1.997213882481607016e+03 1.593055274488133666e+00
1.934077819824218750e+03 1.997542783765802142e+03 1.593247427892352075e+00
1.934098632812500000e+03 1.996462903982063608e+03 1.590989583320012946e+00
1.934119445800781250e+03 2.000301142951340807e+03 1.591719736675804020e+00
1.934140319824218750e+03 1.992869572987817719e+03 1.588329446927279731e+00
1.934161132812500000e+03 2.004148640669811130e+03 1.589645485852401618e+00
1.934181945800781250e+03 1.997987131671390443e+03 1.587614553929112216e+00
1.934202819824218750e+03 1.998364051004913108e+03 1.587205502084455322e+00
1.934223632812500000e+03 1.994431725362274165e+03 1.585571171587793593e+00
1.934244445800781250e+03 1.996881660108915412e+03 1.585079167551963764e+00
1.934265319824218750e+03 1.998271555463578125e+03 1.585849252134131637e+00
1.934286132812500000e+03 1.994488630380961467e+03 1.587869303842865287e+00
1.934306945800781250e+03 1.992295434803882927e+03 1.585353273919744233e+00
1.934327819824218750e+03 1.997410745839403035e+03 1.587844153518356727e+00
1.934348632812500000e+03 1.997689960056010250e+03 1.585681312051280933e+00
1.934369445800781250e+03 2.003291910684902405e+03 1.585601771105211055e+00
1.934390319824218750e+03 1.996078496283117829e+03 1.589293738600555672e+00
1.934411132812500000e+03 1.998705727554914802e+03 1.590798131367768375e+00
1.934431945800781250e+03 1.999948297048465520e+03 1.591945374471788854e+00
1.934452819824218750e+03 1.995585433003966273e+03 1.584595060396229105e+00
1.934473632812500000e+03 1.993595877520333033e+03 1.582419416114480670e+00
1.934494445800781250e+03 1.994475327614767821e+03 1.586538792767968165e+00
1.934515319824218750e+03 1.996812583535614522e+03 1.585067134362002417e+00
1.934536132812500000e+03 1.999038390377486166e+03 1.588051950815646318e+00
1.934556945800781250e+03 2.007831872734886019e+03 1.588099692307031630e+00
1.934577819824218750e+03 1.997171607150433147e+03 1.593642212457838658e+00
1.934598632812500000e+03 1.995087848347944828e+03 1.583832419523269586e+00
1.934619445800781250e+03 2.000415643108537552e+03 1.585806103604718853e+00
1.934640319824218750e+03 2.001379945243136035e+03 1.585603349934069595e+00
1.934661132812500000e+03 1.998469513288763210e+03 1.586962964991700531e+00
1.934681945800781250e+03 1.994276894838945736e+03 1.583896846210840037e+00
1.934702819824218750e+03 1.999421275413785452e+03 1.584636060285685710e+00
1.934723632812500000e+03 1.999903027458136194e+03 1.585559217316152791e+00
1.934744445800781250e+03 2.005171494976184476e+03 1.586379868021162709e+00
1.934765319824218750e+03 1.996883852823216557e+03 1.588781203256921071e+00
1.934786132812500000e+03 1.997223415673486443e+03 1.589876741634038471e+00
1.934806945800781250e+03 1.995487803301708027e+03 1.584969135669840323e+00
1.934827819824218750e+03 1.998113472726401142e+03 1.584894297592049250e+00
1.934848632812500000e+03 1.993181006775389278e+03 1.584804412013598673e+00
1.934869445800781250e+03 1.996234052395729350e+03 1.583375185697777576e+00
1.934890319824218750e+03 2.001827236421997668e+03 1.584712715948806805e+00
1.934911132812500000e+03 1.995030507116635590e+03 1.583198926474432389e+00
1.934931945800781250e+03 1.999086522380448287e+03 1.585034869920575407e+00
1.934952819824218750e+03 2.002230684548947238e+03 1.584882037348963602e+00
1.934973632812500000e+03 2.002026615956573096e+03 1.583940949885442873e+00
1.934994445800781250e+03 1.995937785895185016e+03 1.581872098476201138e+00
1.935015319824218750e+03 1.998627756473669479e+03 1.583004273134730688e+00
1.935036132812500000e+03 2.001632821793386029e+03 1.584583851067479010e+00
1.935056945800781250e+03 2.007651752064288075e+03 1.587348348027180611e+00
1.935077819824218750e+03 2.001127587113006939e+03 1.584545407733688682e+00
1.935098632812500000e+03 2.000387767893074624e+03 1.588848205340474662e+00
1.935119445800781250e+03 2.000009221275753816e+03 1.586155768346842132e+00
1.935140319824218750e+03 1.996184376325346193e+03 1.582457986427631358e+00
1.935161132812500000e+03 2.000573246215438985e+03 1.583481940607040173e+00
1.935182006835937500e+03 1.997753208134188526e+03 1.581728305774596111e+00
1.935202819824218750e+03 2.001859704377637172e+03 1.581990333310576924e+00
1.935223693847656250e+03 1.999396489115600843e+03 1.582934161949155039e+00
1.935244506835937500e+03 1.995792705313484475e+03 1.582190762237133175e+00
1.935265319824218750e+03 1.999711461748499460e+03 1.580181104324434482e+00
1.935286193847656250e+03 1.998085792707374821e+03 1.580759172819890201e+00
1.935307006835937500e+03 1.998660719032014413e+03 1.581462767387964652e+00
1.935327819824218750e+03 1.995399021861695473e+03 1.579678063972884017e+00
1.935348693847656250e+03 1.993569129281134337e+03 1.581206834528092298e+00
1.935369506835937500e+03 1.995626776398239599e+03 1.593761892835337202e+00
1.935390319824218750e+03 1.998301411061763247e+03 1.581730340668158874e+00
1.935411193847656250e+03 1.992993447483044292e+03 1.577695353725062200e+00
1.935432006835937500e+03 1.987795478685078933e+03 1.577017669452960069e+00
1.935452819824218750e+03 1.992449893234030469e+03 1.578109892215741716e+00
1.935473693847656250e+03 1.990315779139576534e+03 1.578171606603130384e+00
1.935494506835937500e+03 1.993839354439678118e+03 1.581245057471470483e+00
1.935515319824218750e+03 1.995392241727913188e+03 1.582345738176626382e+00
1.935536193847656250e+03 2.002523183796432477e+03 1.582782708176678543e+00
1.935557006835937500e+03 1.996667519215208358e+03 1.580588429285479046e+00
1.935577819824218750e+03 1.992509406510978124e+03 1.584612965065588241e+00
1.935598693847656250e+03 1.995895520529994883e+03 1.579070233073758489e+00
1.935619506835937500e+03 1.991862190825887183e+03 1.580542648179296350e+00
1.935640319824218750e+03 1.993864719074063942e+03 1.577869205706278422e+00
1.935661193847656250e+03 1.996846717408093127e+03 1.579277071284944878e+00
1.935682006835937500e+03 1.997393374443877292e+03 1.580050813606284299e+00
1.935702819824218750e+03 1.995695876449161688e+03 1.579292620800099689e+00
1.935723693847656250e+03 1.989061931827444369e+03 1.575329561419228419e+00
1.935744506835937500e+03 1.993559282279569743e+03 1.579734887564107293e+00
1.935765319824218750e+03 1.991343348189899643e+03 1.576959236063253611e+00
1.935786193847656250e+03 1.990274556568082062e+03 1.578377505204295650e+00
1.935807006835937500e+03 1.994992695014865603e+03 1.578170095875829126e+00
1.935827819824218750e+03 2.003579411674455287e+03 1.579716701218803809e+00
1.935848693847656250e+03 1.996459136073950958e+03 1.579139383461153345e+00
1.935869506835937500e+03 1.996233408543903352e+03 1.581322405216631477e+00
1.935890319824218750e+03 1.995996247721881673e+03 1.583144335592919338e+00
1.935911193847656250e+03 1.996124340132810403e+03 1.578693778395358738e+00
1.935932006835937500e+03 1.989478153029253008e+03 1.575905324716006417e+00
1.935952819824218750e+03 1.997336745417735983e+03 1.583233261292177785e+00
1.935973693847656250e+03 1.996451571414993168e+03 1.577603017765238480e+00
1.935994506835937500e+03 1.993819831558337683e+03 1.577846993613102544e+00
1.936015319824218750e+03 1.994502809241330397e+03 1.582077063379864645e+00
1.936036193847656250e+03 1.993550623277926888e+03 1.577708500959037474e+00
1.936057006835937500e+03 1.996616559367095761e+03 1.577189177468203196e+00
1.936077819824218750e+03 1.998988810116237119e+03 1.583340251639794749e+00
1.936098693847656250e+03 2.000617513060283727e+03 1.578921655186204198e+00
1.936119506835937500e+03 1.997158950724258148e+03 1.580539857525331771e+00
1.936140319824218750e+03 2.004262435766721410e+03 1.580350307791571263e+00
1.936182006835937500e+03 2.016758867564822594e+03 1.582229488809439033e+00
1.936202819824218750e+03 2.020269196568499183e+03 1.587546073064776797e+00
1.936223693847656250e+03 2.015855345878904700e+03 1.586598300916867155e+00
1.936244506835937500e+03 2.017172729196766568e+03 1.583104577186921214e+00
1.936265319824218750e+03 2.020099798198959434e+03 1.582814190064381732e+00
1.936286193847656250e+03 2.015465210199263765e+03 1.582908857901520472e+00
1.936307006835937500e+03 2.016807646532925219e+03 1.583350039276865573e+00
1.936327819824218750e+03 2.015954678218542995e+03 1.581141318103195470e+00
1.936348693847656250e+03 2.017766321419198221e+03 1.587718696248409112e+00
1.936369506835937500e+03 2.014379301851977516e+03 1.580365922178400995e+00
1.936390319824218750e+03 2.018212832240517173e+03 1.583714096397006443e+00
1.936411193847656250e+03 2.017344735913892919e+03 1.583569492329317541e+00
1.936432006835937500e+03 2.015269779052556487e+03 1.582263241935935261e+00
1.936452819824218750e+03 2.018050350150861505e+03 1.581540255236557613e+00
1.936473693847656250e+03 2.015434399379202659e+03 1.580734286438780334e+00
1.936494506835937500e+03 2.016488591125187895e+03 1.581548546513010800e+00
1.936515319824218750e+03 2.016111566180656382e+03 1.585069992252889914e+00
1.936536193847656250e+03 2.019027905852921322e+03 1.581207060702072287e+00
1.936557006835937500e+03 2.017504795629336286e+03 1.584679616804305136e+00
1.936577819824218750e+03 2.017121078500991644e+03 1.584227593842436832e+00
1.936598693847656250e+03 2.016509658771769182e+03 1.588430165197536326e+00
1.936619506835937500e+03 2.015455098972802261e+03 1.583622713581602337e+00
1.936640319824218750e+03 2.017897291334729061e+03 1.586317045149144400e+00
1.936661193847656250e+03 2.018411594781854546e+03 1.586720090308625819e+00
1.936682006835937500e+03 2.015754829196440824e+03 1.579442975204618627e+00
1.936702819824218750e+03 2.017924675788814739e+03 1.580783757163202408e+00
1.936723693847656250e+03 2.018693559216966605e+03 1.581305518702313728e+00
1.936744506835937500e+03 2.017341963756964105e+03 1.580845442574547066e+00
1.936765319824218750e+03 2.017876477299421140e+03 1.582336095002451648e+00
1.936786193847656250e+03 2.019609867601073120e+03 1.581361529974302238e+00
1.936807006835937500e+03 2.016209263279694142e+03 1.579699722076737478e+00
1.936827819824218750e+03 2.019746480056852761e+03 1.582029592254146966e+00
1.936848693847656250e+03 2.016221752605679967e+03 1.585454482013129995e+00
1.936869506835937500e+03 2.016492501705661880e+03 1.583423294054851826e+00
1.936890319824218750e+03 2.018099761536659116e+03 1.583316459900474982e+00
1.936911193847656250e+03 2.017730698750066495e+03 1.578743313060139153e+00
1.936932006835937500e+03 2.016654860457270161e+03 1.579642746288571376e+00
1.936952819824218750e+03 2.015051605229484721e+03 1.579917343126358009e+00
1.936973693847656250e+03 2.016798729801659420e+03 1.586424128096245445e+00
1.936994506835937500e+03 2.015482825292153620e+03 1.579810271883210993e+00
1.937015319824218750e+03 2.014253034706282733e+03 1.579404029352971195e+00
1.937036193847656250e+03 2.017999532510978270e+03 1.580668825844446124e+00
1.937057006835937500e+03 2.017342275718521250e+03 1.581729511637764096e+00
1.937077819824218750e+03 2.015692723806780577e+03 1.578503931460530918e+00
1.937098693847656250e+03 2.016192645985706804e+03 1.578268139079160859e+00
1.937119567871093750e+03 2.015376874426919358e+03 1.580034969763729480e+00
1.937140380859375000e+03 2.017384193360189329e+03 1.579606069395992130e+00
1.937161193847656250e+03 2.014971660264687671e+03 1.577643897117876559e+00
1.937182067871093750e+03 2.014417443702461469e+03 1.578642278818499944e+00
1.937202880859375000e+03 2.014956398665235156e+03 1.585455083527803843e+00
1.937223693847656250e+03 2.016132605981770666e+03 1.586241519144772516e+00
1.937244567871093750e+03 2.016551090005933929e+03 1.576997788736731909e+00
1.937265380859375000e+03 2.015368789342074251e+03 1.587186124515256536e+00
1.937286193847656250e+03 2.018486108256442321e+03 1.579592711550719786e+00
1.937307067871093750e+03 2.018074417370334004e+03 1.578003076054774301e+00
1.937327880859375000e+03 2.015778193107445531e+03 1.578670822779773442e+00
1.937348693847656250e+03 2.015580234727583729e+03 1.577189782135130391e+00
1.937369567871093750e+03 2.016108095901040087e+03 1.576408888381412243e+00
1.937390380859375000e+03 2.014260190744684451e+03 1.575986414022994886e+00
1.937411193847656250e+03 2.016553596482201101e+03 1.578619700028513817e+00
1.937432067871093750e+03 2.015682163279809174e+03 1.578096521706032540e+00
1.937452880859375000e+03 2.017249323589898722e+03 1.577703211855092880e+00
1.937473693847656250e+03 2.018090636289136000e+03 1.586510390364570311e+00
1.937494567871093750e+03 2.015929302295824073e+03 1.578183314690681405e+00
1.937515380859375000e+03 2.017137798955580820e+03 1.577208602277345051e+00
1.937536193847656250e+03 2.016375108636322921e+03 1.579281071902986167e+00
1.937557067871093750e+03 2.018567844479041696e+03 1.577403215078136745e+00
1.937577880859375000e+03 2.019634148112990033e+03 1.577456568801717696e+00
1.937598693847656250e+03 2.016202302449577019e+03 1.578602331508769163e+00
1.937619567871093750e+03 2.017475792765362257e+03 1.577447046881359505e+00
1.937640380859375000e+03 2.017256159607237123e+03 1.576531616150403048e+00
1.937661193847656250e+03 2.017155346491957289e+03 1.576830039938837524e+00
1.937682067871093750e+03 2.018761874743196813e+03 1.575992692218819879e+00
1.937702880859375000e+03 2.018512625422654992e+03 1.576726463721639382e+00
1.937723693847656250e+03 2.017079649683538491e+03 1.587651646497307167e+00
1.937744567871093750e+03 2.014797788082982606e+03 1.575421576617981323e+00
1.937765380859375000e+03 2.017831593274266197e+03 1.577953669246216384e+00
1.937786193847656250e+03 2.019064680508435004e+03 1.577444401893281611e+00
1.937807067871093750e+03 2.015601318683574391e+03 1.577093259241807655e+00
1.937827880859375000e+03 2.017615420864374300e+03 1.576432557511795007e+00
1.937848693847656250e+03 2.016462216106236156e+03 1.577392559231591385e+00
1.937869567871093750e+03 2.017492914096237428e+03 1.576225724180815302e+00
1.937890380859375000e+03 2.019266110923882707e+03 1.576462956320882736e+00
1.937911193847656250e+03 2.016883940312040295e+03 1.576782788858876794e+00
1.937932067871093750e+03 2.019050498674170512e+03 1.576324190818413573e+00
1.937952880859375000e+03 2.016469322604938725e+03 1.577676539389317734e+00
1.937973693847656250e+03 2.017678638860149249e+03 1.579974912613268279e+00
1.937994567871093750e+03 2.015820088560798467e+03 1.576489346851441375e+00
1.938015380859375000e+03 2.017100941171001978e+03 1.578801000863166992e+00
1.938036193847656250e+03 2.018947348050002802e+03 1.577096207170168851e+00
1.938057067871093750e+03 2.017659375123574591e+03 1.580478989873911999e+00
1.938077880859375000e+03 2.016198383486492958e+03 1.576392781070305338e+00
1.938098693847656250e+03 2.018168983038860461e+03 1.582041648548001556e+00
1.938119567871093750e+03 2.019756237526141604e+03 1.576239110559637391e+00
1.938140380859375000e+03 2.022487153288393074e+03 1.576637397854676381e+00
1.938161193847656250e+03 2.021552906595419017e+03 1.578517298519358514e+00
1.938182067871093750e+03 2.018805190714705759e+03 1.578846228438798960e+00
1.938202880859375000e+03 2.017352197938812424e+03 1.575805091961233639e+00
1.938223693847656250e+03 2.017194796684599623e+03 1.576022116200910039e+00
1.938244567871093750e+03 2.019990264704313631e+03 1.577183130786180776e+00
1.938265380859375000e+03 2.018945086766621216e+03 1.576640875903134509e+00
1.938286193847656250e+03 2.022977169603378115e+03 1.579797896726265583e+00
1.938307067871093750e+03 2.020558333003089501e+03 1.578138445806349432e+00
1.938327880859375000e+03 2.017022294705614968e+03 1.575740788346457588e+00
1.938348693847656250e+03 2.020025446502243767e+03 1.576995596551159728e+00
1.938369567871093750e+03 2.020519962111047562e+03 1.581895685863248913e+00
1.938390380859375000e+03 2.017600698840931955e+03 1.584761009369433982e+00
1.938411193847656250e+03 2.022068762465146165e+03 1.576823613875151242e+00
1.938432067871093750e+03 2.018702626836128957e+03 1.577737364042453683e+00
1.938452880859375000e+03 2.020881648262842191e+03 1.582839721566109858e+00
1.938473693847656250e+03 2.018086031910099337e+03 1.584197795521276708e+00
1.938494567871093750e+03 2.018529650064741190e+03 1.576469761944103043e+00
1.938515380859375000e+03 2.020504312202457641e+03 1.581107993402458112e+00
1.938536193847656250e+03 2.020494192856463542e+03 1.577543699260782084e+00
1.938557067871093750e+03 2.020884024272662145e+03 1.576694935887301252e+00
1.938577880859375000e+03 2.021816153685864492e+03 1.577735323998925354e+00
1.938598693847656250e+03 2.021286212853619645e+03 1.577454830677686770e+00
1.938619567871093750e+03 2.019226739513293751e+03 1.576080584334455859e+00
1.938640380859375000e+03 2.017658021080129402e+03 1.581289310494410127e+00
1.938661193847656250e+03 2.020250586320921684e+03 1.583558049902847431e+00
1.938682067871093750e+03 2.020127719617958974e+03 1.575915839329866230e+00
1.938702880859375000e+03 2.016673660281103366e+03 1.575443141902788557e+00
1.938723693847656250e+03 2.022244923564247301e+03 1.576773187266333309e+00
1.938744567871093750e+03 2.021136411395264531e+03 1.576194186330431402e+00
1.938765380859375000e+03 2.020907442797805288e+03 1.576521181258877302e+00
1.938786193847656250e+03 2.022658646679549292e+03 1.576590216613247053e+00
1.938807067871093750e+03 2.020590921306649989e+03 1.577144658228831098e+00
1.938827880859375000e+03 2.023363476763992594e+03 1.577487552430484330e+00
1.938848693847656250e+03 2.020289857951387148e+03 1.575977110144633153e+00
1.938869567871093750e+03 2.018459766647109291e+03 1.578457259147192593e+00
1.938890380859375000e+03 2.020618214630599596e+03 1.577391652347710505e+00
1.938911193847656250e+03 2.019677006353391789e+03 1.575514418743936496e+00
1.938932067871093750e+03 2.021236441762967388e+03 1.576018712426453083e+00
1.938952880859375000e+03 2.021255959755591448e+03 1.576501747979702328e+00
1.938973693847656250e+03 2.022581618216239121e+03 1.576496757293473161e+00
1.938994567871093750e+03 2.017865386295885173e+03 1.577230445453997820e+00
1.939015380859375000e+03 2.020267798696531372e+03 1.576646546617863853e+00
1.939036193847656250e+03 2.021862416409450361e+03 1.576362229661892878e+00
1.939057067871093750e+03 2.020818605010465944e+03 1.577270276350316358e+00
1.939077880859375000e+03 2.021298966881015531e+03 1.576628551479456686e+00
1.939098693847656250e+03 2.020791024922185670e+03 1.576644807600848575e+00
1.939119567871093750e+03 2.021349306211358908e+03 1.577479466517759832e+00
1.939140380859375000e+03 2.022009454408551164e+03 1.581046318234681669e+00
1.939161193847656250e+03 2.025713817183176161e+03 1.579661989996521632e+00
1.939182067871093750e+03 2.021397295822588376e+03 1.575600597369663625e+00
1.939202880859375000e+03 2.019711128136899106e+03 1.575806529306169379e+00
1.939223693847656250e+03 2.021177955673530960e+03 1.580130256764193053e+00
1.939244567871093750e+03 2.020434738169990851e+03 1.576204093972513709e+00
1.939265380859375000e+03 2.021846791495800062e+03 1.577809066118963877e+00
1.939286193847656250e+03 2.019875442221648655e+03 1.575564356010966227e+00
1.939307067871093750e+03 2.021242031534090756e+03 1.577881671539952180e+00
1.939327880859375000e+03 2.019625472011700595e+03 1.575108430551104721e+00
1.939348693847656250e+03 2.019253831722538052e+03 1.577136872901679698e+00
1.939369567871093750e+03 2.020547981469545448e+03 1.576021057249644475e+00
1.939390441894531250e+03 2.020272576733551432e+03 1.576379093507571882e+00
1.939411254882812500e+03 2.019819887415168523e+03 1.576214757853563020e+00
1.939432067871093750e+03 2.023177926324648979e+03 1.576177093610668267e+00
1.939452941894531250e+03 2.022562972959439094e+03 1.577596519286279531e+00
1.939473754882812500e+03 2.022682676573604567e+03 1.577093863945510321e+00
1.939494567871093750e+03 2.020319491456419655e+03 1.577041405036875954e+00
1.939515441894531250e+03 2.021090359942523719e+03 1.575395092531013619e+00
1.939536254882812500e+03 2.022496609239776262e+03 1.577013587501253644e+00
1.939557067871093750e+03 2.021173462893175156e+03 1.578381810207512892e+00
1.939577941894531250e+03 2.022531574152916619e+03 1.576842891987646045e+00
1.939598754882812500e+03 2.023485217947207047e+03 1.576472181714167808e+00
1.939619567871093750e+03 2.021564843865643979e+03 1.575295054334021838e+00
1.939640441894531250e+03 2.021954915000374513e+03 1.578110420990633145e+00
1.939661254882812500e+03 2.021369142982081485e+03 1.577866410323996771e+00
1.939682067871093750e+03 2.019875441084194335e+03 1.577104824159938357e+00
1.939702941894531250e+03 2.020848395639326327e+03 1.574861910988081037e+00
1.939723754882812500e+03 2.021108526489915221e+03 1.577674045906296341e+00
1.939744567871093750e+03 2.023150129264671932e+03 1.577349406095720497e+00
1.939765441894531250e+03 2.020378705503840138e+03 1.575030096462856077e+00
1.939786254882812500e+03 2.021499955806742719e+03 1.576507419194876247e+00
1.939807067871093750e+03 2.021856101655874454e+03 1.575682761538167220e+00
1.939827941894531250e+03 2.017086162088680339e+03 1.574286220420398008e+00
1.939848754882812500e+03 2.020099165570025434e+03 1.578270782686756135e+00
1.939869567871093750e+03 2.019196433462389450e+03 1.575135827641158892e+00
1.939890441894531250e+03 2.016099756451498251e+03 1.574989527712929105e+00
1.939911254882812500e+03 2.020831092613385181e+03 1.577301943840445198e+00
1.939932067871093750e+03 2.018809824788517744e+03 1.577011017378092017e+00
1.939952941894531250e+03 2.022587754621413524e+03 1.581168912233307688e+00
1.939973754882812500e+03 2.016684133689789405e+03 1.575048791038814677e+00
1.939994567871093750e+03 2.017404207863019792e+03 1.576209766258649170e+00
1.940015441894531250e+03 2.019053696622297821e+03 1.577139820748520105e+00
1.940036254882812500e+03 2.018270898373382579e+03 1.575805167610999868e+00
1.940057067871093750e+03 2.019411262829180487e+03 1.577604906852937194e+00
1.940077941894531250e+03 2.019756092493264077e+03 1.580581038026961149e+00
1.940098754882812500e+03 2.017273922327226046e+03 1.575401675759925846e+00
1.940119567871093750e+03 2.021195754956585915e+03 1.585076535299465572e+00
1.940140441894531250e+03 2.021008961962161038e+03 1.574748061480966355e+00
1.940161254882812500e+03 2.019187148987517958e+03 1.574444397308868204e+00
1.940182067871093750e+03 2.021223467393680494e+03 1.589065398717166122e+00
1.940202941894531250e+03 2.018635914565588791e+03 1.575471668159364791e+00
1.940223754882812500e+03 2.018157135423668706e+03 1.574206330886961602e+00
1.940244567871093750e+03 2.019676970217603412e+03 1.573717212532401488e+00
1.940265441894531250e+03 2.022324258849914713e+03 1.574075469886975442e+00
1.940286254882812500e+03 2.017005671543420931e+03 1.574031619930998271e+00
1.940307067871093750e+03 2.020284675140914032e+03 1.574167406934513957e+00
1.940327941894531250e+03 2.016019379672709647e+03 1.574603163967880803e+00
1.940348754882812500e+03 2.016937179049455153e+03 1.575543397684062485e+00
1.940369567871093750e+03 2.018249804167578986e+03 1.575135676277329644e+00
1.940390441894531250e+03 2.016954760515537373e+03 1.574585826851952586e+00
1.940411254882812500e+03 2.017457211381085017e+03 1.574957510965434127e+00
1.940432067871093750e+03 2.019500236354012486e+03 1.580954705812229744e+00
1.940452941894531250e+03 2.012854036432898738e+03 1.575464631226291656e+00
1.940473754882812500e+03 2.009353425280752390e+03 1.573439488035611067e+00
1.940494567871093750e+03 2.010249996867865775e+03 1.573401605827391636e+00
1.940515441894531250e+03 2.007581793573374625e+03 1.571946162590464047e+00
1.940536254882812500e+03 2.009007489294531979e+03 1.576971557902549392e+00
1.940557067871093750e+03 2.009396693650098314e+03 1.580284982162208696e+00
1.940577941894531250e+03 2.009358106010401116e+03 1.573850527121292586e+00
1.940598754882812500e+03 2.009356558878753503e+03 1.574525561854770883e+00
1.940619567871093750e+03 2.011864314715125829e+03 1.578295330260111262e+00
1.940640441894531250e+03 2.013830277788758167e+03 1.579071063500305128e+00
1.940661254882812500e+03 2.012278378849396177e+03 1.575050002015840001e+00
1.940682067871093750e+03 2.014094786687624264e+03 1.575085044260220890e+00
1.940702941894531250e+03 2.013996047774691306e+03 1.575699103071912965e+00
1.940723754882812500e+03 2.016482347064124951e+03 1.577383188073012477e+00
1.940744567871093750e+03 2.014886281630218036e+03 1.578208694504831477e+00
1.940765441894531250e+03 2.016105786762721664e+03 1.582375270031966874e+00
1.940786254882812500e+03 2.019989388596817207e+03 1.578567744930730932e+00
1.940807067871093750e+03 2.016339973457528686e+03 1.578341478664457176e+00
1.940827941894531250e+03 2.015993795349466609e+03 1.576961730676528006e+00
1.940848754882812500e+03 2.019118368087340059e+03 1.582734806304199493e+00
1.941869567871093750e+03 2.008253844077175927e+03 1.834849453189318469e+00
1.941890441894531250e+03 2.011960527890281810e+03 1.865893821582023770e+00
1.941911254882812500e+03 2.001497125421235069e+03 1.892229455534711002e+00
1.941932067871093750e+03 2.007776104811026016e+03 1.914999720720315546e+00
1.941952941894531250e+03 2.008496854886716847e+03 1.940744882219380685e+00
1.941973754882812500e+03 2.012761939239848743e+03 1.961903550692813525e+00
1.941994567871093750e+03 2.011178223256772981e+03 1.985689643861827669e+00
1.942015441894531250e+03 2.008329818920680282e+03 2.012484565817842519e+00
1.942036254882812500e+03 2.006034825822640869e+03 2.031211617914112644e+00
1.942057067871093750e+03 2.011754234217880821e+03 2.052676881516750207e+00
1.942077941894531250e+03 2.005499929130047803e+03 2.069764608184872401e+00
1.942098754882812500e+03 2.008518551675117578e+03 2.088820504642860509e+00
1.942119567871093750e+03 2.009850935807555743e+03 2.107221394107458234e+00
1.942140441894531250e+03 2.008010260329310313e+03 2.124256116027036789e+00
1.942161254882812500e+03 2.008036717717330703e+03 2.141268779540899114e+00
1.942182067871093750e+03 2.006577081376306978e+03 2.156535917482274023e+00
1.942202941894531250e+03 2.008744279784737500e+03 2.172626941514776089e+00
1.942223754882812500e+03 2.006181695940019836e+03 2.189402053060394149e+00
1.942244567871093750e+03 2.010532398501978150e+03 2.200662088468948063e+00
1.942265441894531250e+03 2.007474206747371227e+03 2.207525201396583370e+00
1.942286254882812500e+03 2.004531231754505370e+03 2.210084676544394000e+00
1.942307067871093750e+03 2.004923205394805791e+03 2.210906766536337109e+00
1.942327941894531250e+03 2.006892534147730203e+03 2.218882597063941642e+00
1.942348754882812500e+03 2.006050875187733709e+03 2.213280935452402343e+00
1.942369567871093750e+03 2.007093916743104728e+03 2.215677309696596264e+00
1.942390441894531250e+03 2.011077865568761354e+03 2.220346440613539585e+00
1.942411254882812500e+03 2.005986846569814134e+03 2.227535530432041888e+00
1.942432067871093750e+03 2.006273081014485342e+03 2.238988208802743074e+00
1.942452941894531250e+03 2.008790599824113542e+03 2.251551411142779902e+00
1.942473754882812500e+03 2.007903679853151971e+03 2.260940760548843187e+00
1.942494567871093750e+03 2.012405537061924861e+03 2.264623170541452790e+00
1.942515441894531250e+03 2.007387608647906291e+03 2.264143465962448420e+00
1.942536254882812500e+03 2.008847322649653961e+03 2.261966039549379914e+00
1.942557067871093750e+03 2.006029352532508256e+03 2.255744171503707651e+00
1.942577941894531250e+03 2.011427115255180524e+03 2.251587625504978707e+00
1.942598754882812500e+03 2.012181778138796744e+03 2.248685346758591663e+00
1.942619567871093750e+03 2.006907486841691480e+03 2.244744733303564832e+00
1.942640441894531250e+03 2.012384482900945386e+03 2.242410469266722384e+00
1.942661254882812500e+03 2.012325606368724493e+03 2.239783510236980746e+00
1.942682067871093750e+03 2.015276183526698787e+03 2.237658988376132640e+00
1.942702941894531250e+03 2.011961356835106471e+03 2.229112844322464593e+00
1.942723754882812500e+03 2.012366432595487368e+03 2.222070170869677952e+00
1.942744567871093750e+03 2.013392112834864292e+03 2.221254788523993717e+00
1.942765441894531250e+03 2.011110145353886310e+03 2.213903479831827337e+00
1.942786254882812500e+03 2.011550715682945793e+03 2.211495372901058687e+00
1.942807067871093750e+03 2.013244642891652347e+03 2.212119066451929683e+00
1.942827941894531250e+03 2.015834164031126875e+03 2.214507331393300582e+00
1.942848754882812500e+03 2.016044352504831750e+03 2.217139505803773503e+00
1.942869567871093750e+03 2.013332477228833795e+03 2.218271768099210117e+00
1.942890441894531250e+03 2.012155552920065475e+03 2.216557776374683097e+00
1.942911254882812500e+03 2.015220898509227027e+03 2.211333006944575796e+00
1.942932067871093750e+03 2.012586797335817664e+03 2.204370998533601078e+00
1.942952941894531250e+03 2.009118119880318318e+03 2.200251768617945469e+00
1.942973754882812500e+03 2.010594703673859385e+03 2.188861096502076720e+00
1.942994567871093750e+03 2.014294001649843722e+03 2.176586611601181609e+00
1.943015441894531250e+03 2.007173707258852573e+03 2.167420133991433850e+00
1.943036254882812500e+03 2.008050111973217554e+03 2.152760764707657426e+00
1.943057067871093750e+03 2.007538755291400321e+03 2.140040408314467069e+00
1.943077941894531250e+03 2.013159611484161815e+03 2.125925311415718166e+00
1.943098754882812500e+03 2.012567058142049518e+03 2.112868065906677195e+00
1.943119567871093750e+03 2.010180100081925502e+03 2.102025544727283979e+00
1.943140441894531250e+03 2.008367218954731925e+03 2.085824456169978802e+00
1.943161254882812500e+03 2.010090742899883935e+03 2.072619955274942694e+00
1.943182067871093750e+03 2.012270358626384677e+03 2.062447055946295738e+00
1.943202941894531250e+03 2.007255958262906006e+03 2.053609819231085876e+00
1.943223754882812500e+03 2.013088302485788972e+03 2.045328618999520565e+00
1.943244567871093750e+03 2.004326434849424459e+03 2.038347023735743502e+00
1.943265441894531250e+03 2.010068542061363132e+03 2.031114309620489333e+00
1.943286254882812500e+03 2.010394312084376452e+03 2.020197922480887254e+00
1.943307067871093750e+03 2.007802415838631987e+03 2.008795709000914975e+00
1.943327941894531250e+03 2.013086650986238510e+03 1.998517500265583724e+00
1.943348754882812500e+03 2.008906996782972783e+03 1.983485225129157259e+00
1.943369567871093750e+03 2.007189437217924024e+03 1.966462880691856929e+00
1.943390441894531250e+03 2.008503870534076668e+03 1.952003584311274409e+00
1.943411254882812500e+03 2.012418275481046749e+03 1.943145770884922241e+00
1.943432067871093750e+03 2.007166983278336829e+03 1.932477224099789614e+00
1.943452941894531250e+03 2.016652301357750730e+03 1.928129795260162149e+00
1.943473754882812500e+03 2.012605468785082849e+03 1.920992392727962184e+00
1.943494567871093750e+03 2.011209562905206440e+03 1.913881192086511307e+00
1.943515441894531250e+03 2.012444928346977576e+03 1.909905103153493711e+00
1.943536254882812500e+03 2.007134291215346366e+03 1.905711989226747782e+00
1.943557067871093750e+03 2.013168932271572885e+03 1.907652354724252541e+00
1.943577941894531250e+03 2.009985537948716228e+03 1.898505692375757503e+00
1.943598754882812500e+03 2.014149107970324167e+03 1.899528409756978897e+00
1.943619567871093750e+03 2.010143947429680338e+03 1.891380537410579432e+00
1.943640441894531250e+03 2.011276481261032131e+03 1.889094213782722687e+00
1.943661254882812500e+03 2.009525475235221165e+03 1.884414308052587028e+00
1.943682067871093750e+03 2.013747930702122630e+03 1.880879022766991371e+00
1.943702941894531250e+03 2.011970943997136601e+03 1.884262666153316390e+00
1.943723754882812500e+03 2.012069645882367695e+03 1.871881498347801820e+00
1.943744567871093750e+03 2.016632884609380199e+03 1.861616754719409572e+00
1.943765441894531250e+03 2.013295310879079352e+03 1.853594087923686740e+00
1.943786254882812500e+03 2.012796907093956179e+03 1.847170098444945951e+00
1.943807067871093750e+03 2.008158939888737223e+03 1.850961322003179532e+00
1.943827941894531250e+03 2.013200157210974339e+03 1.839388003262835580e+00
1.943848754882812500e+03 2.011213764793356859e+03 1.835616972518996137e+00
1.943869567871093750e+03 2.010260424521451569e+03 1.833366639383818830e+00
1.943890441894531250e+03 2.007447855183506817e+03 1.832566368181429040e+00
1.943911254882812500e+03 2.010730047695194571e+03 1.833180796895506726e+00
1.943932067871093750e+03 2.013174703589612818e+03 1.831877484406133849e+00
1.943952941894531250e+03 2.009435169823410433e+03 1.828974273863620104e+00
1.943973754882812500e+03 2.008776484421448458e+03 1.829414825579393389e+00
1.943994567871093750e+03 2.012673420318678382e+03 1.824496654441569943e+00
1.944015441894531250e+03 2.011012319841765930e+03 1.822525839916764090e+00
1.944036254882812500e+03 2.013419834595150860e+03 1.816378816787125539e+00
1.944057067871093750e+03 2.013925210860814786e+03 1.811085839898090022e+00
1.944077941894531250e+03 2.009306333713071126e+03 1.807989097680498425e+00
1.944098754882812500e+03 2.010439959305173488e+03 1.799246640968553024e+00
1.944119567871093750e+03 2.011532008809476793e+03 1.791020483844452116e+00
1.944140441894531250e+03 2.012984344103477724e+03 1.790342114856646738e+00
1.944161254882812500e+03 2.014968124316778812e+03 1.778315083780410255e+00
1.944182128906250000e+03 2.009948044157940330e+03 1.773775110584506098e+00
1.944202941894531250e+03 2.011389517129217438e+03 1.770469298998513796e+00
1.944223815917968750e+03 2.015297480577319675e+03 1.766039031780053836e+00
1.944244628906250000e+03 2.012998802504443574e+03 1.765318784913584516e+00
1.944265441894531250e+03 2.010949958011614399e+03 1.762562010736094198e+00
1.944286315917968750e+03 2.015151475788155039e+03 1.762278059925559859e+00
1.944307128906250000e+03 2.013447583602728173e+03 1.756860704231520964e+00
1.944327941894531250e+03 2.013483702265855754e+03 1.760390023776656765e+00
1.944348815917968750e+03 2.013106507095305460e+03 1.747929915452592242e+00
1.944369628906250000e+03 2.011574033490865531e+03 1.744098453503151624e+00
1.944390441894531250e+03 2.013347336715524762e+03 1.739734513648135694e+00
1.944411315917968750e+03 2.011566056409977591e+03 1.731360556587607125e+00
1.944432128906250000e+03 2.013734801519918619e+03 1.727711705044649770e+00
1.944452941894531250e+03 2.012295414907306167e+03 1.723311526691193807e+00
1.944473815917968750e+03 2.014650087832138070e+03 1.722893108251445593e+00
1.944494628906250000e+03 2.011478548974918340e+03 1.729439112636703024e+00
1.944515441894531250e+03 2.016726101384662797e+03 1.719202502245921416e+00
1.944536315917968750e+03 2.015479831477568951e+03 1.718662606531698556e+00
1.944557128906250000e+03 2.015640744136975172e+03 1.717420792287129405e+00
1.944577941894531250e+03 2.012495579363223897e+03 1.716709382102893366e+00
1.944598815917968750e+03 2.014296897229826754e+03 1.718209268301129633e+00
1.944619628906250000e+03 2.010285624564772661e+03 1.712396635291312030e+00
1.944640441894531250e+03 2.013874363036922659e+03 1.715502705757855795e+00
1.944661315917968750e+03 2.017759272186696307e+03 1.713098493814254386e+00
1.944682128906250000e+03 2.015432653123193177e+03 1.712809474854006808e+00
1.944702941894531250e+03 2.015162075231136441e+03 1.716086178689700592e+00
1.944723815917968750e+03 2.015468926591669515e+03 1.711993444661932706e+00
1.944744628906250000e+03 2.011375784046662375e+03 1.713411328152206314e+00
1.945786315917968750e+03 2.013696434270420468e+03 1.670471315175881655e+00
1.945807128906250000e+03 2.016716440736608092e+03 1.665358992013699080e+00
1.945827941894531250e+03 2.017252200550331509e+03 1.665718222007970484e+00
1.945848815917968750e+03 2.013278025604809045e+03 1.660725861610113707e+00
1.945869628906250000e+03 2.013145761023715750e+03 1.661974102392304253e+00
1.945890441894531250e+03 2.014369353611767565e+03 1.661849291811705820e+00
1.945911315917968750e+03 2.015762619476020063e+03 1.655480403958139446e+00
1.945932128906250000e+03 2.014155751399472138e+03 1.653142208593899820e+00
1.945952941894531250e+03 2.015519984030384876e+03 1.653891701830279004e+00
1.945973815917968750e+03 2.015265943189125210e+03 1.653327811190909769e+00
1.945994628906250000e+03 2.012622494104504767e+03 1.650659591156354855e+00
1.946015441894531250e+03 2.014456670360232238e+03 1.654169899707520486e+00
1.946036315917968750e+03 2.014928872479551501e+03 1.649978062454965366e+00
1.946057128906250000e+03 2.012916181958220932e+03 1.649085401152280861e+00
1.946077941894531250e+03 2.014403320136084858e+03 1.640045136202765708e+00
1.946098815917968750e+03 2.009521585521072211e+03 1.642346596020822114e+00
1.946119628906250000e+03 2.015130079054884391e+03 1.634509067616439104e+00
1.946140441894531250e+03 2.017060315077947052e+03 1.632533218372963724e+00
1.946161315917968750e+03 2.011321899472781297e+03 1.630407579167412635e+00
1.946182128906250000e+03 2.013369463148544583e+03 1.628433707874650471e+00
1.946202941894531250e+03 2.013254075289683897e+03 1.628061638183084581e+00
1.946223815917968750e+03 2.012920423606041822e+03 1.628353619769626670e+00
1.946244628906250000e+03 2.015440348240829280e+03 1.633629188536314558e+00
1.946265441894531250e+03 2.011806853095661154e+03 1.629155787100729835e+00
1.946286315917968750e+03 2.014114848807863837e+03 1.627704716946181129e+00
1.946307128906250000e+03 2.013599453035162696e+03 1.636269446272729189e+00
1.946327941894531250e+03 2.014146551477357207e+03 1.626190189842140921e+00
1.946348815917968750e+03 2.011589549820116645e+03 1.626084479339174438e+00
1.946369628906250000e+03 2.016630861437946351e+03 1.623214327440346771e+00
1.946390441894531250e+03 2.014340829754647075e+03 1.623934616623650795e+00
1.946411315917968750e+03 2.012181720766401213e+03 1.619274396167498908e+00
1.946432128906250000e+03 2.014705368371238364e+03 1.618978715446854233e+00
1.946452941894531250e+03 2.016650052197709556e+03 1.618731586248467913e+00
1.946473815917968750e+03 2.015490623058290566e+03 1.619540065183814992e+00
1.946494628906250000e+03 2.016339168188377698e+03 1.620334162332782713e+00
1.946515441894531250e+03 2.012011559558136469e+03 1.619569654878849185e+00
1.946536315917968750e+03 2.012914704307134343e+03 1.617141722984917651e+00
1.946557128906250000e+03 2.013450165760277287e+03 1.620256911145459000e+00
1.946577941894531250e+03 2.014837177986532879e+03 1.616770372636662678e+00
1.946598815917968750e+03 2.014074218035362719e+03 1.621303535583401789e+00
1.946619628906250000e+03 2.014598894036912043e+03 1.617293570905287803e+00
1.946640441894531250e+03 2.015441085621076581e+03 1.617158972447092946e+00
1.946661315917968750e+03 2.015282874783412353e+03 1.619130464712919437e+00
1.946682128906250000e+03 2.019691897651015097e+03 1.618808247464574190e+00
1.946702941894531250e+03 2.015597902856091423e+03 1.616270459511019997e+00
1.946723815917968750e+03 2.014848571261177312e+03 1.616677540155922577e+00
1.946744628906250000e+03 2.018602570945425668e+03 1.618817894296078252e+00
1.946765441894531250e+03 2.015574287731378718e+03 1.615275113792478567e+00
1.946786315917968750e+03 2.012325750989681183e+03 1.615265150595754706e+00
1.946807128906250000e+03 2.012121174218925262e+03 1.616454395961804735e+00
1.946827941894531250e+03 2.013638241728861431e+03 1.617214921359457325e+00
1.946848815917968750e+03 2.013638166721552807e+03 1.615778654897103594e+00
1.946869628906250000e+03 2.018270020476755690e+03 1.614905696394963286e+00
1.946890441894531250e+03 2.015150853093904516e+03 1.619888409079614178e+00
1.946911315917968750e+03 2.014059006671790485e+03 1.614779019546378480e+00
1.946932128906250000e+03 2.015919983492892698e+03 1.624669554931010174e+00
1.946952941894531250e+03 2.008915012262813889e+03 1.611723436357098471e+00
1.946973815917968750e+03 2.010562538303755900e+03 1.612224611526975160e+00
1.946994628906250000e+03 2.010295997625542441e+03 1.611827722028402077e+00
1.947015441894531250e+03 2.012251046505778049e+03 1.615615818137782655e+00
1.947036315917968750e+03 2.010013166896158054e+03 1.612681057841468757e+00
1.947057128906250000e+03 2.012213833783273913e+03 1.613620380659477993e+00
1.947077941894531250e+03 2.013608546119680341e+03 1.610939524637276410e+00
1.947098815917968750e+03 2.012633224133968724e+03 1.608088228922437413e+00
1.947119628906250000e+03 2.013341939796306178e+03 1.609999156027625888e+00
1.947140441894531250e+03 2.013290354135699545e+03 1.607728208180345453e+00
1.947161315917968750e+03 2.010753066097344345e+03 1.611744663845652958e+00
1.947182128906250000e+03 2.012073130852924805e+03 1.608700360863918322e+00
1.947202941894531250e+03 2.013945853697601706e+03 1.609074018166383180e+00
1.947223815917968750e+03 2.012677646499032107e+03 1.605271376011953466e+00
1.947244628906250000e+03 2.012865094199951272e+03 1.605637812936397069e+00
1.947265441894531250e+03 2.011405926836178423e+03 1.609167956024606827e+00
1.947286315917968750e+03 2.010711369855705925e+03 1.605639223575514141e+00
1.947307128906250000e+03 2.010367677758534228e+03 1.609372703772823376e+00
1.947327941894531250e+03 2.009785788531630260e+03 1.604825821572945843e+00
1.947348815917968750e+03 2.012072178647212695e+03 1.605154856047446899e+00
1.947369628906250000e+03 2.013200921853525870e+03 1.605150102982159543e+00
1.947390441894531250e+03 2.013005680203337761e+03 1.602818141071272073e+00
1.947411315917968750e+03 2.012443318166378504e+03 1.601798658870002612e+00
1.947432128906250000e+03 2.011177137676545499e+03 1.602089027755134953e+00
1.947452941894531250e+03 2.013509259956938877e+03 1.602038057015721773e+00
1.947473815917968750e+03 2.014859664796736524e+03 1.603639623422008720e+00
1.947494628906250000e+03 2.012398308004004321e+03 1.601842269652381523e+00
1.947515441894531250e+03 2.015179493801696935e+03 1.605971802840434171e+00
1.947536315917968750e+03 2.011053201220527171e+03 1.602995738270711179e+00
1.947557128906250000e+03 2.013858819259177835e+03 1.604083798072218237e+00
1.947577941894531250e+03 2.010926806655460041e+03 1.603139631119081310e+00
1.947598815917968750e+03 2.012742107792181741e+03 1.602354644634197633e+00
1.947619628906250000e+03 2.012966706241715656e+03 1.607414607127782613e+00
1.947640441894531250e+03 2.008450650909647720e+03 1.607230452012359923e+00
1.947661315917968750e+03 2.012659132817786031e+03 1.601772685331358970e+00
1.947682128906250000e+03 2.008166610497459260e+03 1.603593385323374587e+00
1.947702941894531250e+03 2.010277149300721248e+03 1.608256942371130149e+00
1.947723815917968750e+03 2.010807953868848927e+03 1.600953372397847518e+00
1.947744628906250000e+03 2.014185305510000035e+03 1.603499046546645435e+00
1.947765441894531250e+03 2.016842844596184477e+03 1.604419671786447621e+00
1.947786315917968750e+03 2.014204992967191174e+03 1.602990012034844813e+00
1.947807128906250000e+03 2.010506845036428331e+03 1.603601562576122630e+00
1.947827941894531250e+03 2.010460981927635657e+03 1.604834289671459358e+00
1.947848815917968750e+03 2.013299256120303198e+03 1.602565023617602114e+00
1.947869628906250000e+03 2.009329475225080387e+03 1.606514471820576384e+00
1.947890441894531250e+03 2.010723375874415524e+03 1.600400773161243961e+00
1.947911315917968750e+03 2.009608498351433809e+03 1.601634847356018465e+00
1.947932128906250000e+03 2.006791127090564714e+03 1.599620255467040453e+00
1.947952941894531250e+03 2.010217223958582963e+03 1.605213302746539394e+00
1.947973815917968750e+03 2.010592191427891521e+03 1.598941798751116750e+00
1.947994628906250000e+03 2.007666579597330383e+03 1.601332559593854343e+00
1.948015441894531250e+03 2.009340611649865423e+03 1.599344941990075597e+00
1.948036315917968750e+03 2.011807451371075331e+03 1.603486928555267976e+00
1.948057128906250000e+03 2.013273106237874799e+03 1.602297060847507559e+00
1.948077941894531250e+03 2.007068934415020976e+03 1.599646412999355283e+00
1.948098815917968750e+03 2.012793693658804386e+03 1.600183106912134834e+00
1.948119628906250000e+03 2.012065424573031123e+03 1.598865750725424029e+00
1.948140441894531250e+03 2.013204772535542816e+03 1.599034691725923052e+00
1.948161315917968750e+03 2.011618361258789264e+03 1.597776674241657702e+00
1.948182128906250000e+03 2.012095026031163343e+03 1.596816385466228949e+00
1.948202941894531250e+03 2.012677921608143606e+03 1.596204998603797387e+00
1.948223815917968750e+03 2.010763141173110853e+03 1.597428284588984893e+00
1.948244628906250000e+03 2.010719965273583966e+03 1.596335613729956693e+00
1.948265441894531250e+03 2.010832735716710204e+03 1.596947398476153968e+00
1.948286315917968750e+03 2.012462891803440471e+03 1.597007265230873996e+00
1.948307128906250000e+03 2.013213713701573852e+03 1.596864312839765265e+00
1.948327941894531250e+03 2.012673288359756498e+03 1.598606563811689307e+00
1.948348815917968750e+03 2.009981990319433635e+03 1.597076758611601255e+00
1.948369628906250000e+03 2.010115313436304405e+03 1.594778215420948664e+00
1.948390441894531250e+03 2.012613172303147394e+03 1.595320358032839891e+00
1.948411315917968750e+03 2.009500951497113192e+03 1.595633048826567979e+00
1.948432128906250000e+03 2.008180359399004146e+03 1.597791073806741124e+00
1.948452941894531250e+03 2.008980223560779677e+03 1.593074206518634073e+00
1.948473815917968750e+03 2.011937949790581342e+03 1.602533557796380626e+00
1.948494628906250000e+03 2.009645822058097110e+03 1.593778273387769673e+00
1.948515441894531250e+03 2.013162076517092828e+03 1.595773422205577496e+00
1.948536315917968750e+03 2.009000927661498963e+03 1.592507345401226182e+00
1.948557128906250000e+03 2.010804201260365971e+03 1.594244038920498818e+00
1.948577941894531250e+03 2.012735465012555323e+03 1.593801534978869672e+00
1.948598815917968750e+03 2.007615787533997263e+03 1.593595385063911740e+00
1.948619628906250000e+03 2.013185231801440750e+03 1.592285530583940956e+00
1.948640441894531250e+03 2.010712739003944307e+03 1.593147014168008635e+00
1.948661315917968750e+03 2.009803198923534865e+03 1.591479160921441816e+00
1.948682128906250000e+03 2.011381778330938914e+03 1.591405303160770224e+00
1.948702941894531250e+03 2.009361339286108205e+03 1.592596197411714876e+00
1.948723815917968750e+03 2.008826498476019879e+03 1.590186829536715640e+00
1.948744628906250000e+03 2.007881163881891780e+03 1.590081424427634227e+00
1.948765441894531250e+03 2.012084971430448604e+03 1.595754895718663580e+00
1.948786315917968750e+03 2.008897913370389006e+03 1.591050648274515478e+00
1.948807128906250000e+03 2.007165134289556590e+03 1.591981916847275524e+00
1.948827941894531250e+03 2.009213677683765582e+03 1.591830050818964670e+00
1.948848815917968750e+03 2.009918808077536596e+03 1.596845724356307228e+00
1.948869628906250000e+03 2.009218329295520789e+03 1.591003894458274504e+00
1.948890441894531250e+03 2.007142714091217840e+03 1.592344299921212736e+00
1.948911315917968750e+03 2.005884447173787521e+03 1.590741028516555300e+00
1.948932128906250000e+03 2.006333579293099774e+03 1.597614987313845658e+00
1.948952941894531250e+03 2.009110976385221420e+03 1.593786575795260285e+00
1.948973815917968750e+03 2.008601577089819784e+03 1.597647669239831369e+00
1.948994628906250000e+03 2.009439409915501983e+03 1.592053052262666357e+00
1.949015441894531250e+03 2.009768807433007623e+03 1.589441646929172336e+00
1.949036315917968750e+03 2.005072106893077716e+03 1.590502253444769698e+00
1.949057128906250000e+03 2.006265789908143461e+03 1.589824554552423663e+00
1.949077941894531250e+03 2.007578719802265823e+03 1.591033790085697008e+00
1.949098815917968750e+03 2.008245454084260700e+03 1.594471487657014075e+00
1.949119628906250000e+03 2.007390581647278623e+03 1.589670382708056717e+00
1.949140441894531250e+03 2.005518993309260395e+03 1.589550469268338873e+00
1.949161315917968750e+03 2.005138208357073609e+03 1.587491781859264650e+00
1.949182128906250000e+03 2.006106465345898414e+03 1.590325209989784661e+00
1.949202941894531250e+03 2.006203028571949744e+03 1.587486375164526509e+00
1.949223815917968750e+03 2.003067968124406889e+03 1.587594355384824407e+00
1.949244628906250000e+03 2.007700957775975667e+03 1.586751719460488097e+00
1.949265441894531250e+03 2.006063454949956622e+03 1.588286891163547931e+00
1.949286315917968750e+03 2.004674617031428625e+03 1.585755962636659744e+00
1.949307128906250000e+03 2.005860896442480453e+03 1.587657428054364939e+00
1.949327941894531250e+03 2.001849240568435789e+03 1.586070313553444633e+00
1.949348815917968750e+03 2.004119485164911566e+03 1.586198456440079507e+00
1.949369628906250000e+03 2.004907811988133062e+03 1.586972730285726163e+00
1.949390441894531250e+03 2.008177729899156702e+03 1.591230008343584856e+00
1.949411315917968750e+03 2.008515379769658693e+03 1.586262260972802540e+00
1.949432128906250000e+03 2.004209426426966047e+03 1.585654397886674838e+00
1.949452941894531250e+03 2.007718342814190464e+03 1.589358918967069156e+00
1.949473815917968750e+03 2.005899013150525889e+03 1.587222551145435423e+00
1.949494628906250000e+03 2.006402063607899663e+03 1.587439741658052794e+00
1.949515441894531250e+03 2.007649971458982463e+03 1.588821269792090263e+00
1.949536315917968750e+03 2.006544400484094012e+03 1.584773044883803994e+00
1.949557128906250000e+03 2.004991664875010883e+03 1.583898803055202142e+00
1.949577941894531250e+03 2.004182053344183259e+03 1.583098025990115065e+00
1.949598815917968750e+03 2.003465758193977990e+03 1.582806809199534870e+00
1.949619628906250000e+03 1.999935135183525745e+03 1.582031400704082325e+00
1.949640441894531250e+03 2.006284667653938413e+03 1.584473483845122876e+00
1.949661315917968750e+03 2.005791405739487573e+03 1.583561663309612344e+00
1.949682128906250000e+03 2.002892178025815156e+03 1.582203646085277748e+00
1.949702941894531250e+03 2.003832076087788437e+03 1.583323236065173001e+00
1.949723815917968750e+03 2.002928346407976733e+03 1.582530529215872228e+00
1.949744628906250000e+03 2.003827969586277504e+03 1.582794306839736542e+00
1.949765441894531250e+03 2.000878935888877322e+03 1.584497784854668190e+00
1.949786315917968750e+03 2.003338514597643552e+03 1.582271604764458939e+00
1.949807128906250000e+03 2.004512569917684232e+03 1.585001551871036529e+00
1.949827941894531250e+03 2.002966189009312075e+03 1.582730287184789475e+00
1.949848815917968750e+03 2.000108127297851297e+03 1.581959362516022205e+00
1.949869628906250000e+03 1.998062157502252603e+03 1.581404347482197714e+00
1.949911315917968750e+03 2.011587155709352828e+03 1.585902923056724534e+00
1.949932128906250000e+03 2.013160941572027923e+03 1.585796932511641000e+00
1.949952941894531250e+03 2.013067653063400712e+03 1.585199118420425268e+00
1.949973815917968750e+03 2.012181054114100334e+03 1.595315426217589039e+00
1.949994628906250000e+03 2.009114982351187791e+03 1.589351643500581002e+00
1.950015441894531250e+03 2.010103973966879039e+03 1.586676364409571827e+00
1.950036315917968750e+03 2.012372296580781722e+03 1.585421172781851240e+00
1.950057128906250000e+03 2.014377146802602283e+03 1.587604642407892674e+00
1.950077941894531250e+03 2.011323129263080318e+03 1.588249438145972192e+00
1.950098815917968750e+03 2.010631348789964932e+03 1.587368699899161850e+00
1.950119628906250000e+03 2.011524252948605181e+03 1.585669734505735562e+00
1.950140441894531250e+03 2.012263801431670800e+03 1.583895115154196676e+00
1.950161315917968750e+03 2.011793654455543901e+03 1.587769526031659328e+00
1.950182128906250000e+03 2.015176558454021915e+03 1.584436918775518066e+00
1.950202941894531250e+03 2.012288814500984699e+03 1.586544277829621707e+00
1.950223815917968750e+03 2.011231531762353143e+03 1.584024412352354805e+00
1.950244628906250000e+03 2.012759829879932340e+03 1.583233336587012374e+00
1.950265441894531250e+03 2.012709000444329376e+03 1.583188686121473454e+00
1.950286315917968750e+03 2.013276889028858932e+03 1.583904297259141947e+00
1.950307128906250000e+03 2.016886455380125426e+03 1.584852552204271570e+00
1.950327941894531250e+03 2.011144180056332971e+03 1.583452128253744595e+00
1.950348815917968750e+03 2.012033146277831975e+03 1.583874793913006451e+00
1.950369628906250000e+03 2.013436497090740431e+03 1.584091164108898608e+00
1.950390441894531250e+03 2.011851361032176101e+03 1.582947642214148853e+00
1.950411315917968750e+03 2.012073042717248654e+03 1.582753635829520888e+00
1.950432128906250000e+03 2.012876820244192459e+03 1.583437899432706963e+00
1.950452941894531250e+03 2.010778733731942566e+03 1.583017376277209731e+00
1.950473815917968750e+03 2.011447032274195180e+03 1.590142524257427192e+00
1.950494628906250000e+03 2.013629792769422238e+03 1.583554135369547700e+00
1.950515441894531250e+03 2.015296361110408270e+03 1.584742880703385204e+00
1.950536315917968750e+03 2.015254669248106211e+03 1.581702680964940377e+00
1.950557128906250000e+03 2.011573776414740678e+03 1.582902531826407611e+00
1.950577941894531250e+03 2.012519509622748956e+03 1.580790544184500712e+00
1.950598815917968750e+03 2.015221643213618108e+03 1.581563922947015755e+00
1.950619628906250000e+03 2.011661136924938546e+03 1.580231195869931105e+00
1.950640441894531250e+03 2.013474832848841970e+03 1.582218413407912250e+00
1.950661315917968750e+03 2.015240358037174929e+03 1.592128527207086419e+00
1.950682128906250000e+03 2.012417129499873681e+03 1.582144726109684818e+00
1.950702941894531250e+03 2.013326265973040790e+03 1.581336954613367318e+00
1.950723815917968750e+03 2.012436774763674748e+03 1.580111169646351899e+00
1.950744628906250000e+03 2.010045711195351714e+03 1.579814044777631432e+00
1.950765441894531250e+03 2.012331407093657162e+03 1.580477330499909794e+00
1.950786315917968750e+03 2.015781505496377576e+03 1.580586468342710216e+00
1.950807128906250000e+03 2.010495465965906078e+03 1.580855999738682627e+00
1.950827941894531250e+03 2.014321706923944475e+03 1.581484702563043410e+00
1.950848815917968750e+03 2.011758977864719327e+03 1.581211207219306747e+00
1.950869628906250000e+03 2.010041760126428244e+03 1.580766563245495693e+00
1.950890441894531250e+03 2.010839540776803005e+03 1.579516260240307002e+00
1.950911315917968750e+03 2.017264246821568577e+03 1.580701858142169236e+00
1.950932128906250000e+03 2.012603509119368709e+03 1.579468636675040782e+00
1.950952941894531250e+03 2.014483468846567121e+03 1.583244555477368642e+00
1.950973815917968750e+03 2.011372429036818403e+03 1.578908820058174012e+00
1.950994628906250000e+03 2.010914155408348279e+03 1.581674342456732552e+00
1.951015441894531250e+03 2.011153938472258687e+03 1.579694892420766994e+00
1.951036315917968750e+03 2.012099897302110776e+03 1.586245201590564813e+00
1.951057128906250000e+03 2.011933938592433833e+03 1.579352401976296116e+00
1.951077941894531250e+03 2.011714305449300127e+03 1.580644390549889255e+00
1.951098815917968750e+03 2.012153732467653072e+03 1.579271636466841988e+00
1.951119628906250000e+03 2.013091849206920642e+03 1.581935173225567981e+00
1.951140441894531250e+03 2.010207008681270509e+03 1.578121751838589493e+00
1.951161315917968750e+03 2.009769908163793843e+03 1.577880236085334564e+00
1.951182128906250000e+03 2.008885049359349296e+03 1.577576268040624896e+00
1.951202941894531250e+03 2.012828744389618805e+03 1.577456493231147450e+00
1.951223815917968750e+03 2.012430148770715505e+03 1.579474901029509049e+00
1.951244628906250000e+03 2.014154040865132174e+03 1.578266175253509207e+00
1.951265441894531250e+03 2.013292128754812211e+03 1.577333837424160334e+00
1.951286315917968750e+03 2.012256589199785367e+03 1.576938371870431732e+00
1.951307128906250000e+03 2.011055742507316836e+03 1.579288091830905127e+00
1.951327941894531250e+03 2.009707180940053831e+03 1.578290798429151209e+00
1.951348815917968750e+03 2.011281113442441892e+03 1.576747330718520246e+00
1.951369628906250000e+03 2.010758379314461536e+03 1.580835111567104212e+00
1.951390441894531250e+03 2.010528499103713784e+03 1.577225305910236131e+00
1.951411315917968750e+03 2.010401283425487691e+03 1.578008137521201171e+00
1.951432128906250000e+03 2.011156344702292927e+03 1.577329076100717931e+00
1.951452941894531250e+03 2.008453874929145059e+03 1.576009181818865068e+00
1.951473815917968750e+03 2.010440615722397524e+03 1.577793728646314397e+00
1.951494628906250000e+03 2.010782257058931464e+03 1.582800181454832922e+00
1.951515441894531250e+03 2.007896170875040752e+03 1.575851540234206372e+00
1.951536315917968750e+03 2.013505560085125580e+03 1.577056674236427813e+00
1.951557128906250000e+03 2.011772117082797195e+03 1.577373061113248820e+00
1.951577941894531250e+03 2.011387838572961982e+03 1.579823099687478472e+00
1.951598815917968750e+03 2.009692491719470354e+03 1.580624480030582202e+00
1.951619628906250000e+03 2.011219150782661472e+03 1.575430732441625903e+00
1.951640441894531250e+03 2.008605626223560648e+03 1.573621537204974441e+00
1.951661315917968750e+03 2.013404099831698659e+03 1.575381850320568544e+00
1.951682128906250000e+03 2.010185172929859391e+03 1.577071338576035320e+00
1.951702941894531250e+03 2.008274207888757019e+03 1.574469685964993371e+00
1.951723815917968750e+03 2.009322786860894439e+03 1.576033386423866478e+00
1.951744628906250000e+03 2.009471601958311339e+03 1.573670852767611539e+00
1.951765441894531250e+03 2.008887209952476496e+03 1.583917392956065928e+00
1.951786315917968750e+03 2.007311636583559903e+03 1.574541309714843740e+00
1.951807128906250000e+03 2.009626758453334560e+03 1.576172858217823824e+00
1.951827941894531250e+03 2.006719609633603113e+03 1.572946341868333597e+00
1.951848815917968750e+03 2.009860079543248276e+03 1.574993463532947002e+00
1.951869628906250000e+03 2.009727020463798908e+03 1.579342816005679717e+00
1.951890441894531250e+03 2.006879753991620646e+03 1.573864085188308115e+00
1.951911315917968750e+03 2.009189790288799259e+03 1.572639070313749610e+00
1.951932128906250000e+03 2.008681370001448613e+03 1.572893138313739225e+00
1.951952941894531250e+03 2.007815712490942360e+03 1.574342102821657763e+00
1.951973815917968750e+03 2.004217273874131479e+03 1.571221615118410853e+00
1.951994628906250000e+03 2.010487500104182573e+03 1.577781639892853915e+00
1.952015441894531250e+03 2.006031500298391393e+03 1.572195868988297329e+00
1.952036315917968750e+03 2.007305037287117557e+03 1.572125882401074204e+00
1.952057128906250000e+03 2.006520327130890337e+03 1.574900590696108438e+00
1.952077941894531250e+03 2.006222472159792233e+03 1.573923012189659465e+00
1.952098815917968750e+03 2.006710903220328646e+03 1.572531200275286478e+00
1.952119628906250000e+03 2.003755591033747805e+03 1.572958619356144228e+00
1.952140441894531250e+03 2.002449525342253764e+03 1.571166304587500617e+00
1.952161315917968750e+03 2.006312108305087577e+03 1.573087072510089612e+00
1.952182128906250000e+03 2.006678847105699560e+03 1.578848569062711649e+00
1.952202941894531250e+03 2.006411122493881294e+03 1.572673180873219723e+00
1.952223815917968750e+03 2.007216482504736405e+03 1.571422962389261713e+00
1.952244628906250000e+03 2.008145288961570486e+03 1.571824821141441175e+00
1.952265441894531250e+03 2.005308501275604840e+03 1.571776661157237687e+00
1.952286315917968750e+03 2.006906758140493821e+03 1.584620939349010271e+00
1.952307128906250000e+03 2.005326880072896984e+03 1.571696492367557374e+00
1.952327941894531250e+03 2.005101317509962200e+03 1.571715150748042689e+00
1.952348815917968750e+03 2.002654703297318520e+03 1.572020555434624267e+00
1.952369628906250000e+03 2.003771356686992476e+03 1.572842737275198965e+00
1.952390441894531250e+03 2.006341013155750716e+03 1.572884346669922051e+00
1.952411315917968750e+03 2.002431568981966620e+03 1.571953063603867218e+00
1.952432128906250000e+03 2.002861244896646895e+03 1.570706825659926364e+00
1.952452941894531250e+03 2.006575991464697381e+03 1.571130871440919119e+00
1.952473815917968750e+03 2.004354087567775196e+03 1.571297256135411047e+00
1.952494628906250000e+03 2.004155494900472149e+03 1.571765815476905637e+00
1.952515441894531250e+03 2.001049989708287967e+03 1.574086223921083327e+00
1.952536315917968750e+03 2.004513781986343020e+03 1.571408245339160015e+00
1.952557128906250000e+03 2.005870484818241948e+03 1.571743820510786316e+00
1.952577941894531250e+03 2.002506659244116690e+03 1.572123380114374580e+00
1.952598815917968750e+03 2.005922198550038047e+03 1.571531211919324544e+00
1.952619628906250000e+03 2.004002086189182819e+03 1.572569406672754910e+00
1.952640441894531250e+03 2.003643261627708853e+03 1.573256281215968277e+00
1.952661315917968750e+03 2.004826968909574134e+03 1.571679199036638108e+00
1.952682128906250000e+03 2.002376558695998710e+03 1.570785754804565393e+00
1.952702941894531250e+03 2.003314653855645929e+03 1.575643647086215182e+00
1.952723815917968750e+03 2.002743409146963586e+03 1.570559354139628994e+00
1.952744628906250000e+03 2.002948749710689071e+03 1.571330788901762254e+00
1.952765441894531250e+03 2.002876177504933366e+03 1.571454140839068092e+00
1.952786315917968750e+03 2.000569761433566100e+03 1.570737942430918022e+00
1.952807128906250000e+03 2.001796157235982946e+03 1.571694823721113909e+00
1.952827941894531250e+03 2.002638791215982792e+03 1.575616561461522291e+00
1.952848815917968750e+03 2.001150718198819050e+03 1.572851680735241731e+00
1.952869628906250000e+03 2.000976484446141058e+03 1.574471730239809908e+00
1.952890441894531250e+03 2.002754200209925557e+03 1.570238937249073707e+00
1.952911315917968750e+03 2.001111648188822755e+03 1.571358327719953429e+00
1.952932128906250000e+03 2.001765147880242239e+03 1.570568462406201737e+00
1.952952941894531250e+03 2.001398444338817626e+03 1.570707584612894614e+00
1.952973815917968750e+03 2.001734219034185344e+03 1.571422127921034750e+00
1.952994628906250000e+03 1.998932656060517274e+03 1.570423862437078544e+00
1.953015441894531250e+03 1.999931348895387373e+03 1.570640795347830077e+00
1.953036315917968750e+03 2.002133402203708101e+03 1.576527986630749556e+00
1.953057128906250000e+03 1.997484947255123416e+03 1.569572919840235059e+00
1.953077941894531250e+03 2.000917588415142973e+03 1.571729561540716080e+00
1.953098815917968750e+03 1.999345126591133976e+03 1.570396459052533666e+00
1.953119628906250000e+03 2.000082734053829654e+03 1.573519795300845070e+00
1.953140441894531250e+03 2.000879373292321588e+03 1.569932806314385809e+00
1.953161315917968750e+03 2.000626349988678612e+03 1.573913544632545403e+00
1.953182128906250000e+03 2.001026467282254544e+03 1.574000038117889355e+00
1.953202941894531250e+03 2.000229443010216983e+03 1.569364650727135491e+00
1.953223815917968750e+03 1.999386072064331984e+03 1.574907175992075192e+00
1.953244628906250000e+03 1.998785631827747466e+03 1.568648182273825409e+00
1.953265441894531250e+03 1.998648338368212762e+03 1.570518518095196381e+00
1.953286315917968750e+03 1.998067818849153127e+03 1.569638387499167287e+00
1.953307128906250000e+03 1.999192682604371385e+03 1.569778655297168646e+00
1.953327941894531250e+03 1.999231179385298219e+03 1.570584857152922620e+00
1.953348815917968750e+03 1.996482627895934684e+03 1.571936986470772846e+00
1.953369628906250000e+03 1.997835928128587511e+03 1.568741045314566485e+00
1.953390441894531250e+03 1.995367379317004861e+03 1.568865208745764406e+00
1.953411315917968750e+03 1.997227493695497515e+03 1.575327366912193661e+00
1.953432128906250000e+03 1.998691402756444404e+03 1.568670524620524809e+00
1.953452941894531250e+03 1.997663745284229208e+03 1.570251008153530137e+00
1.953473815917968750e+03 1.999812274745714603e+03 1.569178689082369571e+00
1.953494628906250000e+03 1.999204255735259949e+03 1.569158177257444775e+00
1.953515441894531250e+03 1.998631447139360489e+03 1.570775888878380044e+00
1.953536315917968750e+03 1.997765374437454057e+03 1.568788766571941773e+00
1.953557128906250000e+03 1.996441978981612692e+03 1.570599581918450616e+00
1.953577941894531250e+03 1.996536797551101017e+03 1.570088612552323237e+00
1.953598815917968750e+03 1.995080175590663202e+03 1.570748112168756982e+00
1.953619628906250000e+03 1.995272512726165587e+03 1.568037368192900072e+00
1.953640441894531250e+03 1.996721044378385386e+03 1.571249838671983312e+00
1.953661315917968750e+03 1.999528297097388759e+03 1.569118292385847546e+00
1.953682128906250000e+03 1.994958309988806832e+03 1.570548272344068907e+00
1.953702941894531250e+03 1.998330294292188910e+03 1.571318878023717946e+00
1.953723815917968750e+03 1.995960280016598290e+03 1.569171927806740863e+00
1.953744628906250000e+03 1.993207049995952957e+03 1.568515413533856817e+00
1.953765441894531250e+03 1.995220628818788555e+03 1.567836194405848538e+00
1.953786315917968750e+03 1.996531788686365644e+03 1.568696134333985581e+00
1.953807128906250000e+03 1.994549541378624099e+03 1.568389094202972123e+00
1.953827941894531250e+03 1.991371580753363332e+03 1.567501455790012432e+00
1.953848815917968750e+03 1.994583187825593541e+03 1.569957636121920741e+00
1.953869628906250000e+03 1.994316566786847034e+03 1.568109741866499984e+00
1.953890441894531250e+03 1.998056753406288408e+03 1.568352838219954748e+00
1.953911315917968750e+03 1.992626167548437479e+03 1.566821188442032664e+00
1.953932128906250000e+03 1.991075438629601422e+03 1.567039152599586149e+00
1.953952941894531250e+03 1.993096190241188879e+03 1.566760168261391417e+00
1.953973815917968750e+03 1.992610592214977032e+03 1.567448295580117890e+00
1.953994628906250000e+03 1.995413867884808496e+03 1.567972213824921912e+00
1.954015441894531250e+03 1.992934232060727027e+03 1.568181123972099522e+00
1.954036315917968750e+03 1.995455957084388729e+03 1.568207273791831557e+00
1.954057128906250000e+03 1.994257467603155419e+03 1.567404716552553756e+00
1.954077941894531250e+03 1.992664564334530951e+03 1.567428977975692694e+00
1.954098815917968750e+03 1.993674566450938755e+03 1.567261117744534582e+00
1.954119628906250000e+03 1.993527192328504043e+03 1.567333603321172886e+00
1.954140441894531250e+03 1.994297057696100637e+03 1.568144711142121617e+00
1.954161315917968750e+03 1.992605488281562884e+03 1.567667617353610376e+00
1.954182128906250000e+03 1.991361539882046827e+03 1.567424794998494963e+00
1.954202941894531250e+03 1.994792525214490979e+03 1.570838194956790446e+00
1.954223815917968750e+03 1.992950790210799823e+03 1.568962921647804709e+00
1.954244628906250000e+03 1.991388306694253060e+03 1.566219784870649612e+00
1.954265441894531250e+03 1.992617226240533455e+03 1.568986095276896142e+00
1.954286315917968750e+03 1.992723322422344609e+03 1.570772018382722068e+00
1.954307128906250000e+03 1.991396659818097760e+03 1.566128523028656350e+00
1.954327941894531250e+03 1.989222365918614059e+03 1.570766174675129800e+00
1.954348815917968750e+03 1.989813459699321129e+03 1.566013353497900384e+00
1.954369628906250000e+03 1.988356280276799680e+03 1.567660697475205422e+00
1.954390441894531250e+03 1.988394224781352932e+03 1.570091573632272031e+00
1.954411315917968750e+03 1.989905929291525126e+03 1.567074678264079868e+00
1.954432128906250000e+03 1.991047594568336990e+03 1.566216207567475704e+00
1.954452941894531250e+03 1.984819184918128030e+03 1.565022073413341985e+00
1.954473815917968750e+03 1.988440240471814604e+03 1.565875793593254128e+00
1.954494628906250000e+03 1.986504283944564577e+03 1.564769165272750007e+00
1.954515441894531250e+03 1.985791359678771187e+03 1.564782040198649193e+00
1.954536315917968750e+03 1.988533081927076864e+03 1.566437223894004971e+00
1.954557128906250000e+03 1.988454066269526720e+03 1.566074478897079292e+00
1.954577941894531250e+03 1.986546781644995463e+03 1.569600565449246421e+00
1.954598815917968750e+03 1.985625341614697618e+03 1.565465478136942368e+00
1.954619628906250000e+03 1.986389741824407110e+03 1.564679952077181468e+00
1.954640441894531250e+03 1.988245729015595771e+03 1.565853563631097067e+00
1.954661315917968750e+03 1.985050702511755844e+03 1.567162842333127859e+00
1.954682128906250000e+03 1.985052159984177024e+03 1.570429176057401621e+00
1.954702941894531250e+03 1.984772675184817672e+03 1.565039897324827178e+00
1.954723815917968750e+03 1.984996616607938904e+03 1.570724964535512802e+00
1.954744628906250000e+03 1.984667291325469023e+03 1.564881226904533351e+00
1.954765441894531250e+03 1.985752135178425306e+03 1.564516521031362517e+00
1.954786315917968750e+03 1.984491190419647182e+03 1.568470952113717676e+00
1.954807128906250000e+03 1.979446031317057077e+03 1.565041039876332585e+00
1.954827941894531250e+03 1.978130861208035867e+03 1.570037514062241790e+00
1.954848815917968750e+03 1.979938740990775614e+03 1.566452063749057544e+00
1.954869628906250000e+03 1.980303272371240155e+03 1.564617248384297499e+00
