1.842536254882812500e+03 3.112506614765053200e+03 2.977366741795327787e+00
1.842557067871093750e+03 3.110027618082223398e+03 2.981029932628740831e+00
1.842577941894531250e+03 3.104549811773852070e+03 2.977625379252722748e+00
1.842598754882812500e+03 3.108313021782313172e+03 2.977422314710615581e+00
1.842619567871093750e+03 3.105214190298207086e+03 2.990083676956656333e+00
1.842640441894531250e+03 3.107757934982968891e+03 2.978072937133051212e+00
1.842661254882812500e+03 3.106633860690375059e+03 2.986759371709517108e+00
1.842682067871093750e+03 3.104008530117579994e+03 2.978901422248087627e+00
1.842702941894531250e+03 3.107317936262269086e+03 2.981060004427955157e+00
1.842723754882812500e+03 3.105171056582519668e+03 2.978685317912002972e+00
1.842744567871093750e+03 3.106618061019712059e+03 2.977450180854043005e+00
1.842765441894531250e+03 3.102377538471023854e+03 2.995433033252731470e+00
1.842786254882812500e+03 3.108237571273464255e+03 2.981963936273597682e+00
1.842807128906250000e+03 3.103495994945242728e+03 2.985776881554578210e+00
1.842827941894531250e+03 3.110174679011553508e+03 2.979286689385777898e+00
1.842848815917968750e+03 3.107287653102999684e+03 2.980208439289736777e+00
1.842869628906250000e+03 3.107974952713210769e+03 2.980516745804573375e+00
1.842890441894531250e+03 3.109570093699609515e+03 2.979558283179943423e+00
1.842911315917968750e+03 3.110523702938564384e+03 2.983158522728639017e+00
1.842932128906250000e+03 3.106214901890059991e+03 2.983144456507038189e+00
1.842952941894531250e+03 3.102604376702465743e+03 2.983538924934876935e+00
1.842973815917968750e+03 3.107771288862561505e+03 2.982826989819605590e+00
1.842994628906250000e+03 3.105040205701565810e+03 2.982922105488936548e+00
1.843015441894531250e+03 3.107004669469432883e+03 2.985574211725151805e+00
1.843036315917968750e+03 3.108918518289933672e+03 2.984548993056667321e+00
1.843057128906250000e+03 3.106351237712305192e+03 2.981475859909426873e+00
1.843077941894531250e+03 3.108742873573380166e+03 2.977708170521669029e+00
1.843098815917968750e+03 3.107853535110927623e+03 2.989936160933868603e+00
1.843119628906250000e+03 3.109520345710333004e+03 2.993592253731961250e+00
1.843140441894531250e+03 3.111940333396670667e+03 2.984211223162778204e+00
1.843161315917968750e+03 3.111232275905972074e+03 2.981797468352428204e+00
1.843182128906250000e+03 3.111381280868029535e+03 2.996129081746529810e+00
1.843202941894531250e+03 3.109738606613000684e+03 2.981023054461825250e+00
1.843223815917968750e+03 3.110972138440206891e+03 2.991153548359850145e+00
1.843244628906250000e+03 3.111335738917703111e+03 2.985760751520426748e+00
1.843265441894531250e+03 3.111927808956944318e+03 2.978923351960071297e+00
1.843286315917968750e+03 3.114379402179391036e+03 2.980286838884607992e+00
1.843307128906250000e+03 3.114677422318018216e+03 2.991978570800172044e+00
1.843327941894531250e+03 3.108862566152615727e+03 2.994843661091898035e+00
1.843348815917968750e+03 3.112502094587883221e+03 2.978860923888463130e+00
1.843369628906250000e+03 3.112704874053625190e+03 2.981043049089104002e+00
1.843390441894531250e+03 3.110325575137484066e+03 2.980500267332129471e+00
1.843411315917968750e+03 3.113745541041433171e+03 2.982729153395367927e+00
1.843432128906250000e+03 3.119998418881094949e+03 2.991486071251167722e+00
1.843452941894531250e+03 3.116453417212555451e+03 2.991607211344800454e+00
1.843473815917968750e+03 3.112852497710229272e+03 2.980826300176468102e+00
1.843494628906250000e+03 3.116173108308376868e+03 2.985776402445908584e+00
1.843515441894531250e+03 3.113166491535898331e+03 2.983792233114273884e+00
1.843536315917968750e+03 3.110585957870001039e+03 2.985367854469774596e+00
1.843557128906250000e+03 3.113152449217756384e+03 2.981521920332933284e+00
1.843577941894531250e+03 3.112014381561373739e+03 2.986057945389315016e+00
1.843598815917968750e+03 3.114955044177383115e+03 2.979059888797961353e+00
1.843619628906250000e+03 3.114008552195413358e+03 2.977763576932356049e+00
1.843640441894531250e+03 3.115570210120185948e+03 2.976725896720923359e+00
1.843661315917968750e+03 3.113737289473740020e+03 2.983334025235513387e+00
1.843682128906250000e+03 3.115132418345817769e+03 2.984793109465216254e+00
1.843702941894531250e+03 3.114153355904100863e+03 2.982012707535437901e+00
1.843723815917968750e+03 3.116129937246922509e+03 2.978697484202210699e+00
1.843744628906250000e+03 3.112921784715374088e+03 2.985707090581644962e+00
1.843765441894531250e+03 3.113415503069604711e+03 2.983289750986699573e+00
1.843786315917968750e+03 3.117322612965022927e+03 2.978674592325474713e+00
1.843807128906250000e+03 3.111895891234599276e+03 2.980650170080576089e+00
1.843827941894531250e+03 3.113408291809431830e+03 2.976685208572216190e+00
1.843848815917968750e+03 3.115095886843112112e+03 2.981064483180607017e+00
1.843869628906250000e+03 3.112122579347823375e+03 2.982017984378241948e+00
1.843890441894531250e+03 3.116773250966964952e+03 2.981760047770932065e+00
1.843911315917968750e+03 3.118072302322693758e+03 2.980499787375255671e+00
1.843932128906250000e+03 3.115337862455050981e+03 2.979608854187105305e+00
1.843952941894531250e+03 3.116215539730221280e+03 2.991653912728696962e+00
1.843973815917968750e+03 3.116305758759142918e+03 2.984609065438643682e+00
1.843994628906250000e+03 3.114106665723086735e+03 2.986536331852437165e+00
1.844015441894531250e+03 3.112094595706240852e+03 2.981499370006166494e+00
1.844036315917968750e+03 3.117110629827934645e+03 2.980850775197265712e+00
1.844057128906250000e+03 3.112303802992224064e+03 2.980519305559107934e+00
1.844077941894531250e+03 3.115686698908645212e+03 2.985739989962068464e+00
1.844098815917968750e+03 3.114435504537011639e+03 2.977706729300697130e+00
1.844119628906250000e+03 3.114497445062515908e+03 2.997909135170587103e+00
1.844140441894531250e+03 3.115803040771003907e+03 2.981418443315709155e+00
1.844161315917968750e+03 3.113956586910572241e+03 2.983952836939795628e+00
1.844182128906250000e+03 3.113825341766611018e+03 2.996231732430151506e+00
1.844202941894531250e+03 3.113788132610312914e+03 2.978183735351334960e+00
1.844223815917968750e+03 3.113406853506284278e+03 2.984800138699567285e+00
1.844244628906250000e+03 3.114244859478516446e+03 2.980879729047351212e+00
1.844265441894531250e+03 3.119046119566951802e+03 2.979680228261971209e+00
1.844286315917968750e+03 3.114353612372523457e+03 2.983644725666751096e+00
1.844307128906250000e+03 3.111943743544711197e+03 2.979440974342717929e+00
1.844327941894531250e+03 3.111875907183380605e+03 2.981904450244948102e+00
1.844348815917968750e+03 3.115455671924765284e+03 2.978048599399980123e+00
1.844369628906250000e+03 3.116459579579509409e+03 2.984725691876811471e+00
1.844390441894531250e+03 3.119001373646281991e+03 2.989485912973123050e+00
1.844411315917968750e+03 3.118361571502065999e+03 2.986962280403082204e+00
1.844432128906250000e+03 3.116217319853383742e+03 2.987311551203703619e+00
1.844452941894531250e+03 3.113444939105769208e+03 2.982985567534339300e+00
1.844473815917968750e+03 3.109614767804179337e+03 2.976272048195629072e+00
1.844494628906250000e+03 3.117326153667643212e+03 2.989855941057831146e+00
1.844515441894531250e+03 3.116931578491286473e+03 2.978868767487270919e+00
1.844536315917968750e+03 3.112718269341401538e+03 2.977967098569279436e+00
1.844557128906250000e+03 3.114197577871663725e+03 2.976548723003713537e+00
1.844577941894531250e+03 3.117137933709313529e+03 2.994919607774347181e+00
1.844598815917968750e+03 3.113706272372070089e+03 2.979037479898603902e+00
1.844619628906250000e+03 3.118979767223365798e+03 2.980475469459168636e+00
1.844640441894531250e+03 3.113278104237926982e+03 2.998826910179918759e+00
1.844661315917968750e+03 3.114194534478687274e+03 2.993878158342779372e+00
1.844682128906250000e+03 3.111374224707966732e+03 2.990919357370726672e+00
1.844702941894531250e+03 3.110795925977421575e+03 2.980977466210158244e+00
1.844723815917968750e+03 3.117209025298579945e+03 2.989604263143789353e+00
1.844744628906250000e+03 3.114676315429282567e+03 2.985351562500000000e+00
1.844765441894531250e+03 3.114702446684747429e+03 2.979802808445834117e+00
1.844786315917968750e+03 3.114894580970842981e+03 2.979495228253528527e+00
1.844807128906250000e+03 3.111862364149048972e+03 2.986830734560307121e+00
1.844827941894531250e+03 3.116428924322236071e+03 2.980691124056024766e+00
1.844848815917968750e+03 3.115623771070575003e+03 2.984669615897955985e+00
1.844869628906250000e+03 3.108196450882709087e+03 2.981473620842925776e+00
1.844890441894531250e+03 3.114131418094915261e+03 2.979311497153379840e+00
1.844911315917968750e+03 3.110263460040354857e+03 2.986567306171416636e+00
1.844932128906250000e+03 3.112935546305240223e+03 2.990612282720968906e+00
1.844952941894531250e+03 3.114614354648442713e+03 2.977248866126587679e+00
1.844973815917968750e+03 3.111932812003229174e+03 2.977872625266979600e+00
1.844994628906250000e+03 3.113264556795629233e+03 2.987050240471211371e+00
1.845015441894531250e+03 3.115493718120303583e+03 2.989394834382049115e+00
1.845036315917968750e+03 3.112940300709007715e+03 2.983998539533078809e+00
1.845057128906250000e+03 3.114706184774423946e+03 2.983493854601402706e+00
1.845077941894531250e+03 3.114842092146419873e+03 2.988099814498138329e+00
1.845098815917968750e+03 3.112444391412448113e+03 2.980474669524347586e+00
1.845119628906250000e+03 3.115114347523290235e+03 2.982637868478166698e+00
1.845140441894531250e+03 3.112975978424303776e+03 2.979299813520823736e+00
1.845161315917968750e+03 3.112975109378076013e+03 2.990732501578182490e+00
1.845182128906250000e+03 3.110670251788211317e+03 2.984571200806834135e+00
1.845202941894531250e+03 3.111883097309200366e+03 2.986413549045960902e+00
1.845223815917968750e+03 3.115244978634601466e+03 2.977711373232441616e+00
1.845244628906250000e+03 3.112562740383240453e+03 2.979171450595527126e+00
1.845265441894531250e+03 3.113496306093917156e+03 2.978391230752819308e+00
1.845286315917968750e+03 3.112565280209506909e+03 2.984566887084121767e+00
1.845307128906250000e+03 3.112168800104254387e+03 2.978064130739443094e+00
1.845327941894531250e+03 3.109544040117437362e+03 2.979932264287839860e+00
1.845348815917968750e+03 3.113614263282773209e+03 2.987603483442838659e+00
1.845369628906250000e+03 3.113577274079066683e+03 2.976325078191113249e+00
1.845390441894531250e+03 3.111346822740648804e+03 2.991511574836435816e+00
1.845411315917968750e+03 3.111922304123165759e+03 2.980364756438529827e+00
1.845432128906250000e+03 3.110520858162959939e+03 3.007168946219343386e+00
1.845452941894531250e+03 3.112472665003708698e+03 2.998969377870793984e+00
1.845473815917968750e+03 3.108606733101301415e+03 2.979553001980963067e+00
1.845494628906250000e+03 3.110485194063054223e+03 2.979441614512617242e+00
1.845515441894531250e+03 3.109781390372356782e+03 2.987589438149080845e+00
1.845536315917968750e+03 3.106746123982912195e+03 2.982262307965337644e+00
1.845557128906250000e+03 3.111331193233041176e+03 2.980526024904301519e+00
1.845577941894531250e+03 3.107521665697835942e+03 2.976119201169999062e+00
1.845598815917968750e+03 3.111125384265760658e+03 2.983885719974570971e+00
1.845619628906250000e+03 3.108257061484809128e+03 2.981172131175219508e+00
1.845640441894531250e+03 3.111087038412288166e+03 2.991597010262907030e+00
1.845661315917968750e+03 3.111257941514956656e+03 2.981185726856462548e+00
1.845682128906250000e+03 3.109341838183425807e+03 2.981625553684233765e+00
1.845702941894531250e+03 3.110146566325683580e+03 2.977371706564824194e+00
1.845723815917968750e+03 3.107696865941141368e+03 2.984429164215204100e+00
1.845744628906250000e+03 3.109398885787003564e+03 2.980787587641755998e+00
1.845765441894531250e+03 3.108979535942953589e+03 2.983104015750476901e+00
1.845786315917968750e+03 3.114078503053105123e+03 2.994225029897232826e+00
1.845807128906250000e+03 3.107220537934444565e+03 2.976805989876933012e+00
1.845827941894531250e+03 3.110570865370668798e+03 2.981426280186141309e+00
1.845848815917968750e+03 3.105959757752813857e+03 2.997052493124771733e+00
1.845869628906250000e+03 3.110290036439389041e+03 2.983672693511202567e+00
1.845890441894531250e+03 3.112847658382162535e+03 2.979817370508547114e+00
1.845911315917968750e+03 3.108095154119497693e+03 2.977825707750496598e+00
1.845932128906250000e+03 3.109516343122735634e+03 2.981823374633750134e+00
1.845952941894531250e+03 3.107912945988523916e+03 2.989167046002322525e+00
1.845973815917968750e+03 3.105632609492517531e+03 2.976801825085936049e+00
1.845994628906250000e+03 3.106132540649518432e+03 2.980473549615237694e+00
1.846015441894531250e+03 3.106333253386369506e+03 2.986684814068747418e+00
1.846036315917968750e+03 3.105075107870188731e+03 2.984005730436821047e+00
1.846057128906250000e+03 3.109289358526044907e+03 2.979667265832828260e+00
1.846077941894531250e+03 3.106007272678740264e+03 2.977137392450646125e+00
1.846098815917968750e+03 3.109463991967797028e+03 2.981080958534244374e+00
1.846119628906250000e+03 3.104287452421620401e+03 2.978522028681640954e+00
1.846140441894531250e+03 3.105553659558425352e+03 2.979102305181674737e+00
1.846161315917968750e+03 3.108185646200590782e+03 2.976894410218448250e+00
1.846182128906250000e+03 3.107243931430889916e+03 2.979948585885992429e+00
1.846202941894531250e+03 3.110127938413855645e+03 2.982220096419982536e+00
1.846223815917968750e+03 3.109326628776883808e+03 2.992957113308590600e+00
1.846244628906250000e+03 3.108828286260920322e+03 2.987394393267365889e+00
1.846265441894531250e+03 3.105416744668350930e+03 2.976396050392404291e+00
1.846286315917968750e+03 3.107175927456232785e+03 2.984065813755245156e+00
1.846307128906250000e+03 3.110090125536741198e+03 2.981993838748413062e+00
1.846327941894531250e+03 3.108585574901903328e+03 2.978656022561958938e+00
1.846348815917968750e+03 3.107872565180998208e+03 2.988848464090541057e+00
1.846369628906250000e+03 3.104115998598045280e+03 2.989366282028256272e+00
1.846390441894531250e+03 3.107091406145710607e+03 2.978184215681457747e+00
1.846411315917968750e+03 3.106284527706886365e+03 2.981281694607629706e+00
1.846432128906250000e+03 3.104222720866182044e+03 2.987881822008293220e+00
1.846452941894531250e+03 3.103743083413656223e+03 2.985758355963368693e+00
1.846473815917968750e+03 3.108299603630859565e+03 2.979697991499211440e+00
1.846494628906250000e+03 3.109469229817151700e+03 2.983083715243076917e+00
1.846515441894531250e+03 3.105325028023726190e+03 3.007030672790361070e+00
1.846536315917968750e+03 3.107714628984309456e+03 2.978220400327968864e+00
1.846557128906250000e+03 3.109817644346263933e+03 2.979236913177410795e+00
1.846577941894531250e+03 3.105412575557692890e+03 2.983314205797420904e+00
1.846598815917968750e+03 3.104434073337657082e+03 2.987044174342772695e+00
1.846619628906250000e+03 3.104876938041191806e+03 2.981783075876659694e+00
1.846640441894531250e+03 3.105399305860852564e+03 2.978245216977394971e+00
1.846661315917968750e+03 3.107219421603289447e+03 2.980436752367559006e+00
1.846682128906250000e+03 3.108919148382097774e+03 2.980525064998772677e+00
1.846702941894531250e+03 3.104942202617498879e+03 2.980935876319795952e+00
1.846723815917968750e+03 3.103709562523734803e+03 2.986004130100631038e+00
1.846744628906250000e+03 3.105763862448033706e+03 2.991912430751630936e+00
1.846765441894531250e+03 3.104959725032918868e+03 2.980404434410096393e+00
1.846786315917968750e+03 3.106785837833338974e+03 2.978801215816458292e+00
1.846807128906250000e+03 3.101156049921548856e+03 2.979101824999578874e+00
1.846827941894531250e+03 3.103368303413177728e+03 2.982287890429320409e+00
1.846848815917968750e+03 3.105075282679410975e+03 2.982815479818607063e+00
1.846869628906250000e+03 3.104791034468894395e+03 2.979960747018653766e+00
1.846890441894531250e+03 3.106067436205184549e+03 2.976684567809520399e+00
1.846911315917968750e+03 3.100934012715861627e+03 2.978468717612194894e+00
1.846932128906250000e+03 3.103083745507100502e+03 2.978261227609218853e+00
1.846952941894531250e+03 3.102276221375760997e+03 2.983336262905735392e+00
1.846973815917968750e+03 3.108810954857085108e+03 2.987432062501834462e+00
1.846994628906250000e+03 3.101028694582585558e+03 2.978878531938560670e+00
1.847015441894531250e+03 3.102330855679103024e+03 2.978663226363273520e+00
1.847036315917968750e+03 3.102602840806245240e+03 2.989344428925194030e+00
1.847057128906250000e+03 3.105329433497331593e+03 2.992250446822797283e+00
1.847077941894531250e+03 3.106242369936584510e+03 2.984461758136432774e+00
1.847098815917968750e+03 3.103936855742082116e+03 2.978535956641672477e+00
1.847119628906250000e+03 3.103019699808529822e+03 2.978001044176481038e+00
1.847140441894531250e+03 3.104870517543383812e+03 2.976236320505824207e+00
1.847161315917968750e+03 3.103019801373200607e+03 2.977321097558802254e+00
1.847182128906250000e+03 3.103405912877646642e+03 2.980856214063485776e+00
1.847202941894531250e+03 3.104903671824135927e+03 2.994573772077758544e+00
1.847223815917968750e+03 3.104617897862992322e+03 2.977842040894718156e+00
1.847244628906250000e+03 3.101894123939400743e+03 2.978583983590566309e+00
1.847265441894531250e+03 3.098558344537364974e+03 2.974968270525304881e+00
1.847286315917968750e+03 3.101228136741278377e+03 2.979957066681111488e+00
1.847307128906250000e+03 3.101719891979143085e+03 2.986817643516275655e+00
1.847327941894531250e+03 3.099321846089376322e+03 2.980450831368154585e+00
1.847348815917968750e+03 3.102840217459716314e+03 2.978401156868045074e+00
1.847369628906250000e+03 3.101873073270665827e+03 2.997641112861263224e+00
1.847390441894531250e+03 3.103437831503381858e+03 2.980904043665529191e+00
1.847411315917968750e+03 3.102394349016728938e+03 2.976061040334337271e+00
1.847432128906250000e+03 3.101499822283431968e+03 2.988430922007458967e+00
1.847452941894531250e+03 3.102971904935289331e+03 2.983324275367099432e+00
1.847473815917968750e+03 3.102078360323222114e+03 2.983089629578391300e+00
1.847494628906250000e+03 3.098424102364364899e+03 2.987445310467160109e+00
1.847515441894531250e+03 3.102164179340033115e+03 2.979804568698954270e+00
1.847536315917968750e+03 3.099625995913450424e+03 2.979665505498596101e+00
1.847557128906250000e+03 3.099876559174724662e+03 2.991847086135320133e+00
1.847577941894531250e+03 3.101747301245060044e+03 2.980930277636395065e+00
1.847598815917968750e+03 3.101662143273771107e+03 2.994206715829202725e+00
1.847619628906250000e+03 3.103180503801501800e+03 2.990096753701555699e+00
1.847640441894531250e+03 3.101159699806767094e+03 2.986918858144077316e+00
1.847661315917968750e+03 3.098855201248436060e+03 2.985162281628295222e+00
1.847682128906250000e+03 3.101842050676637882e+03 2.989466612837892168e+00
1.847702941894531250e+03 3.102797507454215065e+03 2.976887041956965074e+00
1.847723815917968750e+03 3.098162860701783757e+03 2.976969693584157639e+00
1.847744628906250000e+03 3.101156434462582638e+03 2.979157845721935427e+00
1.847765441894531250e+03 3.100391623643463390e+03 2.978108002332952697e+00
1.847786315917968750e+03 3.099850291712600210e+03 2.993632393519908952e+00
1.847807128906250000e+03 3.101545855513928927e+03 2.982483908776924153e+00
1.847827941894531250e+03 3.104003524447183736e+03 2.976661500260617377e+00
1.847848815917968750e+03 3.100838728146354697e+03 2.982368473756527028e+00
1.847869628906250000e+03 3.101457272162939717e+03 2.990702367596998812e+00
1.847890441894531250e+03 3.103754110996906547e+03 2.978332313775085893e+00
1.847911315917968750e+03 3.099004084842894827e+03 2.976719809552951901e+00
1.847952941894531250e+03 3.101034402198343287e+03 2.981478258907383605e+00
1.847973815917968750e+03 3.101203194092657668e+03 2.985250773926294343e+00
1.847994628906250000e+03 3.100516670700611940e+03 2.978473840639289438e+00
1.848015441894531250e+03 3.101914705171359856e+03 2.978087027308658374e+00
1.848036315917968750e+03 3.099065271910536921e+03 2.983897865061103438e+00
1.848057128906250000e+03 3.098008399118707985e+03 2.978431415305498042e+00
1.848077941894531250e+03 3.096803261304774423e+03 2.989544450637733330e+00
1.848098815917968750e+03 3.099439019553753951e+03 2.983538445466827227e+00
1.848119628906250000e+03 3.098632731352502560e+03 2.975798901910923444e+00
1.848140441894531250e+03 3.100330493928182023e+03 2.987942944493883868e+00
1.848161315917968750e+03 3.098098568009773317e+03 2.977761815472738771e+00
1.848182128906250000e+03 3.101190765695335813e+03 2.991313756955915171e+00
1.848202941894531250e+03 3.102957607553758862e+03 2.976141632042576646e+00
1.848223815917968750e+03 3.102516604586413905e+03 3.003734171964969057e+00
1.848244628906250000e+03 3.103170289313856301e+03 2.989017889444693488e+00
1.848265441894531250e+03 3.100937476792055804e+03 2.992025107018293717e+00
1.848286315917968750e+03 3.100062752580147844e+03 2.983753718872053984e+00
1.848307128906250000e+03 3.102917345424405084e+03 2.980802304862949281e+00
1.848327941894531250e+03 3.101927097532888638e+03 2.976307134612605321e+00
1.848348815917968750e+03 3.100581792705404951e+03 2.976285185623943175e+00
1.848369628906250000e+03 3.103787173264255671e+03 2.978777364268176520e+00
1.848390441894531250e+03 3.098793273174424030e+03 2.992730074063414847e+00
1.848411315917968750e+03 3.101363537761778844e+03 2.977484772945131031e+00
1.848432128906250000e+03 3.104078246649041375e+03 2.986782361270434283e+00
1.848452941894531250e+03 3.099687436614212402e+03 2.988589361924207655e+00
1.848473815917968750e+03 3.102487418744879051e+03 2.979170810367574695e+00
1.848494628906250000e+03 3.101513122665639457e+03 2.980744555349895464e+00
1.848515441894531250e+03 3.101890627632703399e+03 2.986272398464277611e+00
1.848536315917968750e+03 3.102673913950779024e+03 2.983127672860390600e+00
1.848557128906250000e+03 3.100352204621302462e+03 2.978522028681640954e+00
1.848577941894531250e+03 3.100758046881857354e+03 2.981418603252046218e+00
1.848598815917968750e+03 3.102521649292435541e+03 2.978273395631841236e+00
1.848619628906250000e+03 3.102775163448754029e+03 2.986557726519447176e+00
1.848640441894531250e+03 3.101839424169971153e+03 2.980201559226852925e+00
1.848661315917968750e+03 3.102453461854598572e+03 2.978637932939630417e+00
1.848682128906250000e+03 3.104050884173760551e+03 2.991890596245923017e+00
1.848702941894531250e+03 3.105020964699285742e+03 2.982399651245374983e+00
1.848723815917968750e+03 3.102716374611985430e+03 2.999844864966718205e+00
1.848744628906250000e+03 3.101550550009088056e+03 2.987109145130434573e+00
1.848765441894531250e+03 3.103828063940668017e+03 2.977993198292216981e+00
1.848786315917968750e+03 3.107828699737930037e+03 2.985710923537827188e+00
1.848807128906250000e+03 3.105731460677049654e+03 2.986681301671456623e+00
1.848827941894531250e+03 3.101946508817443373e+03 2.978405159324503337e+00
1.848848815917968750e+03 3.103316504538699519e+03 2.977989195282077617e+00
1.848869628906250000e+03 3.105762576653967244e+03 2.976562660197256349e+00
1.848890441894531250e+03 3.108591266456981884e+03 2.980631132689470331e+00
1.848911315917968750e+03 3.104134639582521686e+03 2.975924686371050676e+00
1.848932128906250000e+03 3.105174400327550757e+03 2.976158455086065135e+00
1.848952941894531250e+03 3.105077983578795283e+03 2.981207159922150574e+00
1.848973815917968750e+03 3.104974149293862411e+03 2.981356067490038786e+00
1.848994628906250000e+03 3.109410002255748623e+03 2.980424913156489275e+00
1.849015441894531250e+03 3.106125263696389993e+03 2.978252421772367153e+00
1.849036315917968750e+03 3.103819653214394748e+03 2.988720351725854041e+00
1.849057128906250000e+03 3.102594841510286187e+03 2.981120626973339682e+00
1.849077941894531250e+03 3.105003961474340485e+03 2.978754312925942394e+00
1.849098815917968750e+03 3.108310677732500153e+03 2.981432517680537853e+00
1.849119628906250000e+03 3.106107005827201647e+03 2.976692417143036895e+00
1.849140441894531250e+03 3.106145827932867178e+03 2.982143826317282809e+00
1.849161315917968750e+03 3.106956392213334311e+03 2.982215139722049546e+00
1.849182128906250000e+03 3.104567391477774436e+03 2.977462832637675305e+00
1.849202941894531250e+03 3.106068169526668044e+03 2.978608156861862977e+00
1.849223815917968750e+03 3.109678862111853505e+03 2.978277398259995490e+00
1.849244628906250000e+03 3.108542199209134651e+03 2.984891357489519059e+00
1.849265441894531250e+03 3.108345265401563665e+03 2.977357933312943850e+00
1.849286315917968750e+03 3.110613789316185830e+03 2.986263935604289710e+00
1.849307128906250000e+03 3.107512059824560311e+03 2.982712207544856220e+00
1.849327941894531250e+03 3.108662222467621632e+03 2.980242679366477354e+00
1.849348815917968750e+03 3.110051893618001486e+03 2.994091095735563535e+00
1.849369628906250000e+03 3.109393918435679552e+03 2.978432375885779582e+00
1.849390441894531250e+03 3.108226432094093070e+03 2.976319791255115366e+00
1.849411315917968750e+03 3.113354541275682095e+03 2.996815899056349153e+00
1.849432128906250000e+03 3.106937639575848152e+03 2.990054174334321413e+00
1.849452941894531250e+03 3.110742646565986433e+03 2.995330036810458729e+00
1.849473815917968750e+03 3.110720243977398241e+03 2.986594448351798103e+00
1.849494628906250000e+03 3.110472698261362439e+03 2.983512713901797841e+00
1.849515441894531250e+03 3.110219082955990416e+03 2.976180565227173336e+00
1.849536315917968750e+03 3.110573933403555657e+03 2.980478349222746459e+00
1.849557128906250000e+03 3.110142010374436722e+03 2.984447538283199197e+00
1.849577941894531250e+03 3.111413586642947848e+03 2.986730634509525917e+00
1.849598815917968750e+03 3.109333816425365058e+03 2.981347270794240334e+00
1.849619628906250000e+03 3.110019482557584979e+03 2.991545207357082958e+00
1.849640441894531250e+03 3.109869464391001657e+03 2.981172131175219508e+00
1.849661315917968750e+03 3.110987467380219186e+03 2.985982252391443659e+00
1.849682128906250000e+03 3.113726666753562313e+03 2.995656684120563629e+00
1.849702941894531250e+03 3.110479224264985532e+03 2.978460552769550684e+00
1.849723815917968750e+03 3.108053068126968356e+03 2.982580953875911156e+00
1.849744628906250000e+03 3.109214866097944196e+03 2.980705201855126774e+00
1.849765441894531250e+03 3.109578535032855143e+03 2.988842720689898869e+00
1.849786315917968750e+03 3.110012072428587089e+03 2.990695192794821544e+00
1.849807128906250000e+03 3.113128954702805913e+03 2.987861234779952468e+00
1.849827941894531250e+03 3.108895109067792873e+03 2.995883183248047921e+00
1.849848815917968750e+03 3.108438462055765740e+03 2.983443988758229803e+00
1.849869628906250000e+03 3.115954125351295261e+03 2.976283102864786034e+00
1.849890441894531250e+03 3.114312423388233583e+03 2.984113911497346283e+00
1.849911315917968750e+03 3.108650149964588309e+03 2.977432724507353967e+00
1.849932128906250000e+03 3.114230591860094592e+03 2.987407960631120130e+00
1.849952941894531250e+03 3.111873981547841595e+03 2.980947073655051849e+00
1.849973815917968750e+03 3.111428734064725177e+03 2.992402151192324222e+00
1.849994628906250000e+03 3.109783890053849518e+03 2.982808286045429025e+00
1.850015441894531250e+03 3.109073803180211598e+03 2.979014110438289009e+00
1.850036315917968750e+03 3.109703572998535492e+03 2.979158806067991438e+00
1.850057128906250000e+03 3.110820270501338200e+03 2.987065086470421349e+00
1.850077941894531250e+03 3.107926049763872925e+03 2.981139821189855876e+00
1.850098815917968750e+03 3.111169284201346272e+03 2.987052634992203526e+00
1.850119628906250000e+03 3.110444594055668858e+03 2.980764551845314525e+00
1.850140441894531250e+03 3.112364508953338373e+03 2.999729462187127993e+00
1.850161315917968750e+03 3.108836798638917571e+03 2.978326069787946562e+00
1.850182128906250000e+03 3.115432162758417689e+03 2.988728967175410922e+00
1.850202941894531250e+03 3.114034724723232102e+03 2.982738745343552988e+00
1.850223815917968750e+03 3.111769789564730672e+03 3.008612350529199730e+00
1.850244628906250000e+03 3.112102093387652985e+03 2.986357664432468972e+00
1.850265441894531250e+03 3.108190102967606890e+03 2.977615130270141464e+00
1.850286315917968750e+03 3.110068490476654915e+03 2.983275685383843356e+00
1.850307128906250000e+03 3.111179202611531309e+03 3.006053380424964505e+00
1.850327941894531250e+03 3.108526967892360062e+03 2.978572297104293831e+00
1.850348815917968750e+03 3.109766206314006013e+03 2.980841337141155734e+00
1.850369628906250000e+03 3.111226795454924286e+03 2.978135381722542885e+00
1.850390441894531250e+03 3.113914120883955093e+03 2.982178523859519981e+00
1.850411315917968750e+03 3.109749857091391277e+03 2.983924072710983477e+00
1.850432128906250000e+03 3.110792215395527819e+03 2.984015637875814253e+00
1.850452941894531250e+03 3.114943900756928542e+03 2.984773459472279011e+00
1.850473815917968750e+03 3.112907310351517481e+03 2.983607008615637213e+00
1.850494628906250000e+03 3.112215530060275341e+03 2.980688884400036986e+00
1.850515441894531250e+03 3.111276543270791535e+03 2.981925558326429915e+00
1.850536315917968750e+03 3.112930303575446032e+03 2.980640571411182993e+00
1.850557128906250000e+03 3.113114330597768912e+03 2.981240268907320079e+00
1.850577941894531250e+03 3.112238637374849986e+03 2.982819156629309632e+00
1.850598815917968750e+03 3.111455243109239746e+03 2.991579795858334112e+00
1.850619628906250000e+03 3.112207970374547585e+03 2.982018304186596858e+00
1.850640441894531250e+03 3.111077344537033241e+03 2.981342952406804692e+00
1.850661315917968750e+03 3.114023437500000000e+03 2.978627847527270500e+00
1.850682128906250000e+03 3.112526284067434517e+03 2.978982897516991635e+00
1.850702941894531250e+03 3.112264737649596555e+03 2.976370737702128455e+00
1.850723815917968750e+03 3.108653841535201082e+03 2.992518633256231020e+00
1.850744628906250000e+03 3.111327264462555831e+03 2.990072673309932316e+00
1.850765441894531250e+03 3.111164065047717031e+03 2.981145579430712456e+00
1.850786315917968750e+03 3.111183382120438637e+03 2.983723674221748112e+00
1.850807128906250000e+03 3.111295706600996255e+03 2.984281848032878770e+00
1.850827941894531250e+03 3.114256243094826459e+03 2.978960808175070252e+00
1.850848815917968750e+03 3.110110822558190648e+03 2.985801635397908438e+00
1.850869628906250000e+03 3.108865316280597199e+03 2.978308138264924132e+00
1.850890441894531250e+03 3.112865531445607758e+03 2.984229758358325046e+00
1.850911315917968750e+03 3.113683638874823373e+03 2.978206951218653753e+00
1.850932128906250000e+03 3.113983436940366573e+03 2.978325429378268829e+00
1.850952941894531250e+03 3.113498580472969024e+03 2.979514913056564129e+00
1.850973815917968750e+03 3.108706340153023575e+03 2.985990236975415879e+00
1.850994628906250000e+03 3.112310291670677543e+03 2.998002022771172115e+00
1.851015441894531250e+03 3.114321864746485517e+03 2.996610475069195978e+00
1.851036315917968750e+03 3.112156276213746423e+03 2.985798281663411213e+00
1.851057128906250000e+03 3.107568783751907631e+03 2.983710729358946878e+00
1.851077941894531250e+03 3.110539382290825415e+03 2.977886716390382826e+00
1.851098815917968750e+03 3.107498720186589253e+03 2.990861962635690485e+00
1.851119628906250000e+03 3.110059603746960420e+03 2.983287513281590364e+00
1.851140441894531250e+03 3.111735627289267995e+03 2.996972622837681843e+00
1.851161315917968750e+03 3.109737510812771234e+03 2.983197044655074404e+00
1.851182128906250000e+03 3.111870245044660805e+03 2.990347433413377054e+00
1.851202941894531250e+03 3.109650986622907567e+03 2.978203749040817527e+00
1.851223815917968750e+03 3.108837941858130307e+03 2.986768312115345214e+00
1.851244628906250000e+03 3.110001014579894672e+03 2.983314685301509339e+00
1.851265441894531250e+03 3.113865122813270318e+03 2.986405086585964597e+00
1.851286315917968750e+03 3.114027450287106149e+03 2.981826093181087156e+00
1.851307128906250000e+03 3.110990408424076122e+03 2.983910968914816220e+00
1.851327941894531250e+03 3.114112344558373934e+03 2.983278562444368287e+00
1.851348815917968750e+03 3.113215888695614012e+03 2.979938344893678259e+00
1.851369628906250000e+03 3.114040493001242339e+03 2.982382703522637346e+00
1.851390441894531250e+03 3.109404366191461577e+03 2.985337666337874118e+00
1.851411315917968750e+03 3.113281114518414142e+03 2.984038808370843121e+00
1.851432128906250000e+03 3.110222951676718367e+03 2.978422930166221505e+00
1.851452941894531250e+03 3.113313162575183469e+03 2.980041553284409783e+00
1.851473815917968750e+03 3.112987672154908068e+03 2.984729366334373246e+00
1.851494628906250000e+03 3.110246724729527614e+03 2.981352388874953352e+00
1.851515441894531250e+03 3.112025063054692055e+03 2.978598551611989276e+00
1.851536315917968750e+03 3.115975328646160960e+03 2.981209239241219056e+00
1.851557128906250000e+03 3.113231269314497695e+03 2.991585693396981771e+00
1.851577941894531250e+03 3.110552048791580546e+03 2.980745995102047186e+00
1.851598815917968750e+03 3.111037903356739662e+03 2.990841077056011876e+00
1.851619628906250000e+03 3.113133164130828391e+03 2.987750795443593788e+00
1.851640441894531250e+03 3.111946564134373602e+03 2.993773037815846916e+00
1.851661315917968750e+03 3.111155946838506679e+03 2.980974906849044981e+00
1.851682128906250000e+03 3.113570318740318726e+03 2.977345281083557449e+00
1.851702941894531250e+03 3.109586392163790606e+03 2.993372271765248893e+00
1.851723815917968750e+03 3.112968759207923085e+03 2.982660250327596074e+00
1.851744628906250000e+03 3.114064663439896322e+03 2.985707569701436803e+00
1.851765441894531250e+03 3.109991444722362303e+03 2.980515945880830575e+00
1.851786315917968750e+03 3.111043143160771706e+03 2.977993678653072074e+00
1.851807128906250000e+03 3.110475906205309002e+03 2.981230192298584658e+00
1.851827941894531250e+03 3.113605062816486225e+03 2.977631624709184965e+00
1.851848815917968750e+03 3.114380545098221319e+03 2.988388318905003338e+00
1.851869628906250000e+03 3.111001117830957810e+03 2.979460019338393106e+00
1.851890441894531250e+03 3.110810849130617044e+03 2.980959710597178347e+00
1.851911315917968750e+03 3.113196611951174418e+03 2.987460792954598432e+00
1.851932128906250000e+03 3.111458491065763155e+03 2.992757957003703950e+00
1.851952941894531250e+03 3.112273609917358044e+03 2.989154762802335608e+00
1.851973815917968750e+03 3.110732326882387952e+03 2.979682148617048387e+00
1.851994628906250000e+03 3.111708096992698302e+03 2.979122152640607091e+00
1.852015441894531250e+03 3.111232520016712897e+03 2.979848094627177701e+00
1.852036315917968750e+03 3.109219842554915886e+03 2.979477463807441939e+00
1.852057128906250000e+03 3.108815983509267426e+03 2.982297004129099705e+00
1.852077941894531250e+03 3.113608067132457109e+03 2.982673679356636409e+00
1.852098815917968750e+03 3.110676739560929946e+03 2.980919560127410772e+00
1.852119628906250000e+03 3.112306620425363235e+03 2.980183798991102861e+00
1.852140441894531250e+03 3.112717208729329741e+03 2.977892160670203570e+00
1.852161315917968750e+03 3.112063050816258965e+03 2.992943252458851067e+00
1.852182128906250000e+03 3.111600959558865270e+03 2.985540671655942724e+00
1.852202941894531250e+03 3.110433428833020116e+03 2.977784233971930483e+00
1.852223815917968750e+03 3.111729051910446287e+03 2.980484428714495149e+00
1.852244628906250000e+03 3.111163721230728697e+03 2.981159175233045300e+00
1.852265441894531250e+03 3.110155437001344580e+03 2.985747975193906445e+00
1.852286315917968750e+03 3.111444343278084489e+03 2.995010199935433270e+00
1.852307128906250000e+03 3.110458206840122330e+03 2.980741515870847014e+00
1.852327941894531250e+03 3.110760832132401447e+03 2.986210283707513291e+00
1.852348815917968750e+03 3.111831282238219501e+03 2.978573577817355211e+00
1.852369628906250000e+03 3.111243288008618492e+03 2.983912407139158063e+00
1.852390441894531250e+03 3.110396795134871809e+03 2.978683396914270087e+00
1.852411315917968750e+03 3.112121158462615767e+03 2.987911665257988236e+00
1.852432128906250000e+03 3.113112283690597906e+03 2.992847180666960316e+00
1.852452941894531250e+03 3.112841408731825140e+03 2.979316778780456421e+00
1.852473815917968750e+03 3.111016155799075932e+03 2.980544743000321795e+00
1.852494628906250000e+03 3.111879852366732848e+03 2.986981596719850085e+00
1.852515441894531250e+03 3.113036940892058283e+03 2.980929157898453141e+00
1.852536315917968750e+03 3.107994988553934490e+03 2.988670094441781000e+00
1.852557128906250000e+03 3.107399991101573505e+03 2.978063650389951800e+00
1.852577941894531250e+03 3.110220224990352563e+03 2.980766951415749766e+00
1.852598815917968750e+03 3.108953836701522050e+03 2.979785685929413397e+00
1.852619628906250000e+03 3.108729774742876089e+03 2.980377235857497809e+00
1.852640441894531250e+03 3.111659866054250870e+03 2.980509546483158800e+00
1.852661315917968750e+03 3.112766004314156817e+03 2.980861013054850517e+00
1.852682128906250000e+03 3.108496924819572541e+03 2.980202839239754820e+00
1.852702941894531250e+03 3.112896101253239522e+03 2.981353828333570544e+00
1.852723815917968750e+03 3.109570008832134135e+03 2.979087899685118668e+00
1.852744628906250000e+03 3.107436834670912958e+03 2.981065442912442798e+00
1.852765441894531250e+03 3.106679276629844935e+03 2.981729823112266864e+00
1.852786254882812500e+03 3.108420845881090827e+03 2.985271858346791429e+00
1.852807067871093750e+03 3.110817081656620758e+03 2.988785924244885539e+00
1.852827941894531250e+03 3.112076611245253389e+03 2.981720867599009672e+00
1.852848754882812500e+03 3.108647263065278366e+03 2.988025609469684429e+00
1.852869567871093750e+03 3.110209121259659696e+03 2.981198362786966705e+00
1.852890441894531250e+03 3.111257735520011920e+03 2.978111204613739460e+00
1.852911254882812500e+03 3.111409040133365579e+03 2.988319705890221112e+00
1.852932067871093750e+03 3.105432712679678843e+03 3.001130050175094599e+00
1.852952941894531250e+03 3.108867933061634631e+03 2.982063556723003384e+00
1.852973754882812500e+03 3.110030967332786531e+03 2.981021454885849575e+00
1.852994567871093750e+03 3.108582946925666874e+03 2.985934983216986360e+00
1.853015441894531250e+03 3.110697718411110600e+03 2.980246519350551182e+00
1.853036254882812500e+03 3.107957538762296736e+03 2.981042889132617724e+00
1.853057067871093750e+03 3.109884183414034851e+03 2.977237654882441742e+00
1.853077941894531250e+03 3.110293042119459642e+03 2.979090460667375595e+00
1.853098754882812500e+03 3.110742235344221626e+03 2.991378953818643271e+00
1.853119567871093750e+03 3.107557986263817384e+03 2.988687804247838198e+00
1.853140441894531250e+03 3.109295001286938714e+03 2.991656144175889764e+00
1.853161254882812500e+03 3.105936927325803936e+03 2.978837553043037989e+00
1.853182067871093750e+03 3.108929500823588114e+03 2.982529154248927838e+00
1.853202941894531250e+03 3.108061914416178752e+03 2.979577487460962182e+00
1.853223754882812500e+03 3.107199301991662196e+03 2.980221719366200173e+00
1.853244567871093750e+03 3.110155759574428430e+03 2.979526595845649162e+00
1.853265441894531250e+03 3.109346534247935324e+03 2.984411429137936445e+00
1.853286254882812500e+03 3.109535094347140785e+03 2.982466162132298315e+00
1.853327941894531250e+03 3.108213036080646361e+03 2.992041522018439981e+00
1.853348754882812500e+03 3.105296142238863922e+03 2.988554260149367536e+00
1.853369567871093750e+03 3.108706214225017902e+03 2.979023394218444309e+00
1.853390441894531250e+03 3.108416798490619840e+03 2.989147265239873619e+00
1.853411254882812500e+03 3.104214087674262373e+03 2.983950599731943321e+00
1.853432067871093750e+03 3.108297949084612355e+03 2.978424371040632845e+00
1.853452941894531250e+03 3.102218884695879296e+03 2.985340381684983502e+00
1.853473754882812500e+03 3.104645663473304921e+03 2.985840123224128284e+00
1.853494567871093750e+03 3.105437102582178341e+03 2.981776519281332583e+00
1.853515441894531250e+03 3.105892477378941294e+03 2.988807143267768307e+00
1.853536254882812500e+03 3.106881756020035027e+03 2.980212279317928648e+00
1.853557067871093750e+03 3.107109496897805911e+03 2.979380317620824670e+00
1.853577941894531250e+03 3.106693678695464769e+03 2.976937498165011409e+00
1.853598754882812500e+03 3.103973991945812031e+03 2.988149921797626174e+00
1.853619567871093750e+03 3.106780632371352567e+03 2.982325144500024283e+00
1.853640441894531250e+03 3.107033771289018659e+03 2.980532584250473960e+00
1.853661254882812500e+03 3.104786547138002788e+03 2.981322959790866367e+00
1.853682067871093750e+03 3.105121658882570046e+03 2.985230168553293151e+00
1.853702941894531250e+03 3.108896940532527424e+03 2.982096496299981858e+00
1.853723754882812500e+03 3.105411413497944523e+03 2.980124757446622308e+00
1.853744567871093750e+03 3.103452946387314114e+03 2.978680355331992047e+00
1.853765441894531250e+03 3.104361307910270170e+03 2.979330703025141247e+00
1.853786254882812500e+03 3.107714348799081108e+03 2.979299493420656919e+00
1.853807067871093750e+03 3.103656619238674466e+03 2.980724398746751103e+00
1.853827941894531250e+03 3.105454588172741751e+03 2.986348563124960442e+00
1.853848754882812500e+03 3.103191846830600753e+03 2.975685611228537919e+00
1.853869567871093750e+03 3.103310339390136505e+03 2.989846052971823376e+00
1.853890441894531250e+03 3.105913548221129076e+03 2.990749880297010499e+00
1.853911254882812500e+03 3.105861829274181673e+03 2.981679607922648412e+00
1.853932067871093750e+03 3.104053301416185604e+03 2.983668058857958716e+00
1.853952941894531250e+03 3.104095112088845781e+03 2.980903563773668274e+00
1.853973754882812500e+03 3.102691852467317403e+03 2.978347363331315112e+00
1.853994567871093750e+03 3.104217487178952069e+03 2.979859616089993501e+00
1.854015441894531250e+03 3.105540262074329348e+03 2.978600792839730005e+00
1.854036254882812500e+03 3.105805824731919074e+03 2.985700542603450636e+00
1.854057067871093750e+03 3.102156626969694571e+03 2.980392275087848208e+00
1.854077941894531250e+03 3.106276039315562230e+03 2.975739933607407739e+00
1.854098754882812500e+03 3.103642943541425666e+03 2.978701646342715836e+00
1.854119567871093750e+03 3.104867844049679661e+03 2.986639791208782757e+00
1.854140441894531250e+03 3.101851748221845810e+03 2.982080666160341398e+00
1.854161254882812500e+03 3.105668241301110356e+03 2.984055746687856558e+00
1.854182067871093750e+03 3.104647893348435900e+03 2.979227470008659839e+00
1.854202941894531250e+03 3.102908127139626686e+03 2.986401733529144398e+00
1.854223754882812500e+03 3.105772888560652973e+03 2.980777189561238050e+00
1.854244567871093750e+03 3.106119672613426701e+03 2.982947522439987509e+00
1.854265441894531250e+03 3.102470635149374175e+03 2.976709557452441590e+00
1.854286254882812500e+03 3.103539056800097114e+03 2.976955598120118118e+00
1.854307067871093750e+03 3.106138372784189414e+03 2.986996602697902237e+00
1.854327941894531250e+03 3.103554850141732004e+03 2.997286523084645715e+00
1.854348754882812500e+03 3.101124369722840129e+03 2.995791184964929244e+00
1.854369567871093750e+03 3.106007470315642422e+03 2.980635452108200578e+00
1.854390441894531250e+03 3.106881771589970413e+03 2.978185336451443010e+00
1.854411254882812500e+03 3.103963121809181303e+03 2.985086885398632095e+00
1.854432067871093750e+03 3.106044078849898597e+03 2.978580301551893683e+00
1.854452941894531250e+03 3.108844210797882170e+03 2.981743576169540333e+00
1.854473754882812500e+03 3.106168525922608751e+03 2.980365556402851723e+00
1.854494567871093750e+03 3.105755526223916604e+03 2.977411584574346293e+00
1.854515441894531250e+03 3.104329538792263520e+03 2.981828971640271941e+00
1.854536254882812500e+03 3.105412593666001612e+03 2.978910386237457519e+00
1.854557067871093750e+03 3.107557690430915500e+03 2.980432112682338097e+00
1.854577941894531250e+03 3.104705077054357389e+03 2.991892508763739134e+00
1.854598754882812500e+03 3.108384071502891857e+03 2.986669966179296587e+00
1.854619567871093750e+03 3.108308840945664087e+03 2.986323175120570550e+00
1.854640441894531250e+03 3.106026733889251773e+03 2.980286998881672478e+00
1.854661254882812500e+03 3.105780349243992532e+03 2.978602713890737164e+00
1.854682067871093750e+03 3.105381003203260661e+03 2.977185922451888622e+00
1.854702941894531250e+03 3.108628800908606536e+03 2.983554907159109426e+00
1.854723754882812500e+03 3.101922284719752042e+03 2.979362552489583482e+00
1.854744567871093750e+03 3.104442268111999510e+03 2.978781526297068272e+00
1.854765441894531250e+03 3.104635866973856537e+03 2.986723130861781872e+00
1.854786254882812500e+03 3.107524310131147104e+03 2.980800705168513254e+00
1.854807067871093750e+03 3.110355245650272991e+03 2.990477389496506877e+00
1.854827941894531250e+03 3.108057681865435370e+03 2.982678475423783837e+00
1.854848754882812500e+03 3.108598586213458020e+03 2.992369643760593778e+00
1.856411254882812500e+03 3.118222401034552149e+03 2.997357635298843803e+00
1.856432067871093750e+03 3.115851644736609614e+03 3.007188132740989950e+00
1.856452941894531250e+03 3.115111341543929484e+03 3.007000702137638370e+00
1.856473754882812500e+03 3.114141182852210022e+03 3.004101810116773574e+00
1.856494567871093750e+03 3.113486829028941429e+03 3.012760679750741133e+00
1.856515380859375000e+03 3.111377483189877694e+03 3.010692614587422433e+00
1.856536193847656250e+03 3.110599462884920740e+03 3.006708432969700695e+00
1.856557067871093750e+03 3.110837419432613842e+03 3.007370636425850563e+00
1.856577880859375000e+03 3.107892777729778118e+03 3.039220026243562689e+00
1.856598693847656250e+03 3.107474723612943308e+03 3.019369853889250610e+00
1.856619567871093750e+03 3.106123693583100703e+03 3.019184758883822983e+00
1.856640380859375000e+03 3.103988413243431751e+03 3.015313325103605724e+00
1.856661193847656250e+03 3.105057017080865990e+03 3.017516180593980746e+00
1.856682067871093750e+03 3.108223324352803047e+03 3.024134829043407358e+00
1.856702880859375000e+03 3.107513060169615528e+03 3.029819898383101062e+00
1.856723693847656250e+03 3.108895147279663888e+03 3.020416090639781892e+00
1.856744567871093750e+03 3.107105330982245960e+03 3.033398682725265250e+00
1.856765380859375000e+03 3.103355203915738912e+03 3.026626836735922588e+00
1.856786193847656250e+03 3.109713975818653580e+03 3.028452575413040471e+00
1.856807067871093750e+03 3.104293041812245974e+03 3.032378153920051833e+00
1.856827880859375000e+03 3.107291750525853786e+03 3.040844235646789517e+00
1.856848693847656250e+03 3.103666840725227303e+03 3.037851283478542275e+00
1.856869567871093750e+03 3.106172983596734866e+03 3.039529563492711084e+00
1.856890380859375000e+03 3.099855444107587573e+03 3.048945735639936316e+00
1.856911193847656250e+03 3.107964354920365622e+03 3.046435671702071080e+00
1.856932067871093750e+03 3.105124956502540499e+03 3.052210747638184785e+00
1.856952880859375000e+03 3.105855670435154025e+03 3.055019350880273876e+00
1.856973693847656250e+03 3.110421043633186855e+03 3.053310698657144329e+00
1.856994567871093750e+03 3.107538535409324595e+03 3.075744637990124097e+00
1.857015380859375000e+03 3.106580994332493447e+03 3.060363491384945789e+00
1.857036193847656250e+03 3.109458605716497004e+03 3.059998716964951182e+00
1.857057067871093750e+03 3.110170414907869144e+03 3.065845297267914216e+00
1.857077880859375000e+03 3.113591095475203019e+03 3.073853292882096966e+00
1.857098693847656250e+03 3.107615210682153247e+03 3.066142504581030881e+00
1.857119567871093750e+03 3.105686284061006518e+03 3.080811078919267310e+00
1.857140380859375000e+03 3.108254407954985254e+03 3.069154477315770624e+00
1.857161193847656250e+03 3.110342989226808641e+03 3.077563704227202379e+00
1.857182067871093750e+03 3.108805355231009798e+03 3.067970217205849615e+00
1.857202880859375000e+03 3.108865349829397928e+03 3.070353811049210790e+00
1.857223693847656250e+03 3.110428636103608369e+03 3.067295601524069770e+00
1.857244567871093750e+03 3.110193916803844331e+03 3.070103917304643382e+00
1.857265380859375000e+03 3.108974997231009183e+03 3.072692414630328273e+00
1.857286193847656250e+03 3.111296822331230032e+03 3.076702893155109919e+00
1.857307067871093750e+03 3.108788217649368107e+03 3.070198969404256406e+00
1.857327880859375000e+03 3.109540639445686793e+03 3.075824478151825581e+00
1.857348693847656250e+03 3.106377652878587469e+03 3.077171061682935971e+00
1.857369567871093750e+03 3.111218340393732888e+03 3.081856262112934175e+00
1.857390380859375000e+03 3.108209836821260069e+03 3.081352284805515485e+00
1.857411193847656250e+03 3.106718290765391885e+03 3.076683985150639788e+00
1.857432067871093750e+03 3.106961871870519644e+03 3.073062199309144038e+00
1.857452880859375000e+03 3.106317365932025041e+03 3.075410372015225491e+00
1.857473693847656250e+03 3.106209615741980997e+03 3.075058702358252294e+00
1.857494567871093750e+03 3.109771933053234079e+03 3.090653227859432750e+00
1.857515380859375000e+03 3.108724168836881290e+03 3.070408322146986446e+00
1.857536193847656250e+03 3.105953037246454642e+03 3.073504392810348929e+00
1.857557067871093750e+03 3.110544504377405246e+03 3.087279826974144381e+00
1.857577880859375000e+03 3.110614861680569447e+03 3.069911785038768937e+00
1.857598693847656250e+03 3.104613073647312376e+03 3.073632074043169293e+00
1.857619567871093750e+03 3.109907120093205322e+03 3.076731719889122196e+00
1.857640380859375000e+03 3.111556996565273948e+03 3.075510066457965319e+00
1.857661193847656250e+03 3.108634207238829731e+03 3.070963317383701430e+00
1.857682067871093750e+03 3.109417536572420431e+03 3.076715756731077445e+00
1.857702880859375000e+03 3.106022145730255488e+03 3.077405041764353033e+00
1.857723693847656250e+03 3.107011211464293410e+03 3.065555371846022226e+00
1.857744567871093750e+03 3.105452593300384706e+03 3.071011606853466525e+00
1.857765380859375000e+03 3.108514919616814041e+03 3.069691369513381840e+00
1.857786193847656250e+03 3.108960871703895918e+03 3.064074053394842512e+00
1.857807067871093750e+03 3.109647206580612874e+03 3.062053881479471329e+00
1.857827880859375000e+03 3.105022388417392449e+03 3.064478176931140663e+00
1.857848693847656250e+03 3.111853471053531848e+03 3.070924809480987783e+00
1.857869567871093750e+03 3.105333207769739602e+03 3.057920652259495053e+00
1.857890380859375000e+03 3.112879520577003859e+03 3.063901463799155067e+00
1.857911193847656250e+03 3.110605682716058254e+03 3.052993343642144808e+00
1.857932067871093750e+03 3.108091719865564755e+03 3.052274487512409262e+00
1.857952880859375000e+03 3.111539883896341507e+03 3.054603048654779496e+00
1.857973693847656250e+03 3.110527969751822639e+03 3.058922059427048090e+00
1.857994567871093750e+03 3.110287206359729225e+03 3.047756595714892658e+00
1.858015380859375000e+03 3.108974734341079056e+03 3.049060057591887585e+00
1.858036193847656250e+03 3.109510854848004328e+03 3.067412348632072572e+00
1.858057067871093750e+03 3.107611765725038822e+03 3.045060150354160555e+00
1.858077880859375000e+03 3.106864026658397506e+03 3.047758629630920257e+00
1.858098693847656250e+03 3.108957135837608348e+03 3.036666906575243186e+00
1.858119567871093750e+03 3.110890930710052999e+03 3.043963953915088005e+00
1.858140380859375000e+03 3.110440435807847734e+03 3.049271174416829933e+00
1.858161193847656250e+03 3.109533598534281282e+03 3.048460249666842703e+00
1.858182067871093750e+03 3.109896988521427375e+03 3.053946090442271721e+00
1.858202880859375000e+03 3.111302739230083262e+03 3.037318496618743424e+00
1.858223693847656250e+03 3.107734065784071390e+03 3.034455953789054306e+00
1.858244567871093750e+03 3.109235033276709146e+03 3.037735283926564112e+00
1.858265380859375000e+03 3.108025947780641673e+03 3.029804632353296334e+00
1.858286193847656250e+03 3.106623643821984842e+03 3.034776975679474464e+00
1.858307067871093750e+03 3.109363541303899638e+03 3.046024301563487580e+00
1.858327880859375000e+03 3.108054742637357322e+03 3.042392191297253579e+00
1.858348693847656250e+03 3.111279574584958937e+03 3.023999854335075010e+00
1.858369567871093750e+03 3.108399958305859400e+03 3.022614911768648049e+00
1.858390380859375000e+03 3.109900557705831034e+03 3.025698897907850515e+00
1.858411193847656250e+03 3.110554277188412470e+03 3.023985820403990221e+00
1.858432067871093750e+03 3.109266625329777526e+03 3.020455558218793524e+00
1.858452880859375000e+03 3.110939321278980970e+03 3.022583518061531915e+00
1.858473693847656250e+03 3.114245121449054750e+03 3.021116800272083402e+00
1.858494567871093750e+03 3.109674821844059807e+03 3.020880512439141352e+00
1.858515380859375000e+03 3.114924103215409104e+03 3.014721829058860880e+00
1.858536193847656250e+03 3.109365747426639246e+03 3.013919802818220806e+00
1.858557067871093750e+03 3.109353538285390641e+03 3.013628204681972456e+00
1.858577880859375000e+03 3.113894894194083463e+03 3.012256381365981728e+00
1.858598693847656250e+03 3.110828685472099096e+03 3.014837448773863393e+00
1.858619567871093750e+03 3.112157538770139126e+03 3.011004609417688993e+00
1.858640380859375000e+03 3.111954793200059157e+03 3.011682017853172244e+00
1.858661193847656250e+03 3.108055994795324295e+03 3.020055964627142764e+00
1.858682067871093750e+03 3.108435003183127719e+03 3.008287268485821730e+00
1.858702880859375000e+03 3.110174335741156483e+03 3.020280791864647707e+00
1.858723693847656250e+03 3.111549206815073831e+03 3.022852956957987391e+00
1.858744567871093750e+03 3.112011522001270805e+03 3.015126874035041205e+00
1.858765380859375000e+03 3.110259317974208443e+03 3.018276017850932469e+00
1.858786193847656250e+03 3.112831028419258018e+03 3.005859057728216044e+00
1.858807067871093750e+03 3.107599721717977900e+03 3.003608758330571504e+00
1.858827880859375000e+03 3.110880266450903491e+03 3.009145783026448751e+00
1.858848693847656250e+03 3.107198271484087854e+03 3.008176152428259087e+00
1.858869567871093750e+03 3.111078125792200353e+03 3.007469098193182422e+00
1.858890380859375000e+03 3.111127554286748818e+03 2.999259062503809581e+00
1.858911193847656250e+03 3.110985547274944565e+03 3.009101096232666084e+00
1.858932067871093750e+03 3.111712426199275797e+03 3.001836850179845584e+00
1.858952880859375000e+03 3.108727036979024888e+03 3.003446982883450023e+00
1.858973693847656250e+03 3.110763600198908989e+03 3.006614862772488905e+00
1.858994567871093750e+03 3.109837543804524103e+03 3.003988475691103943e+00
1.859015380859375000e+03 3.111515860315490499e+03 2.996468850022111052e+00
1.859036193847656250e+03 3.111367671006359615e+03 2.995942073399538774e+00
1.859057067871093750e+03 3.113500015682652702e+03 3.000263520428930963e+00
1.859077880859375000e+03 3.109623953337164494e+03 2.994171679908667283e+00
1.859098693847656250e+03 3.108258325771304499e+03 3.001531527913961828e+00
1.859119567871093750e+03 3.111492093457947703e+03 2.994541606691097702e+00
1.859140380859375000e+03 3.110400296425921169e+03 3.003585738803578487e+00
1.859161193847656250e+03 3.108550623057007215e+03 3.006495437595769982e+00
1.859182067871093750e+03 3.107133402651924825e+03 2.996881771776108483e+00
1.859202880859375000e+03 3.113724014388186788e+03 2.993503370857538926e+00
1.859223693847656250e+03 3.108257787703240410e+03 2.996755912252385912e+00
1.859244567871093750e+03 3.110497130336624650e+03 3.004689683680303869e+00
1.859265380859375000e+03 3.108224389342939958e+03 2.996342654874425637e+00
1.859286193847656250e+03 3.109838321559147062e+03 2.989055697746931806e+00
1.859307067871093750e+03 3.110639801663223352e+03 2.993799636843448742e+00
1.859327880859375000e+03 3.109340825982415026e+03 2.991998970327353291e+00
1.859348693847656250e+03 3.108301267068470224e+03 2.991241704002318702e+00
1.859369567871093750e+03 3.108738692661123878e+03 2.994185853580443535e+00
1.859390380859375000e+03 3.106296843221070958e+03 2.987391999020307054e+00
1.859411193847656250e+03 3.107687394706044415e+03 2.994388418277047492e+00
1.859432067871093750e+03 3.103860587882982600e+03 2.992546518166612213e+00
1.859452880859375000e+03 3.111818319459482154e+03 2.990812379075058924e+00
1.859473693847656250e+03 3.109310803036719790e+03 2.986055550070680020e+00
1.859494567871093750e+03 3.108797605510711946e+03 2.992859289387694854e+00
1.859515380859375000e+03 3.105484092706135016e+03 2.992188456164174948e+00
1.859536193847656250e+03 3.106380763136142832e+03 2.999764274237022299e+00
1.859557067871093750e+03 3.106890203402974294e+03 2.991292077488702628e+00
1.859577880859375000e+03 3.109022227970007862e+03 3.006493851572129117e+00
1.859598693847656250e+03 3.106662299701467418e+03 2.988466503908469463e+00
1.859619506835937500e+03 3.104889770346064779e+03 2.992621885795593517e+00
1.859640319824218750e+03 3.106431720529931681e+03 2.992757160351872336e+00
1.859661193847656250e+03 3.109429209228178479e+03 2.985195346746967182e+00
1.859682006835937500e+03 3.108244892064037685e+03 2.988873192495029585e+00
1.859702819824218750e+03 3.109023502406336320e+03 2.985521505732934511e+00
1.859723693847656250e+03 3.106670762187297441e+03 2.998145165835838011e+00
1.859744506835937500e+03 3.106877778944701276e+03 2.986752826038280517e+00
1.859765319824218750e+03 3.101246208936857784e+03 2.991441439453754736e+00
1.859786193847656250e+03 3.112355296645972430e+03 2.996926004335753735e+00
1.859807006835937500e+03 3.104317177370085574e+03 2.994561511055275016e+00
1.859827819824218750e+03 3.107345375722784866e+03 2.987649449397119295e+00
1.859848693847656250e+03 3.104429800118215098e+03 2.988873671107291852e+00
1.859869506835937500e+03 3.104805483007854946e+03 2.990196422134227650e+00
1.859890319824218750e+03 3.105556798127043294e+03 2.988398052251602710e+00
1.859911193847656250e+03 3.106136055382021368e+03 2.999082742972313476e+00
1.859932006835937500e+03 3.104993599090094904e+03 2.996250193265256989e+00
1.859952819824218750e+03 3.103950457639036358e+03 3.002698955820764404e+00
1.859973693847656250e+03 3.105898766099120621e+03 2.996620340834329266e+00
1.859994506835937500e+03 3.108171230562257279e+03 2.987725259755857010e+00
1.860015319824218750e+03 3.105191232078334451e+03 2.995889708970513876e+00
1.860036193847656250e+03 3.106680674516223462e+03 2.999595614835283364e+00
1.860057006835937500e+03 3.105556989293590050e+03 2.983649679989732295e+00
1.860077819824218750e+03 3.102489323731954300e+03 2.981646343891901640e+00
1.860098693847656250e+03 3.107195527372331071e+03 2.983181060513613758e+00
1.860119506835937500e+03 3.107551069896786430e+03 2.988040450622799771e+00
1.860140319824218750e+03 3.104718848369409443e+03 2.980756713235096278e+00
1.860161193847656250e+03 3.101940149747191299e+03 2.984797263105697596e+00
1.860182006835937500e+03 3.103970317489038280e+03 2.986982394912070404e+00
1.860202819824218750e+03 3.102613929316278700e+03 2.994934733193915122e+00
1.860223693847656250e+03 3.100187411164791683e+03 2.980238039379120796e+00
1.860244506835937500e+03 3.106896207061575751e+03 2.981121106830258771e+00
1.860265319824218750e+03 3.102322160905280271e+03 2.986728399382382104e+00
1.860286193847656250e+03 3.101959148375180121e+03 2.982750255640658654e+00
1.860307006835937500e+03 3.101873015037314417e+03 2.981347590674542136e+00
1.860327819824218750e+03 3.105867770961674069e+03 2.981677848776469908e+00
1.860348693847656250e+03 3.104624247225155614e+03 2.988514849938139761e+00
1.860369506835937500e+03 3.099955141724129589e+03 2.982946563313691346e+00
1.860390319824218750e+03 3.099173893834200044e+03 2.981659937410844119e+00
1.860411193847656250e+03 3.101375713304577857e+03 2.988035503579951957e+00
1.860432006835937500e+03 3.104424552132226381e+03 2.982148943030916044e+00
1.860452819824218750e+03 3.100603083473449260e+03 2.982670002366600848e+00
1.860473693847656250e+03 3.103893457927950294e+03 2.989813039286519647e+00
1.860494506835937500e+03 3.102690533039891307e+03 2.984429803315120200e+00
1.860515319824218750e+03 3.102763699075563181e+03 2.983203598128318035e+00
1.860536193847656250e+03 3.100628854420476728e+03 2.978545882274594270e+00
1.860557006835937500e+03 3.100972761626085685e+03 2.979749040213179878e+00
1.860577819824218750e+03 3.105202721302639020e+03 2.980543303150955392e+00
1.860598693847656250e+03 3.103349774275832715e+03 2.982245199570096705e+00
1.860619506835937500e+03 3.103308488899382155e+03 2.982829867312915439e+00
1.860640319824218750e+03 3.102844937760510675e+03 2.980064914687590161e+00
1.860661193847656250e+03 3.100512392824009567e+03 2.980059314367899947e+00
1.860682006835937500e+03 3.102857582511590408e+03 2.981590689779842318e+00
1.860702819824218750e+03 3.100271052110519122e+03 3.000921425776843510e+00
1.860723693847656250e+03 3.103626828391292747e+03 2.979875298009467155e+00
1.860744506835937500e+03 3.104551716421804031e+03 2.982473676490210224e+00
1.860765319824218750e+03 3.100316193875117278e+03 2.977765338390931937e+00
1.860786193847656250e+03 3.104966277160560821e+03 2.985488444226564120e+00
1.860807006835937500e+03 3.103870456906630352e+03 2.984940719910429863e+00
1.860827819824218750e+03 3.104673476567175385e+03 2.979894180211160926e+00
1.860848693847656250e+03 3.103678247380019457e+03 2.979033478291694959e+00
1.860869506835937500e+03 3.103469222763505059e+03 2.999063186605680276e+00
1.860890319824218750e+03 3.104755623056571494e+03 2.989568694784410230e+00
1.860911193847656250e+03 3.103413197094440875e+03 2.981874706785610840e+00
1.860932006835937500e+03 3.103991616104678087e+03 2.980580739008431568e+00
1.860952819824218750e+03 3.104088695117550287e+03 2.980126357503898316e+00
1.860973693847656250e+03 3.106067270007023581e+03 2.984959570069372070e+00
1.860994506835937500e+03 3.103311026462552036e+03 2.991885974322820108e+00
1.861015319824218750e+03 3.104986851656710769e+03 2.985780235313112652e+00
1.861036193847656250e+03 3.106679502525160842e+03 2.982720360749100852e+00
1.861057006835937500e+03 3.105800261375146420e+03 2.984876820180831558e+00
1.861077819824218750e+03 3.107522066643961352e+03 2.985229529624724876e+00
1.861098693847656250e+03 3.105675026189237087e+03 2.986175473330315189e+00
1.861119506835937500e+03 3.106207854863584544e+03 2.979723275924532011e+00
1.861140319824218750e+03 3.107597047717214991e+03 2.980172918794398829e+00
1.861161193847656250e+03 3.102216776199431479e+03 2.998744224933948210e+00
1.861182006835937500e+03 3.106043351057795007e+03 2.988019545321391579e+00
1.861202819824218750e+03 3.106515998199002297e+03 2.986939132586217127e+00
1.861223693847656250e+03 3.109241170681249514e+03 2.986345050332187334e+00
1.861244506835937500e+03 3.104804350887298824e+03 2.978369297122830606e+00
1.861265319824218750e+03 3.109479856011985703e+03 2.982135511638904557e+00
1.861286193847656250e+03 3.110466606453741406e+03 2.977607923933141443e+00
1.861307006835937500e+03 3.107623458316794313e+03 3.004514158964956216e+00
1.861327819824218750e+03 3.106738842593824302e+03 2.979079896601377175e+00
1.861348693847656250e+03 3.108761386867049623e+03 2.977565326118181144e+00
1.861369506835937500e+03 3.107392410043239579e+03 2.987054390973044704e+00
1.861390319824218750e+03 3.107417004263968010e+03 2.980878609290421366e+00
1.861411193847656250e+03 3.105823638775664222e+03 2.980036912983894837e+00
1.861432006835937500e+03 3.109985401876400374e+03 2.980024592150913421e+00
1.861452819824218750e+03 3.107851341271077672e+03 2.980315158231225059e+00
1.861473693847656250e+03 3.109540897615024278e+03 2.977026395117544411e+00
1.861494506835937500e+03 3.110246564403160392e+03 2.991615021524614448e+00
1.861515319824218750e+03 3.110508996286905131e+03 2.980447951577988697e+00
1.861536193847656250e+03 3.107459534022766093e+03 2.998404714495556345e+00
1.861557006835937500e+03 3.108702524760266442e+03 2.990843468541995342e+00
1.861577819824218750e+03 3.108464918428459441e+03 2.987866182111339253e+00
1.861598693847656250e+03 3.110668453687252622e+03 2.985695112561860487e+00
1.861619506835937500e+03 3.107755982173724988e+03 2.992350521576964795e+00
1.861640319824218750e+03 3.112246648350138912e+03 2.982060358686443813e+00
1.861661193847656250e+03 3.112099587418942065e+03 2.980791746863807212e+00
1.861682006835937500e+03 3.111242687267630117e+03 2.979119591685594148e+00
1.861702819824218750e+03 3.110459874639372629e+03 2.986042455628179049e+00
1.861723693847656250e+03 3.108266840667316501e+03 2.981060324339082079e+00
1.861744506835937500e+03 3.108324720136190990e+03 2.979197059600804831e+00
1.861765319824218750e+03 3.109790975174170853e+03 2.986461928309678715e+00
1.861786193847656250e+03 3.107876489810430485e+03 2.981414604841043037e+00
1.861807006835937500e+03 3.111380228157840065e+03 2.985897295095789605e+00
1.861827819824218750e+03 3.112437523785604299e+03 2.982849050530709256e+00
1.861848632812500000e+03 3.109868160912478743e+03 2.981351109355598883e+00
1.861869445800781250e+03 3.110690548879219477e+03 2.979013630241976518e+00
1.861890319824218750e+03 3.110831169222397421e+03 2.983460610798561063e+00
1.861911132812500000e+03 3.109754709001923402e+03 2.979779925060646928e+00
1.861931945800781250e+03 3.107867408757992052e+03 2.977892000544468676e+00
1.861973632812500000e+03 3.113597519846137402e+03 2.979650302568766840e+00
1.861994445800781250e+03 3.110821762350079553e+03 2.983357360856745188e+00
1.862015319824218750e+03 3.109495684404023450e+03 2.983047909287003474e+00
1.862036132812500000e+03 3.112733575020526587e+03 3.000677032369177155e+00
1.862056945800781250e+03 3.109703117658533301e+03 2.986296190149720253e+00
1.862077819824218750e+03 3.106616788157810333e+03 2.978345922419649128e+00
1.862098632812500000e+03 3.110370806991240443e+03 2.984911965201392903e+00
1.862119445800781250e+03 3.109228644527700908e+03 2.979520514399513154e+00
1.862140319824218750e+03 3.107588443423192984e+03 2.979877698295981592e+00
1.862161132812500000e+03 3.109897744948257241e+03 2.983595661443401159e+00
1.862181945800781250e+03 3.110152129691928167e+03 3.012409610895961709e+00
1.862202819824218750e+03 3.108425247572620719e+03 2.985376319869947892e+00
1.862223632812500000e+03 3.109480388236444924e+03 2.983030485697569123e+00
1.862244445800781250e+03 3.105151250905325014e+03 2.979576527249850670e+00
1.862265319824218750e+03 3.109805867914242299e+03 2.977253510772508438e+00
1.862286132812500000e+03 3.111604911524750150e+03 3.000460907180358294e+00
1.862306945800781250e+03 3.112068056370318573e+03 2.978935037069140979e+00
1.862327819824218750e+03 3.108346476201415044e+03 2.989397067515539685e+00
1.862348632812500000e+03 3.108415474435528722e+03 2.985923964281607557e+00
1.862369445800781250e+03 3.111386135654121063e+03 2.980389395241102690e+00
1.862390319824218750e+03 3.110280862377835092e+03 2.977913617440817173e+00
1.862411132812500000e+03 3.112403156240628959e+03 2.982501815194203321e+00
1.862431945800781250e+03 3.112377036075405613e+03 2.994417878196069971e+00
1.862452819824218750e+03 3.107089752154466169e+03 2.980755753403856900e+00
1.862473632812500000e+03 3.112073272830901715e+03 2.978876290919783010e+00
1.862494445800781250e+03 3.109554185761739973e+03 2.984511447203915591e+00
1.862515319824218750e+03 3.107261988640011623e+03 2.979230190924759381e+00
1.862536132812500000e+03 3.108437230036640813e+03 2.992492660220266387e+00
1.862556945800781250e+03 3.108392432839001231e+03 2.979397122377208440e+00
1.862577819824218750e+03 3.114745446211706167e+03 2.982517643098535398e+00
1.862598632812500000e+03 3.108753342750067986e+03 2.999070818373684943e+00
1.862619445800781250e+03 3.107982046463578172e+03 2.977996560816575489e+00
1.862640319824218750e+03 3.109861553563369853e+03 2.976888483574777311e+00
1.862661132812500000e+03 3.107128183296111729e+03 2.978970252189124146e+00
1.862681945800781250e+03 3.107623958821537599e+03 2.978447264840530018e+00
1.862702819824218750e+03 3.110681211075413557e+03 2.983924552117068973e+00
1.862723632812500000e+03 3.108615232896675934e+03 2.980231799384733371e+00
1.862744445800781250e+03 3.109228906404031477e+03 2.981364064463695840e+00
1.862765319824218750e+03 3.107432785365929703e+03 2.981033611641739522e+00
1.862786132812500000e+03 3.111158877232583109e+03 2.976762259280846479e+00
1.862806945800781250e+03 3.107897871449411923e+03 2.994727906363831238e+00
1.862827819824218750e+03 3.109727488899486161e+03 2.985524700061980230e+00
1.862848632812500000e+03 3.111134271780243580e+03 2.976477434039142445e+00
1.862869445800781250e+03 3.109089189205523326e+03 2.978465515715786438e+00
1.862890319824218750e+03 3.108692896670510436e+03 2.980890446699544505e+00
1.862911132812500000e+03 3.107817884526026774e+03 2.978605755552298007e+00
1.862931945800781250e+03 3.110225978866903915e+03 2.988503202286335814e+00
1.862952819824218750e+03 3.109292807049575003e+03 2.983302537840839985e+00
1.862973632812500000e+03 3.109066538209968257e+03 2.986102657651148018e+00
1.862994445800781250e+03 3.109568547453215160e+03 2.981053286286360571e+00
1.863015319824218750e+03 3.112034068296918122e+03 2.983069009277413475e+00
1.863036132812500000e+03 3.109611092870989978e+03 2.977701444817833831e+00
1.863056945800781250e+03 3.109460897725586165e+03 2.979407845362696872e+00
1.863077819824218750e+03 3.109788757938303661e+03 2.977579418695849522e+00
1.863098632812500000e+03 3.111066901497851632e+03 2.981345351511707875e+00
1.863119445800781250e+03 3.110354270744769110e+03 2.981106071276754310e+00
1.863140319824218750e+03 3.109926535241626425e+03 2.979094782319941181e+00
1.863161132812500000e+03 3.110343734279703767e+03 2.977727707003799296e+00
1.863181945800781250e+03 3.110981000164606030e+03 2.983841134298856446e+00
1.863202819824218750e+03 3.107541274340709606e+03 2.985999179684116989e+00
1.863223632812500000e+03 3.109250583097917570e+03 2.985615417580083086e+00
1.863244445800781250e+03 3.112989011255212972e+03 2.981943628004752433e+00
1.863265319824218750e+03 3.106469581652587749e+03 2.980567460531598822e+00
1.863286132812500000e+03 3.108935371493321327e+03 2.981511045019331618e+00
1.863306945800781250e+03 3.109288577848344175e+03 2.977427439538173459e+00
1.863327819824218750e+03 3.111807565830461044e+03 2.988860589011209434e+00
1.863348632812500000e+03 3.110959848052862981e+03 2.981975769374349383e+00
1.863369445800781250e+03 3.111102221546703731e+03 2.979582288511876786e+00
1.863390319824218750e+03 3.108701942803146721e+03 2.983563857167284006e+00
1.863411132812500000e+03 3.109906556732265472e+03 2.980811103167000820e+00
1.863431945800781250e+03 3.111679452335369206e+03 2.982380944791177324e+00
1.863452819824218750e+03 3.107338423686145234e+03 2.979561803974062784e+00
1.863473632812500000e+03 3.112758765260261498e+03 2.978815302547214383e+00
1.863494445800781250e+03 3.113514487388008092e+03 2.979550441396269900e+00
1.863515319824218750e+03 3.108852545379192634e+03 2.981553266603130137e+00
1.863536132812500000e+03 3.110534999626816898e+03 2.986646177471361963e+00
1.863556945800781250e+03 3.118018550380395027e+03 2.985107651499362635e+00
1.863577819824218750e+03 3.111441543015259413e+03 2.979784725785392219e+00
1.863598632812500000e+03 3.111938322298772619e+03 2.977219876965888634e+00
1.863619445800781250e+03 3.108280887014215295e+03 2.986709400734124831e+00
1.863640319824218750e+03 3.110804826262326060e+03 2.989489581579775734e+00
1.863661132812500000e+03 3.112106898645778529e+03 2.982932016527056085e+00
1.863681945800781250e+03 3.111616743918307748e+03 2.978169485522452753e+00
1.863702819824218750e+03 3.109397868099397783e+03 2.985647040292362497e+00
1.863723571777343750e+03 3.109265934650587042e+03 3.002591920790744329e+00
1.863744445800781250e+03 3.109386863117176745e+03 2.981020015266737211e+00
1.863765258789062500e+03 3.111762814733005598e+03 2.979198019934220731e+00
1.863786071777343750e+03 3.109467465015281505e+03 2.982946403459278528e+00
1.863806945800781250e+03 3.111535063736266693e+03 2.975491068084803015e+00
1.863827758789062500e+03 3.108837303021114167e+03 2.976658776996518707e+00
1.863848571777343750e+03 3.111812413291692337e+03 2.984269065374840046e+00
1.863869445800781250e+03 3.114405588004534366e+03 2.985624361411464367e+00
1.863890258789062500e+03 3.109954888159297298e+03 2.983894509186872490e+00
1.863911071777343750e+03 3.108299605031903411e+03 2.988551547722333446e+00
1.863931945800781250e+03 3.109386660084664982e+03 2.981992239693177282e+00
1.863952758789062500e+03 3.107149930182519711e+03 2.980225879377980558e+00
1.863973571777343750e+03 3.112597805412583057e+03 2.979399042914759654e+00
1.863994445800781250e+03 3.110139350182698308e+03 2.983226295412178874e+00
1.864015258789062500e+03 3.109897790962888394e+03 2.975589462994301382e+00
1.864036071777343750e+03 3.110222218473127668e+03 2.993279240493988080e+00
1.864056945800781250e+03 3.112502001382571507e+03 2.978757194353476745e+00
1.864077758789062500e+03 3.114783574931216663e+03 2.981371581599375098e+00
1.864098571777343750e+03 3.112283249608470214e+03 2.978652980951728146e+00
1.864119445800781250e+03 3.112458987674905984e+03 2.983230291394980860e+00
1.864140258789062500e+03 3.111466363742632439e+03 2.988051940497167269e+00
1.864161071777343750e+03 3.108535809007149055e+03 2.976564101972174026e+00
1.864181945800781250e+03 3.111965419707675210e+03 3.002169778087981911e+00
1.864202758789062500e+03 3.111270071883659966e+03 2.983870059132125885e+00
1.864223571777343750e+03 3.114310925093392143e+03 2.980115477097479371e+00
1.864244445800781250e+03 3.112028095111545554e+03 2.978315342907684293e+00
1.864265258789062500e+03 3.109805127326455022e+03 2.976260192417858885e+00
1.864286071777343750e+03 3.112166702898688072e+03 2.975280004836138747e+00
1.864306945800781250e+03 3.109908218011926238e+03 2.978858522782658724e+00
1.864327758789062500e+03 3.111503800995415531e+03 2.977968859907472954e+00
1.864348571777343750e+03 3.114300624199262984e+03 2.977350406043711484e+00
1.864369445800781250e+03 3.111902879203594239e+03 2.985863758655760591e+00
1.864390258789062500e+03 3.110525636457804467e+03 2.989373938552122301e+00
1.864411071777343750e+03 3.112266625367633878e+03 2.987911505669210488e+00
1.864431945800781250e+03 3.109880818959519274e+03 2.977100073462783048e+00
1.864452758789062500e+03 3.112500877359405877e+03 2.978187097660567773e+00
1.864473571777343750e+03 3.108140663149460124e+03 2.978802976661445889e+00
1.864494445800781250e+03 3.112675567700555348e+03 2.980091156045372447e+00
1.864515258789062500e+03 3.112637510569737515e+03 2.982673839225665535e+00
1.864536071777343750e+03 3.114670488340223073e+03 2.977586304817497531e+00
1.864556945800781250e+03 3.115314161370303736e+03 2.981777958535200668e+00
1.864577758789062500e+03 3.113802057814823002e+03 2.987736910440459415e+00
1.864598571777343750e+03 3.112954710662555499e+03 2.987297823780525885e+00
1.864619445800781250e+03 3.114559426508320485e+03 2.998728800703060582e+00
1.864640258789062500e+03 3.113210165569610581e+03 2.975375682286966139e+00
1.864661071777343750e+03 3.113877418482677513e+03 2.994364690888298153e+00
1.864681945800781250e+03 3.112095372392045647e+03 2.983275365710280624e+00
1.864702758789062500e+03 3.115793577194955105e+03 2.977223560687046966e+00
1.864723571777343750e+03 3.109537913071972071e+03 2.982668883281776928e+00
1.864744445800781250e+03 3.111388131697055087e+03 2.981665534724160516e+00
1.864765258789062500e+03 3.115007118395734324e+03 2.975372316800703132e+00
1.864786071777343750e+03 3.115612098922480527e+03 2.980475469459168636e+00
1.864806945800781250e+03 3.112188061254373679e+03 2.983056381270781987e+00
1.864827758789062500e+03 3.114588693644668638e+03 2.978906224388604862e+00
1.864848571777343750e+03 3.109738928756331461e+03 2.979064530620325169e+00
1.864869445800781250e+03 3.115438841104096809e+03 2.987933209664747736e+00
1.864890258789062500e+03 3.110896206087008977e+03 2.980758472924898594e+00
1.864911071777343750e+03 3.114811833188663059e+03 2.979097663418168729e+00
1.864931945800781250e+03 3.116744349450864775e+03 2.988945302545104266e+00
1.864952758789062500e+03 3.113525461730811458e+03 2.984487801062752244e+00
1.864973571777343750e+03 3.115178567894608022e+03 2.980257559277202262e+00
1.864994445800781250e+03 3.110715195236702129e+03 2.977640912799697226e+00
1.865015258789062500e+03 3.112569083764035895e+03 2.991620600211997605e+00
1.865036071777343750e+03 3.113506347276832003e+03 2.978400996769674958e+00
1.865056945800781250e+03 3.116023077748056494e+03 2.979445775613608571e+00
1.865077758789062500e+03 3.114363366756050254e+03 2.985716832668967591e+00
1.865098571777343750e+03 3.113892821200755407e+03 2.978186777440804178e+00
1.865119445800781250e+03 3.115249420773420752e+03 2.982283893183788948e+00
1.865140258789062500e+03 3.116492735160656594e+03 2.984633509439466259e+00
1.865161071777343750e+03 3.115749052452507385e+03 2.976388520690575579e+00
1.865181945800781250e+03 3.115068371968404335e+03 2.975902574328832539e+00
1.865202758789062500e+03 3.115950973427810368e+03 2.989890389618179878e+00
1.865223571777343750e+03 3.115926152613990325e+03 2.985971872400360105e+00
1.865244445800781250e+03 3.113085564969980624e+03 2.993977063832059748e+00
1.865265258789062500e+03 3.112730751707307263e+03 2.989475066631469780e+00
1.865286071777343750e+03 3.114466997568026272e+03 2.980909642398202219e+00
1.865306945800781250e+03 3.110883830143033720e+03 2.977825707750496598e+00
1.865327758789062500e+03 3.113937574425735420e+03 2.978372979422359457e+00
1.865348571777343750e+03 3.113528817582586271e+03 2.994695264950915536e+00
1.865369384765625000e+03 3.113030223299143017e+03 2.978912787301458476e+00
1.865390197753906250e+03 3.111079788849166107e+03 2.976805028771835726e+00
1.865411071777343750e+03 3.112193813332233276e+03 2.976969052882694644e+00
1.865431884765625000e+03 3.114211947322040942e+03 2.979004186365439288e+00
1.865452697753906250e+03 3.112289500690533259e+03 2.981857276340919238e+00
1.865473571777343750e+03 3.112888841796349880e+03 2.978404839128184545e+00
1.865515197753906250e+03 3.109934017363434577e+03 2.985760751520426748e+00
1.865536071777343750e+03 3.111607381780915148e+03 2.979261561307364303e+00
1.865556884765625000e+03 3.111469250537635162e+03 2.978895499597455476e+00
1.865577697753906250e+03 3.115956493259660419e+03 2.976700106266004564e+00
1.865598571777343750e+03 3.111398756742060414e+03 2.978380183908269974e+00
1.865619384765625000e+03 3.110922412505448847e+03 2.978399235687034796e+00
1.865640197753906250e+03 3.109825189972381850e+03 2.982524357941663595e+00
1.865661071777343750e+03 3.108880422580583399e+03 2.991889480609965624e+00
1.865681884765625000e+03 3.111854607923695312e+03 2.987493992244792729e+00
1.865702697753906250e+03 3.110711287278240889e+03 2.981783075876659694e+00
1.865723571777343750e+03 3.109036155333438728e+03 2.976195785881028844e+00
1.865744384765625000e+03 3.110290497622912881e+03 2.976574674966898204e+00
1.865765197753906250e+03 3.112181813186466570e+03 2.977039529216988445e+00
1.865786071777343750e+03 3.111977277751981546e+03 2.976695941326862549e+00
1.865806884765625000e+03 3.109348507393889122e+03 2.983864146343705226e+00
1.865827697753906250e+03 3.110397719059370047e+03 2.982519081994764232e+00
1.865848571777343750e+03 3.110684319181689716e+03 2.980403154483775019e+00
1.865869384765625000e+03 3.109319141071806825e+03 2.983310689431748486e+00
1.865890197753906250e+03 3.107366242209381198e+03 2.976008005633917541e+00
1.865911071777343750e+03 3.109394811029570519e+03 2.977479648216254660e+00
1.865931884765625000e+03 3.111221613622448785e+03 2.979542439554920374e+00
1.865952697753906250e+03 3.109838809141530419e+03 2.977487975896199401e+00
1.865973571777343750e+03 3.108335278166526678e+03 2.982714125947859785e+00
1.865994384765625000e+03 3.110095919587937260e+03 2.982175645737730640e+00
1.866015197753906250e+03 3.108222965606508751e+03 2.980655609312844678e+00
1.866036071777343750e+03 3.107048416332159832e+03 2.977170706860062577e+00
1.866056884765625000e+03 3.109543860303345355e+03 2.977185922451888622e+00
1.866077697753906250e+03 3.110219991141238097e+03 2.983522463154412385e+00
1.866098571777343750e+03 3.109134049875740402e+03 2.984221769064016261e+00
1.866119384765625000e+03 3.108341091719454198e+03 3.010310574854375254e+00
1.866140197753906250e+03 3.107281357283826765e+03 2.975025491044283488e+00
1.866161071777343750e+03 3.107165082330392124e+03 2.979541959443756216e+00
1.866181884765625000e+03 3.106047465614747580e+03 2.975092647616516928e+00
1.866202697753906250e+03 3.105469372688249678e+03 2.979450256792792295e+00
1.866223571777343750e+03 3.105115988818914502e+03 2.977591589504705816e+00
1.866244384765625000e+03 3.108610884730995622e+03 2.989905540479700807e+00
1.866265197753906250e+03 3.102986668583851952e+03 2.981979767032910900e+00
1.866286071777343750e+03 3.104017355380000936e+03 2.976657655651753664e+00
1.866306884765625000e+03 3.108040736046728853e+03 2.977696000189316905e+00
1.866327697753906250e+03 3.105457193208287663e+03 2.993668550725273825e+00
1.866348571777343750e+03 3.106287804741833042e+03 2.986691998504885426e+00
1.866369384765625000e+03 3.105127166944502278e+03 2.975706763423157764e+00
1.866390197753906250e+03 3.105460633744180086e+03 2.976626097633000345e+00
1.866411071777343750e+03 3.104624896022464327e+03 2.987435893244833718e+00
1.866431884765625000e+03 3.103253479156813228e+03 2.978730621082758212e+00
1.866452697753906250e+03 3.104264401709436697e+03 2.977404057440751206e+00
1.866473571777343750e+03 3.105380880414450075e+03 2.975116047879821757e+00
1.866494384765625000e+03 3.106376507656389094e+03 2.978541079553117310e+00
1.866515197753906250e+03 3.102768451140417710e+03 2.980308598406520737e+00
1.866536071777343750e+03 3.103177823222520601e+03 2.977664773451127900e+00
1.866556884765625000e+03 3.104733018934162828e+03 2.979763762563817142e+00
1.866577697753906250e+03 3.103062120857712671e+03 2.979253238584988139e+00
1.866598571777343750e+03 3.104059542718644025e+03 2.976547922013596192e+00
1.866619384765625000e+03 3.103696571414814116e+03 2.973821704796941301e+00
1.866640197753906250e+03 3.101203532729160088e+03 2.977167183238234482e+00
1.866661071777343750e+03 3.104499530651412442e+03 2.976729100488539892e+00
1.866681884765625000e+03 3.103372662161156313e+03 2.978492251445174599e+00
1.866702697753906250e+03 3.104371948301489738e+03 2.979005787024586738e+00
1.866723571777343750e+03 3.102322865577454195e+03 2.976388040070663266e+00
1.866744384765625000e+03 3.104285878689925994e+03 2.988301355630892608e+00
1.866765197753906250e+03 3.101561490348432471e+03 2.988371086016878841e+00
1.866786071777343750e+03 3.099865837740524057e+03 2.978872609242417369e+00
1.866806884765625000e+03 3.104096277068483232e+03 2.978003445973653740e+00
1.866827697753906250e+03 3.102837647795991415e+03 2.975227116482592304e+00
1.866848510742187500e+03 3.102201512680769156e+03 2.980346197205988368e+00
1.866869323730468750e+03 3.103960882311315800e+03 2.976328923229576429e+00
1.866890197753906250e+03 3.107380367228289288e+03 2.975034306432563280e+00
1.866911010742187500e+03 3.103577637817182222e+03 2.974396646047735793e+00
1.866931823730468750e+03 3.104850246180330942e+03 2.985647838841366752e+00
1.866952697753906250e+03 3.104024387835355355e+03 2.976339657268996852e+00
1.866973510742187500e+03 3.100635149815493605e+03 2.974999846129854131e+00
1.866994323730468750e+03 3.104091082645257302e+03 2.987127023821603888e+00
1.867015197753906250e+03 3.103955021020782624e+03 2.974857833414618735e+00
1.867036010742187500e+03 3.103444498811521044e+03 2.979090940851303326e+00
1.867056823730468750e+03 3.106538240555438279e+03 2.983098580982509684e+00
1.867077697753906250e+03 3.101820928168953287e+03 2.975825341124116452e+00
1.867098510742187500e+03 3.108538157909536494e+03 2.976687611431096059e+00
1.867119323730468750e+03 3.105847145922766686e+03 2.995202838480248264e+00
1.867140197753906250e+03 3.102690542695403110e+03 2.996549529380625909e+00
1.867161010742187500e+03 3.103591003452703717e+03 2.977861896753315474e+00
1.867181823730468750e+03 3.103191985864456001e+03 2.977391245254700447e+00
1.867202697753906250e+03 3.108450950446391289e+03 2.981949544601291802e+00
1.867223510742187500e+03 3.104555350750182242e+03 2.977362898097128507e+00
1.867244323730468750e+03 3.105085695478720481e+03 2.980383475547386141e+00
1.867265197753906250e+03 3.106882661333935175e+03 2.977797204597960157e+00
1.867286010742187500e+03 3.104070506089045011e+03 2.993211217511914768e+00
1.867306823730468750e+03 3.108044088207974710e+03 2.980780388974491490e+00
1.867327697753906250e+03 3.101449154737998924e+03 2.980729997816852439e+00
1.867348510742187500e+03 3.107347881961102757e+03 2.978864445506809400e+00
1.867369323730468750e+03 3.105588657167433666e+03 2.979173851449123500e+00
1.867390197753906250e+03 3.102799726275503872e+03 2.976109427665497353e+00
1.867411010742187500e+03 3.104306711725630976e+03 2.977133548456340151e+00
1.867431823730468750e+03 3.103283066836241233e+03 2.973878626693381211e+00
1.867473510742187500e+03 3.105211752786538455e+03 2.985425514550595238e+00
1.867494323730468750e+03 3.106081885240025713e+03 2.976685689144147329e+00
1.867515197753906250e+03 3.104115244415129382e+03 2.974523291340980702e+00
1.867536010742187500e+03 3.104670342861066274e+03 2.983033362994582660e+00
1.867556823730468750e+03 3.104174417359418385e+03 2.980523625139899657e+00
1.867577697753906250e+03 3.105450446378852121e+03 2.980334037646140910e+00
1.867598510742187500e+03 3.104366096445774474e+03 2.976451801634559136e+00
1.867619323730468750e+03 3.106867015252795227e+03 2.985236717563231057e+00
1.867640197753906250e+03 3.108546261796853742e+03 2.981459546672129868e+00
1.867661010742187500e+03 3.105218355518502904e+03 2.976614884043233822e+00
1.867681823730468750e+03 3.104021004814886510e+03 2.979957386710643696e+00
1.867702697753906250e+03 3.108461467458251718e+03 2.978440060516880372e+00
1.867723510742187500e+03 3.107312790020659122e+03 2.976556252300283756e+00
1.867744323730468750e+03 3.108798118862136562e+03 2.982137750208440963e+00
1.867765197753906250e+03 3.111190679361631737e+03 2.979996430055668721e+00
1.867786010742187500e+03 3.108157948068152109e+03 2.978604955115346620e+00
1.867806823730468750e+03 3.105160786410007404e+03 2.982013027344358136e+00
1.867827697753906250e+03 3.110001445120206427e+03 2.980722479063151908e+00
1.867848510742187500e+03 3.107305731033855864e+03 2.978329912243119715e+00
1.867869323730468750e+03 3.107087164531618328e+03 2.981795389443553823e+00
1.867890197753906250e+03 3.107396575584632501e+03 2.978373779921654751e+00
1.867911010742187500e+03 3.110959557811178001e+03 2.983333066233475606e+00
1.867931823730468750e+03 3.110423019609037965e+03 2.978699725355512751e+00
1.867952697753906250e+03 3.105457483230108210e+03 2.995596355744594153e+00
1.867973510742187500e+03 3.107997604380097073e+03 2.980555941804985398e+00
1.867994323730468750e+03 3.107095650587605633e+03 2.978131699129237475e+00
1.868015197753906250e+03 3.108064265480988979e+03 2.993452556702463685e+00
1.868036010742187500e+03 3.109487192219533426e+03 2.980582178839713769e+00
1.868056823730468750e+03 3.109184955168921533e+03 2.980062194533626752e+00
1.868077697753906250e+03 3.109465000367436915e+03 2.976419280203543849e+00
1.868098510742187500e+03 3.113472168330162276e+03 2.992768472788008172e+00
1.868119323730468750e+03 3.107822573397486849e+03 2.975565906203087696e+00
1.868140197753906250e+03 3.107530395966292872e+03 2.977752367626097740e+00
1.868161010742187500e+03 3.106639397258617464e+03 2.983413141841832150e+00
1.868181823730468750e+03 3.109068326749795233e+03 2.974620596150043372e+00
1.868202636718750000e+03 3.111103780255903985e+03 2.999348092774231311e+00
1.868223449707031250e+03 3.108879084242245881e+03 2.986437339606916375e+00
1.868244323730468750e+03 3.108701060134167165e+03 2.978026823364952946e+00
1.868265136718750000e+03 3.106574736810846389e+03 2.981569099542910273e+00
1.868285949707031250e+03 3.107853958650316599e+03 2.992017457278724812e+00
1.868306823730468750e+03 3.109690145465041496e+03 2.977338074093415443e+00
1.868327636718750000e+03 3.106205155464327618e+03 2.976097571239901374e+00
1.868348449707031250e+03 3.107931234029713778e+03 2.975392349400921344e+00
1.868369323730468750e+03 3.108803868801730005e+03 2.982187797788613093e+00
1.868390136718750000e+03 3.113442725211396009e+03 2.975117490355783989e+00
1.868410949707031250e+03 3.109958507021443438e+03 2.979574606826699945e+00
1.868431823730468750e+03 3.111024199604042678e+03 2.989115520032982865e+00
1.868452636718750000e+03 3.110415926660946297e+03 2.980379155763470234e+00
1.868473449707031250e+03 3.111287655856923720e+03 2.977821063997057927e+00
1.868494323730468750e+03 3.109745072650114707e+03 3.003123088284299858e+00
1.868515136718750000e+03 3.107836935763247766e+03 2.985015161370347059e+00
1.868535949707031250e+03 3.111251176030888018e+03 2.980417713613249475e+00
1.868556823730468750e+03 3.107643036470061361e+03 2.974172518756382555e+00
1.868577636718750000e+03 3.107316091249067085e+03 2.974150714341600388e+00
1.868598449707031250e+03 3.109030390992244065e+03 2.979189216866323431e+00
1.868619323730468750e+03 3.108373603791492314e+03 2.975748586638143234e+00
1.868640136718750000e+03 3.111369921846943271e+03 2.983163637701867987e+00
1.868660949707031250e+03 3.108772198524534360e+03 2.977891039789877681e+00
1.868681823730468750e+03 3.110794961775095089e+03 2.979637660073309657e+00
1.868702636718750000e+03 3.111698128337711296e+03 2.978715733544349042e+00
1.868723449707031250e+03 3.111537254443768234e+03 2.984738792096128801e+00
1.868744323730468750e+03 3.111573280633118884e+03 2.984526465601696099e+00
1.868765136718750000e+03 3.113144613531602772e+03 2.978445023497262145e+00
1.868785949707031250e+03 3.109815150352141245e+03 2.977633706525094848e+00
1.868806823730468750e+03 3.113822767571964505e+03 2.977775746988517991e+00
