1.842536254882812500e+03 3.105431024844915100e+03 2.977366741795327787e+00
1.842557067871093750e+03 3.106563991304897172e+03 2.981029932628740831e+00
1.842577941894531250e+03 3.101290846842216524e+03 2.977625379252722748e+00
1.842598754882812500e+03 3.104886505450810091e+03 2.977422314710615581e+00
1.842619567871093750e+03 3.103793379254193496e+03 2.990083676956656333e+00
1.842640441894531250e+03 3.107371490115227516e+03 2.978072937133051212e+00
1.842661254882812500e+03 3.106557112057465474e+03 2.986759371709517108e+00
1.842682067871093750e+03 3.106161809614284266e+03 2.978901422248087627e+00
1.842702941894531250e+03 3.108435361820036633e+03 2.981060004427955157e+00
1.842723754882812500e+03 3.107135430885603910e+03 2.978685317912002972e+00
1.842744567871093750e+03 3.109478056616272625e+03 2.977450180854043005e+00
1.842765441894531250e+03 3.105580554238922559e+03 2.995433033252731470e+00
1.842786254882812500e+03 3.111434621762170536e+03 2.981963936273597682e+00
1.842807128906250000e+03 3.109894947731431785e+03 2.985776881554578210e+00
1.842827941894531250e+03 3.111905980171201008e+03 2.979286689385777898e+00
1.842848815917968750e+03 3.110133356959813227e+03 2.980208439289736777e+00
1.842869628906250000e+03 3.112047855267761861e+03 2.980516745804573375e+00
1.842890441894531250e+03 3.111830117765733121e+03 2.979558283179943423e+00
1.842911315917968750e+03 3.114332915112535375e+03 2.983158522728639017e+00
1.842932128906250000e+03 3.111365485892688866e+03 2.983144456507038189e+00
1.842952941894531250e+03 3.109466969693643478e+03 2.983538924934876935e+00
1.842973815917968750e+03 3.112104087356827677e+03 2.982826989819605590e+00
1.842994628906250000e+03 3.109356626899063940e+03 2.982922105488936548e+00
1.843015441894531250e+03 3.112652120216037474e+03 2.985574211725151805e+00
1.843036315917968750e+03 3.111317216377324257e+03 2.984548993056667321e+00
1.843057128906250000e+03 3.110277267722836768e+03 2.981475859909426873e+00
1.843077941894531250e+03 3.112267176646035296e+03 2.977708170521669029e+00
1.843098815917968750e+03 3.113021832940456534e+03 2.989936160933868603e+00
1.843119628906250000e+03 3.115130024038831834e+03 2.993592253731961250e+00
1.843140441894531250e+03 3.114878213994129055e+03 2.984211223162778204e+00
1.843161315917968750e+03 3.113821039025385289e+03 2.981797468352428204e+00
1.843182128906250000e+03 3.113121452124187726e+03 2.996129081746529810e+00
1.843202941894531250e+03 3.112447456641381450e+03 2.981023054461825250e+00
1.843223815917968750e+03 3.113608102511434026e+03 2.991153548359850145e+00
1.843244628906250000e+03 3.113413393030632960e+03 2.985760751520426748e+00
1.843265441894531250e+03 3.113436330011231803e+03 2.978923351960071297e+00
1.843286315917968750e+03 3.116673741931327640e+03 2.980286838884607992e+00
1.843307128906250000e+03 3.116727686643610014e+03 2.991978570800172044e+00
1.843327941894531250e+03 3.113764251694419727e+03 2.994843661091898035e+00
1.843348815917968750e+03 3.116330814702799216e+03 2.978860923888463130e+00
1.843369628906250000e+03 3.113558709569690564e+03 2.981043049089104002e+00
1.843390441894531250e+03 3.112673971428163895e+03 2.980500267332129471e+00
1.843411315917968750e+03 3.116180124384771261e+03 2.982729153395367927e+00
1.843432128906250000e+03 3.118775569562244527e+03 2.991486071251167722e+00
1.843452941894531250e+03 3.116230463351631442e+03 2.991607211344800454e+00
1.843473815917968750e+03 3.115404867413928059e+03 2.980826300176468102e+00
1.843494628906250000e+03 3.117050425151863237e+03 2.985776402445908584e+00
1.843515441894531250e+03 3.115647830328094187e+03 2.983792233114273884e+00
1.843536315917968750e+03 3.114207538009504788e+03 2.985367854469774596e+00
1.843557128906250000e+03 3.115833180151527358e+03 2.981521920332933284e+00
1.843577941894531250e+03 3.115961855428841773e+03 2.986057945389315016e+00
1.843598815917968750e+03 3.117001598869016107e+03 2.979059888797961353e+00
1.843619628906250000e+03 3.117850845433504674e+03 2.977763576932356049e+00
1.843640441894531250e+03 3.116743267033853954e+03 2.976725896720923359e+00
1.843661315917968750e+03 3.117978270893915578e+03 2.983334025235513387e+00
1.843682128906250000e+03 3.116232268067670248e+03 2.984793109465216254e+00
1.843702941894531250e+03 3.115638318642600552e+03 2.982012707535437901e+00
1.843723815917968750e+03 3.116406566454287258e+03 2.978697484202210699e+00
1.843744628906250000e+03 3.114745034711524568e+03 2.985707090581644962e+00
1.843765441894531250e+03 3.113908878264031046e+03 2.983289750986699573e+00
1.843786315917968750e+03 3.116915834224465470e+03 2.978674592325474713e+00
1.843807128906250000e+03 3.115242148241825362e+03 2.980650170080576089e+00
1.843827941894531250e+03 3.115047678947902114e+03 2.976685208572216190e+00
1.843848815917968750e+03 3.116900373791352195e+03 2.981064483180607017e+00
1.843869628906250000e+03 3.114747778013874267e+03 2.982017984378241948e+00
1.843890441894531250e+03 3.120161804431028031e+03 2.981760047770932065e+00
1.843911315917968750e+03 3.118439406291363866e+03 2.980499787375255671e+00
1.843932128906250000e+03 3.117582251008238927e+03 2.979608854187105305e+00
1.843952941894531250e+03 3.115510700193566663e+03 2.991653912728696962e+00
1.843973815917968750e+03 3.118407256335165130e+03 2.984609065438643682e+00
1.843994628906250000e+03 3.115892527031111968e+03 2.986536331852437165e+00
1.844015441894531250e+03 3.114735486521302391e+03 2.981499370006166494e+00
1.844036315917968750e+03 3.115629443824227110e+03 2.980850775197265712e+00
1.844057128906250000e+03 3.113652693059284957e+03 2.980519305559107934e+00
1.844077941894531250e+03 3.116432420474342052e+03 2.985739989962068464e+00
1.844098815917968750e+03 3.115600225087835952e+03 2.977706729300697130e+00
1.844119628906250000e+03 3.115158629643531640e+03 2.997909135170587103e+00
1.844140441894531250e+03 3.117283281868671565e+03 2.981418443315709155e+00
1.844161315917968750e+03 3.115621873560479798e+03 2.983952836939795628e+00
1.844182128906250000e+03 3.115976234227204259e+03 2.996231732430151506e+00
1.844202941894531250e+03 3.115632996713499324e+03 2.978183735351334960e+00
1.844223815917968750e+03 3.116757702391249040e+03 2.984800138699567285e+00
1.844244628906250000e+03 3.113949686666231628e+03 2.980879729047351212e+00
1.844265441894531250e+03 3.119397976713274602e+03 2.979680228261971209e+00
1.844286315917968750e+03 3.114012148808209076e+03 2.983644725666751096e+00
1.844307128906250000e+03 3.113762403903321228e+03 2.979440974342717929e+00
1.844327941894531250e+03 3.112983063529322408e+03 2.981904450244948102e+00
1.844348815917968750e+03 3.114541213782607429e+03 2.978048599399980123e+00
1.844369628906250000e+03 3.115552091413970629e+03 2.984725691876811471e+00
1.844390441894531250e+03 3.117620925893612821e+03 2.989485912973123050e+00
1.844411315917968750e+03 3.116486659413479174e+03 2.986962280403082204e+00
1.844432128906250000e+03 3.115277228835642291e+03 2.987311551203703619e+00
1.844452941894531250e+03 3.113686537730156033e+03 2.982985567534339300e+00
1.844473815917968750e+03 3.112520432856925709e+03 2.976272048195629072e+00
1.844494628906250000e+03 3.116390326056627600e+03 2.989855941057831146e+00
1.844515441894531250e+03 3.114281994511793073e+03 2.978868767487270919e+00
1.844536315917968750e+03 3.114719860029174015e+03 2.977967098569279436e+00
1.844557128906250000e+03 3.114965498359674257e+03 2.976548723003713537e+00
1.844577941894531250e+03 3.117453994679101470e+03 2.994919607774347181e+00
1.844598815917968750e+03 3.114146028720052072e+03 2.979037479898603902e+00
1.844619628906250000e+03 3.117335518010734177e+03 2.980475469459168636e+00
1.844640441894531250e+03 3.114493040681089951e+03 2.998826910179918759e+00
1.844661315917968750e+03 3.114028744678153998e+03 2.993878158342779372e+00
1.844682128906250000e+03 3.113506789108058911e+03 2.990919357370726672e+00
1.844702941894531250e+03 3.112366166189547585e+03 2.980977466210158244e+00
1.844723815917968750e+03 3.115903684716811767e+03 2.989604263143789353e+00
1.844744628906250000e+03 3.114822002770948984e+03 2.985351562500000000e+00
1.844765441894531250e+03 3.114556105089397988e+03 2.979802808445834117e+00
1.844786315917968750e+03 3.115659892152004886e+03 2.979495228253528527e+00
1.844807128906250000e+03 3.112082011832814715e+03 2.986830734560307121e+00
1.844827941894531250e+03 3.116027264995942460e+03 2.980691124056024766e+00
1.844848815917968750e+03 3.115399153860042134e+03 2.984669615897955985e+00
1.844869628906250000e+03 3.110294287878502473e+03 2.981473620842925776e+00
1.844890441894531250e+03 3.115174912949104964e+03 2.979311497153379840e+00
1.844911315917968750e+03 3.112444564047529639e+03 2.986567306171416636e+00
1.844932128906250000e+03 3.113130242753786661e+03 2.990612282720968906e+00
1.844952941894531250e+03 3.113761292981758288e+03 2.977248866126587679e+00
1.844973815917968750e+03 3.112189329256784731e+03 2.977872625266979600e+00
1.844994628906250000e+03 3.114445393048422375e+03 2.987050240471211371e+00
1.845015441894531250e+03 3.117024455251618747e+03 2.989394834382049115e+00
1.845036315917968750e+03 3.114453586803827875e+03 2.983998539533078809e+00
1.845057128906250000e+03 3.113238914451375422e+03 2.983493854601402706e+00
1.845077941894531250e+03 3.113296654460677473e+03 2.988099814498138329e+00
1.845098815917968750e+03 3.113641469108463752e+03 2.980474669524347586e+00
1.845119628906250000e+03 3.113855464528106950e+03 2.982637868478166698e+00
1.845140441894531250e+03 3.113434384029967077e+03 2.979299813520823736e+00
1.845161315917968750e+03 3.113461255419705140e+03 2.990732501578182490e+00
1.845182128906250000e+03 3.112513088065801185e+03 2.984571200806834135e+00
1.845202941894531250e+03 3.113342712377241241e+03 2.986413549045960902e+00
1.845223815917968750e+03 3.116603746003003380e+03 2.977711373232441616e+00
1.845244628906250000e+03 3.115905899876215699e+03 2.979171450595527126e+00
1.845265441894531250e+03 3.113491722773005222e+03 2.978391230752819308e+00
1.845286315917968750e+03 3.113789258283160962e+03 2.984566887084121767e+00
1.845307128906250000e+03 3.114284908074962459e+03 2.978064130739443094e+00
1.845327941894531250e+03 3.110726605055554501e+03 2.979932264287839860e+00
1.845348815917968750e+03 3.112905199273758626e+03 2.987603483442838659e+00
1.845369628906250000e+03 3.115435990205142389e+03 2.976325078191113249e+00
1.845390441894531250e+03 3.112280979778511210e+03 2.991511574836435816e+00
1.845411315917968750e+03 3.114259383183747104e+03 2.980364756438529827e+00
1.845432128906250000e+03 3.113304247201807357e+03 3.007168946219343386e+00
1.845452941894531250e+03 3.114758931294984450e+03 2.998969377870793984e+00
1.845473815917968750e+03 3.111505555996345720e+03 2.979553001980963067e+00
1.845494628906250000e+03 3.112434954460131394e+03 2.979441614512617242e+00
1.845515441894531250e+03 3.111411535154885314e+03 2.987589438149080845e+00
1.845536315917968750e+03 3.109356282439483948e+03 2.982262307965337644e+00
1.845557128906250000e+03 3.112293666010312791e+03 2.980526024904301519e+00
1.845577941894531250e+03 3.110524781945428913e+03 2.976119201169999062e+00
1.845598815917968750e+03 3.113668270958536596e+03 2.983885719974570971e+00
1.845619628906250000e+03 3.111341121616356759e+03 2.981172131175219508e+00
1.845640441894531250e+03 3.112666399995412121e+03 2.991597010262907030e+00
1.845661315917968750e+03 3.114444524939781331e+03 2.981185726856462548e+00
1.845682128906250000e+03 3.111266683360215666e+03 2.981625553684233765e+00
1.845702941894531250e+03 3.112601875796324748e+03 2.977371706564824194e+00
1.845723815917968750e+03 3.109762136940430082e+03 2.984429164215204100e+00
1.845744628906250000e+03 3.109953791486660975e+03 2.980787587641755998e+00
1.845765441894531250e+03 3.110314964244545990e+03 2.983104015750476901e+00
1.845786315917968750e+03 3.116911981329476021e+03 2.994225029897232826e+00
1.845807128906250000e+03 3.111502129246744971e+03 2.976805989876933012e+00
1.845827941894531250e+03 3.112237247794020277e+03 2.981426280186141309e+00
1.845848815917968750e+03 3.107607498928690347e+03 2.997052493124771733e+00
1.845869628906250000e+03 3.110930701151110497e+03 2.983672693511202567e+00
1.845890441894531250e+03 3.112611906255819122e+03 2.979817370508547114e+00
1.845911315917968750e+03 3.112443621654536855e+03 2.977825707750496598e+00
1.845932128906250000e+03 3.110653564050372097e+03 2.981823374633750134e+00
1.845952941894531250e+03 3.110092273045700949e+03 2.989167046002322525e+00
1.845973815917968750e+03 3.108017940633199487e+03 2.976801825085936049e+00
1.845994628906250000e+03 3.108496407855979669e+03 2.980473549615237694e+00
1.846015441894531250e+03 3.111220452866373762e+03 2.986684814068747418e+00
1.846036315917968750e+03 3.108518424515434162e+03 2.984005730436821047e+00
1.846057128906250000e+03 3.111109284128676336e+03 2.979667265832828260e+00
1.846077941894531250e+03 3.108790263512690672e+03 2.977137392450646125e+00
1.846098815917968750e+03 3.112230728399888903e+03 2.981080958534244374e+00
1.846119628906250000e+03 3.107441409994010883e+03 2.978522028681640954e+00
1.846140441894531250e+03 3.107077143122495272e+03 2.979102305181674737e+00
1.846161315917968750e+03 3.109003049437122627e+03 2.976894410218448250e+00
1.846182128906250000e+03 3.108274283633339564e+03 2.979948585885992429e+00
1.846202941894531250e+03 3.112028916466369992e+03 2.982220096419982536e+00
1.846223815917968750e+03 3.110180408934238130e+03 2.992957113308590600e+00
1.846244628906250000e+03 3.110360117861906929e+03 2.987394393267365889e+00
1.846265441894531250e+03 3.106983160136204333e+03 2.976396050392404291e+00
1.846286315917968750e+03 3.109104459922667957e+03 2.984065813755245156e+00
1.846307128906250000e+03 3.111432418597713877e+03 2.981993838748413062e+00
1.846327941894531250e+03 3.110929481742811276e+03 2.978656022561958938e+00
1.846348815917968750e+03 3.108505378964194733e+03 2.988848464090541057e+00
1.846369628906250000e+03 3.107547330648095794e+03 2.989366282028256272e+00
1.846390441894531250e+03 3.107354698801672839e+03 2.978184215681457747e+00
1.846411315917968750e+03 3.109903546399348215e+03 2.981281694607629706e+00
1.846432128906250000e+03 3.107373192456057041e+03 2.987881822008293220e+00
1.846452941894531250e+03 3.108273768554701746e+03 2.985758355963368693e+00
1.846473815917968750e+03 3.109288725541127405e+03 2.979697991499211440e+00
1.846494628906250000e+03 3.111425665520373514e+03 2.983083715243076917e+00
1.846515441894531250e+03 3.108972619491242313e+03 3.007030672790361070e+00
1.846536315917968750e+03 3.107314920294160402e+03 2.978220400327968864e+00
1.846557128906250000e+03 3.110232799981303742e+03 2.979236913177410795e+00
1.846577941894531250e+03 3.107403021879056269e+03 2.983314205797420904e+00
1.846598815917968750e+03 3.104961894327675964e+03 2.987044174342772695e+00
1.846619628906250000e+03 3.105720056192119500e+03 2.981783075876659694e+00
1.846640441894531250e+03 3.107777227906233747e+03 2.978245216977394971e+00
1.846661315917968750e+03 3.109397049319324196e+03 2.980436752367559006e+00
1.846682128906250000e+03 3.109486364752720419e+03 2.980525064998772677e+00
1.846702941894531250e+03 3.106987116539247836e+03 2.980935876319795952e+00
1.846723815917968750e+03 3.105922894900210849e+03 2.986004130100631038e+00
1.846744628906250000e+03 3.106437464333031585e+03 2.991912430751630936e+00
1.846765441894531250e+03 3.105263280936134834e+03 2.980404434410096393e+00
1.846786315917968750e+03 3.108892892547925385e+03 2.978801215816458292e+00
1.846807128906250000e+03 3.101956548650648983e+03 2.979101824999578874e+00
1.846827941894531250e+03 3.103465724135363416e+03 2.982287890429320409e+00
1.846848815917968750e+03 3.103808941502406014e+03 2.982815479818607063e+00
1.846869628906250000e+03 3.106604067444032353e+03 2.979960747018653766e+00
1.846890441894531250e+03 3.104268388398954812e+03 2.976684567809520399e+00
1.846911315917968750e+03 3.104045404900162794e+03 2.978468717612194894e+00
1.846932128906250000e+03 3.103329538207065980e+03 2.978261227609218853e+00
1.846952941894531250e+03 3.104069580266330831e+03 2.983336262905735392e+00
1.846973815917968750e+03 3.109675236325793776e+03 2.987432062501834462e+00
1.846994628906250000e+03 3.103006132850663562e+03 2.978878531938560670e+00
1.847015441894531250e+03 3.103562540504252866e+03 2.978663226363273520e+00
1.847036315917968750e+03 3.103530736944434921e+03 2.989344428925194030e+00
1.847057128906250000e+03 3.107062166060169602e+03 2.992250446822797283e+00
1.847077941894531250e+03 3.104821346576190081e+03 2.984461758136432774e+00
1.847098815917968750e+03 3.103543045984508808e+03 2.978535956641672477e+00
1.847119628906250000e+03 3.104644721201101220e+03 2.978001044176481038e+00
1.847140441894531250e+03 3.105848894073419160e+03 2.976236320505824207e+00
1.847161315917968750e+03 3.104256747210908543e+03 2.977321097558802254e+00
1.847182128906250000e+03 3.104019434805136370e+03 2.980856214063485776e+00
1.847202941894531250e+03 3.105043383915174218e+03 2.994573772077758544e+00
1.847223815917968750e+03 3.105870360412452101e+03 2.977842040894718156e+00
1.847244628906250000e+03 3.101508213384541705e+03 2.978583983590566309e+00
1.847265441894531250e+03 3.101129651303790979e+03 2.974968270525304881e+00
1.847286315917968750e+03 3.101467728000257921e+03 2.979957066681111488e+00
1.847307128906250000e+03 3.103033343614655223e+03 2.986817643516275655e+00
1.847327941894531250e+03 3.100465093081367741e+03 2.980450831368154585e+00
1.847348815917968750e+03 3.100968571234770025e+03 2.978401156868045074e+00
1.847369628906250000e+03 3.102980349377860875e+03 2.997641112861263224e+00
1.847390441894531250e+03 3.104429607294226116e+03 2.980904043665529191e+00
1.847411315917968750e+03 3.103877280201937538e+03 2.976061040334337271e+00
1.847432128906250000e+03 3.103905283994258753e+03 2.988430922007458967e+00
1.847452941894531250e+03 3.103828492022971659e+03 2.983324275367099432e+00
1.847473815917968750e+03 3.101549494562360451e+03 2.983089629578391300e+00
1.847494628906250000e+03 3.099543714503038245e+03 2.987445310467160109e+00
1.847515441894531250e+03 3.102576985643083390e+03 2.979804568698954270e+00
1.847536315917968750e+03 3.103248795410428556e+03 2.979665505498596101e+00
1.847557128906250000e+03 3.101827800569468764e+03 2.991847086135320133e+00
1.847577941894531250e+03 3.103713255213108368e+03 2.980930277636395065e+00
1.847598815917968750e+03 3.102930316665236205e+03 2.994206715829202725e+00
1.847619628906250000e+03 3.105058667296400927e+03 2.990096753701555699e+00
1.847640441894531250e+03 3.101159972948909399e+03 2.986918858144077316e+00
1.847661315917968750e+03 3.099356759733143463e+03 2.985162281628295222e+00
1.847682128906250000e+03 3.101345309536928653e+03 2.989466612837892168e+00
1.847702941894531250e+03 3.102698337152086879e+03 2.976887041956965074e+00
1.847723815917968750e+03 3.097467790036594579e+03 2.976969693584157639e+00
1.847744628906250000e+03 3.101134409501790287e+03 2.979157845721935427e+00
1.847765441894531250e+03 3.102164651301852246e+03 2.978108002332952697e+00
1.847786315917968750e+03 3.098385659412723726e+03 2.993632393519908952e+00
1.847807128906250000e+03 3.099617973947934388e+03 2.982483908776924153e+00
1.847827941894531250e+03 3.102245542025118993e+03 2.976661500260617377e+00
1.847848815917968750e+03 3.102778055805559688e+03 2.982368473756527028e+00
1.847869628906250000e+03 3.098472487058494153e+03 2.990702367596998812e+00
1.847890441894531250e+03 3.103620706127021094e+03 2.978332313775085893e+00
1.847911315917968750e+03 3.097964063438031644e+03 2.976719809552951901e+00
1.847952941894531250e+03 3.101512394489763210e+03 2.981478258907383605e+00
1.847973815917968750e+03 3.102713317623411513e+03 2.985250773926294343e+00
1.847994628906250000e+03 3.103271244469775866e+03 2.978473840639289438e+00
1.848015441894531250e+03 3.102293929321609085e+03 2.978087027308658374e+00
1.848036315917968750e+03 3.100691220301272551e+03 2.983897865061103438e+00
1.848057128906250000e+03 3.100728295011890623e+03 2.978431415305498042e+00
1.848077941894531250e+03 3.100334525537472928e+03 2.989544450637733330e+00
1.848098815917968750e+03 3.102193585183336381e+03 2.983538445466827227e+00
1.848119628906250000e+03 3.098856898602361071e+03 2.975798901910923444e+00
1.848140441894531250e+03 3.101620835989878287e+03 2.987942944493883868e+00
1.848161315917968750e+03 3.100421426535261162e+03 2.977761815472738771e+00
1.848182128906250000e+03 3.103979722161973768e+03 2.991313756955915171e+00
1.848202941894531250e+03 3.102923740631610144e+03 2.976141632042576646e+00
1.848223815917968750e+03 3.104511136590641399e+03 3.003734171964969057e+00
1.848244628906250000e+03 3.103256878811392653e+03 2.989017889444693488e+00
1.848265441894531250e+03 3.102884431985783067e+03 2.992025107018293717e+00
1.848286315917968750e+03 3.102390576351864638e+03 2.983753718872053984e+00
1.848307128906250000e+03 3.103106852225040257e+03 2.980802304862949281e+00
1.848327941894531250e+03 3.104372883040988654e+03 2.976307134612605321e+00
1.848348815917968750e+03 3.103100509846414752e+03 2.976285185623943175e+00
1.848369628906250000e+03 3.104287883261756633e+03 2.978777364268176520e+00
1.848390441894531250e+03 3.101082569781257462e+03 2.992730074063414847e+00
1.848411315917968750e+03 3.101904395708270386e+03 2.977484772945131031e+00
1.848432128906250000e+03 3.106744691787942884e+03 2.986782361270434283e+00
1.848452941894531250e+03 3.102433117651627526e+03 2.988589361924207655e+00
1.848473815917968750e+03 3.102688381919010226e+03 2.979170810367574695e+00
1.848494628906250000e+03 3.102638671875000000e+03 2.980744555349895464e+00
1.848515441894531250e+03 3.102222881244617838e+03 2.986272398464277611e+00
1.848536315917968750e+03 3.103859612871436639e+03 2.983127672860390600e+00
1.848557128906250000e+03 3.102311881564418854e+03 2.978522028681640954e+00
1.848577941894531250e+03 3.102144596318894401e+03 2.981418603252046218e+00
1.848598815917968750e+03 3.103918635212264689e+03 2.978273395631841236e+00
1.848619628906250000e+03 3.102976426764225835e+03 2.986557726519447176e+00
1.848640441894531250e+03 3.102830469056222682e+03 2.980201559226852925e+00
1.848661315917968750e+03 3.103478578635569193e+03 2.978637932939630417e+00
1.848682128906250000e+03 3.104385809456447078e+03 2.991890596245923017e+00
1.848702941894531250e+03 3.105220841224629567e+03 2.982399651245374983e+00
1.848723815917968750e+03 3.104621522776837082e+03 2.999844864966718205e+00
1.848744628906250000e+03 3.103300824206453854e+03 2.987109145130434573e+00
1.848765441894531250e+03 3.105392326999389297e+03 2.977993198292216981e+00
1.848786315917968750e+03 3.108125764086435083e+03 2.985710923537827188e+00
1.848807128906250000e+03 3.106103567389038290e+03 2.986681301671456623e+00
1.848827941894531250e+03 3.103697763824480717e+03 2.978405159324503337e+00
1.848848815917968750e+03 3.104115439175861866e+03 2.977989195282077617e+00
1.848869628906250000e+03 3.107322691692075750e+03 2.976562660197256349e+00
1.848890441894531250e+03 3.107232802093541977e+03 2.980631132689470331e+00
1.848911315917968750e+03 3.106381766135124053e+03 2.975924686371050676e+00
1.848932128906250000e+03 3.106560762517428429e+03 2.976158455086065135e+00
1.848952941894531250e+03 3.104987206164528288e+03 2.981207159922150574e+00
1.848973815917968750e+03 3.107899601294963759e+03 2.981356067490038786e+00
1.848994628906250000e+03 3.108759767405940693e+03 2.980424913156489275e+00
1.849015441894531250e+03 3.109079565261782136e+03 2.978252421772367153e+00
1.849036315917968750e+03 3.106129756253239066e+03 2.988720351725854041e+00
1.849057128906250000e+03 3.105343083648444917e+03 2.981120626973339682e+00
1.849077941894531250e+03 3.107529522544693918e+03 2.978754312925942394e+00
1.849098815917968750e+03 3.109779023553868683e+03 2.981432517680537853e+00
1.849119628906250000e+03 3.106247592303181591e+03 2.976692417143036895e+00
1.849140441894531250e+03 3.108238064474701787e+03 2.982143826317282809e+00
1.849161315917968750e+03 3.108163088924503882e+03 2.982215139722049546e+00
1.849182128906250000e+03 3.106676853515319635e+03 2.977462832637675305e+00
1.849202941894531250e+03 3.107293356355138258e+03 2.978608156861862977e+00
1.849223815917968750e+03 3.109727369756014014e+03 2.978277398259995490e+00
1.849244628906250000e+03 3.109916093987425938e+03 2.984891357489519059e+00
1.849265441894531250e+03 3.108702349181568025e+03 2.977357933312943850e+00
1.849286315917968750e+03 3.111608056709674202e+03 2.986263935604289710e+00
1.849307128906250000e+03 3.107545020399682926e+03 2.982712207544856220e+00
1.849327941894531250e+03 3.110489995744952921e+03 2.980242679366477354e+00
1.849348815917968750e+03 3.111272326663588956e+03 2.994091095735563535e+00
1.849369628906250000e+03 3.111980832227187420e+03 2.978432375885779582e+00
1.849390441894531250e+03 3.108663740821382817e+03 2.976319791255115366e+00
1.849411315917968750e+03 3.115021818683150741e+03 2.996815899056349153e+00
1.849432128906250000e+03 3.108936330536231253e+03 2.990054174334321413e+00
1.849452941894531250e+03 3.111039460951844376e+03 2.995330036810458729e+00
1.849473815917968750e+03 3.111186436520239113e+03 2.986594448351798103e+00
1.849494628906250000e+03 3.110937660948113262e+03 2.983512713901797841e+00
1.849515441894531250e+03 3.110430303070167156e+03 2.976180565227173336e+00
1.849536315917968750e+03 3.110959165160238172e+03 2.980478349222746459e+00
1.849557128906250000e+03 3.109942423704975226e+03 2.984447538283199197e+00
1.849577941894531250e+03 3.113574481148792984e+03 2.986730634509525917e+00
1.849598815917968750e+03 3.110127060218803308e+03 2.981347270794240334e+00
1.849619628906250000e+03 3.110981642307011953e+03 2.991545207357082958e+00
1.849640441894531250e+03 3.110400864061497941e+03 2.981172131175219508e+00
1.849661315917968750e+03 3.111963164180056538e+03 2.985982252391443659e+00
1.849682128906250000e+03 3.114874009268233749e+03 2.995656684120563629e+00
1.849702941894531250e+03 3.111546278854410502e+03 2.978460552769550684e+00
1.849723815917968750e+03 3.109020018841694764e+03 2.982580953875911156e+00
1.849744628906250000e+03 3.109754661328038310e+03 2.980705201855126774e+00
1.849765441894531250e+03 3.110835016280268974e+03 2.988842720689898869e+00
1.849786315917968750e+03 3.111903021697523855e+03 2.990695192794821544e+00
1.849807128906250000e+03 3.111950213151028493e+03 2.987861234779952468e+00
1.849827941894531250e+03 3.109946878181434840e+03 2.995883183248047921e+00
1.849848815917968750e+03 3.108473157792129768e+03 2.983443988758229803e+00
1.849869628906250000e+03 3.115964484034565885e+03 2.976283102864786034e+00
1.849890441894531250e+03 3.113817044054345388e+03 2.984113911497346283e+00
1.849911315917968750e+03 3.110849638668989428e+03 2.977432724507353967e+00
1.849932128906250000e+03 3.114640143390499816e+03 2.987407960631120130e+00
1.849952941894531250e+03 3.112541100942853063e+03 2.980947073655051849e+00
1.849973815917968750e+03 3.110680485200194653e+03 2.992402151192324222e+00
1.849994628906250000e+03 3.112482502372193721e+03 2.982808286045429025e+00
1.850015441894531250e+03 3.109146528890471018e+03 2.979014110438289009e+00
1.850036315917968750e+03 3.109978878741732842e+03 2.979158806067991438e+00
1.850057128906250000e+03 3.111415833666678282e+03 2.987065086470421349e+00
1.850077941894531250e+03 3.109201006922489796e+03 2.981139821189855876e+00
1.850098815917968750e+03 3.111797738055969603e+03 2.987052634992203526e+00
1.850119628906250000e+03 3.110114210170415390e+03 2.980764551845314525e+00
1.850140441894531250e+03 3.110792766383768139e+03 2.999729462187127993e+00
1.850161315917968750e+03 3.108783996643443515e+03 2.978326069787946562e+00
1.850182128906250000e+03 3.114749833191334346e+03 2.988728967175410922e+00
1.850202941894531250e+03 3.113052180774994667e+03 2.982738745343552988e+00
1.850223815917968750e+03 3.110187369209976168e+03 3.008612350529199730e+00
1.850244628906250000e+03 3.112601638952332451e+03 2.986357664432468972e+00
1.850265441894531250e+03 3.107542741162981656e+03 2.977615130270141464e+00
1.850286315917968750e+03 3.110023109847601518e+03 2.983275685383843356e+00
1.850307128906250000e+03 3.109121046339798340e+03 3.006053380424964505e+00
1.850327941894531250e+03 3.109861643010374337e+03 2.978572297104293831e+00
1.850348815917968750e+03 3.109839794486070787e+03 2.980841337141155734e+00
1.850369628906250000e+03 3.111679695795417047e+03 2.978135381722542885e+00
1.850390441894531250e+03 3.111773817197593871e+03 2.982178523859519981e+00
1.850411315917968750e+03 3.109345770821480528e+03 2.983924072710983477e+00
1.850432128906250000e+03 3.112133020462748846e+03 2.984015637875814253e+00
1.850452941894531250e+03 3.113105749275234302e+03 2.984773459472279011e+00
1.850473815917968750e+03 3.111818200062169581e+03 2.983607008615637213e+00
1.850494628906250000e+03 3.110448706301448510e+03 2.980688884400036986e+00
1.850515441894531250e+03 3.110539412182019078e+03 2.981925558326429915e+00
1.850536315917968750e+03 3.112360157304573931e+03 2.980640571411182993e+00
1.850557128906250000e+03 3.110784111538602247e+03 2.981240268907320079e+00
1.850577941894531250e+03 3.112729488333388417e+03 2.982819156629309632e+00
1.850598815917968750e+03 3.110332252518407586e+03 2.991579795858334112e+00
1.850619628906250000e+03 3.111712757326860810e+03 2.982018304186596858e+00
1.850640441894531250e+03 3.109151720328432930e+03 2.981342952406804692e+00
1.850661315917968750e+03 3.112992441396860613e+03 2.978627847527270500e+00
1.850682128906250000e+03 3.110696224113852168e+03 2.978982897516991635e+00
1.850702941894531250e+03 3.111425948645987773e+03 2.976370737702128455e+00
1.850723815917968750e+03 3.109292649771746710e+03 2.992518633256231020e+00
1.850744628906250000e+03 3.109553809158332115e+03 2.990072673309932316e+00
1.850765441894531250e+03 3.112013354296689613e+03 2.981145579430712456e+00
1.850786315917968750e+03 3.109266701008861219e+03 2.983723674221748112e+00
1.850807128906250000e+03 3.111210100232984132e+03 2.984281848032878770e+00
1.850827941894531250e+03 3.113123885843075186e+03 2.978960808175070252e+00
1.850848815917968750e+03 3.109927660560603272e+03 2.985801635397908438e+00
1.850869628906250000e+03 3.109907488158662090e+03 2.978308138264924132e+00
1.850890441894531250e+03 3.110885765145967980e+03 2.984229758358325046e+00
1.850911315917968750e+03 3.112109347385166075e+03 2.978206951218653753e+00
1.850932128906250000e+03 3.111827602048000244e+03 2.978325429378268829e+00
1.850952941894531250e+03 3.111947673613256939e+03 2.979514913056564129e+00
1.850973815917968750e+03 3.109348363352166416e+03 2.985990236975415879e+00
1.850994628906250000e+03 3.111257767073450850e+03 2.998002022771172115e+00
1.851015441894531250e+03 3.112743788614369350e+03 2.996610475069195978e+00
1.851036315917968750e+03 3.111592079376300262e+03 2.985798281663411213e+00
1.851057128906250000e+03 3.109732312045116032e+03 2.983710729358946878e+00
1.851077941894531250e+03 3.111063653200537829e+03 2.977886716390382826e+00
1.851098815917968750e+03 3.107991511053936392e+03 2.990861962635690485e+00
1.851119628906250000e+03 3.110651519062721036e+03 2.983287513281590364e+00
1.851140441894531250e+03 3.110739147785836394e+03 2.996972622837681843e+00
1.851161315917968750e+03 3.111317537809792611e+03 2.983197044655074404e+00
1.851182128906250000e+03 3.110943483131352423e+03 2.990347433413377054e+00
1.851202941894531250e+03 3.110301227705921065e+03 2.978203749040817527e+00
1.851223815917968750e+03 3.108155100193207090e+03 2.986768312115345214e+00
1.851244628906250000e+03 3.110159388482904887e+03 2.983314685301509339e+00
1.851265441894531250e+03 3.112371658073234357e+03 2.986405086585964597e+00
1.851286315917968750e+03 3.113391861490854808e+03 2.981826093181087156e+00
1.851307128906250000e+03 3.111131197870485266e+03 2.983910968914816220e+00
1.851327941894531250e+03 3.113264905214522969e+03 2.983278562444368287e+00
1.851348815917968750e+03 3.114572595952645315e+03 2.979938344893678259e+00
1.851369628906250000e+03 3.112964546233367400e+03 2.982382703522637346e+00
1.851390441894531250e+03 3.109208344406043580e+03 2.985337666337874118e+00
1.851411315917968750e+03 3.114412682665887132e+03 2.984038808370843121e+00
1.851432128906250000e+03 3.110943906301422430e+03 2.978422930166221505e+00
1.851452941894531250e+03 3.111336882430518926e+03 2.980041553284409783e+00
1.851473815917968750e+03 3.111327296808010487e+03 2.984729366334373246e+00
1.851494628906250000e+03 3.110756728279504841e+03 2.981352388874953352e+00
1.851515441894531250e+03 3.113171193091999612e+03 2.978598551611989276e+00
1.851536315917968750e+03 3.115106535277984676e+03 2.981209239241219056e+00
1.851557128906250000e+03 3.112893889316352215e+03 2.991585693396981771e+00
1.851577941894531250e+03 3.109075058340965825e+03 2.980745995102047186e+00
1.851598815917968750e+03 3.109986537467870676e+03 2.990841077056011876e+00
1.851619628906250000e+03 3.113570421160581191e+03 2.987750795443593788e+00
1.851640441894531250e+03 3.111519596350237862e+03 2.993773037815846916e+00
1.851661315917968750e+03 3.109975563230958869e+03 2.980974906849044981e+00
1.851682128906250000e+03 3.111591689272521307e+03 2.977345281083557449e+00
1.851702941894531250e+03 3.110596987577389882e+03 2.993372271765248893e+00
1.851723815917968750e+03 3.111287109575569502e+03 2.982660250327596074e+00
1.851744628906250000e+03 3.112353284334187720e+03 2.985707569701436803e+00
1.851765441894531250e+03 3.108916133339178032e+03 2.980515945880830575e+00
1.851786315917968750e+03 3.111083274157165761e+03 2.977993678653072074e+00
1.851807128906250000e+03 3.109814762058862925e+03 2.981230192298584658e+00
1.851827941894531250e+03 3.112247017044536278e+03 2.977631624709184965e+00
1.851848815917968750e+03 3.111991383843278527e+03 2.988388318905003338e+00
1.851869628906250000e+03 3.109909622370512807e+03 2.979460019338393106e+00
1.851890441894531250e+03 3.111094359615322901e+03 2.980959710597178347e+00
1.851911315917968750e+03 3.113762420346734416e+03 2.987460792954598432e+00
1.851932128906250000e+03 3.110494298311582952e+03 2.992757957003703950e+00
1.851952941894531250e+03 3.111349554232015180e+03 2.989154762802335608e+00
1.851973815917968750e+03 3.109344040414331175e+03 2.979682148617048387e+00
1.851994628906250000e+03 3.110919541995655891e+03 2.979122152640607091e+00
1.852015441894531250e+03 3.110018803354125339e+03 2.979848094627177701e+00
1.852036315917968750e+03 3.108738216071944407e+03 2.979477463807441939e+00
1.852057128906250000e+03 3.110675952602406142e+03 2.982297004129099705e+00
1.852077941894531250e+03 3.111518647549579327e+03 2.982673679356636409e+00
1.852098815917968750e+03 3.111581455631166591e+03 2.980919560127410772e+00
1.852119628906250000e+03 3.111613876307277678e+03 2.980183798991102861e+00
1.852140441894531250e+03 3.111086342966784741e+03 2.977892160670203570e+00
1.852161315917968750e+03 3.113034877200779647e+03 2.992943252458851067e+00
1.852182128906250000e+03 3.110277202418532397e+03 2.985540671655942724e+00
1.852202941894531250e+03 3.109201669317944379e+03 2.977784233971930483e+00
1.852223815917968750e+03 3.110925576240207192e+03 2.980484428714495149e+00
1.852244628906250000e+03 3.109022508697874400e+03 2.981159175233045300e+00
1.852265441894531250e+03 3.110016968485751022e+03 2.985747975193906445e+00
1.852286315917968750e+03 3.111931680205412704e+03 2.995010199935433270e+00
1.852307128906250000e+03 3.110138608566888706e+03 2.980741515870847014e+00
1.852327941894531250e+03 3.109332294062302026e+03 2.986210283707513291e+00
1.852348815917968750e+03 3.110089265811338919e+03 2.978573577817355211e+00
1.852369628906250000e+03 3.109935303940594622e+03 2.983912407139158063e+00
1.852390441894531250e+03 3.107166921129034108e+03 2.978683396914270087e+00
1.852411315917968750e+03 3.107779357462125063e+03 2.987911665257988236e+00
1.852432128906250000e+03 3.112431576210835374e+03 2.992847180666960316e+00
1.852452941894531250e+03 3.111249474183364782e+03 2.979316778780456421e+00
1.852473815917968750e+03 3.108246255809153354e+03 2.980544743000321795e+00
1.852494628906250000e+03 3.109957465945713466e+03 2.986981596719850085e+00
1.852515441894531250e+03 3.108312154238833500e+03 2.980929157898453141e+00
1.852536315917968750e+03 3.105510893375344494e+03 2.988670094441781000e+00
1.852557128906250000e+03 3.105016881485120848e+03 2.978063650389951800e+00
1.852577941894531250e+03 3.107224057994991654e+03 2.980766951415749766e+00
1.852598815917968750e+03 3.106968679575203623e+03 2.979785685929413397e+00
1.852619628906250000e+03 3.105214486797750396e+03 2.980377235857497809e+00
1.852640441894531250e+03 3.109283092517429850e+03 2.980509546483158800e+00
1.852661315917968750e+03 3.110842178042086289e+03 2.980861013054850517e+00
1.852682128906250000e+03 3.106360108872121600e+03 2.980202839239754820e+00
1.852702941894531250e+03 3.107896244730909984e+03 2.981353828333570544e+00
1.852723815917968750e+03 3.106933468952117437e+03 2.979087899685118668e+00
1.852744628906250000e+03 3.106120635682337252e+03 2.981065442912442798e+00
1.852765441894531250e+03 3.106256266552858960e+03 2.981729823112266864e+00
1.852786254882812500e+03 3.106293228613879819e+03 2.985271858346791429e+00
1.852807067871093750e+03 3.107654075931327043e+03 2.988785924244885539e+00
1.852827941894531250e+03 3.109495341974961775e+03 2.981720867599009672e+00
1.852848754882812500e+03 3.107574869231696539e+03 2.988025609469684429e+00
1.852869567871093750e+03 3.106360713382962331e+03 2.981198362786966705e+00
1.852890441894531250e+03 3.107628535544429724e+03 2.978111204613739460e+00
1.852911254882812500e+03 3.108779755084219687e+03 2.988319705890221112e+00
1.852932067871093750e+03 3.103456049840907781e+03 3.001130050175094599e+00
1.852952941894531250e+03 3.105488918510574422e+03 2.982063556723003384e+00
1.852973754882812500e+03 3.105624793289504396e+03 2.981021454885849575e+00
1.852994567871093750e+03 3.104616448146440234e+03 2.985934983216986360e+00
1.853015441894531250e+03 3.106827162213454812e+03 2.980246519350551182e+00
1.853036254882812500e+03 3.105837078009374181e+03 2.981042889132617724e+00
1.853057067871093750e+03 3.105130849218334333e+03 2.977237654882441742e+00
1.853077941894531250e+03 3.108032275886480420e+03 2.979090460667375595e+00
1.853098754882812500e+03 3.108024351413819204e+03 2.991378953818643271e+00
1.853119567871093750e+03 3.104687795436549095e+03 2.988687804247838198e+00
1.853140441894531250e+03 3.105903071318777165e+03 2.991656144175889764e+00
1.853161254882812500e+03 3.101804936332586749e+03 2.978837553043037989e+00
1.853182067871093750e+03 3.105581654572250045e+03 2.982529154248927838e+00
1.853202941894531250e+03 3.103661610612728509e+03 2.979577487460962182e+00
1.853223754882812500e+03 3.103840347066191953e+03 2.980221719366200173e+00
1.853244567871093750e+03 3.107351731527030552e+03 2.979526595845649162e+00
1.853265441894531250e+03 3.104571660106053514e+03 2.984411429137936445e+00
1.853286254882812500e+03 3.104834073557793090e+03 2.982466162132298315e+00
1.853327941894531250e+03 3.105945854560779935e+03 2.992041522018439981e+00
1.853348754882812500e+03 3.102543084648168588e+03 2.988554260149367536e+00
1.853369567871093750e+03 3.105979828201956025e+03 2.979023394218444309e+00
1.853390441894531250e+03 3.104939223525629586e+03 2.989147265239873619e+00
1.853411254882812500e+03 3.101715402812267712e+03 2.983950599731943321e+00
1.853432067871093750e+03 3.104407591636572761e+03 2.978424371040632845e+00
1.853452941894531250e+03 3.099748633322436035e+03 2.985340381684983502e+00
1.853473754882812500e+03 3.101614561513375975e+03 2.985840123224128284e+00
1.853494567871093750e+03 3.102265178237454620e+03 2.981776519281332583e+00
1.853515441894531250e+03 3.102967250061570212e+03 2.988807143267768307e+00
1.853536254882812500e+03 3.102799008143810624e+03 2.980212279317928648e+00
1.853557067871093750e+03 3.103194407611110819e+03 2.979380317620824670e+00
1.853577941894531250e+03 3.102731156070678026e+03 2.976937498165011409e+00
1.853598754882812500e+03 3.101576830969172079e+03 2.988149921797626174e+00
1.853619567871093750e+03 3.102919717217426296e+03 2.982325144500024283e+00
1.853640441894531250e+03 3.102436401534426295e+03 2.980532584250473960e+00
1.853661254882812500e+03 3.100731637135904293e+03 2.981322959790866367e+00
1.853682067871093750e+03 3.101359124904146029e+03 2.985230168553293151e+00
1.853702941894531250e+03 3.106414503970077476e+03 2.982096496299981858e+00
1.853723754882812500e+03 3.101768194424191279e+03 2.980124757446622308e+00
1.853744567871093750e+03 3.098968435064258301e+03 2.978680355331992047e+00
1.853765441894531250e+03 3.101198359513958621e+03 2.979330703025141247e+00
1.853786254882812500e+03 3.104352892863325906e+03 2.979299493420656919e+00
1.853807067871093750e+03 3.101597976598063269e+03 2.980724398746751103e+00
1.853827941894531250e+03 3.100272882936272708e+03 2.986348563124960442e+00
1.853848754882812500e+03 3.099315105752739782e+03 2.975685611228537919e+00
1.853869567871093750e+03 3.101874348786807332e+03 2.989846052971823376e+00
1.853890441894531250e+03 3.102854536715014092e+03 2.990749880297010499e+00
1.853911254882812500e+03 3.100513959514009457e+03 2.981679607922648412e+00
1.853932067871093750e+03 3.101244196779343838e+03 2.983668058857958716e+00
1.853952941894531250e+03 3.099786744041827205e+03 2.980903563773668274e+00
1.853973754882812500e+03 3.099371835382789413e+03 2.978347363331315112e+00
1.853994567871093750e+03 3.099962452302022939e+03 2.979859616089993501e+00
1.854015441894531250e+03 3.102603959867399681e+03 2.978600792839730005e+00
1.854036254882812500e+03 3.099895010265425753e+03 2.985700542603450636e+00
1.854057067871093750e+03 3.096810582390335640e+03 2.980392275087848208e+00
1.854077941894531250e+03 3.100737343951498588e+03 2.975739933607407739e+00
1.854098754882812500e+03 3.097156312907308347e+03 2.978701646342715836e+00
1.854119567871093750e+03 3.100666091763387158e+03 2.986639791208782757e+00
1.854140441894531250e+03 3.096833754752809455e+03 2.982080666160341398e+00
1.854161254882812500e+03 3.102026027005490505e+03 2.984055746687856558e+00
1.854182067871093750e+03 3.098318943874992783e+03 2.979227470008659839e+00
1.854202941894531250e+03 3.097665048540226053e+03 2.986401733529144398e+00
1.854223754882812500e+03 3.099028918893115588e+03 2.980777189561238050e+00
1.854244567871093750e+03 3.101950524590720761e+03 2.982947522439987509e+00
1.854265441894531250e+03 3.097672817658256008e+03 2.976709557452441590e+00
1.854286254882812500e+03 3.100194931140576955e+03 2.976955598120118118e+00
1.854307067871093750e+03 3.100288503271108766e+03 2.986996602697902237e+00
1.854327941894531250e+03 3.098423553024223111e+03 2.997286523084645715e+00
1.854348754882812500e+03 3.097425589453716839e+03 2.995791184964929244e+00
1.854369567871093750e+03 3.100042202743464259e+03 2.980635452108200578e+00
1.854390441894531250e+03 3.101122722506078844e+03 2.978185336451443010e+00
1.854411254882812500e+03 3.098495360931726282e+03 2.985086885398632095e+00
1.854432067871093750e+03 3.100788886412504326e+03 2.978580301551893683e+00
1.854452941894531250e+03 3.102108104285136505e+03 2.981743576169540333e+00
1.854473754882812500e+03 3.098776513129493651e+03 2.980365556402851723e+00
1.854494567871093750e+03 3.100729174263719869e+03 2.977411584574346293e+00
1.854515441894531250e+03 3.100166718243396645e+03 2.981828971640271941e+00
1.854536254882812500e+03 3.098551938880593752e+03 2.978910386237457519e+00
1.854557067871093750e+03 3.099373182772795644e+03 2.980432112682338097e+00
1.854577941894531250e+03 3.098660307187854869e+03 2.991892508763739134e+00
1.854598754882812500e+03 3.101203649013475570e+03 2.986669966179296587e+00
1.854619567871093750e+03 3.100428285861160475e+03 2.986323175120570550e+00
1.854640441894531250e+03 3.100072892132301149e+03 2.980286998881672478e+00
1.854661254882812500e+03 3.099652615990899449e+03 2.978602713890737164e+00
1.854682067871093750e+03 3.099127988963587541e+03 2.977185922451888622e+00
1.854702941894531250e+03 3.100490573950293765e+03 2.983554907159109426e+00
1.854723754882812500e+03 3.096665071668014207e+03 2.979362552489583482e+00
1.854744567871093750e+03 3.098335272231794079e+03 2.978781526297068272e+00
1.854765441894531250e+03 3.096763620028319110e+03 2.986723130861781872e+00
1.854786254882812500e+03 3.098682950782548687e+03 2.980800705168513254e+00
1.854807067871093750e+03 3.101559587340879716e+03 2.990477389496506877e+00
1.854827941894531250e+03 3.100860540194391888e+03 2.982678475423783837e+00
1.854848754882812500e+03 3.101694196661712795e+03 2.992369643760593778e+00
1.856411254882812500e+03 3.094376063907780463e+03 2.997357635298843803e+00
1.856432067871093750e+03 3.094342625472386317e+03 3.007188132740989950e+00
1.856452941894531250e+03 3.097016914943259053e+03 3.007000702137638370e+00
1.856473754882812500e+03 3.093569688207256604e+03 3.004101810116773574e+00
1.856494567871093750e+03 3.092252280143778535e+03 3.012760679750741133e+00
1.856515380859375000e+03 3.094559363056694110e+03 3.010692614587422433e+00
1.856536193847656250e+03 3.096707459644380833e+03 3.006708432969700695e+00
1.856557067871093750e+03 3.097766317356295986e+03 3.007370636425850563e+00
1.856577880859375000e+03 3.096893529213420607e+03 3.039220026243562689e+00
1.856598693847656250e+03 3.097264611008953125e+03 3.019369853889250610e+00
1.856619567871093750e+03 3.097233870187666071e+03 3.019184758883822983e+00
1.856640380859375000e+03 3.097588419105650246e+03 3.015313325103605724e+00
1.856661193847656250e+03 3.098798450977327320e+03 3.017516180593980746e+00
1.856682067871093750e+03 3.099931611603263718e+03 3.024134829043407358e+00
1.856702880859375000e+03 3.100402106905235541e+03 3.029819898383101062e+00
1.856723693847656250e+03 3.101549404186005177e+03 3.020416090639781892e+00
1.856744567871093750e+03 3.101688322808196517e+03 3.033398682725265250e+00
1.856765380859375000e+03 3.099643617958075538e+03 3.026626836735922588e+00
1.856786193847656250e+03 3.103773228270234540e+03 3.028452575413040471e+00
1.856807067871093750e+03 3.102624250917595873e+03 3.032378153920051833e+00
1.856827880859375000e+03 3.105024619612011520e+03 3.040844235646789517e+00
1.856848693847656250e+03 3.101269760174649946e+03 3.037851283478542275e+00
1.856869567871093750e+03 3.104782014684167279e+03 3.039529563492711084e+00
1.856890380859375000e+03 3.099047007570076403e+03 3.048945735639936316e+00
1.856911193847656250e+03 3.109079553260612556e+03 3.046435671702071080e+00
1.856932067871093750e+03 3.104189709892987594e+03 3.052210747638184785e+00
1.856952880859375000e+03 3.106083229882949581e+03 3.055019350880273876e+00
1.856973693847656250e+03 3.109333464526406260e+03 3.053310698657144329e+00
1.856994567871093750e+03 3.107951542126071217e+03 3.075744637990124097e+00
1.857015380859375000e+03 3.107063745625853244e+03 3.060363491384945789e+00
1.857036193847656250e+03 3.108965666305153718e+03 3.059998716964951182e+00
1.857057067871093750e+03 3.110069958075444447e+03 3.065845297267914216e+00
1.857077880859375000e+03 3.112481837765190448e+03 3.073853292882096966e+00
1.857098693847656250e+03 3.107666588636725010e+03 3.066142504581030881e+00
1.857119567871093750e+03 3.108083115534772787e+03 3.080811078919267310e+00
1.857140380859375000e+03 3.107469557744560461e+03 3.069154477315770624e+00
1.857161193847656250e+03 3.109624851278047117e+03 3.077563704227202379e+00
1.857182067871093750e+03 3.109956413807585250e+03 3.067970217205849615e+00
1.857202880859375000e+03 3.110705451060028736e+03 3.070353811049210790e+00
1.857223693847656250e+03 3.111671273314145765e+03 3.067295601524069770e+00
1.857244567871093750e+03 3.109982538947936973e+03 3.070103917304643382e+00
1.857265380859375000e+03 3.111419950229179904e+03 3.072692414630328273e+00
1.857286193847656250e+03 3.112075489345486403e+03 3.076702893155109919e+00
1.857307067871093750e+03 3.109169497407829112e+03 3.070198969404256406e+00
1.857327880859375000e+03 3.109692075542789553e+03 3.075824478151825581e+00
1.857348693847656250e+03 3.110103702003562375e+03 3.077171061682935971e+00
1.857369567871093750e+03 3.110684612949998154e+03 3.081856262112934175e+00
1.857390380859375000e+03 3.110096450291709971e+03 3.081352284805515485e+00
1.857411193847656250e+03 3.109555803212652336e+03 3.076683985150639788e+00
1.857432067871093750e+03 3.108625309705669679e+03 3.073062199309144038e+00
1.857452880859375000e+03 3.109649110885439313e+03 3.075410372015225491e+00
1.857473693847656250e+03 3.107548450366279667e+03 3.075058702358252294e+00
1.857494567871093750e+03 3.111093936665996353e+03 3.090653227859432750e+00
1.857515380859375000e+03 3.111197809127368600e+03 3.070408322146986446e+00
1.857536193847656250e+03 3.108544005660068706e+03 3.073504392810348929e+00
1.857557067871093750e+03 3.114417760719067246e+03 3.087279826974144381e+00
1.857577880859375000e+03 3.112923659016686088e+03 3.069911785038768937e+00
1.857598693847656250e+03 3.109227995424922938e+03 3.073632074043169293e+00
1.857619567871093750e+03 3.112468259930313707e+03 3.076731719889122196e+00
1.857640380859375000e+03 3.113422873334449832e+03 3.075510066457965319e+00
1.857661193847656250e+03 3.109016061080541931e+03 3.070963317383701430e+00
1.857682067871093750e+03 3.111086369715934779e+03 3.076715756731077445e+00
1.857702880859375000e+03 3.110239279532875571e+03 3.077405041764353033e+00
1.857723693847656250e+03 3.109374032852009805e+03 3.065555371846022226e+00
1.857744567871093750e+03 3.108704837208172194e+03 3.071011606853466525e+00
1.857765380859375000e+03 3.111567691213574562e+03 3.069691369513381840e+00
1.857786193847656250e+03 3.111713580727021963e+03 3.064074053394842512e+00
1.857807067871093750e+03 3.113059788309684336e+03 3.062053881479471329e+00
1.857827880859375000e+03 3.107599423091290191e+03 3.064478176931140663e+00
1.857848693847656250e+03 3.112435712771163708e+03 3.070924809480987783e+00
1.857869567871093750e+03 3.108209043524342178e+03 3.057920652259495053e+00
1.857890380859375000e+03 3.112027089734566744e+03 3.063901463799155067e+00
1.857911193847656250e+03 3.111996899382547326e+03 3.052993343642144808e+00
1.857932067871093750e+03 3.110642282586730744e+03 3.052274487512409262e+00
1.857952880859375000e+03 3.112021833179044279e+03 3.054603048654779496e+00
1.857973693847656250e+03 3.110696958726588036e+03 3.058922059427048090e+00
1.857994567871093750e+03 3.111671545773495836e+03 3.047756595714892658e+00
1.858015380859375000e+03 3.110152361173730696e+03 3.049060057591887585e+00
1.858036193847656250e+03 3.110562360234343032e+03 3.067412348632072572e+00
1.858057067871093750e+03 3.109073363354070807e+03 3.045060150354160555e+00
1.858077880859375000e+03 3.109608287896414822e+03 3.047758629630920257e+00
1.858098693847656250e+03 3.109566769920287243e+03 3.036666906575243186e+00
1.858119567871093750e+03 3.112164102070371428e+03 3.043963953915088005e+00
1.858140380859375000e+03 3.112894380640960208e+03 3.049271174416829933e+00
1.858161193847656250e+03 3.110280313380187636e+03 3.048460249666842703e+00
1.858182067871093750e+03 3.109783331424254357e+03 3.053946090442271721e+00
1.858202880859375000e+03 3.111168991840610488e+03 3.037318496618743424e+00
1.858223693847656250e+03 3.108512499839612246e+03 3.034455953789054306e+00
1.858244567871093750e+03 3.109504214956395117e+03 3.037735283926564112e+00
1.858265380859375000e+03 3.109689190456320375e+03 3.029804632353296334e+00
1.858286193847656250e+03 3.109685167667123096e+03 3.034776975679474464e+00
1.858307067871093750e+03 3.109248032579328083e+03 3.046024301563487580e+00
1.858327880859375000e+03 3.109551802711071105e+03 3.042392191297253579e+00
1.858348693847656250e+03 3.112333088940906691e+03 3.023999854335075010e+00
1.858369567871093750e+03 3.109372402529066676e+03 3.022614911768648049e+00
1.858390380859375000e+03 3.111500314106547648e+03 3.025698897907850515e+00
1.858411193847656250e+03 3.111235580954396937e+03 3.023985820403990221e+00
1.858432067871093750e+03 3.110875520581543697e+03 3.020455558218793524e+00
1.858452880859375000e+03 3.110363168001972099e+03 3.022583518061531915e+00
1.858473693847656250e+03 3.114924569781676837e+03 3.021116800272083402e+00
1.858494567871093750e+03 3.111108255650867704e+03 3.020880512439141352e+00
1.858515380859375000e+03 3.113725084855914247e+03 3.014721829058860880e+00
1.858536193847656250e+03 3.109143321069201647e+03 3.013919802818220806e+00
1.858557067871093750e+03 3.109208070758249960e+03 3.013628204681972456e+00
1.858577880859375000e+03 3.111623253207205835e+03 3.012256381365981728e+00
1.858598693847656250e+03 3.110619773808028185e+03 3.014837448773863393e+00
1.858619567871093750e+03 3.111279857743612411e+03 3.011004609417688993e+00
1.858640380859375000e+03 3.109970287497149911e+03 3.011682017853172244e+00
1.858661193847656250e+03 3.108529116315734882e+03 3.020055964627142764e+00
1.858682067871093750e+03 3.108839965781185128e+03 3.008287268485821730e+00
1.858702880859375000e+03 3.110831311537152942e+03 3.020280791864647707e+00
1.858723693847656250e+03 3.111051414418805507e+03 3.022852956957987391e+00
1.858744567871093750e+03 3.112175124533940107e+03 3.015126874035041205e+00
1.858765380859375000e+03 3.110057202369322567e+03 3.018276017850932469e+00
1.858786193847656250e+03 3.110294680943050480e+03 3.005859057728216044e+00
1.858807067871093750e+03 3.108707117229372670e+03 3.003608758330571504e+00
1.858827880859375000e+03 3.111195337637463581e+03 3.009145783026448751e+00
1.858848693847656250e+03 3.109235052703076235e+03 3.008176152428259087e+00
1.858869567871093750e+03 3.111047469654157339e+03 3.007469098193182422e+00
1.858890380859375000e+03 3.111780051329581511e+03 2.999259062503809581e+00
1.858911193847656250e+03 3.110266982910564820e+03 3.009101096232666084e+00
1.858932067871093750e+03 3.112426026278304107e+03 3.001836850179845584e+00
1.858952880859375000e+03 3.109945637426773374e+03 3.003446982883450023e+00
1.858973693847656250e+03 3.111326786864990027e+03 3.006614862772488905e+00
1.858994567871093750e+03 3.110817733015252543e+03 3.003988475691103943e+00
1.859015380859375000e+03 3.112173893815225256e+03 2.996468850022111052e+00
1.859036193847656250e+03 3.109444137306685207e+03 2.995942073399538774e+00
1.859057067871093750e+03 3.110910379950698371e+03 3.000263520428930963e+00
1.859077880859375000e+03 3.108777159291189946e+03 2.994171679908667283e+00
1.859098693847656250e+03 3.109954826977648736e+03 3.001531527913961828e+00
1.859119567871093750e+03 3.113331764455484972e+03 2.994541606691097702e+00
1.859140380859375000e+03 3.109376561687516187e+03 3.003585738803578487e+00
1.859161193847656250e+03 3.109046156804719885e+03 3.006495437595769982e+00
1.859182067871093750e+03 3.108931601601851071e+03 2.996881771776108483e+00
1.859202880859375000e+03 3.112174369492417100e+03 2.993503370857538926e+00
1.859223693847656250e+03 3.109912613897476604e+03 2.996755912252385912e+00
1.859244567871093750e+03 3.111116438038247452e+03 3.004689683680303869e+00
1.859265380859375000e+03 3.109976939417915673e+03 2.996342654874425637e+00
1.859286193847656250e+03 3.109925621833826881e+03 2.989055697746931806e+00
1.859307067871093750e+03 3.108684751208135822e+03 2.993799636843448742e+00
1.859327880859375000e+03 3.107466064384739639e+03 2.991998970327353291e+00
1.859348693847656250e+03 3.108726950444448903e+03 2.991241704002318702e+00
1.859369567871093750e+03 3.109038430764986970e+03 2.994185853580443535e+00
1.859390380859375000e+03 3.106778331234440429e+03 2.987391999020307054e+00
1.859411193847656250e+03 3.108846723004579871e+03 2.994388418277047492e+00
1.859432067871093750e+03 3.104471122210428348e+03 2.992546518166612213e+00
1.859452880859375000e+03 3.110585245703275632e+03 2.990812379075058924e+00
1.859473693847656250e+03 3.108379639712592507e+03 2.986055550070680020e+00
1.859494567871093750e+03 3.108085469878381900e+03 2.992859289387694854e+00
1.859515380859375000e+03 3.106128335301049447e+03 2.992188456164174948e+00
1.859536193847656250e+03 3.105736289198384384e+03 2.999764274237022299e+00
1.859557067871093750e+03 3.107515557629474188e+03 2.991292077488702628e+00
1.859577880859375000e+03 3.108287098774673723e+03 3.006493851572129117e+00
1.859598693847656250e+03 3.106757056926506721e+03 2.988466503908469463e+00
1.859619506835937500e+03 3.106043191320688493e+03 2.992621885795593517e+00
1.859640319824218750e+03 3.106381449641622567e+03 2.992757160351872336e+00
1.859661193847656250e+03 3.109534873386781783e+03 2.985195346746967182e+00
1.859682006835937500e+03 3.108298099832864409e+03 2.988873192495029585e+00
1.859702819824218750e+03 3.108722195394647770e+03 2.985521505732934511e+00
1.859723693847656250e+03 3.107127994188952016e+03 2.998145165835838011e+00
1.859744506835937500e+03 3.108677398062323391e+03 2.986752826038280517e+00
1.859765319824218750e+03 3.101525347575157866e+03 2.991441439453754736e+00
1.859786193847656250e+03 3.110989690320602676e+03 2.996926004335753735e+00
1.859807006835937500e+03 3.106531836787790326e+03 2.994561511055275016e+00
1.859827819824218750e+03 3.106289109920758619e+03 2.987649449397119295e+00
1.859848693847656250e+03 3.104490311712015682e+03 2.988873671107291852e+00
1.859869506835937500e+03 3.105521137163726962e+03 2.990196422134227650e+00
1.859890319824218750e+03 3.105216512030832291e+03 2.988398052251602710e+00
1.859911193847656250e+03 3.105157847837941063e+03 2.999082742972313476e+00
1.859932006835937500e+03 3.106986730451086714e+03 2.996250193265256989e+00
1.859952819824218750e+03 3.106011809831507435e+03 3.002698955820764404e+00
1.859973693847656250e+03 3.105853475999444527e+03 2.996620340834329266e+00
1.859994506835937500e+03 3.106917077637258899e+03 2.987725259755857010e+00
1.860015319824218750e+03 3.103668439748979381e+03 2.995889708970513876e+00
1.860036193847656250e+03 3.106450794533971475e+03 2.999595614835283364e+00
1.860057006835937500e+03 3.103830108571742130e+03 2.983649679989732295e+00
1.860077819824218750e+03 3.102879839795515636e+03 2.981646343891901640e+00
1.860098693847656250e+03 3.105710480556558196e+03 2.983181060513613758e+00
1.860119506835937500e+03 3.105941191909234931e+03 2.988040450622799771e+00
1.860140319824218750e+03 3.106556274195419064e+03 2.980756713235096278e+00
1.860161193847656250e+03 3.102230922309218386e+03 2.984797263105697596e+00
1.860182006835937500e+03 3.107164611224529381e+03 2.986982394912070404e+00
1.860202819824218750e+03 3.102431341504555803e+03 2.994934733193915122e+00
1.860223693847656250e+03 3.100944122230785069e+03 2.980238039379120796e+00
1.860244506835937500e+03 3.106634719113718802e+03 2.981121106830258771e+00
1.860265319824218750e+03 3.103534099686616173e+03 2.986728399382382104e+00
1.860286193847656250e+03 3.104152961469892034e+03 2.982750255640658654e+00
1.860307006835937500e+03 3.102808116721044826e+03 2.981347590674542136e+00
1.860327819824218750e+03 3.105486317656797382e+03 2.981677848776469908e+00
1.860348693847656250e+03 3.105584252461906999e+03 2.988514849938139761e+00
1.860369506835937500e+03 3.101762433257126304e+03 2.982946563313691346e+00
1.860390319824218750e+03 3.101452868683530596e+03 2.981659937410844119e+00
1.860411193847656250e+03 3.101432382520233659e+03 2.988035503579951957e+00
1.860432006835937500e+03 3.104803588719473282e+03 2.982148943030916044e+00
1.860452819824218750e+03 3.101564753778756767e+03 2.982670002366600848e+00
1.860473693847656250e+03 3.105528926408965617e+03 2.989813039286519647e+00
1.860494506835937500e+03 3.103583390367525681e+03 2.984429803315120200e+00
1.860515319824218750e+03 3.104070617250861687e+03 2.983203598128318035e+00
1.860536193847656250e+03 3.102252365361000102e+03 2.978545882274594270e+00
1.860557006835937500e+03 3.102413126647218633e+03 2.979749040213179878e+00
1.860577819824218750e+03 3.106376160890217307e+03 2.980543303150955392e+00
1.860598693847656250e+03 3.102693899493606295e+03 2.982245199570096705e+00
1.860619506835937500e+03 3.103597045525661088e+03 2.982829867312915439e+00
1.860640319824218750e+03 3.103637589128292348e+03 2.980064914687590161e+00
1.860661193847656250e+03 3.100085912265519255e+03 2.980059314367899947e+00
1.860682006835937500e+03 3.103123705440020331e+03 2.981590689779842318e+00
1.860702819824218750e+03 3.103066603959948225e+03 3.000921425776843510e+00
1.860723693847656250e+03 3.104512585148639118e+03 2.979875298009467155e+00
1.860744506835937500e+03 3.103964425175035103e+03 2.982473676490210224e+00
1.860765319824218750e+03 3.101877459802710291e+03 2.977765338390931937e+00
1.860786193847656250e+03 3.104443461420847598e+03 2.985488444226564120e+00
1.860807006835937500e+03 3.105005619876860692e+03 2.984940719910429863e+00
1.860827819824218750e+03 3.106625163125781910e+03 2.979894180211160926e+00
1.860848693847656250e+03 3.103081028075622726e+03 2.979033478291694959e+00
1.860869506835937500e+03 3.104399047556931237e+03 2.999063186605680276e+00
1.860890319824218750e+03 3.105424770472488490e+03 2.989568694784410230e+00
1.860911193847656250e+03 3.102868779212913978e+03 2.981874706785610840e+00
1.860932006835937500e+03 3.103584448874089958e+03 2.980580739008431568e+00
1.860952819824218750e+03 3.103898609577885964e+03 2.980126357503898316e+00
1.860973693847656250e+03 3.106991300634509116e+03 2.984959570069372070e+00
1.860994506835937500e+03 3.104219125492797502e+03 2.991885974322820108e+00
1.861015319824218750e+03 3.105067472864905540e+03 2.985780235313112652e+00
1.861036193847656250e+03 3.107804851942387813e+03 2.982720360749100852e+00
1.861057006835937500e+03 3.106649148807610800e+03 2.984876820180831558e+00
1.861077819824218750e+03 3.109082733954028299e+03 2.985229529624724876e+00
1.861098693847656250e+03 3.106616274698469169e+03 2.986175473330315189e+00
1.861119506835937500e+03 3.107041326380423925e+03 2.979723275924532011e+00
1.861140319824218750e+03 3.108491727039576290e+03 2.980172918794398829e+00
1.861161193847656250e+03 3.103659843987846671e+03 2.998744224933948210e+00
1.861182006835937500e+03 3.108362528457928420e+03 2.988019545321391579e+00
1.861202819824218750e+03 3.106821447525308486e+03 2.986939132586217127e+00
1.861223693847656250e+03 3.107912248430959608e+03 2.986345050332187334e+00
1.861244506835937500e+03 3.105917793601711310e+03 2.978369297122830606e+00
1.861265319824218750e+03 3.109462042461233523e+03 2.982135511638904557e+00
1.861286193847656250e+03 3.109908000649767018e+03 2.977607923933141443e+00
1.861307006835937500e+03 3.108630898934125071e+03 3.004514158964956216e+00
1.861327819824218750e+03 3.107175214348589634e+03 2.979079896601377175e+00
1.861348693847656250e+03 3.109027814325905638e+03 2.977565326118181144e+00
1.861369506835937500e+03 3.108174035165116493e+03 2.987054390973044704e+00
1.861390319824218750e+03 3.106402212861416501e+03 2.980878609290421366e+00
1.861411193847656250e+03 3.106343212275998667e+03 2.980036912983894837e+00
1.861432006835937500e+03 3.110482707014659354e+03 2.980024592150913421e+00
1.861452819824218750e+03 3.108094595928042509e+03 2.980315158231225059e+00
1.861473693847656250e+03 3.109862099855386987e+03 2.977026395117544411e+00
1.861494506835937500e+03 3.111412973215851707e+03 2.991615021524614448e+00
1.861515319824218750e+03 3.110825461842837285e+03 2.980447951577988697e+00
1.861536193847656250e+03 3.107122028612479426e+03 2.998404714495556345e+00
1.861557006835937500e+03 3.107707743514151389e+03 2.990843468541995342e+00
1.861577819824218750e+03 3.108491390727482667e+03 2.987866182111339253e+00
1.861598693847656250e+03 3.111070028831467880e+03 2.985695112561860487e+00
1.861619506835937500e+03 3.109574822921654231e+03 2.992350521576964795e+00
1.861640319824218750e+03 3.111465256137478718e+03 2.982060358686443813e+00
1.861661193847656250e+03 3.111204140799824017e+03 2.980791746863807212e+00
1.861682006835937500e+03 3.112469009078996805e+03 2.979119591685594148e+00
1.861702819824218750e+03 3.110489235121484853e+03 2.986042455628179049e+00
1.861723693847656250e+03 3.108629431159772594e+03 2.981060324339082079e+00
1.861744506835937500e+03 3.108171862584455539e+03 2.979197059600804831e+00
1.861765319824218750e+03 3.109418493118525475e+03 2.986461928309678715e+00
1.861786193847656250e+03 3.107897855356691252e+03 2.981414604841043037e+00
1.861807006835937500e+03 3.111663988593801150e+03 2.985897295095789605e+00
1.861827819824218750e+03 3.112380994509530865e+03 2.982849050530709256e+00
1.861848632812500000e+03 3.109510781140530980e+03 2.981351109355598883e+00
1.861869445800781250e+03 3.109921910937585835e+03 2.979013630241976518e+00
1.861890319824218750e+03 3.111747593254171534e+03 2.983460610798561063e+00
1.861911132812500000e+03 3.109828526940503252e+03 2.979779925060646928e+00
1.861931945800781250e+03 3.108306208301072274e+03 2.977892000544468676e+00
1.861973632812500000e+03 3.112567835817411833e+03 2.979650302568766840e+00
1.861994445800781250e+03 3.110695675205854968e+03 2.983357360856745188e+00
1.862015319824218750e+03 3.108721068409302461e+03 2.983047909287003474e+00
1.862036132812500000e+03 3.112892799539338739e+03 3.000677032369177155e+00
1.862056945800781250e+03 3.109214664874752089e+03 2.986296190149720253e+00
1.862077819824218750e+03 3.107627555314709298e+03 2.978345922419649128e+00
1.862098632812500000e+03 3.109300933833150339e+03 2.984911965201392903e+00
1.862119445800781250e+03 3.108637390177728321e+03 2.979520514399513154e+00
1.862140319824218750e+03 3.108530574292410165e+03 2.979877698295981592e+00
1.862161132812500000e+03 3.110147868310307331e+03 2.983595661443401159e+00
1.862181945800781250e+03 3.109409520726786923e+03 3.012409610895961709e+00
1.862202819824218750e+03 3.108137852079182267e+03 2.985376319869947892e+00
1.862223632812500000e+03 3.109134604784650946e+03 2.983030485697569123e+00
1.862244445800781250e+03 3.106432166981468527e+03 2.979576527249850670e+00
1.862265319824218750e+03 3.107585255593760849e+03 2.977253510772508438e+00
1.862286132812500000e+03 3.112100600690110241e+03 3.000460907180358294e+00
1.862306945800781250e+03 3.110908307334094388e+03 2.978935037069140979e+00
1.862327819824218750e+03 3.107813619736882174e+03 2.989397067515539685e+00
1.862348632812500000e+03 3.107453713510572470e+03 2.985923964281607557e+00
1.862369445800781250e+03 3.110711172800399709e+03 2.980389395241102690e+00
1.862390319824218750e+03 3.110908922189619261e+03 2.977913617440817173e+00
1.862411132812500000e+03 3.111216019081454760e+03 2.982501815194203321e+00
1.862431945800781250e+03 3.111591120631144804e+03 2.994417878196069971e+00
1.862452819824218750e+03 3.107336113837407993e+03 2.980755753403856900e+00
1.862473632812500000e+03 3.111915404535425751e+03 2.978876290919783010e+00
1.862494445800781250e+03 3.108796195474714750e+03 2.984511447203915591e+00
1.862515319824218750e+03 3.105599734610616906e+03 2.979230190924759381e+00
1.862536132812500000e+03 3.107721334146295249e+03 2.992492660220266387e+00
1.862556945800781250e+03 3.109488822446532140e+03 2.979397122377208440e+00
1.862577819824218750e+03 3.111008161980156729e+03 2.982517643098535398e+00
1.862598632812500000e+03 3.107867022965833712e+03 2.999070818373684943e+00
1.862619445800781250e+03 3.107854086677910800e+03 2.977996560816575489e+00
1.862640319824218750e+03 3.108987047004002306e+03 2.976888483574777311e+00
1.862661132812500000e+03 3.106532273149631692e+03 2.978970252189124146e+00
1.862681945800781250e+03 3.107586444433132783e+03 2.978447264840530018e+00
1.862702819824218750e+03 3.110300236227998084e+03 2.983924552117068973e+00
1.862723632812500000e+03 3.106962999357222088e+03 2.980231799384733371e+00
1.862744445800781250e+03 3.109603980326620785e+03 2.981364064463695840e+00
1.862765319824218750e+03 3.106332872018680519e+03 2.981033611641739522e+00
1.862786132812500000e+03 3.110139664172968423e+03 2.976762259280846479e+00
1.862806945800781250e+03 3.107629366996226508e+03 2.994727906363831238e+00
1.862827819824218750e+03 3.109578992366647071e+03 2.985524700061980230e+00
1.862848632812500000e+03 3.110300849939047566e+03 2.976477434039142445e+00
1.862869445800781250e+03 3.108566811434676310e+03 2.978465515715786438e+00
1.862890319824218750e+03 3.107669838612518106e+03 2.980890446699544505e+00
1.862911132812500000e+03 3.107233947492290554e+03 2.978605755552298007e+00
1.862931945800781250e+03 3.108679077384760149e+03 2.988503202286335814e+00
1.862952819824218750e+03 3.110230368541590906e+03 2.983302537840839985e+00
1.862973632812500000e+03 3.108551077412215818e+03 2.986102657651148018e+00
1.862994445800781250e+03 3.108381001396810461e+03 2.981053286286360571e+00
1.863015319824218750e+03 3.109765774976973717e+03 2.983069009277413475e+00
1.863036132812500000e+03 3.106891926754897213e+03 2.977701444817833831e+00
1.863056945800781250e+03 3.109760158155052977e+03 2.979407845362696872e+00
1.863077819824218750e+03 3.108738718956571120e+03 2.977579418695849522e+00
1.863098632812500000e+03 3.108245473876183951e+03 2.981345351511707875e+00
1.863119445800781250e+03 3.108949798213195663e+03 2.981106071276754310e+00
1.863140319824218750e+03 3.109603419860350641e+03 2.979094782319941181e+00
1.863161132812500000e+03 3.109176356190942442e+03 2.977727707003799296e+00
1.863181945800781250e+03 3.110456705188051728e+03 2.983841134298856446e+00
1.863202819824218750e+03 3.108325101052619630e+03 2.985999179684116989e+00
1.863223632812500000e+03 3.109354653547617090e+03 2.985615417580083086e+00
1.863244445800781250e+03 3.111187088456505535e+03 2.981943628004752433e+00
1.863265319824218750e+03 3.106774628169383050e+03 2.980567460531598822e+00
1.863286132812500000e+03 3.108072534468581580e+03 2.981511045019331618e+00
1.863306945800781250e+03 3.109631982581040575e+03 2.977427439538173459e+00
1.863327819824218750e+03 3.111281033879562983e+03 2.988860589011209434e+00
1.863348632812500000e+03 3.111231216266027786e+03 2.981975769374349383e+00
1.863369445800781250e+03 3.110399525097648620e+03 2.979582288511876786e+00
1.863390319824218750e+03 3.108282965305820653e+03 2.983563857167284006e+00
1.863411132812500000e+03 3.110247025660788040e+03 2.980811103167000820e+00
1.863431945800781250e+03 3.113195511975668069e+03 2.982380944791177324e+00
1.863452819824218750e+03 3.108300922802306104e+03 2.979561803974062784e+00
1.863473632812500000e+03 3.111918540145361476e+03 2.978815302547214383e+00
1.863494445800781250e+03 3.114054785462416021e+03 2.979550441396269900e+00
1.863515319824218750e+03 3.110752896656074881e+03 2.981553266603130137e+00
1.863536132812500000e+03 3.110878073726001730e+03 2.986646177471361963e+00
1.863556945800781250e+03 3.118920775001488437e+03 2.985107651499362635e+00
1.863577819824218750e+03 3.111700304840302124e+03 2.979784725785392219e+00
1.863598632812500000e+03 3.111457221429730907e+03 2.977219876965888634e+00
1.863619445800781250e+03 3.108867863745327213e+03 2.986709400734124831e+00
1.863640319824218750e+03 3.110813380352445165e+03 2.989489581579775734e+00
1.863661132812500000e+03 3.111928729046218905e+03 2.982932016527056085e+00
1.863681945800781250e+03 3.111729964850625947e+03 2.978169485522452753e+00
1.863702819824218750e+03 3.110393649215601727e+03 2.985647040292362497e+00
1.863723571777343750e+03 3.111347760103847122e+03 3.002591920790744329e+00
1.863744445800781250e+03 3.111307893963798961e+03 2.981020015266737211e+00
1.863765258789062500e+03 3.112820740021651091e+03 2.979198019934220731e+00
1.863786071777343750e+03 3.108849649961796331e+03 2.982946403459278528e+00
1.863806945800781250e+03 3.111855982210542152e+03 2.975491068084803015e+00
1.863827758789062500e+03 3.109882531199417826e+03 2.976658776996518707e+00
1.863848571777343750e+03 3.111879813950910830e+03 2.984269065374840046e+00
1.863869445800781250e+03 3.114576460457274607e+03 2.985624361411464367e+00
1.863890258789062500e+03 3.110941953250600363e+03 2.983894509186872490e+00
1.863911071777343750e+03 3.110494314834632405e+03 2.988551547722333446e+00
1.863931945800781250e+03 3.109683625478249724e+03 2.981992239693177282e+00
1.863952758789062500e+03 3.108723336689782172e+03 2.980225879377980558e+00
1.863973571777343750e+03 3.112232453913925383e+03 2.979399042914759654e+00
1.863994445800781250e+03 3.110871912669349513e+03 2.983226295412178874e+00
1.864015258789062500e+03 3.111087618604548425e+03 2.975589462994301382e+00
1.864036071777343750e+03 3.109981426794707204e+03 2.993279240493988080e+00
1.864056945800781250e+03 3.112951460201486043e+03 2.978757194353476745e+00
1.864077758789062500e+03 3.114740115163768678e+03 2.981371581599375098e+00
1.864098571777343750e+03 3.113317962589448143e+03 2.978652980951728146e+00
1.864119445800781250e+03 3.113013475587240464e+03 2.983230291394980860e+00
1.864140258789062500e+03 3.111930165674100863e+03 2.988051940497167269e+00
1.864161071777343750e+03 3.110013138091637757e+03 2.976564101972174026e+00
1.864181945800781250e+03 3.112138773539283193e+03 3.002169778087981911e+00
1.864202758789062500e+03 3.112413474325701372e+03 2.983870059132125885e+00
1.864223571777343750e+03 3.116224610227752692e+03 2.980115477097479371e+00
1.864244445800781250e+03 3.113696399180010303e+03 2.978315342907684293e+00
1.864265258789062500e+03 3.111628133034776965e+03 2.976260192417858885e+00
1.864286071777343750e+03 3.112588510970864718e+03 2.975280004836138747e+00
1.864306945800781250e+03 3.111181252733981182e+03 2.978858522782658724e+00
1.864327758789062500e+03 3.112966879264764430e+03 2.977968859907472954e+00
1.864348571777343750e+03 3.114958708624772953e+03 2.977350406043711484e+00
1.864369445800781250e+03 3.113408376172676071e+03 2.985863758655760591e+00
1.864390258789062500e+03 3.111219863856128995e+03 2.989373938552122301e+00
1.864411071777343750e+03 3.113273344123008883e+03 2.987911505669210488e+00
1.864431945800781250e+03 3.111033089437710260e+03 2.977100073462783048e+00
1.864452758789062500e+03 3.110961098291509188e+03 2.978187097660567773e+00
1.864473571777343750e+03 3.110212484473209315e+03 2.978802976661445889e+00
1.864494445800781250e+03 3.113721932011409535e+03 2.980091156045372447e+00
1.864515258789062500e+03 3.114135409269908905e+03 2.982673839225665535e+00
1.864536071777343750e+03 3.114860597894788043e+03 2.977586304817497531e+00
1.864556945800781250e+03 3.116465269450818141e+03 2.981777958535200668e+00
1.864577758789062500e+03 3.114300574642561060e+03 2.987736910440459415e+00
1.864598571777343750e+03 3.113976360791442403e+03 2.987297823780525885e+00
1.864619445800781250e+03 3.114443560088585400e+03 2.998728800703060582e+00
1.864640258789062500e+03 3.110696480389724002e+03 2.975375682286966139e+00
1.864661071777343750e+03 3.113442932324269350e+03 2.994364690888298153e+00
1.864681945800781250e+03 3.112589039412453076e+03 2.983275365710280624e+00
1.864702758789062500e+03 3.114676314938002633e+03 2.977223560687046966e+00
1.864723571777343750e+03 3.110513390262445682e+03 2.982668883281776928e+00
1.864744445800781250e+03 3.113657914485179845e+03 2.981665534724160516e+00
1.864765258789062500e+03 3.114675159517221800e+03 2.975372316800703132e+00
1.864786071777343750e+03 3.116585866829890620e+03 2.980475469459168636e+00
1.864806945800781250e+03 3.113113174527863976e+03 2.983056381270781987e+00
1.864827758789062500e+03 3.115383506971740189e+03 2.978906224388604862e+00
1.864848571777343750e+03 3.109772173135469075e+03 2.979064530620325169e+00
1.864869445800781250e+03 3.116197154644418333e+03 2.987933209664747736e+00
1.864890258789062500e+03 3.112526809787203547e+03 2.980758472924898594e+00
1.864911071777343750e+03 3.115364462847152936e+03 2.979097663418168729e+00
1.864931945800781250e+03 3.117250268140960088e+03 2.988945302545104266e+00
1.864952758789062500e+03 3.114113450242089584e+03 2.984487801062752244e+00
1.864973571777343750e+03 3.115255453970931740e+03 2.980257559277202262e+00
1.864994445800781250e+03 3.111475484973224411e+03 2.977640912799697226e+00
1.865015258789062500e+03 3.113729247021909487e+03 2.991620600211997605e+00
1.865036071777343750e+03 3.112521436703153540e+03 2.978400996769674958e+00
1.865056945800781250e+03 3.116181433471266701e+03 2.979445775613608571e+00
1.865077758789062500e+03 3.115658112055643414e+03 2.985716832668967591e+00
1.865098571777343750e+03 3.113418906463714848e+03 2.978186777440804178e+00
1.865119445800781250e+03 3.115370632936543188e+03 2.982283893183788948e+00
1.865140258789062500e+03 3.116950988560231963e+03 2.984633509439466259e+00
1.865161071777343750e+03 3.115713255293837392e+03 2.976388520690575579e+00
1.865181945800781250e+03 3.114826019351875857e+03 2.975902574328832539e+00
1.865202758789062500e+03 3.118005692066283700e+03 2.989890389618179878e+00
1.865223571777343750e+03 3.115949686260966701e+03 2.985971872400360105e+00
1.865244445800781250e+03 3.113338540244123578e+03 2.993977063832059748e+00
1.865265258789062500e+03 3.114029025643731984e+03 2.989475066631469780e+00
1.865286071777343750e+03 3.115287411072129089e+03 2.980909642398202219e+00
1.865306945800781250e+03 3.111773422341929745e+03 2.977825707750496598e+00
1.865327758789062500e+03 3.114353505197740105e+03 2.978372979422359457e+00
1.865348571777343750e+03 3.115186191187785425e+03 2.994695264950915536e+00
1.865369384765625000e+03 3.114239505966269917e+03 2.978912787301458476e+00
1.865390197753906250e+03 3.112223037438122901e+03 2.976805028771835726e+00
1.865411071777343750e+03 3.113035203663343054e+03 2.976969052882694644e+00
1.865431884765625000e+03 3.113888763270969321e+03 2.979004186365439288e+00
1.865452697753906250e+03 3.112570917113877840e+03 2.981857276340919238e+00
1.865473571777343750e+03 3.114052991642757206e+03 2.978404839128184545e+00
1.865515197753906250e+03 3.111704785668881868e+03 2.985760751520426748e+00
1.865536071777343750e+03 3.111835272062785407e+03 2.979261561307364303e+00
1.865556884765625000e+03 3.112971531720013900e+03 2.978895499597455476e+00
1.865577697753906250e+03 3.116153990673543376e+03 2.976700106266004564e+00
1.865598571777343750e+03 3.113009384739794314e+03 2.978380183908269974e+00
1.865619384765625000e+03 3.112935513242930483e+03 2.978399235687034796e+00
1.865640197753906250e+03 3.111327014277290800e+03 2.982524357941663595e+00
1.865661071777343750e+03 3.109003317922944461e+03 2.991889480609965624e+00
1.865681884765625000e+03 3.112377410170857729e+03 2.987493992244792729e+00
1.865702697753906250e+03 3.112826054910969106e+03 2.981783075876659694e+00
1.865723571777343750e+03 3.111152527305887816e+03 2.976195785881028844e+00
1.865744384765625000e+03 3.111286978575681587e+03 2.976574674966898204e+00
1.865765197753906250e+03 3.112679715744332952e+03 2.977039529216988445e+00
1.865786071777343750e+03 3.111186345361950316e+03 2.976695941326862549e+00
1.865806884765625000e+03 3.110375981709927146e+03 2.983864146343705226e+00
1.865827697753906250e+03 3.111645420466639280e+03 2.982519081994764232e+00
1.865848571777343750e+03 3.112245158778279347e+03 2.980403154483775019e+00
1.865869384765625000e+03 3.111124644554958195e+03 2.983310689431748486e+00
1.865890197753906250e+03 3.108970499741853018e+03 2.976008005633917541e+00
1.865911071777343750e+03 3.109655657347618671e+03 2.977479648216254660e+00
1.865931884765625000e+03 3.112095611701518465e+03 2.979542439554920374e+00
1.865952697753906250e+03 3.110451643963770039e+03 2.977487975896199401e+00
1.865973571777343750e+03 3.109568913874515601e+03 2.982714125947859785e+00
1.865994384765625000e+03 3.110901464794194453e+03 2.982175645737730640e+00
1.866015197753906250e+03 3.110134453896164814e+03 2.980655609312844678e+00
1.866036071777343750e+03 3.109349363057473056e+03 2.977170706860062577e+00
1.866056884765625000e+03 3.111622387939971759e+03 2.977185922451888622e+00
1.866077697753906250e+03 3.112514807716973792e+03 2.983522463154412385e+00
1.866098571777343750e+03 3.110159923739704027e+03 2.984221769064016261e+00
1.866119384765625000e+03 3.108515540649593731e+03 3.010310574854375254e+00
1.866140197753906250e+03 3.109089645490878411e+03 2.975025491044283488e+00
1.866161071777343750e+03 3.107282369875685163e+03 2.979541959443756216e+00
1.866181884765625000e+03 3.108190640534148315e+03 2.975092647616516928e+00
1.866202697753906250e+03 3.107330962702495526e+03 2.979450256792792295e+00
1.866223571777343750e+03 3.107277920788806114e+03 2.977591589504705816e+00
1.866244384765625000e+03 3.110583706005109889e+03 2.989905540479700807e+00
1.866265197753906250e+03 3.105701814383849978e+03 2.981979767032910900e+00
1.866286071777343750e+03 3.106310284175956440e+03 2.976657655651753664e+00
1.866306884765625000e+03 3.109944493738989422e+03 2.977696000189316905e+00
1.866327697753906250e+03 3.107037440548851464e+03 2.993668550725273825e+00
1.866348571777343750e+03 3.109456495164924490e+03 2.986691998504885426e+00
1.866369384765625000e+03 3.106166801359285728e+03 2.975706763423157764e+00
1.866390197753906250e+03 3.107956715711554352e+03 2.976626097633000345e+00
1.866411071777343750e+03 3.107494983146257709e+03 2.987435893244833718e+00
1.866431884765625000e+03 3.105276950664071592e+03 2.978730621082758212e+00
1.866452697753906250e+03 3.107703151023467399e+03 2.977404057440751206e+00
1.866473571777343750e+03 3.107761109738674804e+03 2.975116047879821757e+00
1.866494384765625000e+03 3.108013944365558928e+03 2.978541079553117310e+00
1.866515197753906250e+03 3.105803874036401339e+03 2.980308598406520737e+00
1.866536071777343750e+03 3.105992312818452774e+03 2.977664773451127900e+00
1.866556884765625000e+03 3.106050785609289960e+03 2.979763762563817142e+00
1.866577697753906250e+03 3.103865271625718833e+03 2.979253238584988139e+00
1.866598571777343750e+03 3.106142093268817462e+03 2.976547922013596192e+00
1.866619384765625000e+03 3.106065242873694842e+03 2.973821704796941301e+00
1.866640197753906250e+03 3.103618972076620139e+03 2.977167183238234482e+00
1.866661071777343750e+03 3.106031309762275214e+03 2.976729100488539892e+00
1.866681884765625000e+03 3.105303967530771388e+03 2.978492251445174599e+00
1.866702697753906250e+03 3.107252112941256655e+03 2.979005787024586738e+00
1.866723571777343750e+03 3.104660326571234691e+03 2.976388040070663266e+00
1.866744384765625000e+03 3.106779951096094010e+03 2.988301355630892608e+00
1.866765197753906250e+03 3.104378812766960436e+03 2.988371086016878841e+00
1.866786071777343750e+03 3.102488035986239083e+03 2.978872609242417369e+00
1.866806884765625000e+03 3.104099965732265446e+03 2.978003445973653740e+00
1.866827697753906250e+03 3.105611821588936891e+03 2.975227116482592304e+00
1.866848510742187500e+03 3.104324021499270202e+03 2.980346197205988368e+00
1.866869323730468750e+03 3.106030625608723312e+03 2.976328923229576429e+00
1.866890197753906250e+03 3.108833428543437094e+03 2.975034306432563280e+00
1.866911010742187500e+03 3.106997998814488710e+03 2.974396646047735793e+00
1.866931823730468750e+03 3.105771704059267904e+03 2.985647838841366752e+00
1.866952697753906250e+03 3.106047582335158040e+03 2.976339657268996852e+00
1.866973510742187500e+03 3.103255007149141875e+03 2.974999846129854131e+00
1.866994323730468750e+03 3.106108956881590075e+03 2.987127023821603888e+00
1.867015197753906250e+03 3.105318648077252419e+03 2.974857833414618735e+00
1.867036010742187500e+03 3.105121603988143761e+03 2.979090940851303326e+00
1.867056823730468750e+03 3.107919393805280833e+03 2.983098580982509684e+00
1.867077697753906250e+03 3.103803588884838973e+03 2.975825341124116452e+00
1.867098510742187500e+03 3.109839605438568015e+03 2.976687611431096059e+00
1.867119323730468750e+03 3.107949263387419251e+03 2.995202838480248264e+00
1.867140197753906250e+03 3.104046210264640649e+03 2.996549529380625909e+00
1.867161010742187500e+03 3.105043898983658892e+03 2.977861896753315474e+00
1.867181823730468750e+03 3.105198367023476749e+03 2.977391245254700447e+00
1.867202697753906250e+03 3.110419242123547065e+03 2.981949544601291802e+00
1.867223510742187500e+03 3.106606767434655922e+03 2.977362898097128507e+00
1.867244323730468750e+03 3.106000010958287021e+03 2.980383475547386141e+00
1.867265197753906250e+03 3.107171148064587669e+03 2.977797204597960157e+00
1.867286010742187500e+03 3.105333567063557894e+03 2.993211217511914768e+00
1.867306823730468750e+03 3.108668659234323513e+03 2.980780388974491490e+00
1.867327697753906250e+03 3.104349616034806331e+03 2.980729997816852439e+00
1.867348510742187500e+03 3.109305355351785693e+03 2.978864445506809400e+00
1.867369323730468750e+03 3.106777550703973702e+03 2.979173851449123500e+00
1.867390197753906250e+03 3.104302077144738178e+03 2.976109427665497353e+00
1.867411010742187500e+03 3.106429908078492645e+03 2.977133548456340151e+00
1.867431823730468750e+03 3.103474431153783826e+03 2.973878626693381211e+00
1.867473510742187500e+03 3.106553267658728601e+03 2.985425514550595238e+00
1.867494323730468750e+03 3.107340864274258365e+03 2.976685689144147329e+00
1.867515197753906250e+03 3.103843445973152029e+03 2.974523291340980702e+00
1.867536010742187500e+03 3.105511069897645029e+03 2.983033362994582660e+00
1.867556823730468750e+03 3.105511885018562680e+03 2.980523625139899657e+00
1.867577697753906250e+03 3.106351326601650271e+03 2.980334037646140910e+00
1.867598510742187500e+03 3.104272712274565492e+03 2.976451801634559136e+00
1.867619323730468750e+03 3.106610258269271981e+03 2.985236717563231057e+00
1.867640197753906250e+03 3.108129598772325608e+03 2.981459546672129868e+00
1.867661010742187500e+03 3.105708693424057856e+03 2.976614884043233822e+00
1.867681823730468750e+03 3.104298062342827507e+03 2.979957386710643696e+00
1.867702697753906250e+03 3.107739707854153039e+03 2.978440060516880372e+00
1.867723510742187500e+03 3.107079940925697429e+03 2.976556252300283756e+00
1.867744323730468750e+03 3.107893323972428789e+03 2.982137750208440963e+00
1.867765197753906250e+03 3.110558229170182585e+03 2.979996430055668721e+00
1.867786010742187500e+03 3.107021223570241091e+03 2.978604955115346620e+00
1.867806823730468750e+03 3.104131324143950224e+03 2.982013027344358136e+00
1.867827697753906250e+03 3.109001267425719561e+03 2.980722479063151908e+00
1.867848510742187500e+03 3.106474451372487692e+03 2.978329912243119715e+00
1.867869323730468750e+03 3.108332742827446509e+03 2.981795389443553823e+00
1.867890197753906250e+03 3.106847314459922927e+03 2.978373779921654751e+00
1.867911010742187500e+03 3.110592752331858264e+03 2.983333066233475606e+00
1.867931823730468750e+03 3.109594823892008208e+03 2.978699725355512751e+00
1.867952697753906250e+03 3.104758149489823609e+03 2.995596355744594153e+00
1.867973510742187500e+03 3.106460717616962938e+03 2.980555941804985398e+00
1.867994323730468750e+03 3.105671152500182416e+03 2.978131699129237475e+00
1.868015197753906250e+03 3.106344092476297192e+03 2.993452556702463685e+00
1.868036010742187500e+03 3.109209785828143140e+03 2.980582178839713769e+00
1.868056823730468750e+03 3.109395633811302559e+03 2.980062194533626752e+00
1.868077697753906250e+03 3.108030815686583082e+03 2.976419280203543849e+00
1.868098510742187500e+03 3.112493987000153993e+03 2.992768472788008172e+00
1.868119323730468750e+03 3.106951043633947847e+03 2.975565906203087696e+00
1.868140197753906250e+03 3.106090332126088015e+03 2.977752367626097740e+00
1.868161010742187500e+03 3.105546015272483601e+03 2.983413141841832150e+00
1.868181823730468750e+03 3.106948394517190081e+03 2.974620596150043372e+00
1.868202636718750000e+03 3.109224619835903468e+03 2.999348092774231311e+00
1.868223449707031250e+03 3.107800149095716733e+03 2.986437339606916375e+00
1.868244323730468750e+03 3.107136883546408626e+03 2.978026823364952946e+00
1.868265136718750000e+03 3.105409908905488464e+03 2.981569099542910273e+00
1.868285949707031250e+03 3.106204405095707443e+03 2.992017457278724812e+00
1.868306823730468750e+03 3.108476026401601757e+03 2.977338074093415443e+00
1.868327636718750000e+03 3.105014107384003182e+03 2.976097571239901374e+00
1.868348449707031250e+03 3.105720177980109383e+03 2.975392349400921344e+00
1.868369323730468750e+03 3.106307605808349308e+03 2.982187797788613093e+00
1.868390136718750000e+03 3.110639826812122919e+03 2.975117490355783989e+00
1.868410949707031250e+03 3.107476989589070399e+03 2.979574606826699945e+00
1.868431823730468750e+03 3.108610937673048738e+03 2.989115520032982865e+00
1.868452636718750000e+03 3.107682286395732717e+03 2.980379155763470234e+00
1.868473449707031250e+03 3.108889449423735641e+03 2.977821063997057927e+00
1.868494323730468750e+03 3.108190966747831681e+03 3.003123088284299858e+00
1.868515136718750000e+03 3.104863782313270804e+03 2.985015161370347059e+00
1.868535949707031250e+03 3.108052067983720008e+03 2.980417713613249475e+00
1.868556823730468750e+03 3.105168648230421695e+03 2.974172518756382555e+00
1.868577636718750000e+03 3.102619177535416384e+03 2.974150714341600388e+00
1.868598449707031250e+03 3.106804694884673609e+03 2.979189216866323431e+00
1.868619323730468750e+03 3.105244456049714245e+03 2.975748586638143234e+00
1.868640136718750000e+03 3.106957970267641940e+03 2.983163637701867987e+00
1.868660949707031250e+03 3.106423512778449549e+03 2.977891039789877681e+00
1.868681823730468750e+03 3.110122094534397547e+03 2.979637660073309657e+00
1.868702636718750000e+03 3.109567657523508387e+03 2.978715733544349042e+00
1.868723449707031250e+03 3.108489504576344643e+03 2.984738792096128801e+00
1.868744323730468750e+03 3.108792116635943330e+03 2.984526465601696099e+00
1.868765136718750000e+03 3.110833515456484292e+03 2.978445023497262145e+00
1.868785949707031250e+03 3.106906679346953297e+03 2.977633706525094848e+00
1.868806823730468750e+03 3.111035016100071971e+03 2.977775746988517991e+00
