1.711388244628906250e+03 6.616255296456276938e+02 8.925829997858197862e-01
1.711409057617187500e+03 6.626623246004282919e+02 8.942517172818522653e-01
1.711429870605468750e+03 6.607991522989985924e+02 8.921761974681031715e-01
1.711450744628906250e+03 6.613868595565913893e+02 8.928340820331672756e-01
1.711471557617187500e+03 6.623554552048245796e+02 8.942162904600572393e-01
1.711492370605468750e+03 6.628144969980319274e+02 8.935050908900529221e-01
1.711513244628906250e+03 6.616654924377330644e+02 8.931347136239556894e-01
1.711534057617187500e+03 6.611734628506653735e+02 8.931838303044086214e-01
1.711554870605468750e+03 6.619554328555090024e+02 8.944594841700300725e-01
1.711575744628906250e+03 6.627464932471959855e+02 8.946331582469601029e-01
1.711596557617187500e+03 6.625843995217644533e+02 8.929175601681219598e-01
1.711617370605468750e+03 6.614166949243771114e+02 8.927315344330895019e-01
1.711638244628906250e+03 6.611474790527086043e+02 8.930572959806477584e-01
1.711659057617187500e+03 6.630483006369593113e+02 8.946192335812003238e-01
1.711679870605468750e+03 6.611894431459028283e+02 8.928666597949043160e-01
1.711700744628906250e+03 6.618163295908777854e+02 8.926518449452617299e-01
1.711721557617187500e+03 6.623730091473206585e+02 8.931346468874979960e-01
1.711742370605468750e+03 6.623952254264888779e+02 8.948356077324344238e-01
1.711763244628906250e+03 6.626700125889069568e+02 8.936192890432438363e-01
1.711784057617187500e+03 6.628925541051009986e+02 8.937072290176606426e-01
1.711804870605468750e+03 6.619990492649135376e+02 8.958718195491908176e-01
1.711825744628906250e+03 6.619417547491832465e+02 8.927531331652822644e-01
1.711846557617187500e+03 6.612036727121685544e+02 8.927128395907523162e-01
1.711867370605468750e+03 6.605043325920378265e+02 8.932078537840411059e-01
1.711888244628906250e+03 6.605630879455015929e+02 8.966333934455422705e-01
1.711909057617187500e+03 6.615948082357665498e+02 8.947981057399809757e-01
1.711929870605468750e+03 6.620454495692852106e+02 8.929497677578509540e-01
1.711950744628906250e+03 6.615941028461156748e+02 8.930332684508612839e-01
1.711971557617187500e+03 6.615259452553174242e+02 8.938838831785956840e-01
1.711992370605468750e+03 6.622429344301629044e+02 8.937621829396313888e-01
1.712013244628906250e+03 6.614057905378106170e+02 8.930098409868705289e-01
1.712034057617187500e+03 6.624877945377947981e+02 8.935317406548114461e-01
1.712054870605468750e+03 6.621417798650645636e+02 8.927180808628298880e-01
1.712075744628906250e+03 6.609551877350113500e+02 8.925594603342044131e-01
1.712096557617187500e+03 6.616311647441092418e+02 8.934579598858437555e-01
1.712117370605468750e+03 6.617251513005780907e+02 8.936492703101176494e-01
1.712138244628906250e+03 6.615228402777438532e+02 8.933582194145277544e-01
1.712159057617187500e+03 6.615398414325247813e+02 8.925306779199747576e-01
1.712179870605468750e+03 6.620387036036586323e+02 8.964419884727912180e-01
1.712200744628906250e+03 6.615972355662511291e+02 8.937615827330066542e-01
1.712221557617187500e+03 6.613977917353420253e+02 8.933068437231080905e-01
1.712242370605468750e+03 6.612975440885436456e+02 8.931315102683629048e-01
1.712263244628906250e+03 6.624085071933252493e+02 8.950806975080080052e-01
1.712284057617187500e+03 6.626512372063600651e+02 8.948712431605928552e-01
1.712304870605468750e+03 6.604479143369508165e+02 8.949617241288253533e-01
1.712325744628906250e+03 6.611204313994765016e+02 8.973273674958834878e-01
1.712346557617187500e+03 6.627636967800599450e+02 8.991824503182981321e-01
1.712367370605468750e+03 6.623840570791301161e+02 8.975640404786761062e-01
1.712388244628906250e+03 6.614107441969591719e+02 8.995170078737094732e-01
1.712409057617187500e+03 6.619276851000375927e+02 9.016606771607466042e-01
1.712429870605468750e+03 6.621524883790016247e+02 9.031199300023096121e-01
1.712450744628906250e+03 6.620530608297948447e+02 9.043478240785390865e-01
1.712471557617187500e+03 6.619199237805232769e+02 9.041672813542351861e-01
1.712492370605468750e+03 6.607588385541062053e+02 9.060692771399763146e-01
1.712513244628906250e+03 6.614398467475386951e+02 9.064330540958138727e-01
1.712534057617187500e+03 6.616691276406475026e+02 9.088944951740529632e-01
1.712554870605468750e+03 6.629325247870481235e+02 9.113003003401540791e-01
1.712575744628906250e+03 6.626692851106105309e+02 9.139249975349357236e-01
1.712596557617187500e+03 6.629320549260098687e+02 9.139199104925153083e-01
1.712617370605468750e+03 6.612991329668093385e+02 9.143257088194373106e-01
1.712638244628906250e+03 6.612713974434942656e+02 9.150996071114424479e-01
1.712659057617187500e+03 6.632323109663908554e+02 9.160329007795060541e-01
1.712679870605468750e+03 6.615627943623804867e+02 9.164822819251516872e-01
1.712700744628906250e+03 6.622842442100953804e+02 9.173632958561264150e-01
1.712721557617187500e+03 6.628408208975440630e+02 9.181173975287632016e-01
1.712742370605468750e+03 6.613597247279175235e+02 9.208813177238721615e-01
1.712763244628906250e+03 6.611666306587507052e+02 9.204054612260060830e-01
1.712784057617187500e+03 6.619266343378288866e+02 9.245310522572129930e-01
1.712804870605468750e+03 6.624625855039934095e+02 9.239803454942701055e-01
1.712825744628906250e+03 6.627291826502809045e+02 9.256420111268226503e-01
1.712846557617187500e+03 6.614525131510745268e+02 9.269871643992532162e-01
1.712867370605468750e+03 6.618789106783179932e+02 9.320514341025019078e-01
1.712888244628906250e+03 6.629462678262389090e+02 9.282150789982021033e-01
1.712909057617187500e+03 6.631003391425853124e+02 9.297497832648570215e-01
1.712929870605468750e+03 6.616015204887577283e+02 9.278635356739063367e-01
1.712950744628906250e+03 6.621695339076662776e+02 9.259673949509770186e-01
1.712971557617187500e+03 6.627965593140434066e+02 9.261359006281650874e-01
1.712992370605468750e+03 6.621079767119402959e+02 9.271478023329994267e-01
1.713013244628906250e+03 6.613448715028322340e+02 9.273623071756483816e-01
1.713034057617187500e+03 6.628076736302086829e+02 9.294490668740570394e-01
1.713054870605468750e+03 6.624390875760051358e+02 9.302406268407509282e-01
1.713075744628906250e+03 6.616989300638854274e+02 9.311995511823241145e-01
1.713096557617187500e+03 6.616621525350186630e+02 9.338790266164376241e-01
1.713117370605468750e+03 6.619488757836293189e+02 9.417021353689407626e-01
1.713138244628906250e+03 6.626880569303449420e+02 9.376032454541902705e-01
1.713159057617187500e+03 6.618253485952461688e+02 9.373943269301167058e-01
1.713179870605468750e+03 6.617186022867598467e+02 9.379139622045293834e-01
1.713200744628906250e+03 6.623314861825476783e+02 9.362588614132304476e-01
1.713221557617187500e+03 6.612706940698896005e+02 9.369900270051396696e-01
1.713242370605468750e+03 6.613443729590771909e+02 9.331848014990274942e-01
1.713263244628906250e+03 6.621883534009014056e+02 9.327303033904897900e-01
1.713284057617187500e+03 6.622823823517537676e+02 9.320064762017356008e-01
1.713304870605468750e+03 6.629779558686909695e+02 9.297194595613728074e-01
1.713325744628906250e+03 6.608727999432105662e+02 9.286269542053749992e-01
1.713346557617187500e+03 6.606582260027547591e+02 9.294338681753704368e-01
1.713367370605468750e+03 6.620454778564704839e+02 9.307070999361625185e-01
1.713388244628906250e+03 6.626176316707693559e+02 9.324190738221990182e-01
1.713409057617187500e+03 6.611922000491138078e+02 9.339244368596317791e-01
1.713429870605468750e+03 6.611556478004456494e+02 9.356170182024592386e-01
1.713450744628906250e+03 6.627143625488187126e+02 9.356686506874332121e-01
1.713471557617187500e+03 6.619276798897425351e+02 9.349433050969320202e-01
1.713492370605468750e+03 6.616990596062070153e+02 9.370322332079666916e-01
1.713513244628906250e+03 6.624249647657226205e+02 9.373796703681626097e-01
1.713534057617187500e+03 6.617613907991024007e+02 9.380320946361453416e-01
1.713554870605468750e+03 6.620542098653110088e+02 9.404085816483850335e-01
1.713575744628906250e+03 6.625291936883886592e+02 9.399165479667456191e-01
1.713596557617187500e+03 6.623407339374545018e+02 9.406895738912999239e-01
1.713617370605468750e+03 6.624526655929296339e+02 9.415555653536693548e-01
1.713638244628906250e+03 6.618969803275786035e+02 9.411997905070326187e-01
1.713659057617187500e+03 6.623195512877143756e+02 9.446099878753548840e-01
1.713679870605468750e+03 6.621479653054436767e+02 9.413141545878351835e-01
1.713700744628906250e+03 6.628544867728049894e+02 9.422916032205094217e-01
1.713721557617187500e+03 6.626348902006875505e+02 9.442524286248503707e-01
1.713742370605468750e+03 6.621108935744596238e+02 9.449137958182799446e-01
1.713763244628906250e+03 6.626938106773702657e+02 9.455247435839649883e-01
1.713784057617187500e+03 6.613667347450922307e+02 9.436607432314817467e-01
1.713804870605468750e+03 6.628253066657073305e+02 9.475738967623789089e-01
1.713825744628906250e+03 6.624388256964263064e+02 9.481781644255353747e-01
1.713846557617187500e+03 6.633178448883488727e+02 9.479448223473821988e-01
1.713867370605468750e+03 6.609468912438100006e+02 9.471707326020996076e-01
1.713888244628906250e+03 6.620093724234000092e+02 9.493116168523422216e-01
1.713909057617187500e+03 6.621888162790733077e+02 9.462164663019353439e-01
1.713929870605468750e+03 6.619322727426691699e+02 9.458758984593353958e-01
1.713950744628906250e+03 6.625339113061626222e+02 9.432598875039651665e-01
1.713971557617187500e+03 6.614260602231786379e+02 9.408515150500036395e-01
1.713992370605468750e+03 6.612978143384884788e+02 9.391271457858320071e-01
1.714013244628906250e+03 6.629396367539933408e+02 9.394411336089880660e-01
1.714034057617187500e+03 6.620766271971695005e+02 9.386056737775844150e-01
1.714054870605468750e+03 6.618330319514537905e+02 9.395845444214001585e-01
1.714075683593750000e+03 6.635392333178888293e+02 9.413694002529209293e-01
1.714096496582031250e+03 6.618646719778948864e+02 9.477123662147631800e-01
1.714117370605468750e+03 6.610980645243820391e+02 9.465897183867171272e-01
1.714138183593750000e+03 6.616229275684781896e+02 9.462415055330842817e-01
1.714158996582031250e+03 6.623331629457860572e+02 9.458125344620950115e-01
1.714179870605468750e+03 6.633312579201353856e+02 9.470116973001458938e-01
1.714200683593750000e+03 6.629840426757851901e+02 9.457632204080141936e-01
1.714221496582031250e+03 6.609453811739018647e+02 9.476824285880578458e-01
1.714242370605468750e+03 6.623613926513224897e+02 9.432754005350598714e-01
1.714263183593750000e+03 6.620389031403600484e+02 9.403301435889993565e-01
1.714283996582031250e+03 6.608162930107149577e+02 9.384157794238736638e-01
1.714304870605468750e+03 6.624921756290539179e+02 9.406268110289517370e-01
1.714325683593750000e+03 6.609481645444886908e+02 9.392192969910014844e-01
1.714346496582031250e+03 6.621259876278539878e+02 9.396142325779659465e-01
1.714367370605468750e+03 6.625410902020440744e+02 9.384055850114828567e-01
1.714388183593750000e+03 6.612459871650509058e+02 9.389951862703381780e-01
1.714408996582031250e+03 6.625851775901483052e+02 9.400491073138305120e-01
1.714429870605468750e+03 6.615147603464546364e+02 9.410200791116956065e-01
1.714450683593750000e+03 6.631561063581176541e+02 9.428249132491697271e-01
1.714471496582031250e+03 6.622588072728268571e+02 9.455153192522767203e-01
1.714492370605468750e+03 6.627594712848527934e+02 9.492334749312005826e-01
1.714513183593750000e+03 6.616058881096806772e+02 9.464474949911346746e-01
1.714533996582031250e+03 6.621193828870948437e+02 9.464064329442223311e-01
1.714554870605468750e+03 6.624205487895270608e+02 9.482654446893649114e-01
1.714575683593750000e+03 6.609326714980284123e+02 9.496263170633626460e-01
1.714596496582031250e+03 6.627941371498779972e+02 9.500366894011743613e-01
1.714617370605468750e+03 6.624554117160165561e+02 9.504594269169363008e-01
1.714638183593750000e+03 6.630100790325185471e+02 9.525864752615677000e-01
1.714658996582031250e+03 6.619766422738114215e+02 9.519669423374341743e-01
1.714679870605468750e+03 6.607771509892160111e+02 9.498472291682199531e-01
1.714700683593750000e+03 6.614719840353742484e+02 9.525995213037473652e-01
1.714721496582031250e+03 6.611465947767536591e+02 9.510935412350759455e-01
1.714742370605468750e+03 6.619085553649161966e+02 9.516515129561957664e-01
1.714763183593750000e+03 6.623413795347840960e+02 9.546287743320355235e-01
1.714783996582031250e+03 6.607955577363867405e+02 9.557541714895795293e-01
1.714804870605468750e+03 6.614520393884506575e+02 9.584277804453694705e-01
1.714825683593750000e+03 6.612728371894422708e+02 9.587348566761739743e-01
1.714846496582031250e+03 6.620257342415191033e+02 9.629897555997707359e-01
1.714867370605468750e+03 6.619057976886604138e+02 9.599545110912341972e-01
1.714888183593750000e+03 6.607596473393443830e+02 9.584864238420300886e-01
1.714908996582031250e+03 6.617655959375366592e+02 9.607757184062790667e-01
1.714929870605468750e+03 6.627625320977684851e+02 9.580493416373763171e-01
1.714950683593750000e+03 6.628020428636992847e+02 9.561822979465961492e-01
1.714971496582031250e+03 6.610997978805548883e+02 9.517803086930185508e-01
1.714992370605468750e+03 6.620561032865142579e+02 9.540607986410035712e-01
1.715013183593750000e+03 6.620668938813583964e+02 9.517762694124084488e-01
1.715033996582031250e+03 6.616264769246014339e+02 9.507163208205486882e-01
1.715054870605468750e+03 6.623536076072770129e+02 9.503365046170495489e-01
1.715075683593750000e+03 6.616023859341649995e+02 9.508373134261157711e-01
1.715096496582031250e+03 6.611186938827725044e+02 9.524435515209934699e-01
1.715117370605468750e+03 6.615445587521011248e+02 9.547619130404455534e-01
1.715138183593750000e+03 6.614316684272532711e+02 9.558638322770706131e-01
1.715158996582031250e+03 6.614862556172952281e+02 9.563706589913011369e-01
1.715179870605468750e+03 6.596598129129406516e+02 9.586310269818800744e-01
1.715200683593750000e+03 6.626001624556183742e+02 9.552558780320595799e-01
1.715221496582031250e+03 6.620197490822672535e+02 9.540833204979493054e-01
1.715242370605468750e+03 6.619421604097836962e+02 9.507897645417041632e-01
1.715263183593750000e+03 6.615172716654274154e+02 9.479025675525052375e-01
1.715283996582031250e+03 6.629423689431089315e+02 9.463071713127163553e-01
1.715304870605468750e+03 6.621360711046841061e+02 9.449644157229278862e-01
1.715325683593750000e+03 6.634648550006617143e+02 9.446160138813179952e-01
1.715346496582031250e+03 6.609651488428529547e+02 9.440060880715235303e-01
1.715367370605468750e+03 6.621042499144839439e+02 9.439456926278363413e-01
1.715388183593750000e+03 6.616734010665777532e+02 9.454538223936577168e-01
1.715408996582031250e+03 6.615976524220282045e+02 9.465808713735253122e-01
1.715429870605468750e+03 6.614851369397617873e+02 9.466988352449979827e-01
1.715450683593750000e+03 6.618340478853911009e+02 9.497799882103177271e-01
1.715471496582031250e+03 6.626559062673569542e+02 9.535651832088262170e-01
1.715492370605468750e+03 6.613033279141895946e+02 9.539003501665900275e-01
1.715513183593750000e+03 6.610441317926515694e+02 9.562902579216914223e-01
1.715533996582031250e+03 6.623667567390876911e+02 9.575359959721126968e-01
1.715554870605468750e+03 6.613231977581187948e+02 9.588027751079561956e-01
1.715575683593750000e+03 6.609115041173454301e+02 9.618496790992918655e-01
1.715596496582031250e+03 6.618786704772589928e+02 9.596146262550915296e-01
1.715617370605468750e+03 6.616445856980571989e+02 9.612901242219414888e-01
1.715638183593750000e+03 6.618253482535004650e+02 9.607068226899689867e-01
1.715679870605468750e+03 6.634223943316849272e+02 9.587966206839970695e-01
1.715700683593750000e+03 6.616732826855200074e+02 9.602928790723728181e-01
1.715721496582031250e+03 6.629960702054634112e+02 9.599487055545402603e-01
1.715742370605468750e+03 6.629619604018796508e+02 9.592130120418498329e-01
1.715763183593750000e+03 6.627225423910816744e+02 9.632512282050089691e-01
1.715783996582031250e+03 6.597248643722756469e+02 9.642309489921137011e-01
1.715804870605468750e+03 6.623700823608930932e+02 9.704254182972625875e-01
1.715825683593750000e+03 6.626479725084514030e+02 9.653317842690629647e-01
1.715846496582031250e+03 6.620727890523108954e+02 9.680588933490973380e-01
1.715867370605468750e+03 6.624448468179344900e+02 9.678331466408793826e-01
1.715888183593750000e+03 6.620925796256282183e+02 9.678601515767936148e-01
1.715908996582031250e+03 6.606707895739950800e+02 9.657564055279508342e-01
1.715929870605468750e+03 6.619330822992671983e+02 9.664709601482317503e-01
1.715950683593750000e+03 6.612075487239320637e+02 9.621092622472686706e-01
1.715971496582031250e+03 6.612355094345563202e+02 9.592320264216580572e-01
1.715992370605468750e+03 6.622561445931391972e+02 9.583599598267772413e-01
1.716013183593750000e+03 6.614899905370882607e+02 9.574921101675838431e-01
1.716033996582031250e+03 6.615845427449804674e+02 9.564545119756329150e-01
1.716054870605468750e+03 6.629000399315867753e+02 9.597801123563183268e-01
1.716075683593750000e+03 6.606520726448981122e+02 9.591714090041694174e-01
1.716096496582031250e+03 6.611092271393150668e+02 9.586806428135469238e-01
1.716117370605468750e+03 6.608552040427622387e+02 9.612144753349191051e-01
1.716138183593750000e+03 6.620890677683564718e+02 9.633336160476779764e-01
1.716158996582031250e+03 6.615284017379835859e+02 9.636531387319946518e-01
1.716179870605468750e+03 6.612558318898537664e+02 9.644131027575985060e-01
1.716200683593750000e+03 6.623075317078721582e+02 9.664217134316357427e-01
1.716221496582031250e+03 6.609271350000325356e+02 9.625261402296070301e-01
1.716242370605468750e+03 6.611047115342563529e+02 9.599146788153432031e-01
1.716263183593750000e+03 6.613481276110865110e+02 9.581197037522463100e-01
1.716283996582031250e+03 6.626504199690181167e+02 9.550291957686465327e-01
1.716304870605468750e+03 6.629223979220766978e+02 9.532126714689383995e-01
1.716325683593750000e+03 6.609467377065892606e+02 9.505219481300540840e-01
1.716346496582031250e+03 6.622898743379307689e+02 9.498412677263698978e-01
1.716367370605468750e+03 6.619469844433962180e+02 9.511556761065281806e-01
1.716388183593750000e+03 6.620048664185302414e+02 9.502199959758850234e-01
1.716408996582031250e+03 6.610925245148174554e+02 9.522755699380137662e-01
1.716429870605468750e+03 6.602853147752307450e+02 9.524205841038181353e-01
1.716450683593750000e+03 6.615747309431372969e+02 9.549675625889481045e-01
1.716471496582031250e+03 6.626292990930567157e+02 9.591229060973099907e-01
1.716492370605468750e+03 6.630213860373929720e+02 9.635678399457582310e-01
1.716513183593750000e+03 6.608999339682976597e+02 9.638160452372130926e-01
1.716533996582031250e+03 6.610991942072605525e+02 9.682835409578384178e-01
1.716554870605468750e+03 6.597052009103284718e+02 9.700558690076176438e-01
1.716575683593750000e+03 6.620322239120986296e+02 9.729836460613184856e-01
1.716596496582031250e+03 6.624405388150250928e+02 9.721845532491886210e-01
1.716617370605468750e+03 6.621632389617576564e+02 9.731599047604969632e-01
1.716638183593750000e+03 6.625192875660768550e+02 9.730309986241958420e-01
1.716658996582031250e+03 6.608992395628730492e+02 9.737218511917619113e-01
1.716679870605468750e+03 6.610401795383627359e+02 9.721701759455104730e-01
1.716700683593750000e+03 6.603293029055457737e+02 9.735088977377707176e-01
1.716721496582031250e+03 6.627867211271693577e+02 9.734825393274693095e-01
1.716742370605468750e+03 6.619749358194112574e+02 9.749137693566926055e-01
1.716763183593750000e+03 6.609609617624292923e+02 9.775503731453385470e-01
1.716783996582031250e+03 6.599722420741024962e+02 9.761860846820548110e-01
1.716804870605468750e+03 6.623070783343912353e+02 9.801446143319705318e-01
1.716825683593750000e+03 6.609188140555008886e+02 9.788025151824905068e-01
1.716846496582031250e+03 6.604386606246450810e+02 9.796015639388815366e-01
1.716867370605468750e+03 6.615842386862984768e+02 9.813153081165804092e-01
1.716888183593750000e+03 6.613810901884216946e+02 9.818407770769489451e-01
1.716908996582031250e+03 6.613340264353134899e+02 9.814992102252039219e-01
1.716929870605468750e+03 6.605381908863565741e+02 9.801044471219477749e-01
1.716950683593750000e+03 6.613673016085338077e+02 9.764245202816347335e-01
1.716971496582031250e+03 6.624845595567185228e+02 9.766724181304246022e-01
1.716992370605468750e+03 6.623338827473962738e+02 9.742748167887193000e-01
1.717013183593750000e+03 6.615846537933646232e+02 9.701374024968618670e-01
1.717033996582031250e+03 6.607795999998273828e+02 9.717963833918440431e-01
1.717054870605468750e+03 6.613722777515667985e+02 9.697950632846461527e-01
1.717075683593750000e+03 6.598832652655123638e+02 9.696997324755625147e-01
1.717096496582031250e+03 6.611873825028527563e+02 9.726244756571934547e-01
1.717117370605468750e+03 6.621247342687730679e+02 9.749987174294667547e-01
1.717138183593750000e+03 6.633145820381992053e+02 9.762570323031418695e-01
1.717158996582031250e+03 6.601152146398977720e+02 9.773667342717923257e-01
1.717179870605468750e+03 6.632237660763313443e+02 9.793488995762887894e-01
1.717200683593750000e+03 6.611401552680694067e+02 9.794742966726627253e-01
1.717221496582031250e+03 6.617917190419605049e+02 9.771890690141017410e-01
1.717242370605468750e+03 6.598576707477312766e+02 9.748303424728235189e-01
1.717263183593750000e+03 6.616615029941616513e+02 9.721496059153038605e-01
1.717283996582031250e+03 6.606925117049805749e+02 9.692380967608451581e-01
1.717304870605468750e+03 6.620681415853504177e+02 9.679101256566770006e-01
1.717325683593750000e+03 6.611492644725457239e+02 9.629938097405257302e-01
1.717346496582031250e+03 6.606393652698741334e+02 9.621554463948867042e-01
1.717367370605468750e+03 6.621096110116526461e+02 9.618346205694874307e-01
1.717388183593750000e+03 6.617870214457658449e+02 9.610919983261336785e-01
1.717408996582031250e+03 6.620895827334888963e+02 9.623879751432461438e-01
1.717429870605468750e+03 6.620754727500357149e+02 9.647611513187774879e-01
1.717450683593750000e+03 6.624008255930160658e+02 9.674683060001380008e-01
1.717471496582031250e+03 6.615359944623221509e+02 9.693301832315384114e-01
1.717492370605468750e+03 6.617082030291875299e+02 9.727714194628526156e-01
1.717513183593750000e+03 6.609672758809115294e+02 9.764360269665908199e-01
1.717533996582031250e+03 6.618730305763756405e+02 9.803139005778080950e-01
1.717554870605468750e+03 6.606130406107306499e+02 9.835416202805070673e-01
1.717575683593750000e+03 6.614914633272595665e+02 9.859653825641022662e-01
1.717596496582031250e+03 6.608259414030497965e+02 9.886721414711124867e-01
1.717617370605468750e+03 6.603850569606920544e+02 9.894280395460353095e-01
1.717638183593750000e+03 6.610089062922530729e+02 9.887931312287742136e-01
1.717658996582031250e+03 6.622139813907448342e+02 9.909295946549938616e-01
1.717679870605468750e+03 6.622044048197615211e+02 9.881601975679015215e-01
1.717700683593750000e+03 6.608497347445500054e+02 9.888526862699418274e-01
1.717721496582031250e+03 6.615422865585165937e+02 9.901209960074434102e-01
1.717742370605468750e+03 6.621852467700385887e+02 9.922010766249391711e-01
1.717763183593750000e+03 6.610788090624939741e+02 9.929054246064070721e-01
1.717783996582031250e+03 6.630620462956895835e+02 9.938511754959737932e-01
1.717804870605468750e+03 6.615772112061864618e+02 9.956822461602677921e-01
1.717825683593750000e+03 6.610287234416372257e+02 9.971547179779541858e-01
1.717846496582031250e+03 6.617357378326067874e+02 1.000542493536416666e+00
1.717867370605468750e+03 6.626710533497448523e+02 9.993787862528253907e-01
1.717888183593750000e+03 6.627184860147614245e+02 9.991396540876361643e-01
1.717908996582031250e+03 6.630198772433406020e+02 9.994528883116188256e-01
1.717929870605468750e+03 6.618223671289664480e+02 9.968633633116765758e-01
1.717950683593750000e+03 6.615649199714277984e+02 9.945714949910245961e-01
1.717971496582031250e+03 6.601281831898073733e+02 9.910390319586045438e-01
1.717992370605468750e+03 6.611953489992223467e+02 9.881589911910142465e-01
1.718013183593750000e+03 6.610783695015643389e+02 9.868654505996652393e-01
1.718033996582031250e+03 6.610617124592513392e+02 9.850652787318396886e-01
1.718054870605468750e+03 6.608802445159165018e+02 9.870273340125496064e-01
1.718075683593750000e+03 6.611746664937105606e+02 9.870514285458746873e-01
1.718096496582031250e+03 6.615950584754299371e+02 9.898727629518623283e-01
1.718117370605468750e+03 6.614585357822734295e+02 9.904350664266929893e-01
1.718138183593750000e+03 6.617898160315502309e+02 9.936202810302350308e-01
1.718158996582031250e+03 6.617718884206558414e+02 9.969950170229830988e-01
1.718179870605468750e+03 6.599294443644799912e+02 9.981353183086401071e-01
1.718200683593750000e+03 6.612936744871404926e+02 9.996199481698601064e-01
1.718221496582031250e+03 6.618701802159069985e+02 9.981575025546611801e-01
1.718242370605468750e+03 6.629011475126897039e+02 9.974390257936003312e-01
1.718263183593750000e+03 6.618567737917292106e+02 9.940754807268378235e-01
1.718283996582031250e+03 6.624032115745253577e+02 9.931994706615276947e-01
1.718304870605468750e+03 6.619147137265547371e+02 9.908050758518247569e-01
1.718325683593750000e+03 6.605380713202997640e+02 9.871423967134428379e-01
1.718346496582031250e+03 6.609958225173282926e+02 9.839854302122387208e-01
1.718367370605468750e+03 6.609165514081242918e+02 9.865033588922609287e-01
1.718388183593750000e+03 6.618639642790340076e+02 9.833142150755325162e-01
1.718408996582031250e+03 6.609004664785900331e+02 9.850403187337548605e-01
1.718429870605468750e+03 6.608314060873915423e+02 9.875022320782508300e-01
1.718450683593750000e+03 6.613040473164244304e+02 9.910996548426980191e-01
1.718471496582031250e+03 6.619381579414051657e+02 9.951173072942151032e-01
1.718492370605468750e+03 6.625369997179093389e+02 1.000054477161444133e+00
1.718513183593750000e+03 6.615652932252216942e+02 1.003981353681603128e+00
1.718533996582031250e+03 6.622546092856018731e+02 1.008960218210538606e+00
1.718554870605468750e+03 6.612169684400627148e+02 1.012700903940536579e+00
1.718575683593750000e+03 6.614062851962087279e+02 1.016880491836245293e+00
1.718596496582031250e+03 6.617439460302189218e+02 1.018328428511557915e+00
1.718617370605468750e+03 6.627351876648546067e+02 1.019508624647926354e+00
1.718638183593750000e+03 6.612173387229264563e+02 1.019000386553420512e+00
1.718658996582031250e+03 6.605888177124410277e+02 1.018681021853437008e+00
1.718679870605468750e+03 6.611996973608083863e+02 1.017959962398515383e+00
1.718700683593750000e+03 6.631666910945006066e+02 1.020220994570216089e+00
1.718721496582031250e+03 6.611986925687962184e+02 1.019044372528381537e+00
1.718742370605468750e+03 6.627630063218144869e+02 1.018960727357882456e+00
1.718763183593750000e+03 6.642649399980706448e+02 1.021125569975104730e+00
1.718783996582031250e+03 6.611784975722630406e+02 1.023017272870517358e+00
1.718804870605468750e+03 6.624096153931651543e+02 1.025463225201440176e+00
1.718825683593750000e+03 6.612781839569724980e+02 1.028984065723032471e+00
1.718846496582031250e+03 6.622826198447573915e+02 1.030805087204956116e+00
1.718867370605468750e+03 6.632280462768994767e+02 1.033069623604210507e+00
1.718888183593750000e+03 6.609875140633934052e+02 1.035644531250000000e+00
1.718908996582031250e+03 6.613297209903786325e+02 1.036256198565415954e+00
1.718929870605468750e+03 6.631852114921597376e+02 1.032834309911786930e+00
1.718950683593750000e+03 6.614643363643510838e+02 1.031451812417386371e+00
1.718971496582031250e+03 6.626883363735327066e+02 1.028435942406113801e+00
1.718992370605468750e+03 6.614848748367456892e+02 1.035135751197388876e+00
1.719013183593750000e+03 6.625257852620405856e+02 1.023358349251009214e+00
1.719033996582031250e+03 6.618635984731791950e+02 1.023703795288151586e+00
1.719054870605468750e+03 6.600867875053469334e+02 1.021696808937169410e+00
1.719075683593750000e+03 6.607073987259517480e+02 1.023021933945990503e+00
1.719096496582031250e+03 6.605518016826755456e+02 1.024124613727025013e+00
1.719117370605468750e+03 6.608109057065018987e+02 1.028834838242766336e+00
1.719138183593750000e+03 6.627959403729689711e+02 1.034138938958341969e+00
1.719158996582031250e+03 6.617251550267803850e+02 1.034239914016655160e+00
1.719179870605468750e+03 6.617063572856263818e+02 1.035978343497930609e+00
1.719200683593750000e+03 6.612771220171468940e+02 1.037003046537097628e+00
1.719221496582031250e+03 6.620831348169479043e+02 1.037112708364758440e+00
1.719242370605468750e+03 6.624191573930877439e+02 1.034795388714956133e+00
1.719263183593750000e+03 6.622236745798511492e+02 1.033047698648864809e+00
1.719283996582031250e+03 6.622153396794088849e+02 1.031399860474978558e+00
1.719304809570312500e+03 6.629006457782585358e+02 1.027254688188183440e+00
1.719325622558593750e+03 6.621627023164019192e+02 1.024141317156782582e+00
1.719346496582031250e+03 6.627553850800054533e+02 1.024032478067062879e+00
1.719367309570312500e+03 6.613095669735077990e+02 1.021439560441422145e+00
1.719388122558593750e+03 6.619146690660427339e+02 1.022514451164963534e+00
1.719408996582031250e+03 6.622323980965581995e+02 1.024140618760995602e+00
1.719429809570312500e+03 6.616634800737840578e+02 1.026808624722793661e+00
1.719450622558593750e+03 6.629704098409886228e+02 1.031242948565795015e+00
1.719471496582031250e+03 6.600489426690454593e+02 1.030330884154498472e+00
1.719492309570312500e+03 6.602817854616318982e+02 1.037096156379095913e+00
1.719513122558593750e+03 6.620643535511549089e+02 1.040390714556724605e+00
1.719533996582031250e+03 6.601247730791699269e+02 1.042758591870085905e+00
1.719554809570312500e+03 6.615363534464765962e+02 1.046891568180897680e+00
1.719575622558593750e+03 6.622982043268880261e+02 1.052172565767753198e+00
1.719596496582031250e+03 6.598656122389760412e+02 1.053567645040742962e+00
1.719617309570312500e+03 6.618240859173375839e+02 1.056352840586132880e+00
1.719638122558593750e+03 6.608511753072791635e+02 1.056494739777540159e+00
1.719658996582031250e+03 6.610277092286725065e+02 1.057032824372037494e+00
1.719679809570312500e+03 6.598100654338892355e+02 1.057321889410908655e+00
1.719700622558593750e+03 6.604751645923084880e+02 1.057950264145694597e+00
1.719721496582031250e+03 6.621773911378238608e+02 1.060100538776031609e+00
1.719742309570312500e+03 6.612570382747621807e+02 1.061191931709621672e+00
1.719763122558593750e+03 6.601412490415539196e+02 1.063795421988814605e+00
1.719783996582031250e+03 6.608664260204699303e+02 1.065793766294414802e+00
1.719804809570312500e+03 6.615024161234464373e+02 1.068915018648767701e+00
1.719825622558593750e+03 6.610637015348803516e+02 1.078379172618960880e+00
1.719846496582031250e+03 6.613299581937741323e+02 1.074306969921515531e+00
1.719867309570312500e+03 6.607647316643217437e+02 1.077330697515146207e+00
1.719888122558593750e+03 6.616955004291246496e+02 1.077405827914292402e+00
1.719929809570312500e+03 6.621642549121054344e+02 1.077390337539096077e+00
1.719950622558593750e+03 6.612281618117542621e+02 1.077009425526694208e+00
1.719971496582031250e+03 6.609085602301153131e+02 1.072309482698952987e+00
1.719992309570312500e+03 6.615586896142335718e+02 1.070104481328705504e+00
1.720013122558593750e+03 6.604930186242042964e+02 1.067996617297555462e+00
1.720033996582031250e+03 6.630385459838323641e+02 1.064371816347012167e+00
1.720054809570312500e+03 6.607741983855502212e+02 1.067215776417948181e+00
1.720075622558593750e+03 6.612410996523556150e+02 1.061923992874613143e+00
1.720096496582031250e+03 6.605767263302810761e+02 1.062506900091766404e+00
1.720117309570312500e+03 6.619747855874594507e+02 1.065656685008518512e+00
1.720138122558593750e+03 6.619478007379864266e+02 1.067141157403519891e+00
1.720158996582031250e+03 6.613805876516954640e+02 1.070087102838567006e+00
1.720179809570312500e+03 6.608415818536977895e+02 1.074881331968904563e+00
1.720200622558593750e+03 6.610386022378618236e+02 1.077109812565359981e+00
1.720221496582031250e+03 6.610797766534809625e+02 1.077397584849501433e+00
1.720242309570312500e+03 6.612388443483059746e+02 1.076800707857514361e+00
1.720263122558593750e+03 6.611411893440044878e+02 1.075787761283456101e+00
1.720283996582031250e+03 6.613397177117266210e+02 1.073031181717838844e+00
1.720304809570312500e+03 6.600392404341193924e+02 1.076431160100213891e+00
1.720325622558593750e+03 6.619405965306508506e+02 1.064879053976163004e+00
1.720346496582031250e+03 6.612692578766374254e+02 1.064119563204107832e+00
1.720367309570312500e+03 6.631073216355839577e+02 1.061491992979536336e+00
1.720388122558593750e+03 6.613559064251458040e+02 1.061202378838953964e+00
1.720408996582031250e+03 6.596514682811126704e+02 1.063063976727516957e+00
1.720429809570312500e+03 6.621349842633542266e+02 1.064540754438463299e+00
1.720450622558593750e+03 6.616506978486223716e+02 1.067559593198959433e+00
1.720471496582031250e+03 6.605624527972545366e+02 1.070906147293370525e+00
1.720492309570312500e+03 6.617254135048566468e+02 1.076494947287842452e+00
1.720513122558593750e+03 6.619271519283034877e+02 1.081602596938384453e+00
1.720533996582031250e+03 6.615290840736386144e+02 1.089034460245876357e+00
1.720554809570312500e+03 6.620192300909300229e+02 1.098673718856504555e+00
1.720575622558593750e+03 6.610804085354152448e+02 1.103636878449692826e+00
1.720596496582031250e+03 6.616042032983223180e+02 1.112718942078941842e+00
1.720617309570312500e+03 6.606412160012976074e+02 1.118253346172727314e+00
1.720638122558593750e+03 6.605161525810810872e+02 1.121983404421002417e+00
1.720658996582031250e+03 6.609374720415655702e+02 1.126172778988944190e+00
1.720679809570312500e+03 6.603918860134315310e+02 1.128781216042952451e+00
1.720700622558593750e+03 6.614732841652112256e+02 1.131012216098963297e+00
1.720721496582031250e+03 6.597816299203313974e+02 1.129308345159802052e+00
1.720742309570312500e+03 6.614683714136942854e+02 1.136069987676423532e+00
1.720763122558593750e+03 6.593336370406366314e+02 1.137909308351191751e+00
1.720783996582031250e+03 6.610735872324080447e+02 1.141169431167610826e+00
1.720804809570312500e+03 6.607863010055530140e+02 1.144541248889770824e+00
1.720825622558593750e+03 6.600683565287654346e+02 1.146238804370447228e+00
1.720846496582031250e+03 6.618393292047635441e+02 1.151227248523072566e+00
1.720867309570312500e+03 6.609477515451776526e+02 1.152967226146596191e+00
1.720888122558593750e+03 6.618749877575826304e+02 1.158130662783814824e+00
1.720908996582031250e+03 6.606202048488589753e+02 1.153145307656705754e+00
1.720929809570312500e+03 6.616373666527417754e+02 1.152133004265754268e+00
1.720950622558593750e+03 6.608602827975050786e+02 1.154531232405618724e+00
1.720971496582031250e+03 6.626216332766264259e+02 1.145767793803971646e+00
1.720992309570312500e+03 6.604023868139493061e+02 1.143265476678446246e+00
1.721013122558593750e+03 6.614578598179762139e+02 1.139026409985050670e+00
1.721033996582031250e+03 6.632189207531428110e+02 1.136740195999503156e+00
1.721054809570312500e+03 6.610148623611987659e+02 1.135156613354450839e+00
1.721075622558593750e+03 6.612382405363778162e+02 1.137549971436533802e+00
1.721096496582031250e+03 6.614002248888818940e+02 1.135719673018860787e+00
1.721117309570312500e+03 6.609543821446816310e+02 1.137619395854304827e+00
1.721138122558593750e+03 6.626839405280204574e+02 1.142311573725925511e+00
1.721158996582031250e+03 6.628917308566394695e+02 1.147219420643347254e+00
1.721179809570312500e+03 6.609323378675310323e+02 1.150799871165852029e+00
1.721200622558593750e+03 6.606726797033195453e+02 1.152870549193063754e+00
1.721221496582031250e+03 6.621255761285449353e+02 1.155979846633475638e+00
1.721242309570312500e+03 6.609528645983577917e+02 1.157691006071147166e+00
1.721263122558593750e+03 6.613074727503990289e+02 1.159771788115939506e+00
1.721283996582031250e+03 6.623531105655824831e+02 1.154936069684371569e+00
1.721304809570312500e+03 6.602860727546533326e+02 1.150507818965544660e+00
1.721325622558593750e+03 6.616599246698954175e+02 1.146263348201127963e+00
1.721346496582031250e+03 6.625141483047057136e+02 1.142347941891181273e+00
1.721367309570312500e+03 6.606204263131639891e+02 1.136599400078385003e+00
1.721388122558593750e+03 6.621778042457588072e+02 1.133254865893847496e+00
1.721408996582031250e+03 6.636031077811237537e+02 1.131220573759146086e+00
1.721429809570312500e+03 6.615969066499455948e+02 1.132422070800932712e+00
1.721450622558593750e+03 6.602149736374822169e+02 1.132149811637804371e+00
1.721471496582031250e+03 6.642329631442969458e+02 1.137493014052181728e+00
1.721492309570312500e+03 6.621906485447104842e+02 1.144817225431542518e+00
1.721513122558593750e+03 6.598683901926783619e+02 1.151069168982040702e+00
1.721533996582031250e+03 6.627754970883679562e+02 1.160934341446903995e+00
1.721554809570312500e+03 6.601702643067819736e+02 1.170693984964946033e+00
1.721575622558593750e+03 6.604565588338784892e+02 1.181251651015969628e+00
1.721596496582031250e+03 6.608694266680709006e+02 1.192607986471177606e+00
1.721617309570312500e+03 6.601362388982636276e+02 1.202748772391575072e+00
1.721638122558593750e+03 6.600768640279648025e+02 1.212424761610603419e+00
1.721658996582031250e+03 6.608419890696397943e+02 1.219480491231892616e+00
1.721679809570312500e+03 6.615533727524637015e+02 1.224040408798218849e+00
1.721700622558593750e+03 6.614689899178522410e+02 1.228032343040892593e+00
1.721721496582031250e+03 6.607395436585800326e+02 1.231333498374571178e+00
1.721742309570312500e+03 6.587289601148440852e+02 1.231900692869719816e+00
1.721763122558593750e+03 6.610203886524720929e+02 1.237534884722138129e+00
1.721783996582031250e+03 6.604898012404398742e+02 1.237334265351629492e+00
1.721804809570312500e+03 6.605601557574359504e+02 1.242473113615319091e+00
1.721825622558593750e+03 6.615287059611232507e+02 1.244281515291439044e+00
1.721846496582031250e+03 6.603906050010687068e+02 1.248016834643723039e+00
1.721867309570312500e+03 6.613703052047094388e+02 1.253008702463311419e+00
1.721888122558593750e+03 6.610853179187695332e+02 1.256635174133222899e+00
1.721908996582031250e+03 6.614509394543006238e+02 1.259326947149748355e+00
1.721929809570312500e+03 6.614832331382017401e+02 1.256300687004593186e+00
1.721950622558593750e+03 6.626668815814184654e+02 1.253525625672215371e+00
1.721971496582031250e+03 6.601463305638362726e+02 1.249058702819564992e+00
1.721992309570312500e+03 6.605003813902039838e+02 1.247242078549907207e+00
1.722013122558593750e+03 6.617868811920436656e+02 1.244854684721595550e+00
1.722033996582031250e+03 6.622639369354697010e+02 1.242102374153027267e+00
1.722054809570312500e+03 6.617776481110286113e+02 1.241290794462825309e+00
1.722075622558593750e+03 6.622465599914876293e+02 1.244604578150819485e+00
1.722096496582031250e+03 6.630068363007255812e+02 1.243865601041112878e+00
1.722117309570312500e+03 6.624093193041119321e+02 1.246242980631169228e+00
1.722138122558593750e+03 6.613586609574938393e+02 1.249181384016240237e+00
1.722158996582031250e+03 6.612108627281513691e+02 1.255517370188153681e+00
1.722179809570312500e+03 6.619808469073204833e+02 1.258886080510829508e+00
1.722200622558593750e+03 6.626542570152364533e+02 1.262541181062657225e+00
1.722221496582031250e+03 6.610848812560386705e+02 1.265887150870854461e+00
1.722242309570312500e+03 6.624145090573604193e+02 1.267536415389587168e+00
1.722263122558593750e+03 6.624242720546390046e+02 1.265460721880788730e+00
1.722283996582031250e+03 6.612506642978501077e+02 1.262127742084684145e+00
1.722304809570312500e+03 6.607138250274233542e+02 1.259018408788454835e+00
1.722325622558593750e+03 6.615655484932030959e+02 1.252028345475754811e+00
1.722346496582031250e+03 6.603272849473842143e+02 1.243950462480384989e+00
1.722367309570312500e+03 6.615927154901298763e+02 1.236321809339738342e+00
1.722388122558593750e+03 6.604352343007869877e+02 1.229118211513127834e+00
1.722408996582031250e+03 6.610902933487741393e+02 1.223305234421777854e+00
1.722429809570312500e+03 6.603344619745030286e+02 1.218049508305357076e+00
1.722450622558593750e+03 6.621121877133464295e+02 1.217160827187770300e+00
1.722471496582031250e+03 6.610765687218220137e+02 1.216627473504728663e+00
1.722492309570312500e+03 6.622475577645859630e+02 1.222501166017440521e+00
1.722513122558593750e+03 6.596635299985775873e+02 1.231496472547638943e+00
1.722533996582031250e+03 6.608045854722140575e+02 1.242801298686178724e+00
1.722554809570312500e+03 6.603959197150875298e+02 1.261210667022374610e+00
1.722575622558593750e+03 6.630442081940068419e+02 1.274818420569964639e+00
1.722596496582031250e+03 6.620555612539112644e+02 1.285184030899273022e+00
1.722617309570312500e+03 6.613365058926881375e+02 1.302611109264998790e+00
1.722638122558593750e+03 6.623528106360745369e+02 1.318357702183545088e+00
1.722658996582031250e+03 6.623405440568074027e+02 1.330475466359020142e+00
1.722679809570312500e+03 6.615795928031056974e+02 1.341245312998066819e+00
1.722700622558593750e+03 6.597324885081425236e+02 1.345564260640131460e+00
1.722721496582031250e+03 6.614944421551999767e+02 1.350614049567898434e+00
1.722742309570312500e+03 6.583203018586757480e+02 1.355777496441723740e+00
1.722763122558593750e+03 6.610203994922603670e+02 1.353965167190594343e+00
1.722783996582031250e+03 6.612111584954454884e+02 1.351141582942389840e+00
1.722804809570312500e+03 6.595793424077355667e+02 1.348634359371284397e+00
1.722825622558593750e+03 6.611306241936142669e+02 1.346552255644199336e+00
1.722846496582031250e+03 6.611537283615541583e+02 1.345951317653580004e+00
1.722867309570312500e+03 6.604578932855235962e+02 1.347580307741955696e+00
1.722888122558593750e+03 6.599903085890518923e+02 1.346507901748946745e+00
1.722908996582031250e+03 6.619899525313651338e+02 1.346855876813402464e+00
1.722929809570312500e+03 6.632573729906525841e+02 1.345218521362373076e+00
1.722950622558593750e+03 6.603302553539163000e+02 1.341799495866595304e+00
1.722971496582031250e+03 6.614390543021215763e+02 1.339120386000872243e+00
1.722992309570312500e+03 6.617717751691877766e+02 1.336113678318834541e+00
1.723013122558593750e+03 6.600532392885409081e+02 1.329378949775082974e+00
1.723033996582031250e+03 6.627003405491873309e+02 1.325760970131958594e+00
1.723054809570312500e+03 6.607226444132031702e+02 1.316597084226802883e+00
1.723075622558593750e+03 6.608315744312717470e+02 1.307380181870994917e+00
1.723096496582031250e+03 6.608914746579810071e+02 1.300635114829360894e+00
1.723117309570312500e+03 6.616911390300979292e+02 1.293511636862297864e+00
1.723138122558593750e+03 6.602155082686317655e+02 1.288989070766095812e+00
1.723158996582031250e+03 6.606084328904391896e+02 1.283642280018758797e+00
1.723179809570312500e+03 6.624809412695060473e+02 1.277875923566121674e+00
1.723200622558593750e+03 6.620178060449611621e+02 1.273791211390891576e+00
1.723221496582031250e+03 6.614976075525005399e+02 1.268492805081638641e+00
1.723242309570312500e+03 6.612615477468732479e+02 1.260903109586107629e+00
1.723263122558593750e+03 6.606629293334003705e+02 1.253714906347779046e+00
1.723283996582031250e+03 6.613626047497336913e+02 1.245230779515192676e+00
1.723304809570312500e+03 6.604298958622250666e+02 1.232910252939352747e+00
1.723325622558593750e+03 6.597134914218472659e+02 1.218176731363620480e+00
1.723346496582031250e+03 6.617217420772715286e+02 1.201838610688880316e+00
1.723367309570312500e+03 6.610822133666504214e+02 1.182713650361155722e+00
1.723388122558593750e+03 6.629019802808247732e+02 1.162520904763237217e+00
1.723408996582031250e+03 6.619065960015323071e+02 1.142971134248490506e+00
1.723429809570312500e+03 6.609136974882517279e+02 1.122204539319166416e+00
1.723450622558593750e+03 6.609750279778702406e+02 1.107470153079189057e+00
1.723471496582031250e+03 6.621349950462631568e+02 1.090656046165888071e+00
1.723492309570312500e+03 6.599281874601691698e+02 1.077377889754777884e+00
1.723513122558593750e+03 6.614620054074536029e+02 1.068054936914109021e+00
1.723533996582031250e+03 6.606694772560052797e+02 1.058622352804886813e+00
1.723554809570312500e+03 6.614870861764318306e+02 1.052871610228194754e+00
1.723575622558593750e+03 6.626828196330866376e+02 1.048018215610814208e+00
1.723596496582031250e+03 6.604038700668318143e+02 1.046938310673069417e+00
1.723617309570312500e+03 6.624518440451066681e+02 1.038852469649663268e+00
1.723638122558593750e+03 6.621121289844064677e+02 1.030873894742796670e+00
1.723658996582031250e+03 6.617747483210639530e+02 1.020633963494731455e+00
1.723679809570312500e+03 6.597579750344274316e+02 1.005475787750962136e+00
1.723700622558593750e+03 6.612822431334986959e+02 9.902053016141589836e-01
1.723721496582031250e+03 6.618670553436426189e+02 9.638879342827175734e-01
1.723742309570312500e+03 6.600112819962556614e+02 9.390391748359201429e-01
1.723763122558593750e+03 6.597992243823408671e+02 9.168554494550736900e-01
1.723783996582031250e+03 6.622379330121323164e+02 9.023787916901466755e-01
1.723804809570312500e+03 6.606161217349135768e+02 8.948820667246254468e-01
1.723825622558593750e+03 6.605561963801525280e+02 8.939340255254788481e-01
1.723846496582031250e+03 6.620849888692018794e+02 8.947570382561123026e-01
1.724971435546875000e+03 6.597588944304493452e+02 8.934338097030785075e-01
1.724992248535156250e+03 6.605277196272453466e+02 8.945700957680010612e-01
1.725013122558593750e+03 6.587343122132167537e+02 8.922358885568644205e-01
1.725033935546875000e+03 6.610197414022095472e+02 8.935498513679750454e-01
1.725054748535156250e+03 6.608227295141157356e+02 8.931837635716208812e-01
1.725075622558593750e+03 6.617455693582390950e+02 8.946963495209250272e-01
1.725096435546875000e+03 6.605214608502134297e+02 8.944695130745338174e-01
1.725117248535156250e+03 6.603281346224655408e+02 8.930610335382913600e-01
1.725138122558593750e+03 6.614880879570328034e+02 8.943983420705526877e-01
1.725158935546875000e+03 6.612625836349475321e+02 8.943205339546905774e-01
1.725179748535156250e+03 6.619695433924644021e+02 8.960939774849693285e-01
1.725200622558593750e+03 6.606407434054357282e+02 8.964379325588522907e-01
1.725221435546875000e+03 6.603948534967544219e+02 8.947171014011995327e-01
1.725242248535156250e+03 6.605894847703010555e+02 8.933783018361540762e-01
1.725263122558593750e+03 6.605952986672928091e+02 8.932833233459442912e-01
1.725283935546875000e+03 6.602702546302296014e+02 8.937517459558892430e-01
1.725304748535156250e+03 6.612540724152963776e+02 8.968916489388326641e-01
1.725325622558593750e+03 6.597695626318620725e+02 8.976993679915959978e-01
1.725346435546875000e+03 6.601864811287489374e+02 8.974663170787149369e-01
1.725367248535156250e+03 6.595031900973987149e+02 8.940580357397118760e-01
1.725388122558593750e+03 6.621072401508165512e+02 8.939698302407504960e-01
1.725408935546875000e+03 6.610869408700162921e+02 8.937599821800369382e-01
1.725429748535156250e+03 6.616165696021458871e+02 8.939453938446441095e-01
1.725450622558593750e+03 6.605341232416484445e+02 8.941928273332456767e-01
1.725471435546875000e+03 6.616317550574565303e+02 8.942694801552868444e-01
1.725492248535156250e+03 6.607001461279797923e+02 8.939277578859321505e-01
1.725513122558593750e+03 6.598412689270018063e+02 8.937885916320912338e-01
1.725533935546875000e+03 6.608047311877032826e+02 8.940432020902719934e-01
1.725554748535156250e+03 6.597093022461167493e+02 8.958874878298430655e-01
1.725575622558593750e+03 6.611893413129619148e+02 8.946967825506312311e-01
1.725596435546875000e+03 6.607765445430736690e+02 8.943011058614983577e-01
1.725617248535156250e+03 6.613435856741243697e+02 8.935134961582421598e-01
1.725638122558593750e+03 6.613873286478517457e+02 8.979189495815868005e-01
1.725658935546875000e+03 6.601103317142659535e+02 8.949264253178457196e-01
1.725679748535156250e+03 6.614592602801786825e+02 8.941165345872610359e-01
1.725700622558593750e+03 6.611095725443399260e+02 8.946617730879041774e-01
1.725721435546875000e+03 6.621046215690533927e+02 8.974167706037299297e-01
1.725742248535156250e+03 6.609054618543942752e+02 8.935042570297705433e-01
1.725763122558593750e+03 6.612156830672942078e+02 8.953105746742837656e-01
1.725783935546875000e+03 6.614346711004169492e+02 8.941379332095683585e-01
1.725804748535156250e+03 6.608800376445835809e+02 8.945384462558521044e-01
1.725825622558593750e+03 6.604120804052474796e+02 8.949328191679946087e-01
1.725846435546875000e+03 6.613009189220488224e+02 8.939058874803303967e-01
1.725867248535156250e+03 6.609978927606199477e+02 8.953040170850209423e-01
1.725888122558593750e+03 6.623063730930788324e+02 8.949698160185739493e-01
1.725908935546875000e+03 6.607722129547516943e+02 8.943252659477763933e-01
1.725971435546875000e+03 6.609202809969769987e+02 8.959311978903859996e-01
1.725992248535156250e+03 6.616142159256183959e+02 8.973174037449956897e-01
1.726013122558593750e+03 6.617456914894469264e+02 8.985318673372892917e-01
1.726033935546875000e+03 6.613660008879005545e+02 9.002060773474415134e-01
1.726054748535156250e+03 6.616863279285694261e+02 8.999229755820429277e-01
1.726075622558593750e+03 6.614907602469888843e+02 9.011060474893445305e-01
1.726096435546875000e+03 6.609350985873958280e+02 9.019351711278812411e-01
1.726117248535156250e+03 6.619022584815247683e+02 9.037256929286603402e-01
1.726138122558593750e+03 6.605504200069105991e+02 9.089496128859750890e-01
1.726158935546875000e+03 6.611028343423586193e+02 9.039462833227064342e-01
1.726179748535156250e+03 6.622805933805229870e+02 9.046477590736511365e-01
1.726200622558593750e+03 6.608813111767406099e+02 9.041641830082077780e-01
1.726221435546875000e+03 6.595378361660830251e+02 9.045814741921761604e-01
1.726242248535156250e+03 6.605760221797283975e+02 9.083980884276567913e-01
1.726263122558593750e+03 6.615382550084659670e+02 9.072325740159247198e-01
1.726283935546875000e+03 6.616300250115215249e+02 9.088741981608788878e-01
1.726304748535156250e+03 6.607018018294779722e+02 9.087037378260519604e-01
1.726325622558593750e+03 6.615047802222651399e+02 9.110812615206144160e-01
1.726346435546875000e+03 6.615625567613002431e+02 9.155054033829358451e-01
1.726367248535156250e+03 6.621599610584810307e+02 9.147395373504794147e-01
1.726388122558593750e+03 6.617492863127600913e+02 9.140341338622400835e-01
1.726408935546875000e+03 6.616843633847237243e+02 9.139898548439640003e-01
1.726429748535156250e+03 6.614478506306174950e+02 9.144021731737133063e-01
1.726450622558593750e+03 6.608360731291251113e+02 9.154371700383936439e-01
1.726471435546875000e+03 6.621269976318433237e+02 9.188653665887899225e-01
1.726492248535156250e+03 6.613722116116915686e+02 9.168836958043123930e-01
1.726513122558593750e+03 6.619027414507123694e+02 9.171968826775827033e-01
1.726533935546875000e+03 6.622781897239840418e+02 9.195061977606985293e-01
1.726554748535156250e+03 6.603789424641981896e+02 9.202147582502546719e-01
1.726575622558593750e+03 6.620282984521387561e+02 9.233519474166203000e-01
1.726596435546875000e+03 6.616156850435028218e+02 9.232164095674715298e-01
1.726617248535156250e+03 6.622344767085394324e+02 9.242764568612782394e-01
1.726638122558593750e+03 6.597170643262877547e+02 9.278770577984634116e-01
1.726658935546875000e+03 6.626846426447407339e+02 9.258118314561005757e-01
1.726679748535156250e+03 6.623764776851172655e+02 9.234326990199628327e-01
1.726700622558593750e+03 6.627953041092428066e+02 9.237516988550238395e-01
1.726721435546875000e+03 6.617605894975770298e+02 9.224456055687805245e-01
1.726742248535156250e+03 6.617865771636357977e+02 9.227498639297074812e-01
1.726763122558593750e+03 6.609527780704639781e+02 9.232958496199609177e-01
1.726783935546875000e+03 6.617560590050665041e+02 9.244583915561077614e-01
1.726804748535156250e+03 6.628544415741255307e+02 9.286004771939394553e-01
1.726825622558593750e+03 6.631592971956501970e+02 9.301031129340968651e-01
1.726846435546875000e+03 6.608476647275200548e+02 9.299640724974362893e-01
1.726867248535156250e+03 6.619020197543947006e+02 9.283653603090931128e-01
1.726888122558593750e+03 6.628839279626420193e+02 9.290791292110545108e-01
1.726908935546875000e+03 6.627779487899642845e+02 9.266022530530597656e-01
1.726929748535156250e+03 6.612797630135600002e+02 9.253066894802299824e-01
1.726950622558593750e+03 6.621306580873473422e+02 9.250346525248308582e-01
1.726971435546875000e+03 6.605759731132333172e+02 9.226122995062417953e-01
1.726992248535156250e+03 6.626862321300125132e+02 9.249457601161266140e-01
1.727013122558593750e+03 6.621753767757838887e+02 9.236317399636436720e-01
1.727033935546875000e+03 6.616433923866198938e+02 9.245973251840434726e-01
1.727054748535156250e+03 6.617540099864673948e+02 9.278979990371389874e-01
1.727075622558593750e+03 6.620093487058798019e+02 9.275227837450409352e-01
1.727096435546875000e+03 6.609679390558010255e+02 9.302084288787507704e-01
1.727117248535156250e+03 6.619186722333183752e+02 9.297649126921183615e-01
1.727138122558593750e+03 6.622267633005069456e+02 9.296638421646857831e-01
1.727158935546875000e+03 6.624909269099297262e+02 9.287307368112435180e-01
1.727179748535156250e+03 6.621658141119270340e+02 9.287310256149292620e-01
1.727200622558593750e+03 6.616554776813073886e+02 9.265059198148192232e-01
1.727221435546875000e+03 6.622711813441665072e+02 9.270754431628103198e-01
1.727242248535156250e+03 6.615222337266617387e+02 9.244904029414084956e-01
1.727263061523437500e+03 6.622287769643284037e+02 9.269881288885587489e-01
1.727283874511718750e+03 6.620308968662161533e+02 9.245536809988168514e-01
1.727304748535156250e+03 6.609843002326479109e+02 9.238819969551255173e-01
1.727325561523437500e+03 6.619520477725425280e+02 9.260405809004904620e-01
1.727346374511718750e+03 6.619864645413786093e+02 9.262615519226685690e-01
1.727367248535156250e+03 6.608839299477948543e+02 9.264542913695417159e-01
1.727388061523437500e+03 6.626099887360020375e+02 9.341391402881445982e-01
1.727408874511718750e+03 6.619430907915802891e+02 9.281024403511536347e-01
1.727429748535156250e+03 6.625324878470511294e+02 9.299804482404440131e-01
1.727450561523437500e+03 6.620040335988899187e+02 9.279195821505307196e-01
1.727471374511718750e+03 6.620657866674479237e+02 9.283211227917480546e-01
1.727492248535156250e+03 6.617714093420672725e+02 9.297236908351864670e-01
1.727513061523437500e+03 6.621601283883729820e+02 9.311416217284663732e-01
1.727533874511718750e+03 6.632569302649666270e+02 9.351665384719354268e-01
1.727554748535156250e+03 6.616089023828998279e+02 9.334266225706567832e-01
1.727575561523437500e+03 6.611548509423722635e+02 9.345702487224051280e-01
1.727596374511718750e+03 6.621978993493988810e+02 9.368881136108152541e-01
1.727617248535156250e+03 6.614374381539294063e+02 9.376503823784387848e-01
1.727638061523437500e+03 6.632423308677448404e+02 9.415302748915153064e-01
1.727658874511718750e+03 6.617953294238596982e+02 9.351986613332566867e-01
1.727679748535156250e+03 6.620167515457976606e+02 9.345285372430806037e-01
1.727700561523437500e+03 6.626845192719678153e+02 9.330406625581266766e-01
1.727721374511718750e+03 6.614015180982841002e+02 9.323795355336046420e-01
1.727742248535156250e+03 6.606444390244809028e+02 9.325347384611951673e-01
1.727763061523437500e+03 6.614299279457287639e+02 9.333472145842118817e-01
1.727783874511718750e+03 6.610447990542783145e+02 9.339297340456684804e-01
1.727804748535156250e+03 6.631371894104544253e+02 9.366192813394778049e-01
1.727825561523437500e+03 6.623907935341597977e+02 9.372150305927013925e-01
1.727846374511718750e+03 6.620360345083341826e+02 9.383791615952957743e-01
1.727867248535156250e+03 6.620893513795004992e+02 9.378454843356172077e-01
1.727888061523437500e+03 6.621152593454910402e+02 9.371602078413729942e-01
1.727908874511718750e+03 6.630414978517717373e+02 9.372242204036439484e-01
1.727929748535156250e+03 6.616700781610218201e+02 9.340664612528787325e-01
1.727950561523437500e+03 6.616652736325989963e+02 9.343965661867617012e-01
1.727971374511718750e+03 6.610697890131959866e+02 9.316279892294478948e-01
1.727992248535156250e+03 6.602199811011491875e+02 9.295978983808551588e-01
1.728013061523437500e+03 6.627608263476035972e+02 9.342279873531799117e-01
1.728033874511718750e+03 6.616150304011450771e+02 9.328703371964217617e-01
1.728054748535156250e+03 6.619629932642911854e+02 9.336274911058425330e-01
1.728075561523437500e+03 6.620666535581825656e+02 9.367664964484242462e-01
1.728096374511718750e+03 6.626690339649990165e+02 9.378921959993741231e-01
1.728117248535156250e+03 6.613941400493550873e+02 9.384832947615576737e-01
1.728138061523437500e+03 6.624839794415997858e+02 9.441095059008701718e-01
1.728158874511718750e+03 6.631278570675243600e+02 9.387137185817856500e-01
1.728179748535156250e+03 6.625490750608380495e+02 9.434841223585104242e-01
1.728200561523437500e+03 6.622197923976235643e+02 9.370409795457307345e-01
1.728221374511718750e+03 6.620504666671629366e+02 9.367045842897976371e-01
1.728242248535156250e+03 6.608930771891117502e+02 9.330858580855596607e-01
1.728263061523437500e+03 6.614129851874184851e+02 9.330941942652689614e-01
1.728283874511718750e+03 6.617367599793577710e+02 9.348995063447480547e-01
1.728304748535156250e+03 6.615961829583477538e+02 9.318842859144527146e-01
1.728325561523437500e+03 6.603735212032684103e+02 9.318033392182939467e-01
1.728346374511718750e+03 6.604726860602105489e+02 9.317593608823024898e-01
1.728367248535156250e+03 6.617438506085713925e+02 9.327959937802977608e-01
1.728388061523437500e+03 6.625143736035789743e+02 9.334790147323825948e-01
1.728408874511718750e+03 6.625523937755202724e+02 9.333587733843378142e-01
1.728429748535156250e+03 6.618601081901149428e+02 9.347178184313588156e-01
1.728450561523437500e+03 6.620635833347604375e+02 9.349253268180949261e-01
1.728471374511718750e+03 6.620019663322598262e+02 9.357539447514771069e-01
1.728492248535156250e+03 6.603732812571862496e+02 9.366133311608941803e-01
1.728513061523437500e+03 6.617762756739145971e+02 9.393319985705337327e-01
1.728533874511718750e+03 6.603328443029797654e+02 9.415179934207946744e-01
1.728554748535156250e+03 6.628041275556926166e+02 9.421460738809382951e-01
1.728575561523437500e+03 6.615272476796352521e+02 9.433678415364763481e-01
1.728596374511718750e+03 6.619421436958436971e+02 9.448832964108383470e-01
1.728617248535156250e+03 6.615500891589435923e+02 9.444543710978555717e-01
1.728638061523437500e+03 6.606609353991058242e+02 9.477432462632244814e-01
1.728658874511718750e+03 6.613868778128808117e+02 9.453875929586261773e-01
1.728679748535156250e+03 6.614796190422467816e+02 9.430115810929089459e-01
1.728700561523437500e+03 6.613741079657884256e+02 9.523047059765350486e-01
1.728721374511718750e+03 6.617479481708486446e+02 9.405438283577371994e-01
1.728742248535156250e+03 6.619580498558890440e+02 9.401238598790639944e-01
1.728763061523437500e+03 6.614261062589799849e+02 9.403290026234946142e-01
1.728783874511718750e+03 6.631940361910075126e+02 9.416345976261025763e-01
1.728804748535156250e+03 6.625734151160271495e+02 9.420105193820309530e-01
1.728825561523437500e+03 6.609521633660874613e+02 9.432269965065576134e-01
1.728846374511718750e+03 6.614657786713956966e+02 9.435987465011271835e-01
1.728867248535156250e+03 6.622506589474614884e+02 9.468447035169627046e-01
1.728888061523437500e+03 6.628691258429780646e+02 9.469801325078543996e-01
1.728908874511718750e+03 6.625262668534566046e+02 9.442564369671062607e-01
1.728929748535156250e+03 6.623232483697498765e+02 9.420263060786289167e-01
1.728950561523437500e+03 6.619285918028900824e+02 9.408035881863663352e-01
1.728971374511718750e+03 6.601884284259908782e+02 9.386539351153500021e-01
1.728992248535156250e+03 6.613451590699334020e+02 9.377459839135099395e-01
1.729013061523437500e+03 6.624349492583015717e+02 9.386431717819891940e-01
1.729033874511718750e+03 6.613481500956056607e+02 9.378495836155628096e-01
1.729054748535156250e+03 6.620454061982547955e+02 9.388047358051698765e-01
1.729075561523437500e+03 6.621771594948521624e+02 9.403883309941248880e-01
1.729096374511718750e+03 6.618956224149633272e+02 9.427434833921489732e-01
1.729117248535156250e+03 6.611902301032569085e+02 9.495324452417637229e-01
1.729138061523437500e+03 6.610285521901008678e+02 9.440931542630692785e-01
1.729158874511718750e+03 6.612675120327470495e+02 9.446312837975998633e-01
1.729179748535156250e+03 6.627946470144337354e+02 9.437862717687595104e-01
1.729200561523437500e+03 6.617900375643531561e+02 9.429532395093048747e-01
1.729221374511718750e+03 6.611043306841064577e+02 9.421248483150319597e-01
1.729263061523437500e+03 6.619801626395894800e+02 9.363521224325763725e-01
1.729283874511718750e+03 6.611159479695407981e+02 9.355755445192887043e-01
1.729304748535156250e+03 6.616639426985823320e+02 9.342462980499706138e-01
1.729325561523437500e+03 6.621039863268526915e+02 9.375110307680315502e-01
1.729346374511718750e+03 6.612399059994295385e+02 9.333609446346897709e-01
1.729367248535156250e+03 6.628482281904389311e+02 9.346041777881688439e-01
1.729388061523437500e+03 6.615756515270844602e+02 9.347823170607471033e-01
1.729408874511718750e+03 6.625081972556108667e+02 9.357649642538679036e-01
1.729429748535156250e+03 6.615676556781285171e+02 9.366412043985307134e-01
1.729450561523437500e+03 6.611324700247834016e+02 9.384923133758874547e-01
1.729471374511718750e+03 6.614488606811346472e+02 9.398649268804689649e-01
1.729492248535156250e+03 6.614201858017702307e+02 9.418011861834586496e-01
1.729513061523437500e+03 6.608972104102874709e+02 9.446367733352817320e-01
1.729533874511718750e+03 6.618988610437189664e+02 9.452951603079450260e-01
1.729554748535156250e+03 6.614630397098974299e+02 9.495613515959046014e-01
1.729575561523437500e+03 6.606957839493545634e+02 9.474661388738063739e-01
1.729596374511718750e+03 6.608268280800384673e+02 9.482138066704961510e-01
1.729617248535156250e+03 6.611711352810089011e+02 9.496557854405828225e-01
1.729638061523437500e+03 6.616665301229282932e+02 9.507990425595320705e-01
1.729658874511718750e+03 6.604827058995521156e+02 9.483624587310173215e-01
1.729679748535156250e+03 6.617702052889362676e+02 9.487686031764289707e-01
1.729700561523437500e+03 6.615245809273562827e+02 9.478097513009954289e-01
1.729721374511718750e+03 6.621966567493577713e+02 9.476249721110955315e-01
1.729742187500000000e+03 6.623141260398092527e+02 9.479976381924337669e-01
1.729763000488281250e+03 6.619979613310525792e+02 9.493001581141051748e-01
1.729783874511718750e+03 6.614333843000226807e+02 9.482435075179084238e-01
1.729804687500000000e+03 6.621857124309420897e+02 9.497318843149105128e-01
1.729825500488281250e+03 6.622286399254820708e+02 9.530516111542501889e-01
1.729846374511718750e+03 6.614055728173170792e+02 9.510413360316581910e-01
1.729867187500000000e+03 6.611678754496231250e+02 9.580165228802539623e-01
1.729888000488281250e+03 6.613439073483606307e+02 9.506927787599599444e-01
1.729908874511718750e+03 6.622371602031608973e+02 9.496244340688795305e-01
1.729929687500000000e+03 6.612286067415650450e+02 9.471123954877712636e-01
1.729950500488281250e+03 6.617986960852891798e+02 9.456457386150562971e-01
1.729971374511718750e+03 6.608150845386920764e+02 9.437171147155892781e-01
1.729992187500000000e+03 6.609551455665346111e+02 9.427322293338776804e-01
1.730013000488281250e+03 6.608531961034799451e+02 9.446275925388072370e-01
1.730033874511718750e+03 6.610633205057370105e+02 9.462316159033467011e-01
1.730054687500000000e+03 6.612734855819165887e+02 9.462981326964691187e-01
1.730075500488281250e+03 6.614883557312781477e+02 9.518156594949092053e-01
1.730096374511718750e+03 6.612445537336901680e+02 9.529294923476050450e-01
1.730117187500000000e+03 6.616381802653444311e+02 9.542070094301881023e-01
1.730138000488281250e+03 6.613285227696140964e+02 9.534397230994489103e-01
1.730158874511718750e+03 6.617149462656853984e+02 9.529994193972953775e-01
1.730179687500000000e+03 6.603578168043333108e+02 9.516716492038663766e-01
1.730200500488281250e+03 6.620254881924661277e+02 9.504386065028820330e-01
1.730221374511718750e+03 6.612999287645183131e+02 9.483975284203928213e-01
1.730242187500000000e+03 6.624443119605659831e+02 9.456768122041292468e-01
1.730263000488281250e+03 6.619842487972665594e+02 9.422367911785668460e-01
1.730283874511718750e+03 6.618435933710854897e+02 9.405426242788399449e-01
1.730304687500000000e+03 6.615557366646777382e+02 9.394992491885073571e-01
1.730325500488281250e+03 6.622522975014347821e+02 9.402630778211826801e-01
1.730346374511718750e+03 6.614347911210940083e+02 9.416587459321108522e-01
1.730367187500000000e+03 6.618257443436740459e+02 9.407441592860108504e-01
1.730388000488281250e+03 6.607188241047075508e+02 9.426422236464625515e-01
1.730408874511718750e+03 6.615544560048366520e+02 9.439323059739299637e-01
1.730429687500000000e+03 6.618606610199278748e+02 9.510333451864154686e-01
1.730450500488281250e+03 6.617953389939938234e+02 9.470829423757323173e-01
1.730471374511718750e+03 6.618071465221358949e+02 9.500951292694642669e-01
1.730492187500000000e+03 6.622769248939958970e+02 9.520668346942676719e-01
1.730513000488281250e+03 6.604849789809534286e+02 9.528168352077870384e-01
1.730533874511718750e+03 6.615524046863087051e+02 9.542412084644700254e-01
1.730554687500000000e+03 6.596106688338182948e+02 9.553644730066448432e-01
1.730575500488281250e+03 6.609543751289977536e+02 9.604067693656852533e-01
1.730596374511718750e+03 6.601135064631662317e+02 9.610702919116677068e-01
1.730617187500000000e+03 6.599002295154555213e+02 9.597518553501011018e-01
1.730638000488281250e+03 6.622890476178444032e+02 9.616485694050703747e-01
1.730658874511718750e+03 6.607262931199218201e+02 9.599488918289900141e-01
1.730679687500000000e+03 6.612206377250756759e+02 9.598031520687616558e-01
1.730700500488281250e+03 6.609854718929777846e+02 9.583773119137195540e-01
1.730721374511718750e+03 6.620623903832516817e+02 9.583621677262522676e-01
1.730742187500000000e+03 6.610952009096336042e+02 9.589492573882856252e-01
1.730763000488281250e+03 6.606808619062400112e+02 9.591620566165898198e-01
1.730783874511718750e+03 6.624544683024324740e+02 9.612404260543044865e-01
1.730804687500000000e+03 6.603592636013631818e+02 9.635903251665025593e-01
1.730825500488281250e+03 6.615470018945446782e+02 9.624883031753630469e-01
1.730846374511718750e+03 6.623537269807892471e+02 9.655743817145225893e-01
1.730867187500000000e+03 6.609606934195152235e+02 9.650946842941694470e-01
1.730888000488281250e+03 6.612176852109718084e+02 9.655811719608212718e-01
1.730908874511718750e+03 6.614009726894081496e+02 9.647299201320881368e-01
1.730929687500000000e+03 6.614967770595952743e+02 9.642804312182828852e-01
1.730950500488281250e+03 6.618117471043277646e+02 9.613458029599194488e-01
1.730971374511718750e+03 6.612606105846845139e+02 9.599843143632060816e-01
1.730992187500000000e+03 6.613083633353795676e+02 9.589592955625420023e-01
1.731013000488281250e+03 6.613651604852125274e+02 9.583495733018443374e-01
1.731033874511718750e+03 6.610537764977472079e+02 9.603488949235723382e-01
1.731054687500000000e+03 6.610192949091494938e+02 9.608293798144199593e-01
1.731075500488281250e+03 6.627187398755769436e+02 9.637436251299604795e-01
1.731096374511718750e+03 6.603681564308980114e+02 9.644981104949430506e-01
1.731117187500000000e+03 6.592725778819476545e+02 9.686161994824740162e-01
1.731138000488281250e+03 6.610202367650613269e+02 9.648951775439721379e-01
1.731158874511718750e+03 6.623115037845700499e+02 9.710032193005797563e-01
1.731179687500000000e+03 6.613991788033820285e+02 9.643144584337700609e-01
1.731200500488281250e+03 6.604017736851783411e+02 9.643550051917398891e-01
1.731221374511718750e+03 6.606131948616261980e+02 9.604541524383163331e-01
1.731242187500000000e+03 6.613675054886373346e+02 9.561097671805475207e-01
1.731263000488281250e+03 6.615015464187034695e+02 9.542366174324637962e-01
1.731283874511718750e+03 6.614897072364495898e+02 9.525335384081220491e-01
1.731304687500000000e+03 6.601953645259677614e+02 9.519275272075661265e-01
1.731325500488281250e+03 6.610987622062220908e+02 9.512290859053751380e-01
1.731346374511718750e+03 6.610520614235649646e+02 9.560819939521640887e-01
1.731367187500000000e+03 6.612664253172021063e+02 9.596211791653759260e-01
1.731388000488281250e+03 6.611930520404437175e+02 9.538717940072546364e-01
1.731408874511718750e+03 6.620219657219863620e+02 9.594617537250322847e-01
1.731429687500000000e+03 6.604042143865507342e+02 9.584534645803215458e-01
1.731450500488281250e+03 6.613650662615650617e+02 9.633553642725888322e-01
1.731471374511718750e+03 6.612416364700693521e+02 9.630661624509796459e-01
1.731492187500000000e+03 6.609706221843302956e+02 9.636648906923191982e-01
1.731513000488281250e+03 6.590104663132862015e+02 9.634001275657805285e-01
1.731533874511718750e+03 6.611818072383740628e+02 9.669474474858980040e-01
1.731554687500000000e+03 6.623760317084590952e+02 9.684565622694583098e-01
1.731575500488281250e+03 6.603129077346065969e+02 9.694781182029571509e-01
1.731596374511718750e+03 6.610057005449901908e+02 9.701562027663177545e-01
1.731617187500000000e+03 6.601170543595530944e+02 9.709307520754377752e-01
1.731638000488281250e+03 6.603565784529470193e+02 9.705765332699718417e-01
1.731658874511718750e+03 6.608751398490076099e+02 9.714667772295209058e-01
1.731679687500000000e+03 6.622363483367651042e+02 9.715509530672981064e-01
1.731700500488281250e+03 6.606587609986052030e+02 9.702712389639530643e-01
1.731721374511718750e+03 6.630673349058017720e+02 9.710953839043569014e-01
1.731742187500000000e+03 6.605843817362342634e+02 9.748703295726302009e-01
1.731763000488281250e+03 6.610522193966713758e+02 9.733356722603309086e-01
1.731783874511718750e+03 6.614458674238989033e+02 9.765503539283724166e-01
1.731804687500000000e+03 6.611057333447351994e+02 9.790624434552996913e-01
1.731825500488281250e+03 6.604354623551653276e+02 9.803963440684116959e-01
1.731846374511718750e+03 6.620902082588137318e+02 9.836708759735732777e-01
1.731867187500000000e+03 6.609524316479698882e+02 9.855078581753625722e-01
1.731888000488281250e+03 6.603113172730328415e+02 9.866918214338591397e-01
1.731908874511718750e+03 6.623126843624791036e+02 9.883195771637188765e-01
1.731929687500000000e+03 6.614906908004593333e+02 9.871376869842297674e-01
1.731950500488281250e+03 6.619385680662303457e+02 9.858194682569653144e-01
1.731971374511718750e+03 6.604218347083497065e+02 9.839798876094829616e-01
1.731992187500000000e+03 6.610929290589548373e+02 9.815164265086380180e-01
1.732013000488281250e+03 6.602627446359845180e+02 9.802679334973557479e-01
1.732033874511718750e+03 6.620272217985749421e+02 9.866656641750999324e-01
1.732054687500000000e+03 6.617427823433288268e+02 9.815185215913024841e-01
1.732075500488281250e+03 6.592432057184313408e+02 9.811110501405152506e-01
1.732096374511718750e+03 6.606417052549739992e+02 9.848161344728042499e-01
1.732117126464843750e+03 6.605486719850114241e+02 9.873884186297100518e-01
1.732138000488281250e+03 6.620641420556061121e+02 9.875984698103356108e-01
1.732158813476562500e+03 6.611520663929112516e+02 9.857993644275037104e-01
1.732179626464843750e+03 6.612391316803448262e+02 9.855726918313986173e-01
1.732200500488281250e+03 6.608965305667851453e+02 9.848131688105965509e-01
1.732221313476562500e+03 6.615931520467570408e+02 9.831107968070145198e-01
1.732242126464843750e+03 6.608547352867940390e+02 9.816732417136322386e-01
1.732263000488281250e+03 6.612464667832970235e+02 9.762175599299796058e-01
1.732283813476562500e+03 6.611866254188835228e+02 9.741408267209502592e-01
1.732304626464843750e+03 6.617966643385024099e+02 9.747741804506466767e-01
1.732325500488281250e+03 6.602925227937870432e+02 9.746155213064742195e-01
1.732346313476562500e+03 6.614359363846709812e+02 9.746819662149225350e-01
1.732367126464843750e+03 6.600294910294218198e+02 9.796546808857090616e-01
1.732388000488281250e+03 6.627540400284675570e+02 9.824373763512846969e-01
1.732408813476562500e+03 6.622734729836809038e+02 9.803043546815535247e-01
1.732429626464843750e+03 6.616918733563691148e+02 9.817144983185290830e-01
1.732450500488281250e+03 6.610003516741180647e+02 9.843285564789403530e-01
1.732471313476562500e+03 6.607395513644972880e+02 9.850705126875858308e-01
1.732492126464843750e+03 6.618411364378719099e+02 9.881211403681483540e-01
1.732513000488281250e+03 6.621350417310496823e+02 9.899551328934353966e-01
1.732533813476562500e+03 6.615917383713205027e+02 9.929234336038680331e-01
1.732554626464843750e+03 6.614924800096797526e+02 9.971748618553678556e-01
1.732575500488281250e+03 6.608855003048303161e+02 9.963284085193399031e-01
1.732596313476562500e+03 6.626659600657293367e+02 9.992918845248843773e-01
1.732617126464843750e+03 6.613854912110346049e+02 9.999644750007010696e-01
1.732638000488281250e+03 6.610403885520694303e+02 9.989192606285859366e-01
1.732658813476562500e+03 6.605766944646853744e+02 9.991131963148347506e-01
1.732679626464843750e+03 6.618252504298280883e+02 1.000563403204765667e+00
1.732700500488281250e+03 6.627943454670455594e+02 1.000747818280485646e+00
1.732721313476562500e+03 6.609502914646159297e+02 1.001703123316770583e+00
1.732742126464843750e+03 6.624323956950145202e+02 1.003426819551141547e+00
1.732763000488281250e+03 6.623332039130748399e+02 1.005421782184291679e+00
1.732783813476562500e+03 6.616211989231147754e+02 1.010129940342348931e+00
1.732804626464843750e+03 6.618132243286846688e+02 1.015270229879195796e+00
1.732825500488281250e+03 6.624574253666827417e+02 1.015324239947683838e+00
1.732846313476562500e+03 6.636380349431038894e+02 1.020539059685343419e+00
1.732867126464843750e+03 6.627775039628318154e+02 1.021944660763828283e+00
1.732888000488281250e+03 6.626896587379650327e+02 1.023737448497770819e+00
1.732908813476562500e+03 6.613890036315144698e+02 1.023776049346583505e+00
1.732929626464843750e+03 6.622384265297375805e+02 1.024850699553413902e+00
1.732950500488281250e+03 6.601276966682887632e+02 1.022718803293628520e+00
1.732971313476562500e+03 6.636545420069669490e+02 1.020445373669264688e+00
1.732992126464843750e+03 6.611515477839805044e+02 1.016572480972126380e+00
1.733013000488281250e+03 6.612520310644821393e+02 1.014661302384003871e+00
1.733033813476562500e+03 6.627598832236724320e+02 1.014379882518701592e+00
1.733054626464843750e+03 6.614887681905817090e+02 1.013989584348255590e+00
1.733075500488281250e+03 6.614722048117495206e+02 1.015657923238153071e+00
1.733096313476562500e+03 6.636501464310766778e+02 1.019208659733673361e+00
1.733117126464843750e+03 6.628771576216386165e+02 1.021062001418455267e+00
1.733138000488281250e+03 6.626340014396391780e+02 1.022884598104362608e+00
1.733158813476562500e+03 6.619643570641283077e+02 1.026254867374897684e+00
1.733179626464843750e+03 6.622394241288185412e+02 1.025475256924064826e+00
1.733200500488281250e+03 6.611403467390277910e+02 1.024178506044552961e+00
1.733221313476562500e+03 6.636180797986355628e+02 1.024809696395379000e+00
1.733242126464843750e+03 6.610733516163901413e+02 1.020645876949509478e+00
1.733263000488281250e+03 6.637599922674568234e+02 1.018231612232650241e+00
1.733283813476562500e+03 6.621612291329390700e+02 1.015569714728754125e+00
1.733304626464843750e+03 6.609512488922056264e+02 1.012411579933693684e+00
1.733325500488281250e+03 6.627632239689201015e+02 1.010453128484541274e+00
1.733346313476562500e+03 6.604051999732124614e+02 1.009101398340862321e+00
1.733367126464843750e+03 6.622949153641312705e+02 1.009499195595468413e+00
1.733388000488281250e+03 6.614008977674793641e+02 1.010651957589393080e+00
1.733408813476562500e+03 6.621778875234864472e+02 1.012236238197169014e+00
1.733429626464843750e+03 6.624361212545447870e+02 1.015592721279424682e+00
1.733450500488281250e+03 6.628127440953931000e+02 1.020385384402695550e+00
1.733471313476562500e+03 6.620517290617270874e+02 1.022450094520765518e+00
1.733513000488281250e+03 6.621157215219679983e+02 1.027855981108290129e+00
1.733533813476562500e+03 6.620624907411944378e+02 1.033568117684578569e+00
1.733554626464843750e+03 6.617201533010174899e+02 1.035095443379158597e+00
1.733575500488281250e+03 6.614251152236167854e+02 1.038906343815501288e+00
1.733596313476562500e+03 6.622021590407966869e+02 1.043571098208596615e+00
1.733617126464843750e+03 6.612520483120073322e+02 1.043533058235078359e+00
1.733638000488281250e+03 6.627101505037828701e+02 1.045169465866399916e+00
1.733658813476562500e+03 6.630419103838147521e+02 1.047775621319823047e+00
1.733679626464843750e+03 6.613598199212983673e+02 1.047046647305169387e+00
1.733700500488281250e+03 6.619764155799008449e+02 1.050131330905352822e+00
1.733721313476562500e+03 6.621154139482085839e+02 1.050606241506920835e+00
1.733742126464843750e+03 6.620508307571980140e+02 1.055711771604197935e+00
1.733763000488281250e+03 6.620366097810012889e+02 1.059506068940938572e+00
1.733783813476562500e+03 6.623468320330335928e+02 1.065737000785437427e+00
1.733804626464843750e+03 6.610336879945563169e+02 1.070241549848146345e+00
1.733825500488281250e+03 6.616516132486959805e+02 1.075860838761309335e+00
1.733846313476562500e+03 6.614466493521505299e+02 1.079047209462599577e+00
1.733867126464843750e+03 6.609034178812743221e+02 1.083980086034589396e+00
1.733888000488281250e+03 6.610571611461349448e+02 1.088434107575563470e+00
1.733908813476562500e+03 6.606944765051257491e+02 1.084149817136173644e+00
1.733929626464843750e+03 6.616825043334201837e+02 1.083238609769985539e+00
1.733950500488281250e+03 6.621233045067488092e+02 1.080338017408116524e+00
1.733971313476562500e+03 6.618371412058371561e+02 1.077956310841297727e+00
1.733992126464843750e+03 6.618956852584334456e+02 1.073296667908195223e+00
1.734013000488281250e+03 6.624234323362429677e+02 1.070691340985978846e+00
1.734033813476562500e+03 6.608983197214708980e+02 1.069392567707101449e+00
1.734054626464843750e+03 6.622299436373451726e+02 1.071114566748159636e+00
1.734075500488281250e+03 6.629144862575958541e+02 1.070702808801770711e+00
1.734096313476562500e+03 6.620933443291780804e+02 1.075062534819951177e+00
1.734117126464843750e+03 6.614073705017892735e+02 1.079743262698967365e+00
1.734138000488281250e+03 6.622166894548392975e+02 1.083101755235074126e+00
1.734158813476562500e+03 6.610774863794968041e+02 1.087134106786840304e+00
1.734179626464843750e+03 6.610343257709739646e+02 1.092228184980499339e+00
1.734200500488281250e+03 6.630573376285763061e+02 1.093357560734471878e+00
1.734221313476562500e+03 6.601997337754861519e+02 1.091072674880565696e+00
1.734242126464843750e+03 6.632292462987109047e+02 1.088741661328903154e+00
1.734263000488281250e+03 6.604625774668479607e+02 1.084994558505287587e+00
1.734283813476562500e+03 6.605627980151698466e+02 1.079382398145952271e+00
1.734304626464843750e+03 6.615067779141249957e+02 1.077606574096252157e+00
1.734325500488281250e+03 6.604500982084765610e+02 1.072319376836787574e+00
1.734346313476562500e+03 6.627820992828079625e+02 1.070070503888950197e+00
1.734367126464843750e+03 6.610858715213566938e+02 1.068828584336184218e+00
1.734388000488281250e+03 6.603281005529348704e+02 1.070307989180589336e+00
1.734408813476562500e+03 6.612013632575383326e+02 1.073456261261260369e+00
1.734429626464843750e+03 6.604958913759711550e+02 1.077164540036456453e+00
1.734450500488281250e+03 6.598891162332386102e+02 1.081756942628005147e+00
1.734471313476562500e+03 6.618555305440241909e+02 1.089014866141582161e+00
1.734492126464843750e+03 6.606662144924852100e+02 1.094891089157313813e+00
1.734512939453125000e+03 6.622986111726147556e+02 1.099995736634055365e+00
1.734533752441406250e+03 6.617674621586356807e+02 1.105980043824458692e+00
1.734554626464843750e+03 6.620882080361434419e+02 1.112161066095408879e+00
1.734575439453125000e+03 6.605635472907247276e+02 1.116206985960579878e+00
1.734596252441406250e+03 6.621801384619375312e+02 1.122037908685451502e+00
1.734617126464843750e+03 6.621277254259700840e+02 1.124510870671087126e+00
1.734637939453125000e+03 6.613567756454274331e+02 1.129657746024735898e+00
1.734658752441406250e+03 6.624538523466821971e+02 1.130100977614165281e+00
1.734679626464843750e+03 6.592704260533193974e+02 1.131239647580825070e+00
1.734700439453125000e+03 6.627086149238311918e+02 1.135901088209728238e+00
1.734721252441406250e+03 6.614822570208236812e+02 1.138451687444032467e+00
1.734742126464843750e+03 6.610593483841864781e+02 1.145339263978005784e+00
1.734762939453125000e+03 6.625494512058780856e+02 1.152296524373263242e+00
1.734783752441406250e+03 6.617109571827461423e+02 1.156848546348588691e+00
1.734804626464843750e+03 6.612931068192892781e+02 1.166457407213404185e+00
1.734825439453125000e+03 6.630497607973159120e+02 1.175927644151537610e+00
1.734846252441406250e+03 6.621498763303716260e+02 1.181558603009423836e+00
1.734867126464843750e+03 6.607584807977964374e+02 1.188008199666686027e+00
1.734887939453125000e+03 6.616339149584014194e+02 1.194455157214677765e+00
1.734908752441406250e+03 6.619891800679329208e+02 1.194398767623086721e+00
1.734929626464843750e+03 6.608767242243659439e+02 1.193480989593234787e+00
1.734950439453125000e+03 6.618831585663212991e+02 1.190570225294214524e+00
1.734971252441406250e+03 6.626450049873419630e+02 1.185444609050679832e+00
1.734992126464843750e+03 6.605151730094780760e+02 1.180367128755776429e+00
1.735012939453125000e+03 6.608728837658361499e+02 1.174924265673087387e+00
1.735033752441406250e+03 6.623122399023040998e+02 1.172240950347925414e+00
1.735054626464843750e+03 6.633255027120301293e+02 1.171797381055763143e+00
1.735075439453125000e+03 6.638852454870529982e+02 1.174666170625296768e+00
1.735096252441406250e+03 6.610727904601831142e+02 1.174474604809931488e+00
1.735117126464843750e+03 6.615624396120419988e+02 1.179820425868724376e+00
1.735137939453125000e+03 6.616725210413439981e+02 1.185850403091626593e+00
1.735158752441406250e+03 6.639189433685039603e+02 1.190229040671633820e+00
1.735179626464843750e+03 6.609068296471527901e+02 1.193857791288140291e+00
1.735200439453125000e+03 6.620052342857227359e+02 1.202109911849041479e+00
1.735221252441406250e+03 6.629982710329898055e+02 1.196926348906916404e+00
1.735242126464843750e+03 6.602683439665174774e+02 1.192825672535647419e+00
1.735262939453125000e+03 6.620400096872217546e+02 1.187808749567587752e+00
1.735283752441406250e+03 6.596556412535574054e+02 1.178842304940055152e+00
1.735304626464843750e+03 6.633425593840220245e+02 1.173746826606336224e+00
1.735325439453125000e+03 6.615885382371882315e+02 1.164886694870619799e+00
1.735346252441406250e+03 6.629828705570423608e+02 1.167451367559983577e+00
1.735367126464843750e+03 6.629155076987440225e+02 1.155380850254110525e+00
1.735387939453125000e+03 6.646111354304921406e+02 1.154277820720350345e+00
1.735408752441406250e+03 6.614972331316339478e+02 1.153961081160931768e+00
1.735429626464843750e+03 6.620786128927529717e+02 1.158377880273566030e+00
1.735450439453125000e+03 6.621234594891366214e+02 1.165914048669885128e+00
1.735471252441406250e+03 6.629772532449799201e+02 1.171178941637295523e+00
1.735492126464843750e+03 6.617351056333923225e+02 1.179085129299023205e+00
1.735512939453125000e+03 6.616384682501488896e+02 1.186694122721904332e+00
1.735533752441406250e+03 6.622257786261964156e+02 1.196663386111070704e+00
1.735554626464843750e+03 6.641010889678602780e+02 1.207351444575811783e+00
1.735575439453125000e+03 6.613937238677187906e+02 1.216928588204487793e+00
1.735596252441406250e+03 6.615305932099420261e+02 1.224231716493881628e+00
1.735617126464843750e+03 6.598687824119390370e+02 1.232295638932796145e+00
1.735637939453125000e+03 6.608446924697261693e+02 1.237593065480739218e+00
1.735658752441406250e+03 6.611485399943765060e+02 1.242993698972657768e+00
1.735679626464843750e+03 6.620621370970413864e+02 1.246053091121299028e+00
1.735700439453125000e+03 6.626690123882356147e+02 1.250377884013060825e+00
1.735721252441406250e+03 6.626937928140673648e+02 1.255403996751933926e+00
1.735742126464843750e+03 6.621033655187570730e+02 1.261125312819505018e+00
1.735762939453125000e+03 6.632325214939094167e+02 1.269898769294015572e+00
1.735783752441406250e+03 6.627310921300077098e+02 1.278816097859449830e+00
1.735804626464843750e+03 6.617571375186669229e+02 1.290062533792440069e+00
1.735825439453125000e+03 6.629108511837439437e+02 1.301477057135679738e+00
1.735846252441406250e+03 6.625927085179819187e+02 1.312064779874654086e+00
1.735867126464843750e+03 6.610744392685712683e+02 1.321980478032951822e+00
1.735887939453125000e+03 6.634904906868873695e+02 1.329537751028037285e+00
1.735908752441406250e+03 6.615429187629367789e+02 1.335513131183150071e+00
1.735929626464843750e+03 6.624734728555672518e+02 1.337729919137447210e+00
1.735950439453125000e+03 6.613967148320325578e+02 1.338443168647727166e+00
1.735971252441406250e+03 6.616787941444454191e+02 1.336435905420982451e+00
1.735992126464843750e+03 6.620562316257760358e+02 1.334154958695445314e+00
1.736012939453125000e+03 6.622174606133321504e+02 1.330923430813376829e+00
1.736033752441406250e+03 6.622244549825759350e+02 1.329416522196766648e+00
1.736054626464843750e+03 6.608306812277771769e+02 1.327669761277395333e+00
1.736075439453125000e+03 6.616412122077344975e+02 1.329103356331449381e+00
1.736096252441406250e+03 6.604479976101017655e+02 1.331829782950886276e+00
1.736117126464843750e+03 6.640088879028280644e+02 1.336893420063541171e+00
1.736137939453125000e+03 6.604490786994329028e+02 1.340239396915572145e+00
1.736158752441406250e+03 6.612955820993513498e+02 1.346262468158078596e+00
1.736179626464843750e+03 6.633324873790902529e+02 1.349040020368139636e+00
1.736200439453125000e+03 6.625566612324184916e+02 1.350954525425771546e+00
1.736221252441406250e+03 6.620828218819142421e+02 1.349834064599469530e+00
1.736242126464843750e+03 6.621233749125494796e+02 1.347374441564160863e+00
1.736262939453125000e+03 6.609227758807405735e+02 1.343410848356296539e+00
1.736283752441406250e+03 6.630466595621394390e+02 1.336065185869665717e+00
1.736304626464843750e+03 6.617895085817160634e+02 1.329946771933314009e+00
1.736325439453125000e+03 6.615371321665577398e+02 1.319938426098854700e+00
1.736346252441406250e+03 6.609678517103684499e+02 1.310543191054690970e+00
1.736367126464843750e+03 6.590533067138985643e+02 1.302251448904554465e+00
1.736387939453125000e+03 6.651341315647541705e+02 1.297702892735242308e+00
1.736408752441406250e+03 6.633505068033737189e+02 1.296947247434595551e+00
1.736429626464843750e+03 6.635267860765957266e+02 1.291953203762181479e+00
1.736450439453125000e+03 6.608439287494607015e+02 1.291490060771721016e+00
1.736471252441406250e+03 6.624083514008134443e+02 1.294172389420438884e+00
1.736492126464843750e+03 6.624508818660638099e+02 1.299652342892931189e+00
1.736512939453125000e+03 6.615693314592788283e+02 1.308815461919897949e+00
1.736533752441406250e+03 6.609436986226089630e+02 1.315948950238259973e+00
1.736554626464843750e+03 6.619337476991893254e+02 1.325055828357837751e+00
1.736575439453125000e+03 6.626430403014198873e+02 1.332593066631648560e+00
1.736596252441406250e+03 6.614468803996296629e+02 1.342752796361238454e+00
1.736617126464843750e+03 6.627852034743141303e+02 1.350782047798799290e+00
1.736637939453125000e+03 6.627925419549758317e+02 1.357395528633708492e+00
1.736658752441406250e+03 6.612965581398063932e+02 1.363612530962435176e+00
1.736679626464843750e+03 6.621099158532010733e+02 1.367913974120625209e+00
1.736700439453125000e+03 6.623964512545317120e+02 1.368846997869615834e+00
1.736721252441406250e+03 6.601659208506850973e+02 1.370118144572678887e+00
1.736742126464843750e+03 6.621708721970587703e+02 1.369411599502809995e+00
1.736762939453125000e+03 6.618509052986808001e+02 1.369838346355576109e+00
1.736783752441406250e+03 6.613111198332060212e+02 1.368656045484759387e+00
1.736804626464843750e+03 6.613233414396465832e+02 1.366090301575639154e+00
1.736825439453125000e+03 6.613803357661661266e+02 1.365148888177659670e+00
1.736846252441406250e+03 6.600480093816229328e+02 1.365324964232859317e+00
1.736867126464843750e+03 6.602386796509952092e+02 1.364801777640277436e+00
1.736887939453125000e+03 6.622062075155138245e+02 1.367803075355723763e+00
1.736908752441406250e+03 6.628845348880245183e+02 1.364640135225926088e+00
1.736929626464843750e+03 6.610337323913188357e+02 1.358536340993313107e+00
1.736950439453125000e+03 6.624114660031518724e+02 1.352911964543830559e+00
1.736971252441406250e+03 6.621835330037131371e+02 1.344278675141703960e+00
1.736992065429687500e+03 6.642904882923035075e+02 1.335206528950745319e+00
1.737012878417968750e+03 6.602960200477318722e+02 1.321455240901043160e+00
1.737033752441406250e+03 6.637174855660066441e+02 1.306044324169456150e+00
1.737054565429687500e+03 6.631762576962821640e+02 1.287758601244915369e+00
1.737075378417968750e+03 6.642504570088221953e+02 1.269538151648908375e+00
1.737096252441406250e+03 6.617729956527552986e+02 1.249775151057088474e+00
1.737117065429687500e+03 6.638282572048319707e+02 1.228885176587682038e+00
1.737137878417968750e+03 6.632436690977358467e+02 1.208725564151469589e+00
1.737158752441406250e+03 6.616225640275556543e+02 1.188542360288310062e+00
1.737179565429687500e+03 6.625090188013941770e+02 1.171590694272407029e+00
1.737200378417968750e+03 6.632816156752946881e+02 1.150235539654494099e+00
1.737221252441406250e+03 6.630475269161099732e+02 1.130367771745253602e+00
1.737242065429687500e+03 6.624537854059399251e+02 1.109209773694602497e+00
1.737262878417968750e+03 6.623893604504178256e+02 1.088175272385563996e+00
1.737283752441406250e+03 6.612749049213695116e+02 1.061654090736997569e+00
1.737304565429687500e+03 6.615171016293676303e+02 1.029551407614807124e+00
1.737325378417968750e+03 6.624943865215458345e+02 9.959279838708252619e-01
1.737346252441406250e+03 6.618701048967594716e+02 9.630725990413027127e-01
1.737367065429687500e+03 6.611626628969021340e+02 9.343729637914817143e-01
1.737387878417968750e+03 6.616008504671549417e+02 9.111715065282328663e-01
