1.711388244628906250e+03 3.797500837209277336e+00 8.925829997858197862e-01
1.711409057617187500e+03 4.878673837535785651e+00 8.942517172818522653e-01
1.711429870605468750e+03 2.991372813207888726e+00 8.921761974681031715e-01
1.711450744628906250e+03 3.616981440684362781e+00 8.928340820331672756e-01
1.711471557617187500e+03 4.583101293323828429e+00 8.942162904600572393e-01
1.711492370605468750e+03 5.063092912902490639e+00 8.935050908900529221e-01
1.711513244628906250e+03 3.901378688654084215e+00 8.931347136239556894e-01
1.711534057617187500e+03 3.432909412315183317e+00 8.931838303044086214e-01
1.711554870605468750e+03 4.196320028395369661e+00 8.944594841700300725e-01
1.711575744628906250e+03 5.013992309034968287e+00 8.946331582469601029e-01
1.711596557617187500e+03 4.862654311185117706e+00 8.929175601681219598e-01
1.711617370605468750e+03 3.705480152982389086e+00 8.927315344330895019e-01
1.711638244628906250e+03 3.461491446331891098e+00 8.930572959806477584e-01
1.711659057617187500e+03 5.365336583775402346e+00 8.946192335812003238e-01
1.711679870605468750e+03 3.540620946560132154e+00 8.928666597949043160e-01
1.711700744628906250e+03 4.147078035632475235e+00 8.926518449452617299e-01
1.711721557617187500e+03 4.699640345771541661e+00 8.931346468874979960e-01
1.711742370605468750e+03 4.694950718728968297e+00 8.948356077324344238e-01
1.711763244628906250e+03 5.008238737457098466e+00 8.936192890432438363e-01
1.711784057617187500e+03 5.223178625264644381e+00 8.937072290176606426e-01
1.711804870605468750e+03 4.359419303991586503e+00 8.958718195491908176e-01
1.711825744628906250e+03 4.315011876474933672e+00 8.927531331652822644e-01
1.711846557617187500e+03 3.590239150055467121e+00 8.927128395907523162e-01
1.711867370605468750e+03 2.895217857505585357e+00 8.932078537840411059e-01
1.711888244628906250e+03 2.919741756813358791e+00 8.966333934455422705e-01
1.711909057617187500e+03 3.964235225989504841e+00 8.947981057399809757e-01
1.711929870605468750e+03 4.408197036323322493e+00 8.929497677578509540e-01
1.711950744628906250e+03 3.994422025255069286e+00 8.930332684508612839e-01
1.711971557617187500e+03 3.900867964422069178e+00 8.938838831785956840e-01
1.711992370605468750e+03 4.653396418696701176e+00 8.937621829396313888e-01
1.712013244628906250e+03 3.806171678804901148e+00 8.930098409868705289e-01
1.712034057617187500e+03 4.875828534119285962e+00 8.935317406548114461e-01
1.712054870605468750e+03 4.556507911903374008e+00 8.927180808628298880e-01
1.712075744628906250e+03 3.325376599280055245e+00 8.925594603342044131e-01
1.712096557617187500e+03 4.036373843896853941e+00 8.934579598858437555e-01
1.712117370605468750e+03 4.105836380101443694e+00 8.936492703101176494e-01
1.712138244628906250e+03 3.937956266923499982e+00 8.933582194145277544e-01
1.712159057617187500e+03 3.943969821542047782e+00 8.925306779199747576e-01
1.712179870605468750e+03 4.457031423077673082e+00 8.964419884727912180e-01
1.712200744628906250e+03 4.003187827288734013e+00 8.937615827330066542e-01
1.712221557617187500e+03 3.781898531756347381e+00 8.933068437231080905e-01
1.712242370605468750e+03 3.698854313468842747e+00 8.931315102683629048e-01
1.712263244628906250e+03 4.818025499339633200e+00 8.950806975080080052e-01
1.712284057617187500e+03 5.061698256666261386e+00 8.948712431605928552e-01
1.712304870605468750e+03 2.865965033727768230e+00 8.949617241288253533e-01
1.712325744628906250e+03 3.551234182684716245e+00 8.973273674958834878e-01
1.712346557617187500e+03 5.152203158751525791e+00 8.991824503182981321e-01
1.712367370605468750e+03 4.791418027739453578e+00 8.975640404786761062e-01
1.712388244628906250e+03 3.788019374273609685e+00 8.995170078737094732e-01
1.712409057617187500e+03 4.324576405890994124e+00 9.016606771607466042e-01
1.712429870605468750e+03 4.549474791995720580e+00 9.031199300023096121e-01
1.712450744628906250e+03 4.463124201647076461e+00 9.043478240785390865e-01
1.712471557617187500e+03 4.298721371340192832e+00 9.041672813542351861e-01
1.712492370605468750e+03 3.131042213088200299e+00 9.060692771399763146e-01
1.712513244628906250e+03 3.812389943958855554e+00 9.064330540958138727e-01
1.712534057617187500e+03 4.032203681484986646e+00 9.088944951740529632e-01
1.712554870605468750e+03 5.315891313082182990e+00 9.113003003401540791e-01
1.712575744628906250e+03 5.036143523759818663e+00 9.139249975349357236e-01
1.712596557617187500e+03 5.327997736698598885e+00 9.139199104925153083e-01
1.712617370605468750e+03 3.661955056479236248e+00 9.143257088194373106e-01
1.712638244628906250e+03 3.653262429380539800e+00 9.150996071114424479e-01
1.712659057617187500e+03 5.582222387022028443e+00 9.160329007795060541e-01
1.712679870605468750e+03 3.931550361619322587e+00 9.164822819251516872e-01
1.712700744628906250e+03 4.641904747591475200e+00 9.173632958561264150e-01
1.712721557617187500e+03 5.200936814540909836e+00 9.181173975287632016e-01
1.712742370605468750e+03 3.747554990570066025e+00 9.208813177238721615e-01
1.712763244628906250e+03 3.521126725805281410e+00 9.204054612260060830e-01
1.712784057617187500e+03 4.296282495745117558e+00 9.245310522572129930e-01
1.712804870605468750e+03 4.808526969465923173e+00 9.239803454942701055e-01
1.712825744628906250e+03 5.096717671315907694e+00 9.256420111268226503e-01
1.712846557617187500e+03 3.793690688460955585e+00 9.269871643992532162e-01
1.712867370605468750e+03 4.240390455730832286e+00 9.320514341025019078e-01
1.712888244628906250e+03 5.296300421700628647e+00 9.282150789982021033e-01
1.712909057617187500e+03 5.460952417208403631e+00 9.297497832648570215e-01
1.712929870605468750e+03 3.928821481750084388e+00 9.278635356739063367e-01
1.712950744628906250e+03 4.515948603720467247e+00 9.259673949509770186e-01
1.712971557617187500e+03 5.145876744899041455e+00 9.261359006281650874e-01
1.712992370605468750e+03 4.463665702750923003e+00 9.271478023329994267e-01
1.713013244628906250e+03 3.712959792278667237e+00 9.273623071756483816e-01
1.713034057617187500e+03 5.169686889756356152e+00 9.294490668740570394e-01
1.713054870605468750e+03 4.798763052720879330e+00 9.302406268407509282e-01
1.713075744628906250e+03 4.027316446959616769e+00 9.311995511823241145e-01
1.713096557617187500e+03 4.009263076263479775e+00 9.338790266164376241e-01
1.713117370605468750e+03 4.276516310130595855e+00 9.417021353689407626e-01
1.713138244628906250e+03 5.047615877873909085e+00 9.376032454541902705e-01
1.713159057617187500e+03 4.173170778562116823e+00 9.373943269301167058e-01
1.713179870605468750e+03 4.071794836269809537e+00 9.379139622045293834e-01
1.713200744628906250e+03 4.680995984647040586e+00 9.362588614132304476e-01
1.713221557617187500e+03 3.613075543429133063e+00 9.369900270051396696e-01
1.713242370605468750e+03 3.688633888410308259e+00 9.331848014990274942e-01
1.713263244628906250e+03 4.538984558647683798e+00 9.327303033904897900e-01
1.713284057617187500e+03 4.630396979473182739e+00 9.320064762017356008e-01
1.713304870605468750e+03 5.340874797693587084e+00 9.297194595613728074e-01
1.713325744628906250e+03 3.253644767496489010e+00 9.286269542053749992e-01
1.713346557617187500e+03 3.005556649350545229e+00 9.294338681753704368e-01
1.713367370605468750e+03 4.399886593304721316e+00 9.307070999361625185e-01
1.713388244628906250e+03 4.965549223966114312e+00 9.324190738221990182e-01
1.713409057617187500e+03 3.553835919500592411e+00 9.339244368596317791e-01
1.713429870605468750e+03 3.500423828130145409e+00 9.356170182024592386e-01
1.713450744628906250e+03 5.074110818131956080e+00 9.356686506874332121e-01
1.713471557617187500e+03 4.287147950178294309e+00 9.349433050969320202e-01
1.713492370605468750e+03 4.027300717304967748e+00 9.370322332079666916e-01
1.713513244628906250e+03 4.771936083411596030e+00 9.373796703681626097e-01
1.713534057617187500e+03 4.102894757608446241e+00 9.380320946361453416e-01
1.713554870605468750e+03 4.396920026100652024e+00 9.404085816483850335e-01
1.713575744628906250e+03 4.861138378941838312e+00 9.399165479667456191e-01
1.713596557617187500e+03 4.684145546201349930e+00 9.406895738912999239e-01
1.713617370605468750e+03 4.772704590736879027e+00 9.415555653536693548e-01
1.713638244628906250e+03 4.234359745844351153e+00 9.411997905070326187e-01
1.713659057617187500e+03 4.670378680951195349e+00 9.446099878753548840e-01
1.713679870605468750e+03 4.485125458196996817e+00 9.413141545878351835e-01
1.713700744628906250e+03 5.211532784505294558e+00 9.422916032205094217e-01
1.713721557617187500e+03 4.974408218061547871e+00 9.442524286248503707e-01
1.713742370605468750e+03 4.460389384723086437e+00 9.449137958182799446e-01
1.713763244628906250e+03 5.030408342968080149e+00 9.455247435839649883e-01
1.713784057617187500e+03 3.714340097850843847e+00 9.436607432314817467e-01
1.713804870605468750e+03 5.157338253380501669e+00 9.475738967623789089e-01
1.713825744628906250e+03 4.781309493251157505e+00 9.481781644255353747e-01
1.713846557617187500e+03 5.653377020765951499e+00 9.479448223473821988e-01
1.713867370605468750e+03 3.272665214470229955e+00 9.471707326020996076e-01
1.713888244628906250e+03 4.331422406323433449e+00 9.493116168523422216e-01
1.713909057617187500e+03 4.523579041454560468e+00 9.462164663019353439e-01
1.713929870605468750e+03 4.291876411384500045e+00 9.458758984593353958e-01
1.713950744628906250e+03 4.872604893010247906e+00 9.432598875039651665e-01
1.713971557617187500e+03 3.788780592301947081e+00 9.408515150500036395e-01
1.713992370605468750e+03 3.642966931172999523e+00 9.391271457858320071e-01
1.714013244628906250e+03 5.302076619015672065e+00 9.394411336089880660e-01
1.714034057617187500e+03 4.422818619972247234e+00 9.386056737775844150e-01
1.714054870605468750e+03 4.199429416262688619e+00 9.395845444214001585e-01
1.714075683593750000e+03 5.899538923769647170e+00 9.413694002529209293e-01
1.714096496582031250e+03 4.208335113962014873e+00 9.477123662147631800e-01
1.714117370605468750e+03 3.435515291141740590e+00 9.465897183867171272e-01
1.714138183593750000e+03 3.957610814827013712e+00 9.462415055330842817e-01
1.714158996582031250e+03 4.686410156082253309e+00 9.458125344620950115e-01
1.714179870605468750e+03 5.681612685617075442e+00 9.470116973001458938e-01
1.714200683593750000e+03 5.342385929890866691e+00 9.457632204080141936e-01
1.714221496582031250e+03 3.316270312611770521e+00 9.476824285880578458e-01
1.714242370605468750e+03 4.714386389060990723e+00 9.432754005350598714e-01
1.714263183593750000e+03 4.392427051764130397e+00 9.403301435889993565e-01
1.714283996582031250e+03 3.189280222637819406e+00 9.384157794238736638e-01
1.714304870605468750e+03 4.853557868457620827e+00 9.406268110289517370e-01
1.714325683593750000e+03 3.319904029069256524e+00 9.392192969910014844e-01
1.714346496582031250e+03 4.500379391357313352e+00 9.396142325779659465e-01
1.714367370605468750e+03 4.897519259210227460e+00 9.384055850114828567e-01
1.714388183593750000e+03 3.613036551951310571e+00 9.389951862703381780e-01
1.714408996582031250e+03 4.929201908658740194e+00 9.400491073138305120e-01
1.714429870605468750e+03 3.886388158017339833e+00 9.410200791116956065e-01
1.714450683593750000e+03 5.505759220329238701e+00 9.428249132491697271e-01
1.714471496582031250e+03 4.589795770876563097e+00 9.455153192522767203e-01
1.714492370605468750e+03 5.103877542376075382e+00 9.492334749312005826e-01
1.714513183593750000e+03 3.942123436532149583e+00 9.464474949911346746e-01
1.714533996582031250e+03 4.480453718056942591e+00 9.464064329442223311e-01
1.714554870605468750e+03 4.755626055184876577e+00 9.482654446893649114e-01
1.714575683593750000e+03 3.239546011957209259e+00 9.496263170633626460e-01
1.714596496582031250e+03 5.111524101753317950e+00 9.500366894011743613e-01
1.714617370605468750e+03 4.771099917654559874e+00 9.504594269169363008e-01
1.714638183593750000e+03 5.315861539368000876e+00 9.525864752615677000e-01
1.714658996582031250e+03 4.306290520720729376e+00 9.519669423374341743e-01
1.714679870605468750e+03 3.083393475035521192e+00 9.498472291682199531e-01
1.714700683593750000e+03 3.789487190877814271e+00 9.525995213037473652e-01
1.714721496582031250e+03 3.463988482601017438e+00 9.510935412350759455e-01
1.714742370605468750e+03 4.242166929596585589e+00 9.516515129561957664e-01
1.714763183593750000e+03 4.675059259697221137e+00 9.546287743320355235e-01
1.714783996582031250e+03 3.117459723947739292e+00 9.557541714895795293e-01
1.714804870605468750e+03 3.778666441972937662e+00 9.584277804453694705e-01
1.714825683593750000e+03 3.584530322991867024e+00 9.587348566761739743e-01
1.714846496582031250e+03 4.336742571838797744e+00 9.629897555997707359e-01
1.714867370605468750e+03 4.200169586827428247e+00 9.599545110912341972e-01
1.714888183593750000e+03 3.064857510828225884e+00 9.584864238420300886e-01
1.714908996582031250e+03 4.052848993137082800e+00 9.607757184062790667e-01
1.714929870605468750e+03 5.079398400796897306e+00 9.580493416373763171e-01
1.714950683593750000e+03 5.110237667048508570e+00 9.561822979465961492e-01
1.714971496582031250e+03 3.450314727019048178e+00 9.517803086930185508e-01
1.714992370605468750e+03 4.389603101482805414e+00 9.540607986410035712e-01
1.715013183593750000e+03 4.387817954508491880e+00 9.517762694124084488e-01
1.715033996582031250e+03 3.969036199032622392e+00 9.507163208205486882e-01
1.715054870605468750e+03 4.690879659677399616e+00 9.503365046170495489e-01
1.715075683593750000e+03 3.944604031435126501e+00 9.508373134261157711e-01
1.715096496582031250e+03 3.444809120339549224e+00 9.524435515209934699e-01
1.715117370605468750e+03 3.865036455375722824e+00 9.547619130404455534e-01
1.715138183593750000e+03 3.754373374681101438e+00 9.558638322770706131e-01
1.715158996582031250e+03 3.805304154926432147e+00 9.563706589913011369e-01
1.715179870605468750e+03 1.988199504604509116e+00 9.586310269818800744e-01
1.715200683593750000e+03 4.914862109284669600e+00 9.552558780320595799e-01
1.715221496582031250e+03 4.333576087260020415e+00 9.540833204979493054e-01
1.715242370605468750e+03 4.266784739713855856e+00 9.507897645417041632e-01
1.715263183593750000e+03 3.853774664341820255e+00 9.479025675525052375e-01
1.715283996582031250e+03 5.285057205043237616e+00 9.463071713127163553e-01
1.715304870605468750e+03 4.499277415910746925e+00 9.449644157229278862e-01
1.715325683593750000e+03 5.792045558208009481e+00 9.446160138813179952e-01
1.715346496582031250e+03 3.310941406933146425e+00 9.440060880715235303e-01
1.715367370605468750e+03 4.460698557836380473e+00 9.439456926278363413e-01
1.715388183593750000e+03 4.028830075106988318e+00 9.454538223936577168e-01
1.715408996582031250e+03 3.932229737943494285e+00 9.465808713735253122e-01
1.715429870605468750e+03 3.830358148694962495e+00 9.466988352449979827e-01
1.715450683593750000e+03 4.178677033634890847e+00 9.497799882103177271e-01
1.715471496582031250e+03 4.983241227098531567e+00 9.535651832088262170e-01
1.715492370605468750e+03 3.634529781971856721e+00 9.539003501665900275e-01
1.715513183593750000e+03 3.368389522404790171e+00 9.562902579216914223e-01
1.715533996582031250e+03 4.663661931946663231e+00 9.575359959721126968e-01
1.715554870605468750e+03 3.628789457041328603e+00 9.588027751079561956e-01
1.715575683593750000e+03 3.234899745295571449e+00 9.618496790992918655e-01
1.715596496582031250e+03 4.203353752164652235e+00 9.596146262550915296e-01
1.715617370605468750e+03 3.965861583727480877e+00 9.612901242219414888e-01
1.715638183593750000e+03 4.112482696573110275e+00 9.607068226899689867e-01
1.715679870605468750e+03 5.732187965186298584e+00 9.587966206839970695e-01
1.715700683593750000e+03 4.018749470796535661e+00 9.602928790723728181e-01
1.715721496582031250e+03 5.346839377139147587e+00 9.599487055545402603e-01
1.715742370605468750e+03 5.248715825620401176e+00 9.592130120418498329e-01
1.715763183593750000e+03 5.036693307894744009e+00 9.632512282050089691e-01
1.715783996582031250e+03 2.049694783636049067e+00 9.642309489921137011e-01
1.715804870605468750e+03 4.691818000092567331e+00 9.704254182972625875e-01
1.715825683593750000e+03 4.959305901642423464e+00 9.653317842690629647e-01
1.715846496582031250e+03 4.363605818281442339e+00 9.680588933490973380e-01
1.715867370605468750e+03 4.739271432267912587e+00 9.678331466408793826e-01
1.715888183593750000e+03 4.407502864794437869e+00 9.678601515767936148e-01
1.715908996582031250e+03 2.978509278615881328e+00 9.657564055279508342e-01
1.715929870605468750e+03 4.234774854024124124e+00 9.664709601482317503e-01
1.715950683593750000e+03 3.507137964127913676e+00 9.621092622472686706e-01
1.715971496582031250e+03 3.571364191854172532e+00 9.592320264216580572e-01
1.715992370605468750e+03 4.595778507507830568e+00 9.583599598267772413e-01
1.716013183593750000e+03 3.829835425221560286e+00 9.574921101675838431e-01
1.716033996582031250e+03 3.917499562944612990e+00 9.564545119756329150e-01
1.716054870605468750e+03 5.217074706445082199e+00 9.597801123563183268e-01
1.716075683593750000e+03 2.987019566572890028e+00 9.591714090041694174e-01
1.716096496582031250e+03 3.453074356750775564e+00 9.586806428135469238e-01
1.716117370605468750e+03 3.193196953069751487e+00 9.612144753349191051e-01
1.716138183593750000e+03 4.405479426702989088e+00 9.633336160476779764e-01
1.716158996582031250e+03 3.824018161211746758e+00 9.636531387319946518e-01
1.716179870605468750e+03 3.585573759282112860e+00 9.644131027575985060e-01
1.716200683593750000e+03 4.621160687782108312e+00 9.664217134316357427e-01
1.716221496582031250e+03 3.248221354325849575e+00 9.625261402296070301e-01
1.716242370605468750e+03 3.404088119782301192e+00 9.599146788153432031e-01
1.716263183593750000e+03 3.691596128602888882e+00 9.581197037522463100e-01
1.716283996582031250e+03 4.986641275279744434e+00 9.550291957686465327e-01
1.716304870605468750e+03 5.275233099166051431e+00 9.532126714689383995e-01
1.716325683593750000e+03 3.293392936818726469e+00 9.505219481300540840e-01
1.716346496582031250e+03 4.628418009253579157e+00 9.498412677263698978e-01
1.716367370605468750e+03 4.315624946492867764e+00 9.511556761065281806e-01
1.716388183593750000e+03 4.381670961870597125e+00 9.502199959758850234e-01
1.716408996582031250e+03 3.450507853252027246e+00 9.522755699380137662e-01
1.716429870605468750e+03 2.606723652320653173e+00 9.524205841038181353e-01
1.716450683593750000e+03 3.900139729695631274e+00 9.549675625889481045e-01
1.716471496582031250e+03 4.972179028053254513e+00 9.591229060973099907e-01
1.716492370605468750e+03 5.349167531730536496e+00 9.635678399457582310e-01
1.716513183593750000e+03 3.210211064055201291e+00 9.638160452372130926e-01
1.716533996582031250e+03 3.392210946072985678e+00 9.682835409578384178e-01
1.716554870605468750e+03 2.014112821739210801e+00 9.700558690076176438e-01
1.716575683593750000e+03 4.335230012806789546e+00 9.729836460613184856e-01
1.716596496582031250e+03 4.737293279417201575e+00 9.721845532491886210e-01
1.716617370605468750e+03 4.452838290811577338e+00 9.731599047604969632e-01
1.716638183593750000e+03 4.824102513526732139e+00 9.730309986241958420e-01
1.716658996582031250e+03 3.189931279636773809e+00 9.737218511917619113e-01
1.716679870605468750e+03 3.340030221249946862e+00 9.721701759455104730e-01
1.716700683593750000e+03 2.640176967985560452e+00 9.735088977377707176e-01
1.716721496582031250e+03 5.077264629715088518e+00 9.734825393274693095e-01
1.716742370605468750e+03 4.261126470769170282e+00 9.749137693566926055e-01
1.716763183593750000e+03 3.248624939809872103e+00 9.775503731453385470e-01
1.716783996582031250e+03 2.274585880635825674e+00 9.761860846820548110e-01
1.716804870605468750e+03 4.592696743395798364e+00 9.801446143319705318e-01
1.716825683593750000e+03 3.194129064758286063e+00 9.788025151824905068e-01
1.716846496582031250e+03 2.712933765915643392e+00 9.796015639388815366e-01
1.716867370605468750e+03 3.856583024343500199e+00 9.813153081165804092e-01
1.716888183593750000e+03 3.664262682723432363e+00 9.818407770769489451e-01
1.716908996582031250e+03 3.596341418147318336e+00 9.814992102252039219e-01
1.716929870605468750e+03 2.805568241521569917e+00 9.801044471219477749e-01
1.716950683593750000e+03 3.657351860949390243e+00 9.764245202816347335e-01
1.716971496582031250e+03 4.791271418800015169e+00 9.766724181304246022e-01
1.716992370605468750e+03 4.626436715151733381e+00 9.742748167887193000e-01
1.717013183593750000e+03 3.882723210139971570e+00 9.701374024968618670e-01
1.717033996582031250e+03 3.076139767819128679e+00 9.717963833918440431e-01
1.717054870605468750e+03 3.688113537603555869e+00 9.697950632846461527e-01
1.717075683593750000e+03 2.196541551931822767e+00 9.696997324755625147e-01
1.717096496582031250e+03 3.496441899267360043e+00 9.726244756571934547e-01
1.717117370605468750e+03 4.403324259309130184e+00 9.749987174294667547e-01
1.717138183593750000e+03 5.602399148873509205e+00 9.762570323031418695e-01
1.717158996582031250e+03 2.407365469517991130e+00 9.773667342717923257e-01
1.717179870605468750e+03 5.510101865265987442e+00 9.793488995762887894e-01
1.717200683593750000e+03 3.438178448929107844e+00 9.794742966726627253e-01
1.717221496582031250e+03 4.084008934621884634e+00 9.771890690141017410e-01
1.717242370605468750e+03 2.146969036957770527e+00 9.748303424728235189e-01
1.717263183593750000e+03 3.967801528951866885e+00 9.721496059153038605e-01
1.717283996582031250e+03 3.008960362226858365e+00 9.692380967608451581e-01
1.717304870605468750e+03 4.386041246059271259e+00 9.679101256566770006e-01
1.717325683593750000e+03 3.470065993356641343e+00 9.629938097405257302e-01
1.717346496582031250e+03 2.964026209065799833e+00 9.621554463948867042e-01
1.717367370605468750e+03 4.440270923949952930e+00 9.618346205694874307e-01
1.717388183593750000e+03 4.126871951787933313e+00 9.610919983261336785e-01
1.717408996582031250e+03 4.393224151212059780e+00 9.623879751432461438e-01
1.717429870605468750e+03 4.395018406616976847e+00 9.647611513187774879e-01
1.717450683593750000e+03 4.706773225540509031e+00 9.674683060001380008e-01
1.717471496582031250e+03 3.855372190842437874e+00 9.693301832315384114e-01
1.717492370605468750e+03 4.008349548570386389e+00 9.727714194628526156e-01
1.717513183593750000e+03 3.260023208525154814e+00 9.764360269665908199e-01
1.717533996582031250e+03 4.173728523739825391e+00 9.803139005778080950e-01
1.717554870605468750e+03 2.877188142035947749e+00 9.835416202805070673e-01
1.717575683593750000e+03 3.784665585060714932e+00 9.859653825641022662e-01
1.717596496582031250e+03 3.089750252007647191e+00 9.886721414711124867e-01
1.717617370605468750e+03 2.660117672260646771e+00 9.894280395460353095e-01
1.717638183593750000e+03 3.286703115688112575e+00 9.887931312287742136e-01
1.717658996582031250e+03 4.480146524988541046e+00 9.909295946549938616e-01
1.717679870605468750e+03 4.478106028584193155e+00 9.881601975679015215e-01
1.717700683593750000e+03 3.104266202071173097e+00 9.888526862699418274e-01
1.717721496582031250e+03 3.813397072117410858e+00 9.901209960074434102e-01
1.717742370605468750e+03 4.449089350347897209e+00 9.922010766249391711e-01
1.717763183593750000e+03 3.351323876216575570e+00 9.929054246064070721e-01
1.717783996582031250e+03 5.313359164697608605e+00 9.938511754959737932e-01
1.717804870605468750e+03 3.841166661908530955e+00 9.956822461602677921e-01
1.717825683593750000e+03 3.282758991213704292e+00 9.971547179779541858e-01
1.717846496582031250e+03 3.988344865051679733e+00 1.000542493536416666e+00
1.717867370605468750e+03 4.941608249048087487e+00 9.993787862528253907e-01
1.717888183593750000e+03 4.952604767652495354e+00 9.991396540876361643e-01
1.717908996582031250e+03 5.268600284696290714e+00 9.994528883116188256e-01
1.717929870605468750e+03 4.091864814703590980e+00 9.968633633116765758e-01
1.717950683593750000e+03 3.825610220092613645e+00 9.945714949910245961e-01
1.717971496582031250e+03 2.406191142705957020e+00 9.910390319586045438e-01
1.717992370605468750e+03 3.458865058350539812e+00 9.881589911910142465e-01
1.718013183593750000e+03 3.350662092345430665e+00 9.868654505996652393e-01
1.718033996582031250e+03 3.351453993582914848e+00 9.850652787318396886e-01
1.718054870605468750e+03 3.157370599431274627e+00 9.870273340125496064e-01
1.718075683593750000e+03 3.458254828766690991e+00 9.870514285458746873e-01
1.718096496582031250e+03 3.873057688599324422e+00 9.898727629518623283e-01
1.718117370605468750e+03 3.726719982830275057e+00 9.904350664266929893e-01
1.718138183593750000e+03 4.065004615147493894e+00 9.936202810302350308e-01
1.718158996582031250e+03 4.034726121787343800e+00 9.969950170229830988e-01
1.718179870605468750e+03 2.193141549556443692e+00 9.981353183086401071e-01
1.718200683593750000e+03 3.555588604833509692e+00 9.996199481698601064e-01
1.718221496582031250e+03 4.149085960120970640e+00 9.981575025546611801e-01
1.718242370605468750e+03 5.158870599432603399e+00 9.974390257936003312e-01
1.718263183593750000e+03 4.118614124943619004e+00 9.940754807268378235e-01
1.718283996582031250e+03 4.673125388721963702e+00 9.931994706615276947e-01
1.718304870605468750e+03 4.203720297974307130e+00 9.908050758518247569e-01
1.718325683593750000e+03 2.831648988534112732e+00 9.871423967134428379e-01
1.718346496582031250e+03 3.304901485028587160e+00 9.839854302122387208e-01
1.718367370605468750e+03 3.204459240674239595e+00 9.865033588922609287e-01
1.718388183593750000e+03 4.156878175590321689e+00 9.833142150755325162e-01
1.718408996582031250e+03 3.219266776815480569e+00 9.850403187337548605e-01
1.718429870605468750e+03 3.126479846596296852e+00 9.875022320782508300e-01
1.718450683593750000e+03 3.595959916593940875e+00 9.910996548426980191e-01
1.718471496582031250e+03 4.210267646726862267e+00 9.951173072942151032e-01
1.718492370605468750e+03 4.811630553910553942e+00 1.000054477161444133e+00
1.718513183593750000e+03 3.823328243886578548e+00 1.003981353681603128e+00
1.718533996582031250e+03 4.512640702153653649e+00 1.008960218210538606e+00
1.718554870605468750e+03 3.445913930211247589e+00 1.012700903940536579e+00
1.718575683593750000e+03 3.631431331172230159e+00 1.016880491836245293e+00
1.718596496582031250e+03 3.953690425064017688e+00 1.018328428511557915e+00
1.718617370605468750e+03 4.947327629219579137e+00 1.019508624647926354e+00
1.718638183593750000e+03 3.453526353284352979e+00 1.019000386553420512e+00
1.718658996582031250e+03 2.802502393691788996e+00 1.018681021853437008e+00
1.718679870605468750e+03 3.435880491330351560e+00 1.017959962398515383e+00
1.718700683593750000e+03 5.396774280551220215e+00 1.020220994570216089e+00
1.718721496582031250e+03 3.423524673150538433e+00 1.019044372528381537e+00
1.718742370605468750e+03 4.974778848725527780e+00 1.018960727357882456e+00
1.718763183593750000e+03 6.476841143561131275e+00 1.021125569975104730e+00
1.718783996582031250e+03 3.405515523463698457e+00 1.023017272870517358e+00
1.718804870605468750e+03 4.617246423234590225e+00 1.025463225201440176e+00
1.718825683593750000e+03 3.458467738720429452e+00 1.028984065723032471e+00
1.718846496582031250e+03 4.463478371765837949e+00 1.030805087204956116e+00
1.718867370605468750e+03 5.431850319359554646e+00 1.033069623604210507e+00
1.718888183593750000e+03 3.181990559318798262e+00 1.035644531250000000e+00
1.718908996582031250e+03 3.514956573286120545e+00 1.036256198565415954e+00
1.718929870605468750e+03 5.382413198826483836e+00 1.032834309911786930e+00
1.718950683593750000e+03 3.670271458455658831e+00 1.031451812417386371e+00
1.718971496582031250e+03 4.907449027584775081e+00 1.028435942406113801e+00
1.718992370605468750e+03 3.700690905496003325e+00 1.035135751197388876e+00
1.719013183593750000e+03 4.746952001261085741e+00 1.023358349251009214e+00
1.719033996582031250e+03 4.070575369600710758e+00 1.023703795288151586e+00
1.719054870605468750e+03 2.309812260890922175e+00 1.021696808937169410e+00
1.719075683593750000e+03 2.912788535821704272e+00 1.023021933945990503e+00
1.719096496582031250e+03 2.759880157174343651e+00 1.024124613727025013e+00
1.719117370605468750e+03 3.017806090060354052e+00 1.028834838242766336e+00
1.719138183593750000e+03 5.005344418917225369e+00 1.034138938958341969e+00
1.719158996582031250e+03 3.938913455527753626e+00 1.034239914016655160e+00
1.719179870605468750e+03 3.889681829079890463e+00 1.035978343497930609e+00
1.719200683593750000e+03 3.464944164065094867e+00 1.037003046537097628e+00
1.719221496582031250e+03 4.265521156892390309e+00 1.037112708364758440e+00
1.719242370605468750e+03 4.602689569222896182e+00 1.034795388714956133e+00
1.719263183593750000e+03 4.417369240635679262e+00 1.033047698648864809e+00
1.719283996582031250e+03 4.405784114915135774e+00 1.031399860474978558e+00
1.719304809570312500e+03 5.111676344817006168e+00 1.027254688188183440e+00
1.719325622558593750e+03 4.371475502861862594e+00 1.024141317156782582e+00
1.719346496582031250e+03 5.001786397982549204e+00 1.024032478067062879e+00
1.719367309570312500e+03 3.526030213322037810e+00 1.021439560441422145e+00
1.719388122558593750e+03 4.135122056329755935e+00 1.022514451164963534e+00
1.719408996582031250e+03 4.452172248451283565e+00 1.024140618760995602e+00
1.719429809570312500e+03 3.891121834272453839e+00 1.026808624722793661e+00
1.719450622558593750e+03 5.173597292744616993e+00 1.031242948565795015e+00
1.719471496582031250e+03 2.239863494102152686e+00 1.030330884154498472e+00
1.719492309570312500e+03 2.460619339299199737e+00 1.037096156379095913e+00
1.719513122558593750e+03 4.255845253523432348e+00 1.040390714556724605e+00
1.719533996582031250e+03 2.299409577183205045e+00 1.042758591870085905e+00
1.719554809570312500e+03 3.691746231430222736e+00 1.046891568180897680e+00
1.719575622558593750e+03 4.446038351067500116e+00 1.052172565767753198e+00
1.719596496582031250e+03 2.007193121532289126e+00 1.053567645040742962e+00
1.719617309570312500e+03 3.975587725084814394e+00 1.056352840586132880e+00
1.719638122558593750e+03 3.000254558020643003e+00 1.056494739777540159e+00
1.719658996582031250e+03 3.159504452557293064e+00 1.057032824372037494e+00
1.719679809570312500e+03 1.946255708091854331e+00 1.057321889410908655e+00
1.719700622558593750e+03 2.616635275735205823e+00 1.057950264145694597e+00
1.719721496582031250e+03 4.320763078000162238e+00 1.060100538776031609e+00
1.719742309570312500e+03 3.371557256638645583e+00 1.061191931709621672e+00
1.719763122558593750e+03 2.273967580766189656e+00 1.063795421988814605e+00
1.719783996582031250e+03 2.991189510457580525e+00 1.065793766294414802e+00
1.719804809570312500e+03 3.630465008591563958e+00 1.068915018648767701e+00
1.719825622558593750e+03 3.175172617092840710e+00 1.078379172618960880e+00
1.719846496582031250e+03 3.439432301870454012e+00 1.074306969921515531e+00
1.719867309570312500e+03 2.868251423449009962e+00 1.077330697515146207e+00
1.719888122558593750e+03 3.804312518350748462e+00 1.077405827914292402e+00
1.719929809570312500e+03 4.248305401483520427e+00 1.077390337539096077e+00
1.719950622558593750e+03 3.350410007531849033e+00 1.077009425526694208e+00
1.719971496582031250e+03 3.039741566779298410e+00 1.072309482698952987e+00
1.719992309570312500e+03 3.699531177622027656e+00 1.070104481328705504e+00
1.720013122558593750e+03 2.645612762151642983e+00 1.067996617297555462e+00
1.720033996582031250e+03 5.169773852620252796e+00 1.064371816347012167e+00
1.720054809570312500e+03 2.916304063393759805e+00 1.067215776417948181e+00
1.720075622558593750e+03 3.379726306431294347e+00 1.061923992874613143e+00
1.720096496582031250e+03 2.742603301962311946e+00 1.062506900091766404e+00
1.720117309570312500e+03 4.096820767259103491e+00 1.065656685008518512e+00
1.720138122558593750e+03 4.077715955839600781e+00 1.067141157403519891e+00
1.720158996582031250e+03 3.499306509879254179e+00 1.070087102838567006e+00
1.720179809570312500e+03 3.001029740886600905e+00 1.074881331968904563e+00
1.720200622558593750e+03 3.143631496802385072e+00 1.077109812565359981e+00
1.720221496582031250e+03 3.181370206268411494e+00 1.077397584849501433e+00
1.720242309570312500e+03 3.356774847661931460e+00 1.076800707857514361e+00
1.720263122558593750e+03 3.270691582362303507e+00 1.075787761283456101e+00
1.720283996582031250e+03 3.467900769125442650e+00 1.073031181717838844e+00
1.720304809570312500e+03 2.157273602421533099e+00 1.076431160100213891e+00
1.720325622558593750e+03 4.093359889202808688e+00 1.064879053976163004e+00
1.720346496582031250e+03 3.406456212246013138e+00 1.064119563204107832e+00
1.720367309570312500e+03 5.259223810097807927e+00 1.061491992979536336e+00
1.720388122558593750e+03 3.458754214582235420e+00 1.061202378838953964e+00
1.720408996582031250e+03 1.823063421980855026e+00 1.063063976727516957e+00
1.720429809570312500e+03 4.284764891692688593e+00 1.064540754438463299e+00
1.720450622558593750e+03 3.808131099330303471e+00 1.067559593198959433e+00
1.720471496582031250e+03 2.681943307049614589e+00 1.070906147293370525e+00
1.720492309570312500e+03 3.852356684921751651e+00 1.076494947287842452e+00
1.720513122558593750e+03 4.056421420336853600e+00 1.081602596938384453e+00
1.720533996582031250e+03 3.643599020670677646e+00 1.089034460245876357e+00
1.720554809570312500e+03 4.095816593228974511e+00 1.098673718856504555e+00
1.720575622558593750e+03 3.127506538863251251e+00 1.103636878449692826e+00
1.720596496582031250e+03 3.668473380230494740e+00 1.112718942078941842e+00
1.720617309570312500e+03 2.676234952677560841e+00 1.118253346172727314e+00
1.720638122558593750e+03 2.556755601332788785e+00 1.121983404421002417e+00
1.720658996582031250e+03 2.949021378535590543e+00 1.126172778988944190e+00
1.720679809570312500e+03 2.400564368693800077e+00 1.128781216042952451e+00
1.720700622558593750e+03 3.489129935106824121e+00 1.131012216098963297e+00
1.720721496582031250e+03 1.803247130827841715e+00 1.129308345159802052e+00
1.720742309570312500e+03 3.485272000644087598e+00 1.136069987676423532e+00
1.720763122558593750e+03 1.303739000858783470e+00 1.137909308351191751e+00
1.720783996582031250e+03 3.073234686401058013e+00 1.141169431167610826e+00
1.720804809570312500e+03 2.781274133768484091e+00 1.144541248889770824e+00
1.720825622558593750e+03 2.065625313729910317e+00 1.146238804370447228e+00
1.720846496582031250e+03 3.791114812757349739e+00 1.151227248523072566e+00
1.720867309570312500e+03 2.931415559627673417e+00 1.152967226146596191e+00
1.720888122558593750e+03 3.860536646902410496e+00 1.158130662783814824e+00
1.720908996582031250e+03 2.604898633294872923e+00 1.153145307656705754e+00
1.720929809570312500e+03 3.602575862927729133e+00 1.152133004265754268e+00
1.720950622558593750e+03 2.827826176147624437e+00 1.154531232405618724e+00
1.720971496582031250e+03 4.624723084507500914e+00 1.145767793803971646e+00
1.720992309570312500e+03 2.407106123269890929e+00 1.143265476678446246e+00
1.721013122558593750e+03 3.473419457071358352e+00 1.139026409985050670e+00
1.721033996582031250e+03 5.193509910537542851e+00 1.136740195999503156e+00
1.721054809570312500e+03 3.021610620368960554e+00 1.135156613354450839e+00
1.721075622558593750e+03 3.259566346816541227e+00 1.137549971436533802e+00
1.721096496582031250e+03 3.410328541183559992e+00 1.135719673018860787e+00
1.721117309570312500e+03 2.945532844697410724e+00 1.137619395854304827e+00
1.721138122558593750e+03 4.664040808575784069e+00 1.142311573725925511e+00
1.721158996582031250e+03 4.895992824469381333e+00 1.147219420643347254e+00
1.721179809570312500e+03 2.919193059175370308e+00 1.150799871165852029e+00
1.721200622558593750e+03 2.640667706125533698e+00 1.152870549193063754e+00
1.721221496582031250e+03 4.076936178822307966e+00 1.155979846633475638e+00
1.721242309570312500e+03 2.934731983499290209e+00 1.157691006071147166e+00
1.721263122558593750e+03 3.279231958912568246e+00 1.159771788115939506e+00
1.721283996582031250e+03 4.305798548900831690e+00 1.154936069684371569e+00
1.721304809570312500e+03 2.271326435823922907e+00 1.150507818965544660e+00
1.721325622558593750e+03 3.646839398226461526e+00 1.146263348201127963e+00
1.721346496582031250e+03 4.541365218722617669e+00 1.142347941891181273e+00
1.721367309570312500e+03 2.616884565541127472e+00 1.136599400078385003e+00
1.721388122558593750e+03 4.210088730344729413e+00 1.133254865893847496e+00
1.721408996582031250e+03 5.638977114022843296e+00 1.131220573759146086e+00
1.721429809570312500e+03 3.635153100409432625e+00 1.132422070800932712e+00
1.721450622558593750e+03 2.244666257732220060e+00 1.132149811637804371e+00
1.721471496582031250e+03 6.244556255776252840e+00 1.137493014052181728e+00
1.721492309570312500e+03 4.199171711127434037e+00 1.144817225431542518e+00
1.721513122558593750e+03 1.856472311504809625e+00 1.151069168982040702e+00
1.721533996582031250e+03 4.729119689964633722e+00 1.160934341446903995e+00
1.721554809570312500e+03 2.097135374407962161e+00 1.170693984964946033e+00
1.721575622558593750e+03 2.411739976903071181e+00 1.181251651015969628e+00
1.721596496582031250e+03 2.776103994395135999e+00 1.192607986471177606e+00
1.721617309570312500e+03 2.026666528235750775e+00 1.202748772391575072e+00
1.721638122558593750e+03 1.917868902291914424e+00 1.212424761610603419e+00
1.721658996582031250e+03 2.712959381234313128e+00 1.219480491231892616e+00
1.721679809570312500e+03 3.404240131398466929e+00 1.224040408798218849e+00
1.721700622558593750e+03 3.306314294148130273e+00 1.228032343040892593e+00
1.721721496582031250e+03 2.575140436660525722e+00 1.231333498374571178e+00
1.721742309570312500e+03 5.743769204140818374e-01 1.231900692869719816e+00
1.721763122558593750e+03 2.871802013881897153e+00 1.237534884722138129e+00
1.721783996582031250e+03 2.322822235373827482e+00 1.237334265351629492e+00
1.721804809570312500e+03 2.378565217105673923e+00 1.242473113615319091e+00
1.721825622558593750e+03 3.331197321111339704e+00 1.244281515291439044e+00
1.721846496582031250e+03 2.207726638142332831e+00 1.248016834643723039e+00
1.721867309570312500e+03 3.191935724702297250e+00 1.253008702463311419e+00
1.721888122558593750e+03 2.881859378767430258e+00 1.256635174133222899e+00
1.721908996582031250e+03 3.242741931706063951e+00 1.259326947149748355e+00
1.721929809570312500e+03 3.300952476878322273e+00 1.256300687004593186e+00
1.721950622558593750e+03 4.486953604428265407e+00 1.253525625672215371e+00
1.721971496582031250e+03 1.971184618982363190e+00 1.249058702819564992e+00
1.721992309570312500e+03 2.328837715381887108e+00 1.247242078549907207e+00
1.722013122558593750e+03 3.609972360123613555e+00 1.244854684721595550e+00
1.722033996582031250e+03 4.106288565644213406e+00 1.242102374153027267e+00
1.722054809570312500e+03 3.599492286544894171e+00 1.241290794462825309e+00
1.722075622558593750e+03 4.054826857274257179e+00 1.244604578150819485e+00
1.722096496582031250e+03 4.833613510637412958e+00 1.243865601041112878e+00
1.722117309570312500e+03 4.254410616136141243e+00 1.246242980631169228e+00
1.722138122558593750e+03 3.203438472751045651e+00 1.249181384016240237e+00
1.722158996582031250e+03 2.999463932261505761e+00 1.255517370188153681e+00
1.722179809570312500e+03 3.779488444458529273e+00 1.258886080510829508e+00
1.722200622558593750e+03 4.451000870982426250e+00 1.262541181062657225e+00
1.722221496582031250e+03 2.869508515965129902e+00 1.265887150870854461e+00
1.722242309570312500e+03 4.212809741108898720e+00 1.267536415389587168e+00
1.722263122558593750e+03 4.200443663391261850e+00 1.265460721880788730e+00
1.722283996582031250e+03 3.038667896355534026e+00 1.262127742084684145e+00
1.722304809570312500e+03 2.538182014366043404e+00 1.259018408788454835e+00
1.722325622558593750e+03 3.381760480702240557e+00 1.252028345475754811e+00
1.722346496582031250e+03 2.126792910466100750e+00 1.243950462480384989e+00
1.722367309570312500e+03 3.460051574598821844e+00 1.236321809339738342e+00
1.722388122558593750e+03 2.292082880238417886e+00 1.229118211513127834e+00
1.722408996582031250e+03 2.961123328754219131e+00 1.223305234421777854e+00
1.722429809570312500e+03 2.190462255240142042e+00 1.218049508305357076e+00
1.722450622558593750e+03 4.003588773524583644e+00 1.217160827187770300e+00
1.722471496582031250e+03 2.938078681076909504e+00 1.216627473504728663e+00
1.722492309570312500e+03 4.119693416156422927e+00 1.222501166017440521e+00
1.722513122558593750e+03 1.493252372216645085e+00 1.231496472547638943e+00
1.722533996582031250e+03 2.614714169926273257e+00 1.242801298686178724e+00
1.722554809570312500e+03 2.221700400444625245e+00 1.261210667022374610e+00
1.722575622558593750e+03 4.843016107744844589e+00 1.274818420569964639e+00
1.722596496582031250e+03 3.799473828021575628e+00 1.285184030899273022e+00
1.722617309570312500e+03 3.045957401655755348e+00 1.302611109264998790e+00
1.722638122558593750e+03 4.080739400048848609e+00 1.318357702183545088e+00
1.722658996582031250e+03 4.052022528068469853e+00 1.330475466359020142e+00
1.722679809570312500e+03 3.250267352765341400e+00 1.341245312998066819e+00
1.722700622558593750e+03 1.397714041843173050e+00 1.345564260640131460e+00
1.722721496582031250e+03 3.179697316065485779e+00 1.350614049567898434e+00
1.722742309570312500e+03 0.000000000000000000e+00 1.355777496441723740e+00
1.722763122558593750e+03 2.694444766102471078e+00 1.353965167190594343e+00
1.722783996582031250e+03 2.885236852644077032e+00 1.351141582942389840e+00
1.722804809570312500e+03 1.256411107871421962e+00 1.348634359371284397e+00
1.722825622558593750e+03 2.843546176080607779e+00 1.346552255644199336e+00
1.722846496582031250e+03 2.816850661517463550e+00 1.345951317653580004e+00
1.722867309570312500e+03 2.137200517716493664e+00 1.347580307741955696e+00
1.722888122558593750e+03 1.658572741659213534e+00 1.346507901748946745e+00
1.722908996582031250e+03 3.701552206207537665e+00 1.346855876813402464e+00
1.722929809570312500e+03 4.941724046157261796e+00 1.345218521362373076e+00
1.722950622558593750e+03 2.010775007295926287e+00 1.341799495866595304e+00
1.722971496582031250e+03 3.122606946830543961e+00 1.339120386000872243e+00
1.722992309570312500e+03 3.464990394477389657e+00 1.336113678318834541e+00
1.723013122558593750e+03 1.754439902087312930e+00 1.329378949775082974e+00
1.723033996582031250e+03 4.409631689812378852e+00 1.325760970131958594e+00
1.723054809570312500e+03 2.419639407214020821e+00 1.316597084226802883e+00
1.723075622558593750e+03 2.539734241481276911e+00 1.307380181870994917e+00
1.723096496582031250e+03 2.633088266767430241e+00 1.300635114829360894e+00
1.723117309570312500e+03 3.423358492294056532e+00 1.293511636862297864e+00
1.723138122558593750e+03 1.949392197410283245e+00 1.288989070766095812e+00
1.723158996582031250e+03 2.341555556273249294e+00 1.283642280018758797e+00
1.723179809570312500e+03 4.241124081655641476e+00 1.277875923566121674e+00
1.723200622558593750e+03 3.782472273698154197e+00 1.273791211390891576e+00
1.723221496582031250e+03 3.235990280239043670e+00 1.268492805081638641e+00
1.723242309570312500e+03 3.048352593424439760e+00 1.260903109586107629e+00
1.723263122558593750e+03 2.450428433168596598e+00 1.253714906347779046e+00
1.723283996582031250e+03 3.176294294595813028e+00 1.245230779515192676e+00
1.723304809570312500e+03 2.208327628623322880e+00 1.232910252939352747e+00
1.723325622558593750e+03 1.550022639472182107e+00 1.218176731363620480e+00
1.723346496582031250e+03 3.590691652935156242e+00 1.201838610688880316e+00
1.723367309570312500e+03 2.990265079785231706e+00 1.182713650361155722e+00
1.723388122558593750e+03 4.799826676273028170e+00 1.162520904763237217e+00
1.723408996582031250e+03 3.882155186480424902e+00 1.142971134248490506e+00
1.723429809570312500e+03 2.916755073021285227e+00 1.122204539319166416e+00
1.723450622558593750e+03 3.015939136858875713e+00 1.107470153079189057e+00
1.723471496582031250e+03 4.204389379861055431e+00 1.090656046165888071e+00
1.723492309570312500e+03 2.006447899056496453e+00 1.077377889754777884e+00
1.723513122558593750e+03 3.590734117578584517e+00 1.068054936914109021e+00
1.723533996582031250e+03 2.811044722922254380e+00 1.058622352804886813e+00
1.723554809570312500e+03 3.632010787985386457e+00 1.052871610228194754e+00
1.723575622558593750e+03 4.786580896251244610e+00 1.048018215610814208e+00
1.723596496582031250e+03 2.578497595414575017e+00 1.046938310673069417e+00
1.723617309570312500e+03 4.606458518527183799e+00 1.038852469649663268e+00
1.723638122558593750e+03 4.295108526674269456e+00 1.030873894742796670e+00
1.723658996582031250e+03 3.938684955468019666e+00 1.020633963494731455e+00
1.723679809570312500e+03 1.982757464932205949e+00 1.005475787750962136e+00
1.723700622558593750e+03 3.545721088515016106e+00 9.902053016141589836e-01
1.723721496582031250e+03 4.166855689300490440e+00 9.638879342827175734e-01
1.723742309570312500e+03 2.385275897598290840e+00 9.390391748359201429e-01
1.723763122558593750e+03 2.151548645021044592e+00 9.168554494550736900e-01
1.723783996582031250e+03 4.674570235530694617e+00 9.023787916901466755e-01
1.723804809570312500e+03 3.032765851116671740e+00 8.948820667246254468e-01
1.723825622558593750e+03 2.997100014019260072e+00 8.939340255254788481e-01
1.723846496582031250e+03 4.507285331043753729e+00 8.947570382561123026e-01
1.724971435546875000e+03 2.096965458264236304e+00 8.934338097030785075e-01
1.724992248535156250e+03 2.885226049686572480e+00 8.945700957680010612e-01
1.725013122558593750e+03 1.082498283187170784e+00 8.922358885568644205e-01
1.725033935546875000e+03 3.369043822208674044e+00 8.935498513679750454e-01
1.725054748535156250e+03 3.173104652410380311e+00 8.931837635716208812e-01
1.725075622558593750e+03 4.115249718874146367e+00 8.946963495209250272e-01
1.725096435546875000e+03 2.890091944920676781e+00 8.944695130745338174e-01
1.725117248535156250e+03 2.628785142227847871e+00 8.930610335382913600e-01
1.725138122558593750e+03 3.836080802464728379e+00 8.943983420705526877e-01
1.725158935546875000e+03 3.594953163353686421e+00 8.943205339546905774e-01
1.725179748535156250e+03 4.314836639967637666e+00 8.960939774849693285e-01
1.725200622558593750e+03 2.936894046083878607e+00 8.964379325588522907e-01
1.725221435546875000e+03 2.681992427938951096e+00 8.947171014011995327e-01
1.725242248535156250e+03 2.950667872456648411e+00 8.933783018361540762e-01
1.725263122558593750e+03 2.877962292424797397e+00 8.932833233459442912e-01
1.725283935546875000e+03 2.642180405566072920e+00 8.937517459558892430e-01
1.725304748535156250e+03 3.524210593244639256e+00 8.968916489388326641e-01
1.725325622558593750e+03 2.129477625400291174e+00 8.976993679915959978e-01
1.725346435546875000e+03 2.499947673242651547e+00 8.974663170787149369e-01
1.725367248535156250e+03 1.864651273919157859e+00 8.940580357397118760e-01
1.725388122558593750e+03 4.425321090841812577e+00 8.939698302407504960e-01
1.725408935546875000e+03 3.364691835178561519e+00 8.937599821800369382e-01
1.725429748535156250e+03 3.975114593180549605e+00 8.939453938446441095e-01
1.725450622558593750e+03 2.801164723848970084e+00 8.941928273332456767e-01
1.725471435546875000e+03 3.944503662127935684e+00 8.942694801552868444e-01
1.725492248535156250e+03 3.005007571064091110e+00 8.939277578859321505e-01
1.725513122558593750e+03 2.161485785204611432e+00 8.937885916320912338e-01
1.725533935546875000e+03 3.041064305471138596e+00 8.940432020902719934e-01
1.725554748535156250e+03 2.043488243195405119e+00 8.958874878298430655e-01
1.725575622558593750e+03 3.463945714821633715e+00 8.946967825506312311e-01
1.725596435546875000e+03 3.097747029234170668e+00 8.943011058614983577e-01
1.725617248535156250e+03 3.566047240752936887e+00 8.935134961582421598e-01
1.725638122558593750e+03 3.723261943215639747e+00 8.979189495815868005e-01
1.725658935546875000e+03 2.406307235822303880e+00 8.949264253178457196e-01
1.725679748535156250e+03 3.788598707127533771e+00 8.941165345872610359e-01
1.725700622558593750e+03 3.393290030349071174e+00 8.946617730879041774e-01
1.725721435546875000e+03 4.370137187094726983e+00 8.974167706037299297e-01
1.725742248535156250e+03 3.205922133056439804e+00 8.935042570297705433e-01
1.725763122558593750e+03 3.497692823726524125e+00 8.953105746742837656e-01
1.725783935546875000e+03 3.709346237649434386e+00 8.941379332095683585e-01
1.725804748535156250e+03 3.157407976999031973e+00 8.945384462558521044e-01
1.725825622558593750e+03 2.775651177381831758e+00 8.949328191679946087e-01
1.725846435546875000e+03 3.617080995563000556e+00 8.939058874803303967e-01
1.725867248535156250e+03 3.274335793586665488e+00 8.953040170850209423e-01
1.725888122558593750e+03 4.598541385649255631e+00 8.949698160185739493e-01
1.725908935546875000e+03 3.105358899793408511e+00 8.943252659477763933e-01
1.725971435546875000e+03 3.194353433900474215e+00 8.959311978903859996e-01
1.725992248535156250e+03 3.976903362960499067e+00 8.973174037449956897e-01
1.726013122558593750e+03 4.023612625126396836e+00 8.985318673372892917e-01
1.726033935546875000e+03 3.654464548595974804e+00 9.002060773474415134e-01
1.726054748535156250e+03 3.979845007525284473e+00 8.999229755820429277e-01
1.726075622558593750e+03 3.757614284143393490e+00 9.011060474893445305e-01
1.726096435546875000e+03 3.260384862025134112e+00 9.019351711278812411e-01
1.726117248535156250e+03 4.165955619875212790e+00 9.037256929286603402e-01
1.726138122558593750e+03 2.805609140085152831e+00 9.089496128859750890e-01
1.726158935546875000e+03 3.395467320429460756e+00 9.039462833227064342e-01
1.726179748535156250e+03 4.544999288131620574e+00 9.046477590736511365e-01
1.726200622558593750e+03 3.146824287609071291e+00 9.041641830082077780e-01
1.726221435546875000e+03 1.839910447676551541e+00 9.045814741921761604e-01
1.726242248535156250e+03 2.816871690224260760e+00 9.083980884276567913e-01
1.726263122558593750e+03 3.857320027614562719e+00 9.072325740159247198e-01
1.726283935546875000e+03 3.891505170719447904e+00 9.088741981608788878e-01
1.726304748535156250e+03 2.975284005070058413e+00 9.087037378260519604e-01
1.726325622558593750e+03 3.797640101338458862e+00 9.110812615206144160e-01
1.726346435546875000e+03 3.796795189349992938e+00 9.155054033829358451e-01
1.726367248535156250e+03 4.439315048818997411e+00 9.147395373504794147e-01
1.726388122558593750e+03 3.971193331879959487e+00 9.140341338622400835e-01
1.726408935546875000e+03 3.909759930334210765e+00 9.139898548439640003e-01
1.726429748535156250e+03 3.711149491096072950e+00 9.144021731737133063e-01
1.726450622558593750e+03 3.057149049820772291e+00 9.154371700383936439e-01
1.726471435546875000e+03 4.362034515930439227e+00 9.188653665887899225e-01
1.726492248535156250e+03 3.614735040965342705e+00 9.168836958043123930e-01
1.726513122558593750e+03 4.136692649581505066e+00 9.171968826775827033e-01
1.726533935546875000e+03 4.549212283146196967e+00 9.195061977606985293e-01
1.726554748535156250e+03 2.576696418771064145e+00 9.202147582502546719e-01
1.726575622558593750e+03 4.285061261115529874e+00 9.233519474166203000e-01
1.726596435546875000e+03 3.837991807465108707e+00 9.232164095674715298e-01
1.726617248535156250e+03 4.447259467041561720e+00 9.242764568612782394e-01
1.726638122558593750e+03 1.980261248823630638e+00 9.278770577984634116e-01
1.726658935546875000e+03 4.925967832132954527e+00 9.258118314561005757e-01
1.726679748535156250e+03 4.627228655162923587e+00 9.234326990199628327e-01
1.726700622558593750e+03 5.030289009435620073e+00 9.237516988550238395e-01
1.726721435546875000e+03 3.971611676744181807e+00 9.224456055687805245e-01
1.726742248535156250e+03 3.982992992489492678e+00 9.227498639297074812e-01
1.726763122558593750e+03 3.165622186879510025e+00 9.232958496199609177e-01
1.726783935546875000e+03 3.980807237988095437e+00 9.244583915561077614e-01
1.726804748535156250e+03 5.067310411627317990e+00 9.286004771939394553e-01
1.726825622558593750e+03 5.363010618056414103e+00 9.301031129340968651e-01
1.726846435546875000e+03 3.111633873089793667e+00 9.299640724974362893e-01
1.726867248535156250e+03 4.150236430631167650e+00 9.283653603090931128e-01
1.726888122558593750e+03 5.104049584883746604e+00 9.290791292110545108e-01
1.726908935546875000e+03 4.979334008358073049e+00 9.266022530530597656e-01
1.726929748535156250e+03 3.497738955220420110e+00 9.253066894802299824e-01
1.726950622558593750e+03 4.363179397455667186e+00 9.250346525248308582e-01
1.726971435546875000e+03 2.791358083972227178e+00 9.226122995062417953e-01
1.726992248535156250e+03 4.870326548915997478e+00 9.249457601161266140e-01
1.727013122558593750e+03 4.356898194634922561e+00 9.236317399636436720e-01
1.727033935546875000e+03 3.879739425208164505e+00 9.245973251840434726e-01
1.727054748535156250e+03 3.938702210753532995e+00 9.278979990371389874e-01
1.727075622558593750e+03 4.249640730542665779e+00 9.275227837450409352e-01
1.727096435546875000e+03 3.147298234514025239e+00 9.302084288787507704e-01
1.727117248535156250e+03 4.155378569122618160e+00 9.297649126921183615e-01
1.727138122558593750e+03 4.421823154082495932e+00 9.296638421646857831e-01
1.727158935546875000e+03 4.682675044239879014e+00 9.287307368112435180e-01
1.727179748535156250e+03 4.297051442578492697e+00 9.287310256149292620e-01
1.727200622558593750e+03 3.862700421402188056e+00 9.265059198148192232e-01
1.727221435546875000e+03 4.444118577459150288e+00 9.270754431628103198e-01
1.727242248535156250e+03 3.733766515266871977e+00 9.244904029414084956e-01
1.727263061523437500e+03 4.458050525826507737e+00 9.269881288885587489e-01
1.727283874511718750e+03 4.255249263228208179e+00 9.245536809988168514e-01
1.727304748535156250e+03 3.228903702999325276e+00 9.238819969551255173e-01
1.727325561523437500e+03 4.192931096483945907e+00 9.260405809004904620e-01
1.727346374511718750e+03 4.177588983413563994e+00 9.262615519226685690e-01
1.727367248535156250e+03 3.093001439000964581e+00 9.264542913695417159e-01
1.727388061523437500e+03 4.810285573406900994e+00 9.341391402881445982e-01
1.727408874511718750e+03 4.163474963916620197e+00 9.281024403511536347e-01
1.727429748535156250e+03 4.715923805561040183e+00 9.299804482404440131e-01
1.727450561523437500e+03 4.230763262095244670e+00 9.279195821505307196e-01
1.727471374511718750e+03 4.290026299071193705e+00 9.283211227917480546e-01
1.727492248535156250e+03 3.971495244065295083e+00 9.297236908351864670e-01
1.727513061523437500e+03 4.331031733294565811e+00 9.311416217284663732e-01
1.727533874511718750e+03 5.423258923926333352e+00 9.351665384719354268e-01
1.727554748535156250e+03 3.816499608559873025e+00 9.334266225706567832e-01
1.727575561523437500e+03 3.324962181462183253e+00 9.345702487224051280e-01
1.727596374511718750e+03 4.401515034714442720e+00 9.368881136108152541e-01
1.727617248535156250e+03 3.599301232157465336e+00 9.376503823784387848e-01
1.727638061523437500e+03 5.456378384257753567e+00 9.415302748915153064e-01
1.727658874511718750e+03 3.963903875237129171e+00 9.351986613332566867e-01
1.727679748535156250e+03 4.188257214671423867e+00 9.345285372430806037e-01
1.727700561523437500e+03 4.847855316988358254e+00 9.330406625581266766e-01
1.727721374511718750e+03 3.605768491436634804e+00 9.323795355336046420e-01
1.727742248535156250e+03 2.851805963733362148e+00 9.325347384611951673e-01
1.727763061523437500e+03 3.631321681936626078e+00 9.333472145842118817e-01
1.727783874511718750e+03 3.204031532227894274e+00 9.339297340456684804e-01
1.727804748535156250e+03 5.345371507275523015e+00 9.366192813394778049e-01
1.727825561523437500e+03 4.560889481926416522e+00 9.372150305927013925e-01
1.727846374511718750e+03 4.219200601500645575e+00 9.383791615952957743e-01
1.727867248535156250e+03 4.244590622243812561e+00 9.378454843356172077e-01
1.727888061523437500e+03 4.303007171608143722e+00 9.371602078413729942e-01
1.727908874511718750e+03 5.258471059964456629e+00 9.372242204036439484e-01
1.727929748535156250e+03 3.876061315443507738e+00 9.340664612528787325e-01
1.727950561523437500e+03 3.817950703660706324e+00 9.343965661867617012e-01
1.727971374511718750e+03 3.260940192572547858e+00 9.316279892294478948e-01
1.727992248535156250e+03 2.422838251489778827e+00 9.295978983808551588e-01
1.728013061523437500e+03 4.967007137395306415e+00 9.342279873531799117e-01
1.728033874511718750e+03 3.763716567411613312e+00 9.328703371964217617e-01
1.728054748535156250e+03 4.158319485751420075e+00 9.336274911058425330e-01
1.728075561523437500e+03 4.251977175222265259e+00 9.367664964484242462e-01
1.728096374511718750e+03 4.868681020656701719e+00 9.378921959993741231e-01
1.728117248535156250e+03 3.606645395540496679e+00 9.384832947615576737e-01
1.728138061523437500e+03 4.649089852883442120e+00 9.441095059008701718e-01
1.728158874511718750e+03 5.304596696760867758e+00 9.387137185817856500e-01
1.728179748535156250e+03 4.705091527905373994e+00 9.434841223585104242e-01
1.728200561523437500e+03 4.372056125588130726e+00 9.370409795457307345e-01
1.728221374511718750e+03 4.239460141343727173e+00 9.367045842897976371e-01
1.728242248535156250e+03 3.113648948477560907e+00 9.330858580855596607e-01
1.728263061523437500e+03 3.638736489285768982e+00 9.330941942652689614e-01
1.728283874511718750e+03 3.903344583451151095e+00 9.348995063447480547e-01
1.728304748535156250e+03 3.829056656951969728e+00 9.318842859144527146e-01
1.728325561523437500e+03 2.617530981044374983e+00 9.318033392182939467e-01
1.728346374511718750e+03 2.676837617632884303e+00 9.317593608823024898e-01
1.728367248535156250e+03 3.941261882383749082e+00 9.327959937802977608e-01
1.728388061523437500e+03 4.732830358519862557e+00 9.334790147323825948e-01
1.728408874511718750e+03 4.763761947574977285e+00 9.333587733843378142e-01
1.728429748535156250e+03 4.065629883519157772e+00 9.347178184313588156e-01
1.728450561523437500e+03 4.296640803302693712e+00 9.349253268180949261e-01
1.728471374511718750e+03 4.148165379535491581e+00 9.357539447514771069e-01
1.728492248535156250e+03 2.584680500035140938e+00 9.366133311608941803e-01
1.728513061523437500e+03 3.941108679797984848e+00 9.393319985705337327e-01
1.728533874511718750e+03 2.541442026226128803e+00 9.415179934207946744e-01
1.728554748535156250e+03 4.998850313421954183e+00 9.421460738809382951e-01
1.728575561523437500e+03 3.692986817431808788e+00 9.433678415364763481e-01
1.728596374511718750e+03 4.103770828086666711e+00 9.448832964108383470e-01
1.728617248535156250e+03 3.695167152495237417e+00 9.444543710978555717e-01
1.728638061523437500e+03 2.822309732906077784e+00 9.477432462632244814e-01
1.728658874511718750e+03 3.592079675654986204e+00 9.453875929586261773e-01
1.728679748535156250e+03 3.584563145744432688e+00 9.430115810929089459e-01
1.728700561523437500e+03 3.588238767525560036e+00 9.523047059765350486e-01
1.728721374511718750e+03 3.913134727338054120e+00 9.405438283577371994e-01
1.728742248535156250e+03 4.175955803826006729e+00 9.401238598790639944e-01
1.728763061523437500e+03 3.595907304674589966e+00 9.403290026234946142e-01
1.728783874511718750e+03 5.331273448913563584e+00 9.416345976261025763e-01
1.728804748535156250e+03 4.730676726096156415e+00 9.420105193820309530e-01
1.728825561523437500e+03 3.127912299798587981e+00 9.432269965065576134e-01
1.728846374511718750e+03 3.653423524759780605e+00 9.435987465011271835e-01
1.728867248535156250e+03 4.406675671831955299e+00 9.468447035169627046e-01
1.728888061523437500e+03 5.009253563864668024e+00 9.469801325078543996e-01
1.728908874511718750e+03 4.720634072533329118e+00 9.442564369671062607e-01
1.728929748535156250e+03 4.520264721608889147e+00 9.420263060786289167e-01
1.728950561523437500e+03 4.059099737364412874e+00 9.408035881863663352e-01
1.728971374511718750e+03 2.363475315070132865e+00 9.386539351153500021e-01
1.728992248535156250e+03 3.563862376854906699e+00 9.377459839135099395e-01
1.729013061523437500e+03 4.689501338735922786e+00 9.386431717819891940e-01
1.729033874511718750e+03 3.558097651094122682e+00 9.378495836155628096e-01
1.729054748535156250e+03 4.157053413515207296e+00 9.388047358051698765e-01
1.729075561523437500e+03 4.388749846897717077e+00 9.403883309941248880e-01
1.729096374511718750e+03 4.131957008929333597e+00 9.427434833921489732e-01
1.729117248535156250e+03 3.379478085139759003e+00 9.495324452417637229e-01
1.729138061523437500e+03 3.230036766794029290e+00 9.440931542630692785e-01
1.729158874511718750e+03 3.361249567087966739e+00 9.446312837975998633e-01
1.729179748535156250e+03 4.990785721293271138e+00 9.437862717687595104e-01
1.729200561523437500e+03 3.925097636910194865e+00 9.429532395093048747e-01
1.729221374511718750e+03 3.309975554790668184e+00 9.421248483150319597e-01
1.729263061523437500e+03 4.195154966398980889e+00 9.363521224325763725e-01
1.729283874511718750e+03 3.319141139361732940e+00 9.355755445192887043e-01
1.729304748535156250e+03 3.932804043974314823e+00 9.342462980499706138e-01
1.729325561523437500e+03 4.370954574128127490e+00 9.375110307680315502e-01
1.729346374511718750e+03 3.507968514629965284e+00 9.333609446346897709e-01
1.729367248535156250e+03 5.011357079802820635e+00 9.346041777881688439e-01
1.729388061523437500e+03 3.766860907927885194e+00 9.347823170607471033e-01
1.729408874511718750e+03 4.724151572038032043e+00 9.357649642538679036e-01
1.729429748535156250e+03 3.805601812770973424e+00 9.366412043985307134e-01
1.729450561523437500e+03 3.320982964867781106e+00 9.384923133758874547e-01
1.729471374511718750e+03 3.624920405186450978e+00 9.398649268804689649e-01
1.729492248535156250e+03 3.660140027445443422e+00 9.418011861834586496e-01
1.729513061523437500e+03 3.088431445239841366e+00 9.446367733352817320e-01
1.729533874511718750e+03 4.080627000068766108e+00 9.452951603079450260e-01
1.729554748535156250e+03 3.649807184122671799e+00 9.495613515959046014e-01
1.729575561523437500e+03 2.895962027098804015e+00 9.474661388738063739e-01
1.729596374511718750e+03 3.044222167655547651e+00 9.482138066704961510e-01
1.729617248535156250e+03 3.401456344617308503e+00 9.496557854405828225e-01
1.729638061523437500e+03 3.860681962887099417e+00 9.507990425595320705e-01
1.729658874511718750e+03 2.650792610077076006e+00 9.483624587310173215e-01
1.729679748535156250e+03 3.996313580860054060e+00 9.487686031764289707e-01
1.729700561523437500e+03 3.748431455311560967e+00 9.478097513009954289e-01
1.729721374511718750e+03 4.392390313867231555e+00 9.476249721110955315e-01
1.729742187500000000e+03 4.497964076490994501e+00 9.479976381924337669e-01
1.729763000488281250e+03 4.240755991628475385e+00 9.493001581141051748e-01
1.729783874511718750e+03 3.605995946920501183e+00 9.482435075179084238e-01
1.729804687500000000e+03 4.384419073701934622e+00 9.497318843149105128e-01
1.729825500488281250e+03 4.438554418495023413e+00 9.530516111542501889e-01
1.729846374511718750e+03 3.598718404193476772e+00 9.510413360316581910e-01
1.729867187500000000e+03 3.387911829051773793e+00 9.580165228802539623e-01
1.729888000488281250e+03 3.509302298060219982e+00 9.506927787599599444e-01
1.729908874511718750e+03 4.340271176403497577e+00 9.496244340688795305e-01
1.729929687500000000e+03 3.473070253742093882e+00 9.471123954877712636e-01
1.729950500488281250e+03 4.038634256790309962e+00 9.456457386150562971e-01
1.729971374511718750e+03 3.065436624390443399e+00 9.437171147155892781e-01
1.729992187500000000e+03 3.156766358523817928e+00 9.427322293338776804e-01
1.730013000488281250e+03 3.087634181597877614e+00 9.446275925388072370e-01
1.730033874511718750e+03 3.254542778105346201e+00 9.462316159033467011e-01
1.730054687500000000e+03 3.497197081859859225e+00 9.462981326964691187e-01
1.730075500488281250e+03 3.668707503317250485e+00 9.518156594949092053e-01
1.730096374511718750e+03 3.415967657351004050e+00 9.529294923476050450e-01
1.730117187500000000e+03 3.826720950662156895e+00 9.542070094301881023e-01
1.730138000488281250e+03 3.533986102166743137e+00 9.534397230994489103e-01
1.730158874511718750e+03 3.872655535936495141e+00 9.529994193972953775e-01
1.730179687500000000e+03 2.587150296915311287e+00 9.516716492038663766e-01
1.730200500488281250e+03 4.191554372592236177e+00 9.504386065028820330e-01
1.730221374511718750e+03 3.536706648413563414e+00 9.483975284203928213e-01
1.730242187500000000e+03 4.664710646195601385e+00 9.456768122041292468e-01
1.730263000488281250e+03 4.258580139083612437e+00 9.422367911785668460e-01
1.730283874511718750e+03 4.048628665734185006e+00 9.405426242788399449e-01
1.730304687500000000e+03 3.826249685242842702e+00 9.394992491885073571e-01
1.730325500488281250e+03 4.435830480442461976e+00 9.402630778211826801e-01
1.730346374511718750e+03 3.724172932675770653e+00 9.416587459321108522e-01
1.730367187500000000e+03 4.034759320562805840e+00 9.407441592860108504e-01
1.730388000488281250e+03 2.974604128927985869e+00 9.426422236464625515e-01
1.730408874511718750e+03 3.794111705075629004e+00 9.439323059739299637e-01
1.730429687500000000e+03 4.047136519236239849e+00 9.510333451864154686e-01
1.730450500488281250e+03 4.082860380972000769e+00 9.470829423757323173e-01
1.730471374511718750e+03 3.983901527158224098e+00 9.500951292694642669e-01
1.730492187500000000e+03 4.446725063542139367e+00 9.520668346942676719e-01
1.730513000488281250e+03 2.698884798525860162e+00 9.528168352077870384e-01
1.730533874511718750e+03 3.760917271963002406e+00 9.542412084644700254e-01
1.730554687500000000e+03 1.785212260396278339e+00 9.553644730066448432e-01
1.730575500488281250e+03 3.140587585801306147e+00 9.604067693656852533e-01
1.730596374511718750e+03 2.313099020439658204e+00 9.610702919116677068e-01
1.730617187500000000e+03 2.132488148927734528e+00 9.597518553501011018e-01
1.730638000488281250e+03 4.441618983762715800e+00 9.616485694050703747e-01
1.730658874511718750e+03 2.846114674017357515e+00 9.599488918289900141e-01
1.730679687500000000e+03 3.389316462520952200e+00 9.598031520687616558e-01
1.730700500488281250e+03 3.195669325452293208e+00 9.583773119137195540e-01
1.730721374511718750e+03 4.179885589453746775e+00 9.583621677262522676e-01
1.730742187500000000e+03 3.296443784218048734e+00 9.589492573882856252e-01
1.730763000488281250e+03 2.858817264526194890e+00 9.591620566165898198e-01
1.730783874511718750e+03 4.682076792130928311e+00 9.612404260543044865e-01
1.730804687500000000e+03 2.521491556179626059e+00 9.635903251665025593e-01
1.730825500488281250e+03 3.699354732595637074e+00 9.624883031753630469e-01
1.730846374511718750e+03 4.525281264010331483e+00 9.655743817145225893e-01
1.730867187500000000e+03 3.176870214697117945e+00 9.650946842941694470e-01
1.730888000488281250e+03 3.394755577783641343e+00 9.655811719608212718e-01
1.730908874511718750e+03 3.607311377865812574e+00 9.647299201320881368e-01
1.730929687500000000e+03 3.674779941026002916e+00 9.642804312182828852e-01
1.730950500488281250e+03 4.018908429787572345e+00 9.613458029599194488e-01
1.730971374511718750e+03 3.415379166381228515e+00 9.599843143632060816e-01
1.730992187500000000e+03 3.517912116963167080e+00 9.589592955625420023e-01
1.731013000488281250e+03 3.496697869481508292e+00 9.583495733018443374e-01
1.731033874511718750e+03 3.237652287882355040e+00 9.603488949235723382e-01
1.731054687500000000e+03 3.180492880228023012e+00 9.608293798144199593e-01
1.731075500488281250e+03 4.839079327087041804e+00 9.637436251299604795e-01
1.731096374511718750e+03 2.553944434237330086e+00 9.644981104949430506e-01
1.731117187500000000e+03 1.474368752632983615e+00 9.686161994824740162e-01
1.731138000488281250e+03 3.173826694162016793e+00 9.648951775439721379e-01
1.731158874511718750e+03 4.483017327188356660e+00 9.710032193005797563e-01
1.731179687500000000e+03 3.607995645212987768e+00 9.643144584337700609e-01
1.731200500488281250e+03 2.670084400862378970e+00 9.643550051917398891e-01
1.731221374511718750e+03 2.815263436318325319e+00 9.604541524383163331e-01
1.731242187500000000e+03 3.520394059798469755e+00 9.561097671805475207e-01
1.731263000488281250e+03 3.680722881984074490e+00 9.542366174324637962e-01
1.731283874511718750e+03 3.713435200564177308e+00 9.525335384081220491e-01
1.731304687500000000e+03 2.448108042218699154e+00 9.519275272075661265e-01
1.731325500488281250e+03 3.294596096342907288e+00 9.512290859053751380e-01
1.731346374511718750e+03 3.297606862491257118e+00 9.560819939521640887e-01
1.731367187500000000e+03 3.491207078674563036e+00 9.596211791653759260e-01
1.731388000488281250e+03 3.410976315118858793e+00 9.538717940072546364e-01
1.731408874511718750e+03 4.146128966349216682e+00 9.594617537250322847e-01
1.731429687500000000e+03 2.633945365924702742e+00 9.584534645803215458e-01
1.731450500488281250e+03 3.561269015959425133e+00 9.633553642725888322e-01
1.731471374511718750e+03 3.437944356843132709e+00 9.630661624509796459e-01
1.731492187500000000e+03 3.151768438191290045e+00 9.636648906923191982e-01
1.731513000488281250e+03 1.182280468587215694e+00 9.634001275657805285e-01
1.731533874511718750e+03 3.294304431684501822e+00 9.669474474858980040e-01
1.731554687500000000e+03 4.556188539221132316e+00 9.684565622694583098e-01
1.731575500488281250e+03 2.476126388342450468e+00 9.694781182029571509e-01
1.731596374511718750e+03 3.136785657230518609e+00 9.701562027663177545e-01
1.731617187500000000e+03 2.256524705280988030e+00 9.709307520754377752e-01
1.731638000488281250e+03 2.528577407937717680e+00 9.705765332699718417e-01
1.731658874511718750e+03 3.023658329630350750e+00 9.714667772295209058e-01
1.731679687500000000e+03 4.363023354742161075e+00 9.715509530672981064e-01
1.731700500488281250e+03 2.802089529045197480e+00 9.702712389639530643e-01
1.731721374511718750e+03 5.153871476819780639e+00 9.710953839043569014e-01
1.731742187500000000e+03 2.713252490865471600e+00 9.748703295726302009e-01
1.731763000488281250e+03 3.166374780318854221e+00 9.733356722603309086e-01
1.731783874511718750e+03 3.635807400839098591e+00 9.765503539283724166e-01
1.731804687500000000e+03 3.203956238562348346e+00 9.790624434552996913e-01
1.731825500488281250e+03 2.646866766331726240e+00 9.803963440684116959e-01
1.731846374511718750e+03 4.198989718494729573e+00 9.836708759735732777e-01
1.731867187500000000e+03 3.116864091492089983e+00 9.855078581753625722e-01
1.731888000488281250e+03 2.444232841222493846e+00 9.866918214338591397e-01
1.731908874511718750e+03 4.370967674088653609e+00 9.883195771637188765e-01
1.731929687500000000e+03 3.639359942368244560e+00 9.871376869842297674e-01
1.731950500488281250e+03 4.079558104911683358e+00 9.858194682569653144e-01
1.731971374511718750e+03 2.547378431283974010e+00 9.839798876094829616e-01
1.731992187500000000e+03 3.178789772090226506e+00 9.815164265086380180e-01
1.732013000488281250e+03 2.393678124210801172e+00 9.802679334973557479e-01
1.732033874511718750e+03 4.177283115941378355e+00 9.866656641750999324e-01
1.732054687500000000e+03 3.933064806083976350e+00 9.815185215913024841e-01
1.732075500488281250e+03 1.311248708768957272e+00 9.811110501405152506e-01
1.732096374511718750e+03 2.783415950079039192e+00 9.848161344728042499e-01
1.732117126464843750e+03 2.656679199395881597e+00 9.873884186297100518e-01
1.732138000488281250e+03 4.228764470657473851e+00 9.875984698103356108e-01
1.732158813476562500e+03 3.305081961411900693e+00 9.857993644275037104e-01
1.732179626464843750e+03 3.351277479404558335e+00 9.855726918313986173e-01
1.732200500488281250e+03 3.032487350248672442e+00 9.848131688105965509e-01
1.732221313476562500e+03 3.726377021095849784e+00 9.831107968070145198e-01
1.732242126464843750e+03 2.955164171579603760e+00 9.816732417136322386e-01
1.732263000488281250e+03 3.418856921362248613e+00 9.762175599299796058e-01
1.732283813476562500e+03 3.390347978824657105e+00 9.741408267209502592e-01
1.732304626464843750e+03 3.911213486179462961e+00 9.747741804506466767e-01
1.732325500488281250e+03 2.453543634570344523e+00 9.746155213064742195e-01
1.732346313476562500e+03 3.570857575829570862e+00 9.746819662149225350e-01
1.732367126464843750e+03 2.209440673522351517e+00 9.796546808857090616e-01
1.732388000488281250e+03 4.919282774791689405e+00 9.824373763512846969e-01
1.732408813476562500e+03 4.385794170774225620e+00 9.803043546815535247e-01
1.732429626464843750e+03 3.863606236654675286e+00 9.817144983185290830e-01
1.732450500488281250e+03 3.147937138754386410e+00 9.843285564789403530e-01
1.732471313476562500e+03 2.879856400267108540e+00 9.850705126875858308e-01
1.732492126464843750e+03 3.921100996192208754e+00 9.881211403681483540e-01
1.732513000488281250e+03 4.263371930464373349e+00 9.899551328934353966e-01
1.732533813476562500e+03 3.697079677475734627e+00 9.929234336038680331e-01
1.732554626464843750e+03 3.622153719564991547e+00 9.971748618553678556e-01
1.732575500488281250e+03 2.902643547018669778e+00 9.963284085193399031e-01
1.732596313476562500e+03 4.774239345692350867e+00 9.992918845248843773e-01
1.732617126464843750e+03 3.535778413281562393e+00 9.999644750007010696e-01
1.732638000488281250e+03 3.212821485338409389e+00 9.989192606285859366e-01
1.732658813476562500e+03 2.693246697582985405e+00 9.991131963148347506e-01
1.732679626464843750e+03 3.956030058139532457e+00 1.000563403204765667e+00
1.732700500488281250e+03 4.957494401775981885e+00 1.000747818280485646e+00
1.732721313476562500e+03 3.021738048589725167e+00 1.001703123316770583e+00
1.732742126464843750e+03 4.487549727714117864e+00 1.003426819551141547e+00
1.732763000488281250e+03 4.437420602989092799e+00 1.005421782184291679e+00
1.732783813476562500e+03 3.700463208278463867e+00 1.010129940342348931e+00
1.732804626464843750e+03 3.926483978817195464e+00 1.015270229879195796e+00
1.732825500488281250e+03 4.526994811696340548e+00 1.015324239947683838e+00
1.732846313476562500e+03 5.751913200924860803e+00 1.020539059685343419e+00
1.732867126464843750e+03 4.921051088947841379e+00 1.021944660763828283e+00
1.732888000488281250e+03 4.751009236907627553e+00 1.023737448497770819e+00
1.732908813476562500e+03 3.434597008916639993e+00 1.023776049346583505e+00
1.732929626464843750e+03 4.379253800308092082e+00 1.024850699553413902e+00
1.732950500488281250e+03 2.249994102698551046e+00 1.022718803293628520e+00
1.732971313476562500e+03 5.724409570662992053e+00 1.020445373669264688e+00
1.732992126464843750e+03 3.252416350428198655e+00 1.016572480972126380e+00
1.733013000488281250e+03 3.331956919579958765e+00 1.014661302384003871e+00
1.733033813476562500e+03 4.864552095469910853e+00 1.014379882518701592e+00
1.733054626464843750e+03 3.554259741759352664e+00 1.013989584348255590e+00
1.733075500488281250e+03 3.591215606960467710e+00 1.015657923238153071e+00
1.733096313476562500e+03 5.789576950257085741e+00 1.019208659733673361e+00
1.733117126464843750e+03 5.011608718041664190e+00 1.021062001418455267e+00
1.733138000488281250e+03 4.799587870153594338e+00 1.022884598104362608e+00
1.733158813476562500e+03 4.078496605102074568e+00 1.026254867374897684e+00
1.733179626464843750e+03 4.344996689431752657e+00 1.025475256924064826e+00
1.733200500488281250e+03 3.226602096833929068e+00 1.024178506044552961e+00
1.733221313476562500e+03 5.741828419931358951e+00 1.024809696395379000e+00
1.733242126464843750e+03 3.206073828213796162e+00 1.020645876949509478e+00
1.733263000488281250e+03 5.826592360155359529e+00 1.018231612232650241e+00
1.733283813476562500e+03 4.281754681843473520e+00 1.015569714728754125e+00
1.733304626464843750e+03 3.030925168334341890e+00 1.012411579933693684e+00
1.733325500488281250e+03 4.885164240009373771e+00 1.010453128484541274e+00
1.733346313476562500e+03 2.549905257491580812e+00 1.009101398340862321e+00
1.733367126464843750e+03 4.398222965937073070e+00 1.009499195595468413e+00
1.733388000488281250e+03 3.541728979639145791e+00 1.010651957589393080e+00
1.733408813476562500e+03 4.269809715140759465e+00 1.012236238197169014e+00
1.733429626464843750e+03 4.537379885301021432e+00 1.015592721279424682e+00
1.733450500488281250e+03 4.891193002750107155e+00 1.020385384402695550e+00
1.733471313476562500e+03 4.213335681630567819e+00 1.022450094520765518e+00
1.733513000488281250e+03 4.114580312518334893e+00 1.027855981108290129e+00
1.733533813476562500e+03 4.156638187894060366e+00 1.033568117684578569e+00
1.733554626464843750e+03 3.826946894549479339e+00 1.035095443379158597e+00
1.733575500488281250e+03 3.519747438094789516e+00 1.038906343815501288e+00
1.733596313476562500e+03 4.212043856032082090e+00 1.043571098208596615e+00
1.733617126464843750e+03 3.306095084300579856e+00 1.043533058235078359e+00
1.733638000488281250e+03 4.813995850744227312e+00 1.045169465866399916e+00
1.733658813476562500e+03 5.151623480886662776e+00 1.047775621319823047e+00
1.733679626464843750e+03 3.485557575899640881e+00 1.047046647305169387e+00
1.733700500488281250e+03 3.966959881136119748e+00 1.050131330905352822e+00
1.733721313476562500e+03 4.159141847269687275e+00 1.050606241506920835e+00
1.733742126464843750e+03 4.155065535450567893e+00 1.055711771604197935e+00
1.733763000488281250e+03 4.034081609436242388e+00 1.059506068940938572e+00
1.733783813476562500e+03 4.340779293921137594e+00 1.065737000785437427e+00
1.733804626464843750e+03 3.057286278421834425e+00 1.070241549848146345e+00
1.733825500488281250e+03 3.705979580236117954e+00 1.075860838761309335e+00
1.733846313476562500e+03 3.443143781033121797e+00 1.079047209462599577e+00
1.733867126464843750e+03 2.906674147831829202e+00 1.083980086034589396e+00
1.733888000488281250e+03 2.938565775286228643e+00 1.088434107575563470e+00
1.733908813476562500e+03 2.683034091257781029e+00 1.084149817136173644e+00
1.733929626464843750e+03 3.634731341374610736e+00 1.083238609769985539e+00
1.733950500488281250e+03 4.086995715042007760e+00 1.080338017408116524e+00
1.733971313476562500e+03 3.832639995316391435e+00 1.077956310841297727e+00
1.733992126464843750e+03 3.914401528258636631e+00 1.073296667908195223e+00
1.734013000488281250e+03 4.420159738863262078e+00 1.070691340985978846e+00
1.734033813476562500e+03 2.858745396226353819e+00 1.069392567707101449e+00
1.734054626464843750e+03 4.230089418875955687e+00 1.071114566748159636e+00
1.734075500488281250e+03 4.967737116677582776e+00 1.070702808801770711e+00
1.734096313476562500e+03 4.081144339310803559e+00 1.075062534819951177e+00
1.734117126464843750e+03 3.347746854963752128e+00 1.079743262698967365e+00
1.734138000488281250e+03 4.135673129621807220e+00 1.083101755235074126e+00
1.734158813476562500e+03 3.026998477939493171e+00 1.087134106786840304e+00
1.734179626464843750e+03 2.983467836785727911e+00 1.092228184980499339e+00
1.734200500488281250e+03 4.997194580808283604e+00 1.093357560734471878e+00
1.734221313476562500e+03 2.172865501364107388e+00 1.091072674880565696e+00
1.734242126464843750e+03 5.187308960433568927e+00 1.088741661328903154e+00
1.734263000488281250e+03 2.507603835699846684e+00 1.084994558505287587e+00
1.734283813476562500e+03 2.477336983325471920e+00 1.079382398145952271e+00
1.734304626464843750e+03 3.506627629901629462e+00 1.077606574096252157e+00
1.734325500488281250e+03 2.475296862657351937e+00 1.072319376836787574e+00
1.734346313476562500e+03 4.764468634636124023e+00 1.070070503888950197e+00
1.734367126464843750e+03 3.062004352216334269e+00 1.068828584336184218e+00
1.734388000488281250e+03 2.354042241279472591e+00 1.070307989180589336e+00
1.734408813476562500e+03 3.211635726161894411e+00 1.073456261261260369e+00
1.734429626464843750e+03 2.523799353461292583e+00 1.077164540036456453e+00
1.734450500488281250e+03 1.800352067817463819e+00 1.081756942628005147e+00
1.734471313476562500e+03 3.806338392374243540e+00 1.089014866141582161e+00
1.734492126464843750e+03 2.570207582904352250e+00 1.094891089157313813e+00
1.734512939453125000e+03 4.284644199438901069e+00 1.099995736634055365e+00
1.734533752441406250e+03 3.587502414377496507e+00 1.105980043824458692e+00
1.734554626464843750e+03 3.980187409036822999e+00 1.112161066095408879e+00
1.734575439453125000e+03 2.495596449173213216e+00 1.116206985960579878e+00
1.734596252441406250e+03 4.010061775498400038e+00 1.122037908685451502e+00
1.734617126464843750e+03 4.069917211397836354e+00 1.124510870671087126e+00
1.734637939453125000e+03 3.150073365642818146e+00 1.129657746024735898e+00
1.734658752441406250e+03 4.287636793658563761e+00 1.130100977614165281e+00
1.734679626464843750e+03 1.135221299535444928e+00 1.131239647580825070e+00
1.734700439453125000e+03 4.521133482425874206e+00 1.135901088209728238e+00
1.734721252441406250e+03 3.296801503063143457e+00 1.138451687444032467e+00
1.734742126464843750e+03 2.854047039875986513e+00 1.145339263978005784e+00
1.734762939453125000e+03 4.409644634186797418e+00 1.152296524373263242e+00
1.734783752441406250e+03 3.579639083972978142e+00 1.156848546348588691e+00
1.734804626464843750e+03 3.085470162689972540e+00 1.166457407213404185e+00
1.734825439453125000e+03 4.890583099686558910e+00 1.175927644151537610e+00
1.734846252441406250e+03 3.978387207180006158e+00 1.181558603009423836e+00
1.734867126464843750e+03 2.499821194055826368e+00 1.188008199666686027e+00
1.734887939453125000e+03 3.408265643384574162e+00 1.194455157214677765e+00
1.734908752441406250e+03 3.776343092506287746e+00 1.194398767623086721e+00
1.734929626464843750e+03 2.666909923416064032e+00 1.193480989593234787e+00
1.734950439453125000e+03 3.617708712976188679e+00 1.190570225294214524e+00
1.734971252441406250e+03 4.376540289466760214e+00 1.185444609050679832e+00
1.734992126464843750e+03 2.324524844515252653e+00 1.180367128755776429e+00
1.735012939453125000e+03 2.685388536188305864e+00 1.174924265673087387e+00
1.735033752441406250e+03 4.138456700251317955e+00 1.172240950347925414e+00
1.735054626464843750e+03 5.137865854480622829e+00 1.171797381055763143e+00
1.735075439453125000e+03 5.704258654471715317e+00 1.174666170625296768e+00
1.735096252441406250e+03 2.908325605950281556e+00 1.174474604809931488e+00
1.735117126464843750e+03 3.283342395990885620e+00 1.179820425868724376e+00
1.735137939453125000e+03 3.428966258944413426e+00 1.185850403091626593e+00
1.735158752441406250e+03 5.689550937072176851e+00 1.190229040671633820e+00
1.735179626464843750e+03 2.703550291464395627e+00 1.193857791288140291e+00
1.735200439453125000e+03 3.716097645708593689e+00 1.202109911849041479e+00
1.735221252441406250e+03 4.717971538577913293e+00 1.196926348906916404e+00
1.735242126464843750e+03 2.011310117009884380e+00 1.192825672535647419e+00
1.735262939453125000e+03 3.845212672478901084e+00 1.187808749567587752e+00
1.735283752441406250e+03 1.419640675074738567e+00 1.178842304940055152e+00
1.735304626464843750e+03 5.148492292281247273e+00 1.173746826606336224e+00
1.735325439453125000e+03 3.395014179222023643e+00 1.164886694870619799e+00
1.735346252441406250e+03 4.891695784546030268e+00 1.167451367559983577e+00
1.735367126464843750e+03 4.719827877133333516e+00 1.155380850254110525e+00
1.735387939453125000e+03 6.442828736540235468e+00 1.154277820720350345e+00
1.735408752441406250e+03 3.297708625244993641e+00 1.153961081160931768e+00
1.735429626464843750e+03 3.961053510744577011e+00 1.158377880273566030e+00
1.735450439453125000e+03 3.930664603630368958e+00 1.165914048669885128e+00
1.735471252441406250e+03 4.707075261752791562e+00 1.171178941637295523e+00
1.735492126464843750e+03 3.617074022107331643e+00 1.179085129299023205e+00
1.735512939453125000e+03 3.491488133936989868e+00 1.186694122721904332e+00
1.735533752441406250e+03 3.989029868204319484e+00 1.196663386111070704e+00
1.735554626464843750e+03 5.870021728697388141e+00 1.207351444575811783e+00
1.735575439453125000e+03 3.140636522882566339e+00 1.216928588204487793e+00
1.735596252441406250e+03 3.235200008156496665e+00 1.224231716493881628e+00
1.735617126464843750e+03 1.617241477751761636e+00 1.232295638932796145e+00
1.735637939453125000e+03 2.474654289063330737e+00 1.237593065480739218e+00
1.735658752441406250e+03 2.932592481342226165e+00 1.242993698972657768e+00
1.735679626464843750e+03 3.775823707810275209e+00 1.246053091121299028e+00
1.735700439453125000e+03 4.250710526372955655e+00 1.250377884013060825e+00
1.735721252441406250e+03 4.405984479596597225e+00 1.255403996751933926e+00
1.735742126464843750e+03 3.733739839690471740e+00 1.261125312819505018e+00
1.735762939453125000e+03 4.934724914373866511e+00 1.269898769294015572e+00
1.735783752441406250e+03 4.417565825462766327e+00 1.278816097859449830e+00
1.735804626464843750e+03 3.389298543369591243e+00 1.290062533792440069e+00
1.735825439453125000e+03 4.538662951130902456e+00 1.301477057135679738e+00
1.735846252441406250e+03 4.309433397367236296e+00 1.312064779874654086e+00
1.735867126464843750e+03 2.669471986206147562e+00 1.321980478032951822e+00
1.735887939453125000e+03 5.146781790944487511e+00 1.329537751028037285e+00
1.735908752441406250e+03 3.173576826386110383e+00 1.335513131183150071e+00
1.735929626464843750e+03 4.085891631106207456e+00 1.337729919137447210e+00
1.735950439453125000e+03 3.018576510313543793e+00 1.338443168647727166e+00
1.735971252441406250e+03 3.265844645519287326e+00 1.336435905420982451e+00
1.735992126464843750e+03 3.704046799114834698e+00 1.334154958695445314e+00
1.736012939453125000e+03 3.832985371271547592e+00 1.330923430813376829e+00
1.736033752441406250e+03 3.860784564968945176e+00 1.329416522196766648e+00
1.736054626464843750e+03 2.358169863634522301e+00 1.327669761277395333e+00
1.736075439453125000e+03 3.251340499778393678e+00 1.329103356331449381e+00
1.736096252441406250e+03 2.186832375279060159e+00 1.331829782950886276e+00
1.736117126464843750e+03 5.638818233388228407e+00 1.336893420063541171e+00
1.736137939453125000e+03 2.156963298177927868e+00 1.340239396915572145e+00
1.736158752441406250e+03 2.804932443320716118e+00 1.346262468158078596e+00
1.736179626464843750e+03 4.973175908418248525e+00 1.349040020368139636e+00
1.736200439453125000e+03 4.143007385480522942e+00 1.350954525425771546e+00
1.736221252441406250e+03 3.635668474872971956e+00 1.349834064599469530e+00
1.736242126464843750e+03 3.756346639730203663e+00 1.347374441564160863e+00
1.736262939453125000e+03 2.554037841503522088e+00 1.343410848356296539e+00
1.736283752441406250e+03 4.652224079122355249e+00 1.336065185869665717e+00
1.736304626464843750e+03 3.354951624159546952e+00 1.329946771933314009e+00
1.736325439453125000e+03 3.166332136503022809e+00 1.319938426098854700e+00
1.736346252441406250e+03 2.687796777214870758e+00 1.310543191054690970e+00
1.736367126464843750e+03 7.502203094576174180e-01 1.302251448904554465e+00
1.736387939453125000e+03 6.813801173016784674e+00 1.297702892735242308e+00
1.736408752441406250e+03 5.014134928318050299e+00 1.296947247434595551e+00
1.736429626464843750e+03 5.218040570286497370e+00 1.291953203762181479e+00
1.736450439453125000e+03 2.477617716486186339e+00 1.291490060771721016e+00
1.736471252441406250e+03 4.028440197662419564e+00 1.294172389420438884e+00
1.736492126464843750e+03 4.123700700805926544e+00 1.299652342892931189e+00
1.736512939453125000e+03 3.323539854324444320e+00 1.308815461919897949e+00
1.736533752441406250e+03 2.583937339489821738e+00 1.315948950238259973e+00
1.736554626464843750e+03 3.607554599578350008e+00 1.325055828357837751e+00
1.736575439453125000e+03 4.268517521159438388e+00 1.332593066631648560e+00
1.736596252441406250e+03 3.180398536948629840e+00 1.342752796361238454e+00
1.736617126464843750e+03 4.513924367173082430e+00 1.350782047798799290e+00
1.736637939453125000e+03 4.423762986198383373e+00 1.357395528633708492e+00
1.736658752441406250e+03 2.882023514424020050e+00 1.363612530962435176e+00
1.736679626464843750e+03 3.811857458950498767e+00 1.367913974120625209e+00
1.736700439453125000e+03 3.917388448904112863e+00 1.368846997869615834e+00
1.736721252441406250e+03 1.800968635196426249e+00 1.370118144572678887e+00
1.736742126464843750e+03 3.866240991363959267e+00 1.369411599502809995e+00
1.736762939453125000e+03 3.528500255522700968e+00 1.369838346355576109e+00
1.736783752441406250e+03 3.064757626828274795e+00 1.368656045484759387e+00
1.736804626464843750e+03 2.988008990700976142e+00 1.366090301575639154e+00
1.736825439453125000e+03 2.946321609755948145e+00 1.365148888177659670e+00
1.736846252441406250e+03 1.767831341135568834e+00 1.365324964232859317e+00
1.736867126464843750e+03 2.013695685280410430e+00 1.364801777640277436e+00
1.736887939453125000e+03 3.922801036345198611e+00 1.367803075355723763e+00
1.736908752441406250e+03 4.623460549350248527e+00 1.364640135225926088e+00
1.736929626464843750e+03 2.750031250711316488e+00 1.358536340993313107e+00
1.736950439453125000e+03 4.112468237322488562e+00 1.352911964543830559e+00
1.736971252441406250e+03 3.856801851069498355e+00 1.344278675141703960e+00
1.736992065429687500e+03 6.056785598521699399e+00 1.335206528950745319e+00
1.737012878417968750e+03 2.068733233251464299e+00 1.321455240901043160e+00
1.737033752441406250e+03 5.486767083314681770e+00 1.306044324169456150e+00
1.737054565429687500e+03 4.920381598077014473e+00 1.287758601244915369e+00
1.737075378417968750e+03 5.988179156999230202e+00 1.269538151648908375e+00
1.737096252441406250e+03 3.571765147268870066e+00 1.249775151057088474e+00
1.737117065429687500e+03 5.628731242979782223e+00 1.228885176587682038e+00
1.737137878417968750e+03 5.115736833416299589e+00 1.208725564151469589e+00
1.737158752441406250e+03 3.517864095206391539e+00 1.188542360288310062e+00
1.737179565429687500e+03 4.472367479299570903e+00 1.171590694272407029e+00
1.737200378417968750e+03 5.274521755715312565e+00 1.150235539654494099e+00
1.737221252441406250e+03 5.000966967950859043e+00 1.130367771745253602e+00
1.737242065429687500e+03 4.542308283734875829e+00 1.109209773694602497e+00
1.737262878417968750e+03 4.513635540054600881e+00 1.088175272385563996e+00
1.737283752441406250e+03 3.486844540968839112e+00 1.061654090736997569e+00
1.737304565429687500e+03 3.849966291446783373e+00 1.029551407614807124e+00
1.737325378417968750e+03 4.833390022392677565e+00 9.959279838708252619e-01
1.737346252441406250e+03 4.253958887743095829e+00 9.630725990413027127e-01
1.737367065429687500e+03 3.672910252630074979e+00 9.343729637914817143e-01
1.737387878417968750e+03 4.170721693336126634e+00 9.111715065282328663e-01
