1.871265441894531250e+03 7.475520292189467000e+02 1.030345346553755315e+00
1.871286254882812500e+03 7.486437911672227301e+02 1.029654511312566800e+00
1.871307067871093750e+03 7.496465503392237224e+02 1.028863051774156379e+00
1.871327941894531250e+03 7.503310520552143998e+02 1.028649084673543657e+00
1.871348754882812500e+03 7.479812024507129991e+02 1.025914289181134587e+00
1.871369567871093750e+03 7.477764883783929690e+02 1.024558756221851219e+00
1.871390441894531250e+03 7.472538011795993498e+02 1.031225319769332405e+00
1.871411254882812500e+03 7.468960456468610118e+02 1.023003464309777844e+00
1.871432067871093750e+03 7.511741825900880940e+02 1.023653371626653152e+00
1.871452941894531250e+03 7.491975244318294926e+02 1.019040687606005857e+00
1.871473754882812500e+03 7.492006523306571353e+02 1.020877986372513258e+00
1.871494567871093750e+03 7.476748517263528129e+02 1.019936082931666377e+00
1.871515441894531250e+03 7.495371816300680621e+02 1.015311266052116190e+00
1.871536254882812500e+03 7.506695504004341046e+02 1.016267661191056160e+00
1.871557067871093750e+03 7.492897883190630637e+02 1.013931858481825765e+00
1.871577941894531250e+03 7.469736076119115751e+02 1.013180475804690506e+00
1.871598754882812500e+03 7.510062946733174840e+02 1.019174213667401130e+00
1.871619567871093750e+03 7.502182462591390504e+02 1.016640551549559568e+00
1.871640441894531250e+03 7.508069108179022351e+02 1.012263324532084896e+00
1.871661254882812500e+03 7.494548061443463212e+02 1.011571866128508246e+00
1.871682067871093750e+03 7.497849745007129059e+02 1.009627725714409063e+00
1.871702941894531250e+03 7.505073241231531256e+02 1.008276839814885584e+00
1.871723754882812500e+03 7.502771471117491728e+02 1.010437378556378718e+00
1.871744567871093750e+03 7.504766110113763489e+02 1.007820602502706553e+00
1.871765441894531250e+03 7.485054661852038862e+02 1.005888707001782789e+00
1.871786254882812500e+03 7.505960486529378386e+02 1.005548936659337089e+00
1.871807067871093750e+03 7.515844958906398006e+02 1.005348564736650019e+00
1.871827941894531250e+03 7.518160947391552327e+02 1.005246525699405202e+00
1.871848754882812500e+03 7.504128253926888874e+02 1.005614256389500749e+00
1.871869567871093750e+03 7.518819127269769069e+02 1.006083461651403832e+00
1.871890441894531250e+03 7.519698195396513256e+02 1.004315482122637437e+00
1.871911254882812500e+03 7.533559187881236312e+02 1.002648957808414343e+00
1.871932067871093750e+03 7.506962654605476928e+02 1.002366425041438580e+00
1.871952941894531250e+03 7.498114096532941630e+02 1.003095247296853731e+00
1.871973754882812500e+03 7.514097346559327661e+02 1.002119559877676869e+00
1.871994567871093750e+03 7.524709315000897050e+02 1.001107318060441509e+00
1.872015441894531250e+03 7.531716583759952073e+02 1.001903986330075824e+00
1.872036254882812500e+03 7.503010213261408126e+02 1.002516857490644675e+00
1.872057067871093750e+03 7.500678872186949775e+02 1.002220014158308414e+00
1.872077941894531250e+03 7.497643450042892255e+02 1.001316931936476529e+00
1.872098754882812500e+03 7.516013523253827771e+02 1.001445440869755288e+00
1.872119567871093750e+03 7.519051556061986048e+02 1.002331519108018210e+00
1.872140441894531250e+03 7.559063520891724011e+02 1.001878761669957374e+00
1.872161254882812500e+03 7.544755876911997348e+02 1.004729174851598295e+00
1.872182067871093750e+03 7.533644419790160782e+02 1.002354234862105065e+00
1.872202941894531250e+03 7.518193328902440271e+02 1.001601962593093642e+00
1.872223754882812500e+03 7.494676070267547630e+02 1.001670693491512720e+00
1.872244567871093750e+03 7.511943989217079434e+02 1.001403122240962285e+00
1.872265441894531250e+03 7.500171448474308136e+02 1.004013886971200309e+00
1.872286254882812500e+03 7.544098806115008529e+02 1.011867379718853766e+00
1.872307128906250000e+03 7.526884931452908631e+02 1.003683815148179725e+00
1.872327941894531250e+03 7.512968729144926101e+02 1.002109745864520063e+00
1.872348815917968750e+03 7.513222125097069011e+02 1.002332113767828492e+00
1.872369628906250000e+03 7.548204880586195031e+02 1.003665939839671228e+00
1.872390441894531250e+03 7.517861578247002399e+02 1.003154725677139147e+00
1.872411315917968750e+03 7.516308391577422299e+02 1.002116823859428685e+00
1.872432128906250000e+03 7.536860071529733887e+02 1.001507159770753885e+00
1.872452941894531250e+03 7.549876258731125063e+02 1.003730431979972693e+00
1.872473815917968750e+03 7.529247292715659796e+02 1.001602438667485107e+00
1.872494628906250000e+03 7.506775442815028327e+02 1.003496435211342686e+00
1.872515441894531250e+03 7.525018583340190617e+02 1.001553163767608057e+00
1.872536315917968750e+03 7.544435306102224104e+02 1.003241649274485336e+00
1.872557128906250000e+03 7.542761512597459159e+02 1.002438671110187363e+00
1.872577941894531250e+03 7.522809923233163545e+02 1.001686462253283727e+00
1.872598815917968750e+03 7.523415066250029213e+02 1.001491566733449856e+00
1.872619628906250000e+03 7.517923337978924110e+02 1.003298742631648865e+00
1.872640441894531250e+03 7.538615033412581852e+02 1.008825281163256538e+00
1.872661315917968750e+03 7.533594684136260184e+02 1.002273181265636026e+00
1.872682128906250000e+03 7.500850483538222306e+02 1.001665576028679672e+00
1.872702941894531250e+03 7.525102454547562729e+02 1.003273731269461067e+00
1.872723815917968750e+03 7.520822777433191959e+02 1.002551102988620046e+00
1.872744628906250000e+03 7.517220101465574089e+02 1.001095886561610193e+00
1.872765441894531250e+03 7.520029216514783457e+02 1.002345077264015449e+00
1.872786315917968750e+03 7.542515236790446806e+02 1.002548546507473715e+00
1.872807128906250000e+03 7.514162241389393557e+02 1.001750129823459678e+00
1.872827941894531250e+03 7.491407638229254644e+02 1.001837234784783037e+00
1.872848815917968750e+03 7.522982856083644947e+02 1.001130121129150563e+00
1.872869628906250000e+03 7.518659500481597888e+02 1.001636120356359294e+00
1.872890441894531250e+03 7.515828923797390644e+02 1.001403598409883910e+00
1.872911315917968750e+03 7.523845789833729896e+02 1.002865797643224255e+00
1.872932128906250000e+03 7.520972305469658750e+02 1.001529715681378274e+00
1.872952941894531250e+03 7.504883508806441341e+02 1.001249426890386651e+00
1.872973815917968750e+03 7.524693866275057417e+02 1.001875549049726644e+00
1.872994628906250000e+03 7.520786782433762028e+02 1.003356189171743296e+00
1.873015441894531250e+03 7.515649057785450395e+02 1.001843957735405022e+00
1.873036315917968750e+03 7.527169017881802802e+02 1.007714022770918927e+00
1.873057128906250000e+03 7.502977161862280582e+02 1.001338242108198662e+00
1.873077941894531250e+03 7.540706095661091695e+02 1.002006663180371016e+00
1.873098815917968750e+03 7.502602231530196377e+02 1.001099577997377921e+00
1.873119628906250000e+03 7.528484181355769351e+02 1.001782557077194991e+00
1.873140441894531250e+03 7.504545138288323187e+02 1.011544230958742130e+00
1.873161315917968750e+03 7.537943382695158334e+02 1.002849453072570673e+00
1.873182128906250000e+03 7.523187778979353197e+02 1.002010827141169180e+00
1.873202941894531250e+03 7.509057204790010474e+02 1.002204551159191714e+00
1.873223815917968750e+03 7.513478049914891699e+02 1.000851268835235786e+00
1.873244628906250000e+03 7.522275158182953874e+02 1.002113314607697481e+00
1.873265441894531250e+03 7.546854774325853441e+02 1.008921050515096285e+00
1.873286315917968750e+03 7.508449911898945857e+02 1.002633917561162047e+00
1.873307128906250000e+03 7.525882403643767020e+02 1.001377706396197720e+00
1.873327941894531250e+03 7.516330969623375040e+02 1.001065163761664323e+00
1.873348815917968750e+03 7.527089798620993406e+02 1.001585597398300553e+00
1.873369628906250000e+03 7.524471694080904172e+02 1.001269369330914483e+00
1.873390441894531250e+03 7.533745201162396370e+02 1.002909778074203562e+00
1.873411315917968750e+03 7.525670213428300031e+02 1.003481645257537469e+00
1.873432128906250000e+03 7.527256227626177179e+02 1.001211148197594936e+00
1.873452941894531250e+03 7.519476891557104636e+02 1.001946224315296119e+00
1.873473815917968750e+03 7.531903272347876737e+02 1.001352885147672067e+00
1.873494628906250000e+03 7.528208663241941849e+02 1.006543388007607787e+00
1.873515441894531250e+03 7.514332324869403692e+02 1.001955028628795930e+00
1.873536315917968750e+03 7.510878279536470927e+02 1.001270202737692960e+00
1.873557128906250000e+03 7.526150831360582742e+02 1.007445808354139105e+00
1.873577941894531250e+03 7.530681057596597157e+02 1.001990780485305210e+00
1.873598815917968750e+03 7.512285770976370713e+02 1.004207224574233503e+00
1.873619628906250000e+03 7.506030889517228388e+02 1.001279251109495672e+00
1.873640441894531250e+03 7.542819499135194974e+02 1.005525700305675896e+00
1.873661315917968750e+03 7.514231631915162097e+02 1.002545336033544343e+00
1.873682128906250000e+03 7.524298864718929281e+02 1.002443665707694720e+00
1.873702941894531250e+03 7.526260865877618471e+02 1.002349477678734502e+00
1.873723815917968750e+03 7.539726032238658036e+02 1.008287776096516541e+00
1.873744628906250000e+03 7.512920776651180859e+02 1.001530429844394110e+00
1.873765441894531250e+03 7.536170131320544670e+02 1.005838753201837577e+00
1.873786315917968750e+03 7.519819152694616378e+02 1.001961215397404681e+00
1.873807128906250000e+03 7.524315484854439546e+02 1.003292326474680030e+00
1.873827941894531250e+03 7.545306967318782654e+02 1.002006068327415678e+00
1.873848815917968750e+03 7.501132496742633293e+02 1.002302261409665052e+00
1.873869628906250000e+03 7.520955006850023210e+02 1.005317794031700851e+00
1.873890441894531250e+03 7.515819805804395628e+02 1.011310568694327561e+00
1.873911315917968750e+03 7.518665688301847467e+02 1.003907437453699369e+00
1.873932128906250000e+03 7.530078618167749482e+02 1.004404085565428595e+00
1.873952941894531250e+03 7.525999595942115548e+02 1.001613388316036080e+00
1.873973815917968750e+03 7.539514983255930929e+02 1.003389574377754112e+00
1.873994628906250000e+03 7.562760217981293636e+02 1.004184966230576181e+00
1.874015441894531250e+03 7.504471425011856809e+02 1.002379507020197957e+00
1.874036315917968750e+03 7.541700910488731324e+02 1.002324442629197288e+00
1.874057128906250000e+03 7.511537452621391822e+02 1.001716273460486306e+00
1.874077941894531250e+03 7.512160358165180014e+02 1.002764694771936416e+00
1.874098815917968750e+03 7.525713295918536687e+02 1.002778068752604668e+00
1.874119628906250000e+03 7.514193231121720373e+02 1.003747237262272884e+00
1.874140441894531250e+03 7.520772201729282642e+02 1.002353640215418507e+00
1.874161315917968750e+03 7.534126757869854600e+02 1.002489805098371933e+00
1.874182128906250000e+03 7.520959022823396936e+02 1.003627159421353054e+00
1.874202941894531250e+03 7.520257168154550982e+02 1.001608032524635483e+00
1.874223815917968750e+03 7.521795695220098423e+02 1.001784223036193966e+00
1.874244628906250000e+03 7.554914851361039609e+02 1.002680048197197582e+00
1.874265441894531250e+03 7.523272293564218671e+02 1.010729921423155764e+00
1.874286315917968750e+03 7.518241210941690724e+02 1.003651865037188617e+00
1.874307128906250000e+03 7.524477659542990295e+02 1.003733282365689483e+00
1.874327941894531250e+03 7.510979919557076983e+02 1.006737956802711054e+00
1.874348815917968750e+03 7.503707703320575320e+02 1.002669942440437723e+00
1.874369628906250000e+03 7.516691111707631308e+02 1.002362262557846551e+00
1.874390441894531250e+03 7.541406576438008642e+02 1.002456211551195686e+00
1.874411315917968750e+03 7.521113396764482104e+02 1.001073618579714664e+00
1.874432128906250000e+03 7.528153947343352002e+02 1.002161729301074500e+00
1.874452941894531250e+03 7.535809156882759225e+02 1.001611246002912514e+00
1.874473815917968750e+03 7.519637292458065758e+02 1.002203361687839189e+00
1.874494628906250000e+03 7.539061378823705581e+02 1.001988282060918278e+00
1.874515441894531250e+03 7.525912544920728351e+02 1.002593610963947723e+00
1.874536315917968750e+03 7.554719897025805722e+02 1.001875430063594363e+00
1.874557128906250000e+03 7.504818677591010783e+02 1.000882295961396995e+00
1.874577941894531250e+03 7.528751026424594102e+02 1.006579746689559407e+00
1.874598815917968750e+03 7.524705134324038909e+02 1.006365069331699447e+00
1.874619628906250000e+03 7.542557676645094489e+02 1.002446162997116641e+00
1.874640441894531250e+03 7.525278075330265892e+02 1.002217278414297086e+00
1.874661315917968750e+03 7.518634326782811286e+02 1.003081223908214747e+00
1.874682128906250000e+03 7.534769029852276390e+02 1.002694136641058664e+00
1.874702941894531250e+03 7.530116011889988386e+02 1.002892839893338772e+00
1.874723815917968750e+03 7.510254863296140684e+02 1.003528568456085068e+00
1.874744628906250000e+03 7.542687599842045074e+02 1.003775859038863905e+00
1.874765441894531250e+03 7.517317832668595656e+02 1.002062101925685456e+00
1.874786315917968750e+03 7.522237366411906123e+02 1.004086608122385815e+00
1.874807128906250000e+03 7.548728299907548944e+02 1.003166311964192037e+00
1.874827941894531250e+03 7.514459526978635040e+02 1.002126459368784861e+00
1.874848815917968750e+03 7.521404832951077424e+02 1.001769764799711915e+00
1.874869628906250000e+03 7.511901821737919818e+02 1.001502874685457289e+00
1.874890441894531250e+03 7.545915352343463383e+02 1.001721152655421943e+00
1.874911315917968750e+03 7.520202599088306670e+02 1.001108508834062771e+00
1.874932128906250000e+03 7.517292163017065150e+02 1.001821289907347312e+00
1.874952941894531250e+03 7.554536578993445346e+02 1.003755075672280839e+00
1.874973815917968750e+03 7.509994175433955661e+02 1.001240378249057539e+00
1.874994628906250000e+03 7.517543477387462190e+02 1.010964484348432224e+00
1.875015441894531250e+03 7.520809599023212968e+02 1.012379905265834212e+00
1.875036315917968750e+03 7.553207750838939774e+02 1.003355951550637393e+00
1.875057128906250000e+03 7.536415062179020197e+02 1.001750129823459678e+00
1.875077941894531250e+03 7.536170048081150981e+02 1.002662511671956747e+00
1.875098815917968750e+03 7.522744868557149402e+02 1.010234141167969169e+00
1.875119628906250000e+03 7.510527170938111112e+02 1.000696535716422142e+00
1.875140441894531250e+03 7.556872226867465088e+02 1.005211364003621544e+00
1.875161315917968750e+03 7.522415777067006957e+02 1.001786721969497806e+00
1.875182128906250000e+03 7.516978878435627394e+02 1.001382111061874580e+00
1.875202941894531250e+03 7.531164267529425160e+02 1.002481481138496999e+00
1.875223815917968750e+03 7.516720188472750124e+02 1.001440738888199844e+00
1.875244628906250000e+03 7.538766210066919484e+02 1.001336694457368282e+00
1.875265441894531250e+03 7.524597536663703750e+02 1.002479102851552062e+00
1.875286315917968750e+03 7.508432352200472906e+02 1.001301276409616081e+00
1.875307128906250000e+03 7.521434079067154244e+02 1.003830309418741962e+00
1.875327941894531250e+03 7.536780385976960588e+02 1.001886376728613692e+00
1.875348815917968750e+03 7.510798422442223909e+02 1.003492336812241703e+00
1.875369628906250000e+03 7.524314733341487909e+02 1.002384561375357030e+00
1.875390441894531250e+03 7.538196420584641828e+02 1.001179833590770452e+00
1.875411315917968750e+03 7.538189731369875517e+02 1.002673984755364067e+00
1.875432128906250000e+03 7.527218346306774492e+02 1.003806142602683860e+00
1.875452941894531250e+03 7.532729240046653558e+02 1.002365116834172287e+00
1.875473815917968750e+03 7.521124927058270941e+02 1.001157507940314773e+00
1.875494628906250000e+03 7.532232754033623223e+02 1.001498946674495683e+00
1.875515441894531250e+03 7.509390998189116999e+02 1.001610650915120582e+00
1.875536315917968750e+03 7.522336363258874599e+02 1.005097391334543788e+00
1.875557128906250000e+03 7.535523622885241366e+02 1.001680511806306351e+00
1.875577941894531250e+03 7.567366461039640626e+02 1.001947414091911792e+00
1.875598815917968750e+03 7.556222350431024779e+02 1.002954588583735207e+00
1.875619628906250000e+03 7.538229159947901508e+02 1.002004045824726797e+00
1.875640441894531250e+03 7.518196093357530572e+02 1.002638078916969766e+00
1.875661315917968750e+03 7.512182310698913170e+02 1.001852168003292798e+00
1.875682128906250000e+03 7.518629575111413033e+02 1.002717498054736867e+00
1.875702941894531250e+03 7.542592512725821052e+02 1.003274919471795368e+00
1.875723815917968750e+03 7.537170411190727464e+02 1.005475906311035006e+00
1.875744628906250000e+03 7.506651917788020683e+02 1.001220851954923718e+00
1.875765441894531250e+03 7.520128105109530452e+02 1.001233710776802788e+00
1.875786315917968750e+03 7.522369165550029493e+02 1.001449011980236170e+00
1.875807128906250000e+03 7.524480963910784794e+02 1.001661172609500605e+00
1.875827941894531250e+03 7.509216315816195220e+02 1.001855261709970968e+00
1.875848815917968750e+03 7.504760219572501683e+02 1.009564495900158398e+00
1.875869628906250000e+03 7.546975564420998808e+02 1.005708316459760443e+00
1.875890441894531250e+03 7.525900254883639491e+02 1.012154091510098164e+00
1.875911315917968750e+03 7.526158603307934527e+02 1.003461627984944871e+00
1.875932128906250000e+03 7.526545079947177328e+02 1.001746678787868161e+00
1.875952941894531250e+03 7.522536414182200133e+02 1.002515311659322839e+00
1.875973815917968750e+03 7.514505177642640774e+02 1.009830612954190521e+00
1.875994628906250000e+03 7.526362707089148216e+02 1.007077089247458757e+00
1.876015441894531250e+03 7.520103121636051355e+02 1.002964156616170888e+00
1.876036315917968750e+03 7.537167503646351179e+02 1.001214005755535208e+00
1.876057128906250000e+03 7.549807234146500150e+02 1.004185084943050921e+00
1.876077941894531250e+03 7.525329315725949755e+02 1.009569986601260405e+00
1.876098815917968750e+03 7.521055537957307706e+02 1.002831681764381866e+00
1.876119628906250000e+03 7.517660705160643602e+02 1.008135307718119655e+00
1.876140441894531250e+03 7.525663058528555212e+02 1.001682415953184968e+00
1.876161315917968750e+03 7.530750346315904835e+02 1.002045625279865737e+00
1.876182128906250000e+03 7.522430863065467292e+02 1.001999762864379750e+00
1.876202941894531250e+03 7.545186713911942888e+02 1.005674119203758154e+00
1.876223815917968750e+03 7.547939539187233322e+02 1.002916196678525829e+00
1.876244628906250000e+03 7.538515690873339281e+02 1.003651508710513340e+00
1.876265441894531250e+03 7.489098383008798692e+02 1.000487923796605338e+00
1.876286315917968750e+03 7.535355682012562966e+02 1.005924319050264470e+00
1.876307128906250000e+03 7.505722484915177120e+02 1.003166668463210121e+00
1.876327941894531250e+03 7.531850091313867779e+02 1.003559572201204730e+00
1.876348815917968750e+03 7.519661045107060318e+02 1.002075425802160913e+00
1.876369628906250000e+03 7.524886080044110486e+02 1.001248712526939144e+00
1.876390441894531250e+03 7.528331911287987168e+02 1.005854515878736644e+00
1.876411315917968750e+03 7.534031521271265319e+02 1.001284132434013818e+00
1.876432128906250000e+03 7.528361846685681940e+02 1.001348599402185791e+00
1.876452941894531250e+03 7.516757984447809804e+02 1.004231559798735240e+00
1.876473815917968750e+03 7.554360204990053944e+02 1.001677298550240680e+00
1.876494628906250000e+03 7.537567903606956179e+02 1.001637846066099957e+00
1.876515441894531250e+03 7.523365841372550449e+02 1.005137775428666780e+00
1.876536315917968750e+03 7.515205379731841049e+02 1.001661767667277658e+00
1.876557128906250000e+03 7.505092499317555621e+02 1.002522089517432047e+00
1.876577941894531250e+03 7.515280598055564951e+02 1.001809926052500632e+00
1.876598815917968750e+03 7.531874705422942498e+02 1.002001428462245602e+00
1.876619628906250000e+03 7.529530365486297114e+02 1.002393956461937075e+00
1.876640441894531250e+03 7.547100688717080175e+02 1.004763700879212740e+00
1.876661315917968750e+03 7.516932365977397694e+02 1.002972951994040907e+00
1.876682128906250000e+03 7.515663647824743521e+02 1.003870269486846878e+00
1.876702941894531250e+03 7.531221953963390661e+02 1.007738805634411206e+00
1.876744628906250000e+03 7.587467649252595265e+02 1.005601157219311315e+00
1.876765441894531250e+03 7.524258761635377368e+02 1.001776547702070586e+00
1.876786315917968750e+03 7.532107426133400168e+02 1.001543522742770254e+00
1.876807128906250000e+03 7.507146258837245796e+02 1.001589287029200692e+00
1.876827941894531250e+03 7.514696024848278739e+02 1.008278967965471340e+00
1.876848815917968750e+03 7.528558310182912692e+02 1.002260216839527374e+00
1.876869628906250000e+03 7.532604628239034810e+02 1.001364492282919683e+00
1.876890441894531250e+03 7.522456076995363219e+02 1.002046933904239490e+00
1.876911315917968750e+03 7.528745227447526531e+02 1.001227876702157182e+00
1.876932128906250000e+03 7.529343224755248229e+02 1.002035394157668735e+00
1.876952941894531250e+03 7.528582518253600711e+02 1.003073083122328457e+00
1.876973815917968750e+03 7.572696976718235646e+02 1.003953093983238842e+00
1.876994628906250000e+03 7.539377338446867043e+02 1.001048789791257665e+00
1.877015441894531250e+03 7.532022295980538047e+02 1.003749137488501697e+00
1.877036315917968750e+03 7.512055168469458977e+02 1.001705384439744329e+00
1.877057128906250000e+03 7.546661009045645869e+02 1.002458708809363719e+00
1.877077941894531250e+03 7.517317128389350955e+02 1.002787222396553268e+00
1.877098815917968750e+03 7.524271334466329790e+02 1.012691486759739634e+00
1.877119628906250000e+03 7.537991124495284794e+02 1.001517277260510541e+00
1.877140441894531250e+03 7.526321782937137641e+02 1.001929507804473207e+00
1.877161315917968750e+03 7.532449286546657277e+02 1.002369398233421416e+00
1.877182128906250000e+03 7.526462458003585425e+02 1.002649552279955225e+00
1.877202941894531250e+03 7.546349306728030797e+02 1.003270641936805596e+00
1.877223815917968750e+03 7.538819540662608460e+02 1.001786602972815299e+00
1.877244628906250000e+03 7.519193322849125707e+02 1.001789339892939834e+00
1.877265441894531250e+03 7.518065259262001518e+02 1.002222393060074213e+00
1.877286315917968750e+03 7.538230330896311671e+02 1.001814150327731801e+00
1.877307128906250000e+03 7.541713747224520148e+02 1.011508934622661782e+00
1.877327941894531250e+03 7.551237135864639640e+02 1.009920267036098052e+00
1.877348815917968750e+03 7.504251986274308592e+02 1.001601248481082118e+00
1.877369628906250000e+03 7.517214057443109141e+02 1.002947932507336049e+00
1.877390441894531250e+03 7.554388319802606020e+02 1.004461646909123651e+00
1.877411315917968750e+03 7.548765627302234407e+02 1.002793522908124402e+00
1.877432128906250000e+03 7.539277371892355859e+02 1.001263356875743415e+00
1.877452941894531250e+03 7.519663971300101366e+02 1.002761247228003194e+00
1.877473815917968750e+03 7.555801769298012687e+02 1.003091087837623796e+00
1.877494628906250000e+03 7.523908527560284938e+02 1.002002380231211687e+00
1.877515441894531250e+03 7.545834157316493247e+02 1.010860653628873118e+00
1.877536315917968750e+03 7.512065821172703863e+02 1.001211386327734765e+00
1.877557128906250000e+03 7.546915785367725675e+02 1.002318258102593784e+00
1.877577941894531250e+03 7.526326022896879522e+02 1.002449730542641637e+00
1.877598815917968750e+03 7.514998645488080911e+02 1.003805133165275976e+00
1.877619628906250000e+03 7.529173613746140745e+02 1.001792195801619600e+00
1.877640441894531250e+03 7.511977888685058815e+02 1.001288299399530679e+00
1.877661315917968750e+03 7.519555649569618936e+02 1.001991018430160141e+00
1.877682128906250000e+03 7.519821858712357425e+02 1.001355980396893441e+00
1.877702941894531250e+03 7.524528142774247499e+02 1.001735433089395721e+00
1.877723815917968750e+03 7.528963286219055817e+02 1.001843957735405022e+00
1.877744628906250000e+03 7.512844566645571831e+02 1.001150482699326494e+00
1.877765441894531250e+03 7.535044611182314611e+02 1.003976722945188138e+00
1.877786315917968750e+03 7.525399678465537363e+02 1.002438671110187363e+00
1.877807128906250000e+03 7.522968618301771357e+02 1.002881309880263583e+00
1.877827941894531250e+03 7.542844273448046124e+02 1.001890422204982922e+00
1.877848815917968750e+03 7.545597914964738493e+02 1.001570124604576728e+00
1.877869628906250000e+03 7.531019691284169539e+02 1.001637667544540422e+00
1.877890441894531250e+03 7.527247901393286611e+02 1.001181976827023590e+00
1.877911315917968750e+03 7.509783954592692226e+02 1.002437125158296416e+00
1.877932128906250000e+03 7.554153841096045880e+02 1.001792909777517560e+00
1.877952941894531250e+03 7.516528146090054179e+02 1.000765805270442010e+00
1.877973815917968750e+03 7.500129976651343213e+02 1.000701300757629975e+00
1.877994628906250000e+03 7.501407143187461770e+02 1.004694706963635165e+00
1.878015441894531250e+03 7.528454237263488267e+02 1.001347647011809006e+00
1.878036315917968750e+03 7.529964115259234632e+02 1.003532310338217881e+00
1.878057128906250000e+03 7.511155058504832596e+02 1.000586159099410510e+00
1.878077941894531250e+03 7.511890806583618314e+02 1.002824905998733973e+00
1.878098815917968750e+03 7.533385964476005938e+02 1.005265143704706432e+00
1.878119628906250000e+03 7.519864731087795917e+02 1.000788794793568304e+00
1.878140441894531250e+03 7.539629837277617526e+02 1.008192183070497405e+00
1.878161315917968750e+03 7.537694484947376168e+02 1.002642894178563004e+00
1.878182128906250000e+03 7.526464162563050877e+02 1.007318242434859012e+00
1.878202941894531250e+03 7.527536798363610160e+02 1.003445530719394574e+00
1.878223815917968750e+03 7.523267992109869056e+02 1.001293895011660329e+00
1.878244628906250000e+03 7.531704728729849876e+02 1.007104136786488580e+00
1.878265441894531250e+03 7.528577187072723973e+02 1.001309967340683560e+00
1.878286315917968750e+03 7.548033307925285271e+02 1.001943844757826607e+00
1.878307128906250000e+03 7.508960935609626404e+02 1.001588096827169538e+00
1.878327941894531250e+03 7.525632668135142467e+02 1.002837803688713336e+00
1.878348815917968750e+03 7.516771920995298615e+02 1.002275560041209657e+00
1.878369628906250000e+03 7.516609251169533081e+02 1.004372929854001395e+00
1.878390441894531250e+03 7.547998211886546187e+02 1.002803686857502541e+00
1.878411315917968750e+03 7.515528783941346092e+02 1.001945510448648768e+00
1.878432128906250000e+03 7.525194191300558941e+02 1.007897484323348358e+00
1.878452941894531250e+03 7.504530065325712940e+02 1.006613735540013321e+00
1.878473815917968750e+03 7.537133070934581838e+02 1.010050986013388608e+00
1.878494628906250000e+03 7.518388928499005033e+02 1.001630883701704944e+00
1.878515441894531250e+03 7.512419211992795454e+02 1.002020701607604147e+00
1.878536315917968750e+03 7.531201871727571415e+02 1.001639393251615440e+00
1.878557128906250000e+03 7.536107102415217014e+02 1.001565125650900834e+00
1.878577941894531250e+03 7.527333457125208724e+02 1.001615530624577755e+00
1.878598815917968750e+03 7.510020040292380372e+02 1.001970554966114868e+00
1.878619628906250000e+03 7.538748899601650919e+02 1.001717820524868241e+00
1.878640441894531250e+03 7.538625618823663217e+02 1.001686224236083333e+00
1.878661315917968750e+03 7.528838104630955286e+02 1.003828646855438045e+00
1.878682128906250000e+03 7.524176016585853404e+02 1.001948841821985514e+00
1.878702941894531250e+03 7.532282764896383469e+02 1.001476032970159302e+00
1.878723815917968750e+03 7.499311444739776107e+02 1.000580559529363089e+00
1.878744628906250000e+03 7.518593303293483814e+02 1.001685748201512682e+00
1.878765441894531250e+03 7.508675483971613858e+02 1.004462477667256159e+00
1.878786315917968750e+03 7.528544734133502061e+02 1.001470200307164049e+00
1.878807128906250000e+03 7.540939323004572543e+02 1.002893909681646267e+00
1.878827941894531250e+03 7.535016723180955296e+02 1.002606273830561001e+00
1.878848815917968750e+03 7.513489751925957307e+02 1.010142449729453995e+00
1.878869628906250000e+03 7.518290314063169717e+02 1.001648557301439535e+00
1.878890441894531250e+03 7.506532511038968778e+02 1.000668778900350109e+00
1.878911315917968750e+03 7.518364412581953502e+02 1.002130860743467577e+00
1.878932128906250000e+03 7.539601192269378771e+02 1.004731073220709758e+00
1.878952941894531250e+03 7.520239634429730131e+02 1.007080699573671856e+00
1.878973815917968750e+03 7.502347649779903804e+02 1.002641824122429748e+00
1.878994628906250000e+03 7.519002770206010382e+02 1.002354770043821341e+00
1.879015441894531250e+03 7.509832676690987228e+02 1.001298300046019607e+00
1.879036315917968750e+03 7.536000690641578785e+02 1.004169948989336758e+00
1.879057128906250000e+03 7.533911827810843533e+02 1.001059030996845900e+00
1.879077941894531250e+03 7.506564875218928137e+02 1.007814865700954021e+00
1.879098815917968750e+03 7.503346020717151532e+02 1.009145402335163588e+00
1.879119628906250000e+03 7.521568374299394009e+02 1.004284501713573308e+00
1.879140441894531250e+03 7.504863821513484936e+02 1.001266809577185724e+00
1.879161315917968750e+03 7.527371820345955484e+02 1.002144718999660622e+00
1.879182128906250000e+03 7.553131853170890508e+02 1.003039449686126794e+00
1.879202941894531250e+03 7.525808271395886777e+02 1.003956418694921693e+00
1.879223815917968750e+03 7.513777398396401850e+02 1.001888994391659127e+00
1.879244628906250000e+03 7.544933332185813697e+02 1.002961541759227693e+00
1.879265441894531250e+03 7.515272784573613762e+02 1.005583434540984422e+00
1.879286315917968750e+03 7.539252066480927397e+02 1.003069398949335778e+00
1.879307128906250000e+03 7.527454466723888800e+02 1.008634187935207871e+00
1.879327941894531250e+03 7.553951992137565412e+02 1.002553718916068259e+00
1.879348815917968750e+03 7.514394715771539950e+02 1.003110399466764280e+00
1.879369628906250000e+03 7.524388640666556967e+02 1.004089813668256337e+00
1.879390441894531250e+03 7.547772105858249461e+02 1.002712742594800810e+00
1.879411315917968750e+03 7.536224048277757674e+02 1.002052168384644393e+00
1.879432128906250000e+03 7.525382387528455865e+02 1.010413074814747070e+00
1.879452941894531250e+03 7.543015184484592055e+02 1.002800477200407103e+00
1.879473815917968750e+03 7.516678070477530582e+02 1.004266043582590529e+00
1.879494628906250000e+03 7.521704670577611296e+02 1.002302737151428369e+00
1.879515441894531250e+03 7.530420940791176463e+02 1.002059603679123168e+00
1.879536315917968750e+03 7.508027079999180842e+02 1.003334981266413184e+00
1.879557128906250000e+03 7.511937484173711255e+02 1.004980677518562571e+00
1.879577941894531250e+03 7.528288965104867430e+02 1.002290962476422909e+00
1.879598815917968750e+03 7.531642878291856960e+02 1.002250761028485204e+00
1.879619628906250000e+03 7.532162975725188971e+02 1.002179631439331864e+00
1.879640441894531250e+03 7.525168498249898903e+02 1.001874894625824242e+00
1.879661315917968750e+03 7.526457275858618914e+02 1.002639505663556418e+00
1.879682128906250000e+03 7.523887817567778029e+02 1.002569176529840345e+00
1.879702941894531250e+03 7.519211936676495043e+02 1.001496923147684903e+00
1.879723815917968750e+03 7.541398087606584113e+02 1.004152913348931087e+00
1.879744628906250000e+03 7.513624910372257091e+02 1.001813317373462242e+00
1.879765441894531250e+03 7.528371802297700697e+02 1.004419692729924929e+00
1.879786315917968750e+03 7.532734061301630391e+02 1.002220370993933241e+00
1.879807128906250000e+03 7.536419439188310889e+02 1.004162054460203457e+00
1.879827941894531250e+03 7.520431630154772620e+02 1.008319993101626677e+00
1.879848815917968750e+03 7.538917856480882165e+02 1.004571419709449076e+00
1.879869628906250000e+03 7.523788050868669188e+02 1.004012343444785405e+00
1.879890441894531250e+03 7.522240912196367617e+02 1.002182010436954984e+00
1.879911315917968750e+03 7.509022317851050730e+02 1.002123842326025249e+00
1.879932128906250000e+03 7.515275902636806222e+02 1.002305056389289906e+00
1.879952941894531250e+03 7.531717401878412375e+02 1.003801926710305548e+00
1.879973815917968750e+03 7.515205856085972300e+02 1.005001554155808607e+00
1.879994628906250000e+03 7.519350605031179384e+02 1.002765408055408258e+00
1.880015441894531250e+03 7.524799563968507528e+02 1.002595810628311490e+00
1.880036315917968750e+03 7.519752360608409845e+02 1.002951498268043196e+00
1.880057128906250000e+03 7.536508972621268185e+02 1.002349239818973281e+00
1.880077941894531250e+03 7.548657414938843431e+02 1.011929169795909189e+00
1.880098815917968750e+03 7.528495828645360461e+02 1.003700977520240123e+00
1.880119628906250000e+03 7.529758850456850041e+02 1.003103506743338924e+00
1.880140441894531250e+03 7.526250169675097368e+02 1.002891175775925792e+00
1.880161315917968750e+03 7.546117967835823492e+02 1.004453161268848538e+00
1.880182128906250000e+03 7.521208111105944454e+02 1.002670893574827859e+00
1.880202941894531250e+03 7.518768398032536879e+02 1.002486237695460192e+00
1.880223815917968750e+03 7.530404328664526474e+02 1.002850522907160924e+00
1.880244628906250000e+03 7.517993628575770799e+02 1.008223161642391563e+00
1.880265441894531250e+03 7.519919218616421404e+02 1.002994048700903917e+00
1.880286315917968750e+03 7.521419101723944323e+02 1.001933196168919293e+00
1.880307128906250000e+03 7.537665275825055460e+02 1.003353694147324227e+00
1.880327941894531250e+03 7.538088810988743944e+02 1.006426427313477756e+00
1.880348815917968750e+03 7.527993482818175153e+02 1.001932482292989368e+00
1.880369628906250000e+03 7.527398731924555477e+02 1.001704908414279283e+00
1.880390441894531250e+03 7.532713310274557443e+02 1.009367106025935934e+00
1.880411315917968750e+03 7.551222967381920625e+02 1.003068091658892103e+00
1.880432128906250000e+03 7.525931380258907666e+02 1.003425690929835357e+00
1.880452941894531250e+03 7.525026583303716734e+02 1.002819913300013965e+00
1.880473815917968750e+03 7.539037939252735896e+02 1.003258106277838513e+00
1.880494628906250000e+03 7.508997742246754115e+02 1.007960818709955353e+00
1.880515441894531250e+03 7.547561365198104113e+02 1.002173802871287878e+00
1.880536315917968750e+03 7.534943645768946681e+02 1.006140334509277201e+00
1.880557128906250000e+03 7.520736983092825767e+02 1.004277438996128868e+00
1.880577941894531250e+03 7.522635955130333514e+02 1.003805905088090977e+00
1.880598815917968750e+03 7.543822886326767048e+02 1.004836545718785334e+00
1.880619628906250000e+03 7.535894288490037525e+02 1.002612218783192732e+00
1.880640441894531250e+03 7.540169296409892468e+02 1.003511403135429969e+00
1.880661315917968750e+03 7.527173582726112500e+02 1.008904685884290942e+00
1.880682128906250000e+03 7.527364653230609974e+02 1.002703885490549007e+00
1.880702941894531250e+03 7.508489800857490764e+02 1.002544860406902716e+00
1.880723815917968750e+03 7.523224139472911247e+02 1.004108096956465745e+00
1.880744628906250000e+03 7.511335702205352618e+02 1.002315522626731736e+00
1.880765441894531250e+03 7.529806004569600191e+02 1.003251808683892854e+00
1.880786315917968750e+03 7.533589855583917370e+02 1.002989175698166813e+00
1.880807128906250000e+03 7.520620062459886412e+02 1.002130979699271895e+00
1.880827941894531250e+03 7.524561147300698849e+02 1.003667840219818919e+00
1.880848815917968750e+03 7.520503419280266826e+02 1.002318614903242810e+00
1.880869628906250000e+03 7.548423260800944945e+02 1.003270641936805596e+00
1.880890441894531250e+03 7.556239038584774335e+02 1.003816711945173745e+00
1.880911315917968750e+03 7.524871449141998028e+02 1.004483246397263496e+00
1.880932128906250000e+03 7.533830449937119056e+02 1.002254031916610888e+00
1.880952941894531250e+03 7.528661546100112218e+02 1.004336966059719893e+00
1.880973815917968750e+03 7.534345011209045424e+02 1.001689794488150875e+00
1.880994628906250000e+03 7.524494687633008425e+02 1.010834473160879154e+00
1.881015441894531250e+03 7.522963736963984047e+02 1.003471963362493558e+00
1.881036315917968750e+03 7.529009763028835778e+02 1.008956437383163873e+00
1.881057128906250000e+03 7.521675359364392079e+02 1.002617569210422666e+00
1.881077941894531250e+03 7.531491783043651367e+02 1.005127457180086781e+00
1.881098815917968750e+03 7.528600820009622794e+02 1.001907377332655891e+00
1.881119628906250000e+03 7.528241067510424500e+02 1.002940800947889288e+00
1.881140441894531250e+03 7.514889918156646900e+02 1.003664514552198961e+00
1.881161315917968750e+03 7.554263647765815222e+02 1.003047471897884346e+00
1.881182128906250000e+03 7.528958562982807052e+02 1.002402400072212707e+00
1.881202941894531250e+03 7.537561238290712708e+02 1.003767723886627383e+00
1.881223815917968750e+03 7.537847493734709587e+02 1.003147001411425654e+00
1.881244628906250000e+03 7.522316420629445020e+02 1.001499660859452856e+00
1.881265441894531250e+03 7.509257454330030441e+02 1.003719089739952386e+00
1.881286315917968750e+03 7.518019522384403217e+02 1.002010113320547013e+00
1.881307128906250000e+03 7.524684892928459021e+02 1.003017284278613808e+00
1.881327941894531250e+03 7.516593962627190422e+02 1.009003401343186335e+00
1.881348815917968750e+03 7.524935207253637373e+02 1.002689737738913456e+00
1.881369628906250000e+03 7.524441672438529167e+02 1.003313416466044661e+00
1.881390441894531250e+03 7.536398319725335568e+02 1.003220438947801663e+00
1.881411254882812500e+03 7.517299853679455737e+02 1.004274708856747189e+00
1.881432067871093750e+03 7.526773694419871390e+02 1.002837447072786992e+00
1.881452941894531250e+03 7.505723369971832426e+02 1.011148476143132857e+00
1.881473754882812500e+03 7.509214708978643102e+02 1.002750131790125954e+00
1.881494567871093750e+03 7.529708660636125614e+02 1.004382365685772660e+00
1.881515441894531250e+03 7.521473606248762280e+02 1.005898365635373271e+00
1.881536254882812500e+03 7.524197794334679656e+02 1.005111208688854507e+00
1.881557067871093750e+03 7.523127566563648543e+02 1.002554670160720862e+00
1.881577941894531250e+03 7.515740124313560955e+02 1.002068882849243669e+00
1.881598754882812500e+03 7.531877735028526786e+02 1.009567152694743175e+00
1.881619567871093750e+03 7.515939262700521795e+02 1.005134336024242625e+00
1.881640441894531250e+03 7.536641495527599091e+02 1.003989368367232071e+00
1.881661254882812500e+03 7.545818416818733567e+02 1.002149001340497447e+00
1.881682067871093750e+03 7.518118716910994408e+02 1.007892102786793975e+00
1.881702941894531250e+03 7.527622623474729835e+02 1.006131270612905304e+00
1.881723754882812500e+03 7.535115299359641767e+02 1.006950838061383191e+00
1.881744567871093750e+03 7.531486238882581574e+02 1.005030970499520393e+00
1.881765441894531250e+03 7.531630576021906336e+02 1.002854921104041175e+00
1.881786254882812500e+03 7.508932011787868532e+02 1.001641178462702175e+00
1.881807067871093750e+03 7.521454149099859023e+02 1.002809036263165865e+00
1.881827941894531250e+03 7.526664044421087283e+02 1.003168094458015247e+00
1.881848754882812500e+03 7.527966061588026605e+02 1.003008489289493488e+00
1.881869567871093750e+03 7.523639515844238304e+02 1.003061436335672241e+00
1.881890441894531250e+03 7.525143705919414288e+02 1.003469349828801427e+00
1.881911254882812500e+03 7.539969050715299090e+02 1.003566521185089488e+00
1.881932067871093750e+03 7.542419465145181903e+02 1.002766596860067194e+00
1.881952941894531250e+03 7.519785870660062983e+02 1.003685121636649136e+00
1.881973754882812500e+03 7.538439990951457048e+02 1.002144362137098232e+00
1.881994567871093750e+03 7.500085804667426146e+02 1.002082563520256153e+00
1.882015441894531250e+03 7.518757620827142318e+02 1.003307000402915206e+00
1.882036254882812500e+03 7.516718237349265337e+02 1.002837447072786992e+00
1.882057067871093750e+03 7.530633512319374177e+02 1.003305812238573624e+00
1.882077941894531250e+03 7.529071427511272532e+02 1.003073439654480703e+00
1.882098754882812500e+03 7.512898020088878184e+02 1.002766002457913919e+00
1.882119567871093750e+03 7.534331006662467871e+02 1.003335456518501534e+00
1.882140441894531250e+03 7.507101690908868932e+02 1.004945625143740973e+00
1.882161254882812500e+03 7.515170245868188204e+02 1.003173441920481190e+00
1.882182067871093750e+03 7.532402508276384197e+02 1.002546644005645415e+00
1.882202941894531250e+03 7.511894418662304815e+02 1.006664183773574583e+00
1.882223754882812500e+03 7.523465633150595977e+02 1.006949772583176195e+00
1.882244567871093750e+03 7.531192980088375180e+02 1.003497860737541325e+00
1.882265441894531250e+03 7.528614459335615265e+02 1.006053068899912528e+00
1.882286254882812500e+03 7.531474238341221508e+02 1.003739220643268482e+00
1.882307067871093750e+03 7.510216138851500318e+02 1.002573873219124279e+00
1.882327941894531250e+03 7.517119548338068853e+02 1.011152248774194629e+00
1.882348754882812500e+03 7.522569672749904157e+02 1.003256086299181282e+00
1.882369567871093750e+03 7.525701234737139202e+02 1.003451114302009950e+00
1.882390441894531250e+03 7.518753609140684375e+02 1.003866528864446606e+00
1.882411254882812500e+03 7.517959764943269647e+02 1.002813553516836764e+00
1.882432067871093750e+03 7.518154297870827349e+02 1.002693661085000354e+00
1.882452941894531250e+03 7.524309823354890341e+02 1.003103387902864574e+00
1.882473754882812500e+03 7.510105685461537632e+02 1.003083838453168619e+00
1.882494567871093750e+03 7.515921538427501218e+02 1.005268582661587917e+00
1.882515441894531250e+03 7.516120935215864165e+02 1.002791264238716673e+00
1.882536254882812500e+03 7.522425872564252813e+02 1.003037429267125136e+00
1.882557067871093750e+03 7.514751336262633004e+02 1.002164227293052656e+00
1.882577941894531250e+03 7.505192566538762549e+02 1.003419513190721313e+00
1.882598754882812500e+03 7.512557457104437617e+02 1.002970337160028036e+00
1.882619567871093750e+03 7.528463924303057411e+02 1.002703766602711655e+00
1.882640441894531250e+03 7.500045184963172460e+02 1.003455272268880982e+00
1.882661254882812500e+03 7.518600073106834998e+02 1.006175641457798697e+00
1.882682067871093750e+03 7.503629660358698175e+02 1.003148427434187973e+00
1.882702941894531250e+03 7.514432561846065255e+02 1.003530290911498257e+00
1.882723754882812500e+03 7.515277261849387287e+02 1.002923031258340369e+00
1.882744567871093750e+03 7.510894219849658384e+02 1.003162152799621065e+00
1.882765441894531250e+03 7.517809098806926613e+02 1.003315436329278887e+00
1.882786254882812500e+03 7.521436497420675096e+02 1.002987511740590199e+00
1.882807067871093750e+03 7.509693412542645774e+02 1.002785914738247852e+00
1.882827941894531250e+03 7.510336451362950356e+02 1.003024474719176995e+00
1.882848754882812500e+03 7.521798939691771011e+02 1.004206749734718906e+00
1.882869567871093750e+03 7.527500808233063481e+02 1.003446362318774598e+00
1.882890441894531250e+03 7.527832531276654890e+02 1.003568302968078418e+00
1.882911254882812500e+03 7.528079809066965709e+02 1.003355713929475090e+00
1.882932067871093750e+03 7.531980701378520280e+02 1.004465800692914357e+00
1.882952941894531250e+03 7.514067734076668330e+02 1.003570203533113325e+00
1.882994567871093750e+03 7.527759903825515266e+02 1.003362307895840244e+00
1.883015441894531250e+03 7.528854166890034776e+02 1.005553026676217820e+00
1.883036254882812500e+03 7.531025112037754070e+02 1.007747677633098027e+00
1.883057067871093750e+03 7.525482399310820938e+02 1.003575430068400554e+00
1.883077941894531250e+03 7.510774690814150745e+02 1.006027711281853421e+00
1.883098754882812500e+03 7.535582881186136319e+02 1.003991030664388440e+00
1.883119567871093750e+03 7.509981408762018873e+02 1.003522628931986072e+00
1.883140441894531250e+03 7.542328513523607398e+02 1.008145358689475524e+00
1.883161254882812500e+03 7.530009384419216758e+02 1.003601205992021628e+00
1.883182067871093750e+03 7.526302948259867662e+02 1.003415236272131139e+00
1.883202941894531250e+03 7.510197090186978812e+02 1.003149734619939171e+00
1.883223754882812500e+03 7.528589102878358972e+02 1.007035244030426879e+00
1.883244567871093750e+03 7.522927814576715946e+02 1.004838562520321110e+00
1.883265441894531250e+03 7.527295121712948003e+02 1.003726572069745471e+00
1.883286254882812500e+03 7.520310722230655074e+02 1.003791594730170988e+00
1.883307067871093750e+03 7.516816199334668909e+02 1.004416725607055527e+00
1.883327941894531250e+03 7.506574335734683245e+02 1.003765823695584425e+00
1.883348754882812500e+03 7.506965433108423440e+02 1.003642659890833233e+00
1.883369567871093750e+03 7.529663252649600054e+02 1.006504659237336785e+00
1.883390441894531250e+03 7.508353456846085692e+02 1.003680608305635102e+00
1.883411254882812500e+03 7.517946177238135306e+02 1.005535243873051598e+00
1.883432067871093750e+03 7.516423471406923227e+02 1.004368182232166617e+00
1.883452941894531250e+03 7.509756400584196854e+02 1.005131489611680973e+00
1.883473754882812500e+03 7.513750013967379573e+02 1.005676134325608650e+00
1.883494567871093750e+03 7.524557399290661124e+02 1.003631851159601407e+00
1.883515441894531250e+03 7.516930521727600762e+02 1.003847588038635719e+00
1.883536254882812500e+03 7.505664947847578787e+02 1.004138489218387331e+00
1.883557067871093750e+03 7.504212970447771340e+02 1.014869937456069904e+00
1.883577941894531250e+03 7.517525146163184218e+02 1.004948590705027955e+00
1.883598754882812500e+03 7.501980912259558636e+02 1.003908031180022586e+00
1.883619567871093750e+03 7.512665540544240912e+02 1.004212981985480591e+00
1.883640441894531250e+03 7.507818241261134062e+02 1.011569627059704324e+00
1.883661254882812500e+03 7.509382616559327062e+02 1.005406131291328276e+00
1.883682067871093750e+03 7.501688734999346480e+02 1.005332379107524154e+00
1.883702941894531250e+03 7.505820740969459166e+02 1.004645227756176373e+00
1.883723754882812500e+03 7.491823401802558919e+02 1.003722890295389192e+00
1.883744567871093750e+03 7.505757619746293585e+02 1.004636031711673594e+00
1.883765441894531250e+03 7.502154144746372140e+02 1.005332379107524154e+00
1.887182067871093750e+03 7.562785477576479707e+02 1.046765108176694437e+00
1.887202880859375000e+03 7.539867036041821393e+02 1.040684459465340828e+00
1.887223693847656250e+03 7.562891382237218068e+02 1.049336798440025920e+00
1.887244567871093750e+03 7.562977723302543609e+02 1.042645122023369009e+00
1.887265380859375000e+03 7.539664507125997943e+02 1.040559994611783390e+00
1.887286193847656250e+03 7.532973027633414631e+02 1.038544202907963676e+00
1.887307067871093750e+03 7.523641405572282110e+02 1.037971382602911774e+00
1.887327880859375000e+03 7.535424810588850733e+02 1.038868649405139122e+00
1.887348693847656250e+03 7.534906789569810144e+02 1.042129407461792834e+00
1.887369567871093750e+03 7.542446349288862848e+02 1.037430765530571675e+00
1.887390380859375000e+03 7.533107598579281330e+02 1.036329763032299400e+00
1.887411193847656250e+03 7.536321701183080677e+02 1.036233190623339517e+00
1.887432067871093750e+03 7.552594669271467183e+02 1.041286583540566246e+00
1.887452880859375000e+03 7.540840304037855049e+02 1.035342217780822249e+00
1.887473693847656250e+03 7.539322960118147421e+02 1.033754601796988526e+00
1.887494567871093750e+03 7.569064013845611498e+02 1.033530689948355841e+00
1.887515380859375000e+03 7.526911811312091913e+02 1.033912054918702195e+00
1.887536193847656250e+03 7.531802839462262682e+02 1.032995365361381035e+00
1.887557067871093750e+03 7.529427494135047709e+02 1.033234622814131365e+00
1.887577880859375000e+03 7.531906719284509109e+02 1.030762412659643301e+00
1.887598693847656250e+03 7.525617478661112045e+02 1.038612842065820274e+00
1.887619567871093750e+03 7.521593967652652282e+02 1.030104492220365930e+00
1.887640380859375000e+03 7.528834620839094214e+02 1.029312510073080000e+00
1.887661193847656250e+03 7.527104847127185394e+02 1.029503933603072463e+00
1.887682067871093750e+03 7.519603101112479635e+02 1.029604552752870550e+00
1.887702880859375000e+03 7.525698814786421735e+02 1.028384069945953438e+00
1.887723693847656250e+03 7.525827638472210310e+02 1.028410093440166317e+00
1.887744567871093750e+03 7.540507212764034648e+02 1.028197771181200038e+00
1.887765380859375000e+03 7.522157399880321691e+02 1.033390540159680349e+00
1.887786193847656250e+03 7.539618337495689957e+02 1.035689249111920285e+00
1.887807067871093750e+03 7.529727602021763460e+02 1.026633884032456256e+00
1.887827880859375000e+03 7.517579149057410177e+02 1.024771832447833875e+00
1.887848693847656250e+03 7.524425830660984502e+02 1.025214654264374303e+00
1.887869567871093750e+03 7.525911136291738330e+02 1.025956293933800056e+00
1.887890380859375000e+03 7.529236060976006684e+02 1.023618318149057460e+00
1.887911193847656250e+03 7.528895969689862113e+02 1.023397197366633815e+00
1.887932067871093750e+03 7.519627238516302441e+02 1.023032421288159410e+00
1.887952880859375000e+03 7.538013510928016103e+02 1.024153713602750093e+00
1.887973693847656250e+03 7.526965330527358446e+02 1.022877314186764863e+00
1.887994567871093750e+03 7.541450751763665039e+02 1.022317054629711119e+00
1.888015380859375000e+03 7.527828480320637254e+02 1.029043785409264666e+00
1.888036193847656250e+03 7.540204774675821682e+02 1.027082460775772033e+00
1.888057067871093750e+03 7.517690117878285037e+02 1.022697472378990557e+00
1.888077880859375000e+03 7.522930376301725346e+02 1.020075685554129974e+00
1.888098693847656250e+03 7.540456143883513960e+02 1.028815488063486105e+00
1.888119567871093750e+03 7.520276083147347208e+02 1.022468457563230126e+00
1.888140380859375000e+03 7.541133904029990163e+02 1.018559837145419422e+00
1.888161193847656250e+03 7.530777238940005418e+02 1.019361401437398618e+00
1.888182006835937500e+03 7.536336531613047782e+02 1.019144152821246596e+00
1.888202819824218750e+03 7.533295049690664200e+02 1.020028471736338815e+00
1.888223693847656250e+03 7.533562008983284386e+02 1.017961953199740810e+00
1.888244506835937500e+03 7.528953372314940680e+02 1.019806163452310122e+00
1.888265319824218750e+03 7.549163094412824648e+02 1.018672830198109169e+00
1.888286193847656250e+03 7.530641830919813628e+02 1.016601445237445223e+00
1.888307006835937500e+03 7.548431872513552889e+02 1.017234817552834292e+00
1.888327819824218750e+03 7.529206133801201304e+02 1.016387829038221335e+00
1.888348693847656250e+03 7.544444740129963520e+02 1.016271238867558324e+00
1.888369506835937500e+03 7.551738612414881118e+02 1.016331412325960137e+00
1.888390319824218750e+03 7.546102791663839753e+02 1.016101373312162659e+00
1.888411193847656250e+03 7.535563769321242944e+02 1.015813721949154980e+00
1.888432006835937500e+03 7.543666276160882944e+02 1.024118444447142950e+00
1.888452819824218750e+03 7.544474195286184113e+02 1.014811850524382608e+00
1.888473693847656250e+03 7.529384481428860454e+02 1.014740132951377882e+00
1.888494506835937500e+03 7.529064188777150548e+02 1.015517713308685233e+00
1.888515319824218750e+03 7.532748935676772817e+02 1.014382115384364180e+00
1.888536193847656250e+03 7.545551946090778301e+02 1.014384524523382680e+00
1.888557006835937500e+03 7.530112914537180586e+02 1.013606310067260097e+00
1.888577819824218750e+03 7.529638235358492011e+02 1.014268879395741507e+00
1.888598693847656250e+03 7.530638621203709135e+02 1.013320303276846968e+00
1.888619506835937500e+03 7.541501492760820611e+02 1.014719221713622721e+00
1.888640319824218750e+03 7.555878248745867722e+02 1.013366123900755422e+00
1.888661193847656250e+03 7.550059945178505814e+02 1.012391680351023782e+00
1.888682006835937500e+03 7.560239986482478116e+02 1.018826237265721302e+00
1.888702819824218750e+03 7.550125095088910712e+02 1.015654343401225956e+00
1.888723693847656250e+03 7.522109362117123510e+02 1.014853022696733609e+00
1.888744506835937500e+03 7.550444169674613022e+02 1.012936246163051335e+00
1.888765319824218750e+03 7.532166889925352962e+02 1.011894711543375180e+00
1.888786193847656250e+03 7.548620263986856571e+02 1.015217919563068616e+00
1.888807006835937500e+03 7.565309881708394641e+02 1.011466978110166393e+00
1.888827819824218750e+03 7.557290187698664568e+02 1.011797692006440874e+00
1.888848693847656250e+03 7.533004132575747462e+02 1.010840428687276527e+00
1.888869506835937500e+03 7.542449500408993117e+02 1.013670346179904369e+00
1.888890319824218750e+03 7.552515484864634345e+02 1.011255990613019851e+00
1.888911193847656250e+03 7.522401654256848360e+02 1.010995613797989856e+00
1.888932006835937500e+03 7.539008567235161991e+02 1.011547707492828296e+00
1.888952819824218750e+03 7.542918912996279914e+02 1.010858766770970307e+00
1.888973693847656250e+03 7.545856979165471330e+02 1.018910068972210148e+00
1.888994506835937500e+03 7.546135698874206810e+02 1.010424400902999453e+00
1.889015319824218750e+03 7.553184833651495182e+02 1.010639926325990867e+00
1.889036193847656250e+03 7.566534364180774901e+02 1.017908668647998116e+00
1.889057006835937500e+03 7.542016656945959312e+02 1.010953282228648220e+00
1.889077819824218750e+03 7.558081307168248486e+02 1.010905524430617097e+00
1.889098693847656250e+03 7.559460266704203377e+02 1.012293589709812425e+00
1.889119506835937500e+03 7.571319524760398281e+02 1.010122800481209726e+00
1.889140319824218750e+03 7.558763573171269172e+02 1.011098605353414337e+00
1.889161193847656250e+03 7.545146286668166340e+02 1.016076207802173448e+00
1.889182006835937500e+03 7.563365563498955453e+02 1.019359939622986433e+00
1.889202819824218750e+03 7.542142480268250893e+02 1.009539934979140963e+00
1.889223693847656250e+03 7.557388237758318610e+02 1.011808884777444018e+00
1.889244506835937500e+03 7.556428495924074014e+02 1.010384818030683363e+00
1.889265319824218750e+03 7.554977955450497120e+02 1.010281694711312683e+00
1.889286193847656250e+03 7.536527368283144597e+02 1.008128035482246165e+00
1.889307006835937500e+03 7.556053043534853941e+02 1.008351677078817454e+00
1.889327819824218750e+03 7.545337234298742715e+02 1.008614686590555420e+00
1.889348693847656250e+03 7.561571442039822841e+02 1.008787053596438721e+00
1.889369506835937500e+03 7.546083709073606087e+02 1.009302619724621319e+00
1.889390319824218750e+03 7.550825016899192406e+02 1.008327500402640631e+00
1.889411193847656250e+03 7.540182945524073830e+02 1.008131760292539703e+00
1.889432006835937500e+03 7.560937546271496785e+02 1.008283283368148098e+00
1.889452819824218750e+03 7.532963273591738016e+02 1.007232913355456727e+00
1.889473693847656250e+03 7.542742439917108186e+02 1.008443590446642224e+00
1.889494506835937500e+03 7.550566705620742596e+02 1.007333626936645299e+00
1.889515319824218750e+03 7.546381639223150160e+02 1.007902747556580714e+00
1.889536193847656250e+03 7.554149157104316146e+02 1.008965121449939106e+00
1.889557006835937500e+03 7.568188452718816279e+02 1.008587975045948770e+00
1.889577819824218750e+03 7.566117451734486394e+02 1.008044962724120808e+00
1.889598693847656250e+03 7.553271504960265474e+02 1.008006587302164192e+00
1.889619506835937500e+03 7.535347081232145001e+02 1.006654710119705864e+00
1.889640319824218750e+03 7.558687541567015842e+02 1.008676912290581429e+00
1.889661193847656250e+03 7.558911256174812934e+02 1.009991028528687051e+00
1.889682006835937500e+03 7.537238500055781287e+02 1.006858610828452738e+00
1.889702819824218750e+03 7.545579455022873390e+02 1.007122187803332736e+00
1.889723693847656250e+03 7.556505621181477181e+02 1.009105060491441552e+00
1.889744506835937500e+03 7.549167719989362695e+02 1.010107045402462322e+00
1.889765319824218750e+03 7.546540289228363463e+02 1.012620207632657143e+00
1.889786193847656250e+03 7.560850740843786753e+02 1.006731503358634594e+00
1.889807006835937500e+03 7.538685432645214632e+02 1.006089445301319385e+00
1.889827819824218750e+03 7.538921072412539388e+02 1.007023702257280107e+00
1.889848693847656250e+03 7.547573623706796297e+02 1.008650438767734192e+00
1.889869506835937500e+03 7.542148121517499249e+02 1.008099537271855750e+00
1.889890319824218750e+03 7.554687576383851138e+02 1.007820129365653239e+00
1.889911193847656250e+03 7.555179510707330337e+02 1.006865951431125783e+00
1.889932006835937500e+03 7.533685172657851581e+02 1.007117749058696221e+00
1.889952819824218750e+03 7.541932395757822860e+02 1.006199099751969861e+00
1.889973693847656250e+03 7.557392911981451107e+02 1.006411443518362647e+00
1.889994506835937500e+03 7.549436991276537583e+02 1.006562218889577975e+00
1.890015319824218750e+03 7.549741374585657923e+02 1.006144422122102533e+00
1.890036193847656250e+03 7.541350312569269363e+02 1.013350125150672243e+00
1.890057006835937500e+03 7.558618087360550817e+02 1.007149470857357176e+00
1.890077819824218750e+03 7.553473017453808325e+02 1.008446959459157410e+00
1.890098693847656250e+03 7.554923434439783705e+02 1.006016394942299330e+00
1.890119506835937500e+03 7.531674150949784234e+02 1.005440456226446955e+00
1.890140319824218750e+03 7.557752602410549798e+02 1.006470785146217795e+00
1.890161193847656250e+03 7.567288835243992935e+02 1.007437111190947032e+00
1.890182006835937500e+03 7.538942563291416263e+02 1.007170302539831752e+00
1.890202819824218750e+03 7.547148838481004987e+02 1.005893565957880709e+00
1.890223693847656250e+03 7.524348393106885169e+02 1.006416418399976642e+00
1.890244506835937500e+03 7.552166502676718665e+02 1.006193294467468968e+00
1.890265319824218750e+03 7.548340683021502855e+02 1.007008431400281179e+00
1.890286193847656250e+03 7.551178086854980620e+02 1.005443242482366273e+00
1.890307006835937500e+03 7.558443033860705782e+02 1.006264673445911750e+00
1.890327819824218750e+03 7.559267310115832288e+02 1.005943517035898349e+00
1.890348693847656250e+03 7.553485846420659300e+02 1.006032688061042402e+00
1.890369506835937500e+03 7.550964821975579753e+02 1.007066731682395799e+00
1.890390319824218750e+03 7.549370110201206217e+02 1.005024328174586090e+00
1.890411193847656250e+03 7.539387400001979813e+02 1.007945325511548251e+00
1.890432006835937500e+03 7.539758330791468097e+02 1.007386701664293005e+00
1.890452819824218750e+03 7.558113552626655292e+02 1.009889989753697925e+00
1.890473693847656250e+03 7.550602362937677299e+02 1.006603965343393581e+00
1.890494506835937500e+03 7.565844559668628335e+02 1.005875848431547537e+00
1.890515319824218750e+03 7.541812851996578502e+02 1.005519772578473248e+00
1.890536193847656250e+03 7.547993792084629376e+02 1.004893192575002647e+00
1.890557006835937500e+03 7.556758695765511220e+02 1.013815162248351331e+00
1.890577819824218750e+03 7.544763388346481179e+02 1.006350854593716759e+00
1.890598632812500000e+03 7.531105865704156486e+02 1.004677917529693598e+00
1.890619445800781250e+03 7.545841264561996695e+02 1.006310933797475382e+00
1.890640319824218750e+03 7.545452786361272501e+02 1.005276705668198822e+00
1.890661132812500000e+03 7.542202155054823152e+02 1.006343628691600989e+00
1.890681945800781250e+03 7.553189397466354649e+02 1.005271784438453997e+00
1.890702819824218750e+03 7.562696930869335574e+02 1.006170843102978774e+00
1.890723632812500000e+03 7.562355402022697035e+02 1.005963425671053901e+00
1.890744445800781250e+03 7.549469755218343607e+02 1.006388286305290869e+00
1.890765319824218750e+03 7.547246216558595506e+02 1.007445571697630937e+00
1.890786132812500000e+03 7.561501531208426741e+02 1.008028761260380435e+00
1.890806945800781250e+03 7.548478389060513791e+02 1.006899930620470451e+00
1.890827819824218750e+03 7.548463012009182194e+02 1.005954241677006644e+00
1.890848632812500000e+03 7.552916706775308739e+02 1.005708434992421019e+00
1.890869445800781250e+03 7.554415024270454069e+02 1.006262422567892889e+00
1.890890319824218750e+03 7.555127732334565280e+02 1.005412000404740214e+00
1.890911132812500000e+03 7.542422878385556260e+02 1.006360034968293293e+00
1.890931945800781250e+03 7.543889612776335980e+02 1.004356728502111107e+00
1.890952819824218750e+03 7.545936468736080087e+02 1.004553322857350883e+00
1.890973632812500000e+03 7.550352618350813145e+02 1.006498441176668868e+00
1.890994445800781250e+03 7.531055655123698216e+02 1.004159561438109138e+00
1.891015319824218750e+03 7.560125920473037695e+02 1.004827648016627828e+00
1.891036132812500000e+03 7.547252481996980578e+02 1.005221503505836500e+00
1.891056945800781250e+03 7.560102192408613746e+02 1.004785175232651095e+00
1.891077819824218750e+03 7.556062291195962644e+02 1.005765803160551863e+00
1.891098632812500000e+03 7.558463367393976569e+02 1.005211956959783270e+00
1.891119445800781250e+03 7.544129441667889751e+02 1.006916860589949447e+00
1.891140319824218750e+03 7.564100636368923460e+02 1.004596932750426497e+00
1.891161132812500000e+03 7.559635685712039503e+02 1.004747031244247246e+00
1.891181945800781250e+03 7.548246992769230701e+02 1.004836545718785334e+00
1.891202819824218750e+03 7.542465806918941098e+02 1.004953632139131914e+00
1.891223632812500000e+03 7.534883769862610734e+02 1.003990911928968499e+00
1.891244445800781250e+03 7.532952993358005642e+02 1.008857953654153095e+00
1.891265319824218750e+03 7.550782104921252085e+02 1.004388952912012689e+00
1.891286132812500000e+03 7.556239961039902937e+02 1.004096521536686160e+00
1.891306945800781250e+03 7.548114574777505368e+02 1.004535581692440394e+00
1.891327819824218750e+03 7.548533349738670495e+02 1.003746405912166573e+00
1.891348632812500000e+03 7.540249085795489918e+02 1.005339730854152069e+00
1.891369445800781250e+03 7.545849522374653588e+02 1.005395519373030622e+00
1.891390319824218750e+03 7.533253655390553831e+02 1.006320706839088475e+00
1.891411132812500000e+03 7.535879884920550467e+02 1.003889684874427646e+00
1.891431945800781250e+03 7.549525201417312701e+02 1.007395754265107524e+00
1.891452819824218750e+03 7.533167308698134548e+02 1.005248541678409824e+00
1.891494445800781250e+03 7.537929300197916973e+02 1.005254174539492951e+00
1.891515319824218750e+03 7.545621030601255370e+02 1.003898234650790311e+00
1.891536132812500000e+03 7.535189391923415769e+02 1.004132968817305960e+00
1.891556945800781250e+03 7.537134316429096543e+02 1.004074676278372324e+00
1.891577819824218750e+03 7.540268394914888859e+02 1.006033162038728834e+00
1.891598632812500000e+03 7.532852681185640904e+02 1.004243014956381908e+00
1.891619445800781250e+03 7.557896179045239933e+02 1.004882812500000000e+00
1.891640319824218750e+03 7.545726344639033414e+02 1.007189535955015813e+00
1.891661132812500000e+03 7.559065485007296274e+02 1.007977730860783794e+00
1.891681945800781250e+03 7.562005311992530778e+02 1.005113462144932690e+00
1.891702819824218750e+03 7.541402485708550785e+02 1.005810604950102105e+00
1.891723632812500000e+03 7.550295581198672608e+02 1.006625400438445839e+00
1.891744445800781250e+03 7.550620653192767122e+02 1.011538868823419923e+00
1.891765319824218750e+03 7.542137113249820004e+02 1.004383077820422132e+00
1.891786132812500000e+03 7.540800548599496551e+02 1.005000249378685817e+00
1.891806945800781250e+03 7.561978507031042227e+02 1.011107801570529707e+00
1.891827819824218750e+03 7.562353573410654235e+02 1.005325442329555896e+00
1.891848632812500000e+03 7.543874033852198409e+02 1.004831088470804490e+00
1.891869445800781250e+03 7.540156642148269839e+02 1.004144187665089172e+00
1.891890319824218750e+03 7.546928814616087493e+02 1.007111653150846831e+00
1.891911132812500000e+03 7.546035320058518892e+02 1.003912068509706934e+00
1.891931945800781250e+03 7.529224174241758192e+02 1.004826758242078677e+00
1.891952819824218750e+03 7.558533382611138904e+02 1.006323549887917945e+00
1.891973632812500000e+03 7.543479154934530015e+02 1.003890516105880648e+00
1.891994445800781250e+03 7.544177389923189594e+02 1.010274555922659356e+00
1.892015319824218750e+03 7.541377185804825558e+02 1.006034228487706628e+00
1.892036132812500000e+03 7.546360553219410576e+02 1.003819562085895178e+00
1.892056945800781250e+03 7.549156362337849941e+02 1.004227879875802198e+00
1.892077819824218750e+03 7.537899150615472763e+02 1.005026700438530707e+00
1.892098632812500000e+03 7.547187537832610360e+02 1.004723183100563855e+00
1.892119445800781250e+03 7.540862401750075605e+02 1.004081740422050784e+00
1.892140319824218750e+03 7.543368259115939054e+02 1.003765586171450952e+00
1.892161132812500000e+03 7.547729422468892153e+02 1.004849892124296096e+00
1.892181945800781250e+03 7.532111036777820345e+02 1.003368129559855548e+00
1.892202819824218750e+03 7.551273120998775994e+02 1.005252573624290324e+00
1.892223632812500000e+03 7.536648594313836611e+02 1.003513957163670867e+00
1.892244445800781250e+03 7.542353010248693863e+02 1.003651746261644107e+00
1.892265319824218750e+03 7.562571054525446925e+02 1.006395689564345108e+00
1.892286132812500000e+03 7.554060709639131801e+02 1.007695095113840367e+00
1.892306945800781250e+03 7.560951879731528606e+02 1.004090288563070477e+00
1.892327819824218750e+03 7.561458384234350660e+02 1.003721465088786680e+00
1.892348632812500000e+03 7.544694817942770442e+02 1.005137538228739524e+00
1.892369445800781250e+03 7.552759460506962341e+02 1.004074201376174091e+00
1.892390319824218750e+03 7.545411782723016358e+02 1.003900906440970964e+00
1.892411132812500000e+03 7.575704552353090548e+02 1.004828003926226732e+00
1.892431945800781250e+03 7.537216096159315839e+02 1.003725859469311033e+00
1.892452819824218750e+03 7.556096506006510936e+02 1.004984591921079806e+00
1.892473632812500000e+03 7.553913959945724628e+02 1.004107978234888954e+00
1.892494445800781250e+03 7.573391645552570708e+02 1.004304383886717611e+00
1.892536071777343750e+03 7.555091544987221823e+02 1.004518492916272265e+00
1.892556945800781250e+03 7.532083002029709178e+02 1.003703946758984777e+00
1.892577758789062500e+03 7.554243123623193696e+02 1.005038265145075327e+00
1.892598571777343750e+03 7.538129138635420077e+02 1.005334869221273797e+00
1.892619445800781250e+03 7.555555532960953542e+02 1.004605891827380804e+00
1.892640258789062500e+03 7.566679409493644926e+02 1.003110637146037654e+00
1.892661071777343750e+03 7.552656980059207399e+02 1.004229304363698505e+00
1.892681945800781250e+03 7.561969397182859893e+02 1.004181998414144905e+00
1.892702758789062500e+03 7.585158301980569604e+02 1.004119850323090812e+00
1.892723571777343750e+03 7.566025382732725575e+02 1.003660298064909639e+00
1.892744445800781250e+03 7.546687728962219808e+02 1.006242756787880444e+00
1.892765258789062500e+03 7.539662531405465415e+02 1.006837239898224157e+00
1.892786071777343750e+03 7.555626259060932171e+02 1.003758282276914438e+00
1.892806945800781250e+03 7.567377955533756904e+02 1.003923764799638629e+00
1.892827758789062500e+03 7.547986192105594228e+02 1.003069874327256361e+00
1.892848571777343750e+03 7.548336998313100139e+02 1.004602331938819537e+00
1.892869445800781250e+03 7.553120739557053867e+02 1.003884459975248999e+00
1.892890258789062500e+03 7.564946398444430997e+02 1.003115034202437084e+00
1.892911071777343750e+03 7.567207869347109863e+02 1.009470086594025595e+00
1.892931945800781250e+03 7.564264717831736107e+02 1.003749256252521649e+00
1.892952758789062500e+03 7.554935129246724728e+02 1.004145018685864699e+00
1.892973571777343750e+03 7.548901791518779874e+02 1.004797335919869639e+00
1.892994445800781250e+03 7.556207331857642657e+02 1.003518114870159517e+00
1.893015258789062500e+03 7.542497263617177623e+02 1.006551026992762887e+00
1.893036071777343750e+03 7.546446662754973431e+02 1.003291019474711554e+00
1.893056945800781250e+03 7.558654758423692783e+02 1.006139268172765666e+00
1.893077758789062500e+03 7.553759721854595455e+02 1.005595348482898332e+00
1.893098571777343750e+03 7.551727089763605818e+02 1.003638146368869721e+00
1.893119445800781250e+03 7.548214207646038858e+02 1.004198914850313873e+00
1.893140258789062500e+03 7.546797131918136756e+02 1.003907793689535533e+00
1.893161071777343750e+03 7.577674686556422330e+02 1.003465904705806766e+00
1.893181945800781250e+03 7.562327612119732976e+02 1.006156921820604788e+00
1.893202758789062500e+03 7.541057307967564611e+02 1.010819318841412739e+00
1.893223571777343750e+03 7.530082106164229572e+02 1.003576736697969318e+00
1.893244445800781250e+03 7.555807061023017468e+02 1.011090764922768725e+00
1.893265258789062500e+03 7.550818029700085390e+02 1.005332734838437325e+00
1.893286071777343750e+03 7.543764206492464837e+02 1.002834296959930871e+00
1.893306945800781250e+03 7.521637055191371246e+02 1.003139039413746936e+00
1.893327758789062500e+03 7.540944716420164013e+02 1.004165200407822756e+00
1.893348571777343750e+03 7.549671974532440117e+02 1.004204969084540044e+00
1.893369445800781250e+03 7.556451357139027323e+02 1.008241310859693041e+00
1.893390258789062500e+03 7.546050993890371501e+02 1.004559612292091675e+00
1.893411071777343750e+03 7.534445179830510142e+02 1.005000486611016042e+00
1.893431945800781250e+03 7.551875534572230890e+02 1.003092038572682698e+00
1.893452758789062500e+03 7.558914526331003572e+02 1.003264285010837975e+00
1.893473571777343750e+03 7.555595083853913820e+02 1.005269531337278144e+00
1.893494445800781250e+03 7.527140730964066506e+02 1.007527924806167041e+00
1.893515258789062500e+03 7.581218821201488254e+02 1.007881871874324986e+00
1.893536071777343750e+03 7.541116381730048488e+02 1.002874593883718912e+00
1.893556945800781250e+03 7.569814759522695340e+02 1.003548762575076303e+00
1.893577758789062500e+03 7.558264671187084787e+02 1.003438105694383964e+00
1.893598571777343750e+03 7.533993760269947870e+02 1.002829304307964575e+00
1.893619445800781250e+03 7.532614575735417475e+02 1.006404158825916051e+00
1.893640258789062500e+03 7.550870102892683917e+02 1.004096640259617645e+00
1.893661071777343750e+03 7.562996262528015450e+02 1.004088388982466107e+00
1.893681945800781250e+03 7.562593233237927279e+02 1.003220557774410215e+00
1.893702758789062500e+03 7.512115694797472543e+02 1.004654423716503375e+00
1.893723571777343750e+03 7.522347565244733687e+02 1.002656804804375801e+00
1.893744445800781250e+03 7.538592702021805962e+02 1.008280859651110140e+00
1.893765258789062500e+03 7.546879956110523153e+02 1.004350081718039966e+00
1.893786071777343750e+03 7.515930235574016933e+02 1.002348169449349458e+00
1.893806945800781250e+03 7.536500318652574606e+02 1.004533386275665796e+00
1.893827758789062500e+03 7.528266439054721104e+02 1.005503411870068531e+00
1.893848571777343750e+03 7.546812150121962759e+02 1.005814930943176755e+00
1.893869445800781250e+03 7.544272060249957121e+02 1.005043246823809522e+00
1.893890258789062500e+03 7.553742465082954141e+02 1.004479626735218067e+00
1.893911071777343750e+03 7.522170756720819327e+02 1.003286147914373760e+00
1.893931945800781250e+03 7.519215155502668040e+02 1.005119451569423061e+00
1.893952758789062500e+03 7.526982899645413454e+02 1.004910215665898443e+00
1.893973571777343750e+03 7.535942006143645813e+02 1.008620359747889106e+00
1.893994445800781250e+03 7.529407000967039494e+02 1.003037548115414346e+00
1.894015258789062500e+03 7.549833118769530529e+02 1.005166772698082855e+00
1.894036071777343750e+03 7.583726623542662537e+02 1.002942464982962578e+00
1.894056945800781250e+03 7.528356654909138115e+02 1.003487228639205142e+00
1.894077758789062500e+03 7.533213213622477724e+02 1.003940448104290617e+00
1.894098571777343750e+03 7.535722920566677203e+02 1.003009796657621022e+00
1.894119445800781250e+03 7.555613677206381453e+02 1.003342882303145611e+00
1.894140258789062500e+03 7.522325683832885943e+02 1.003603462838607019e+00
1.894161071777343750e+03 7.537833683159702787e+02 1.004848231247934320e+00
1.894181945800781250e+03 7.547096668304475315e+02 1.003325713805693020e+00
1.894202758789062500e+03 7.532326144446652734e+02 1.003324288034907585e+00
1.894223571777343750e+03 7.535151612857200689e+02 1.003926733379462144e+00
1.894244384765625000e+03 7.547259389197474775e+02 1.008698244244327746e+00
1.894265197753906250e+03 7.541025962913494141e+02 1.003425453325188066e+00
1.894286071777343750e+03 7.549871916787803912e+02 1.003618369776739572e+00
1.894306884765625000e+03 7.517106944902238865e+02 1.003181819554367582e+00
1.894327697753906250e+03 7.520613180428335909e+02 1.005319691289308537e+00
1.894348571777343750e+03 7.518951415348494720e+02 1.005286073725710994e+00
1.894369384765625000e+03 7.541365105996330840e+02 1.004259455550152946e+00
1.894390197753906250e+03 7.512533044267451032e+02 1.003977197893495932e+00
1.894411071777343750e+03 7.556640242930553768e+02 1.003634464270128923e+00
1.894431884765625000e+03 7.529732564250102769e+02 1.003430027204764707e+00
1.894452697753906250e+03 7.517140999287714749e+02 1.002626308180161629e+00
1.894473571777343750e+03 7.515813620815035847e+02 1.003653646668666966e+00
1.894494384765625000e+03 7.539313009142795181e+02 1.004146680725352514e+00
1.894515197753906250e+03 7.515160756730958838e+02 1.002658231524316212e+00
1.894536071777343750e+03 7.509934619942122254e+02 1.003948819337754150e+00
1.894556884765625000e+03 7.520402230294552055e+02 1.002594086567462295e+00
1.894577697753906250e+03 7.524438507453373859e+02 1.002543552432474616e+00
1.894598571777343750e+03 7.533408961723566790e+02 1.003176353304728208e+00
1.894619384765625000e+03 7.529914697396405927e+02 1.003492930784163129e+00
1.894640197753906250e+03 7.521974003466905287e+02 1.002196997992123251e+00
1.894661071777343750e+03 7.533148164461725855e+02 1.002546762912115419e+00
1.894681884765625000e+03 7.528038908865109988e+02 1.003126383272447297e+00
1.894702697753906250e+03 7.519429750558975911e+02 1.006738430448353316e+00
1.894723571777343750e+03 7.508949502797693185e+02 1.003292326474680030e+00
1.894744384765625000e+03 7.530731668549921096e+02 1.002717498054736867e+00
1.894765197753906250e+03 7.519632342413325432e+02 1.005772499851188551e+00
1.894786071777343750e+03 7.535406124705715456e+02 1.003546624393477193e+00
1.894806884765625000e+03 7.519990998495750318e+02 1.002137046426563760e+00
1.894827697753906250e+03 7.530273519343622866e+02 1.002848502107532402e+00
1.894848571777343750e+03 7.507321637474849467e+02 1.002591827448758410e+00
1.894869384765625000e+03 7.519492912247342247e+02 1.013243891748652370e+00
1.894890197753906250e+03 7.530923633555700007e+02 1.002708700436122591e+00
1.894911071777343750e+03 7.520530488094830162e+02 1.003726334536323428e+00
1.894931884765625000e+03 7.514174515835743478e+02 1.005600445947267607e+00
1.894952697753906250e+03 7.516962263074397015e+02 1.009952313930954748e+00
1.894973571777343750e+03 7.499599384316618398e+02 1.005733859925239893e+00
1.894994384765625000e+03 7.513820836985818232e+02 1.002728078872179296e+00
1.895015197753906250e+03 7.490477327109462067e+02 1.008372424815502377e+00
1.895036071777343750e+03 7.512506833199167886e+02 1.003515145081568249e+00
1.895056884765625000e+03 7.556861855180717384e+02 1.005620479917354926e+00
1.895077697753906250e+03 7.538746562378354383e+02 1.004370199974188527e+00
1.895098571777343750e+03 7.524214221072409146e+02 1.003296366282000252e+00
1.895119384765625000e+03 7.524175960922476634e+02 1.006010529354953942e+00
1.895140197753906250e+03 7.521568594535469856e+02 1.002752331111141482e+00
1.895161071777343750e+03 7.528081784400120569e+02 1.003059178269547047e+00
1.895181884765625000e+03 7.512862833158676494e+02 1.008232384086798827e+00
1.895202697753906250e+03 7.526364823145142964e+02 1.006186008195643744e+00
1.895223571777343750e+03 7.527254086552079571e+02 1.002843866140056939e+00
1.895244384765625000e+03 7.552946419047049176e+02 1.003638621477400683e+00
1.895265197753906250e+03 7.533098953924840089e+02 1.004579429687442627e+00
1.895286071777343750e+03 7.521701520146708617e+02 1.002494085965109027e+00
1.895306884765625000e+03 7.516040850168441239e+02 1.004600670653173822e+00
1.895327697753906250e+03 7.523240850770378074e+02 1.005377437354774361e+00
1.895348571777343750e+03 7.506376700083882270e+02 1.003967402039179557e+00
1.895369384765625000e+03 7.538709341630989229e+02 1.003101842975416158e+00
1.895390197753906250e+03 7.534286897244949159e+02 1.003388742731309069e+00
1.895411071777343750e+03 7.530549699910670824e+02 1.001887923530330848e+00
1.895431884765625000e+03 7.543959538156821054e+02 1.002080541171957551e+00
1.895452697753906250e+03 7.504103209623814337e+02 1.002865797643224255e+00
1.895473571777343750e+03 7.537631236580326686e+02 1.002655853656621021e+00
1.895494384765625000e+03 7.531492113116710243e+02 1.002334254540224290e+00
1.895515197753906250e+03 7.549812876839566798e+02 1.003116935626261919e+00
1.895536071777343750e+03 7.541188577214880979e+02 1.003108854550114781e+00
1.895556884765625000e+03 7.551462099568344684e+02 1.003744030622354400e+00
1.895577697753906250e+03 7.523682026371906204e+02 1.003446362318774598e+00
1.895598571777343750e+03 7.540972936118944290e+02 1.002985253508035246e+00
1.895619384765625000e+03 7.516910033951684227e+02 1.003741120884674043e+00
1.895640197753906250e+03 7.530965685338354660e+02 1.001888994391659127e+00
1.895661071777343750e+03 7.520323786631421399e+02 1.007476336577556086e+00
1.895681884765625000e+03 7.553423957165833826e+02 1.011183490334258250e+00
1.895702697753906250e+03 7.550764712992273644e+02 1.003630782157879153e+00
1.895723571777343750e+03 7.527510775947072261e+02 1.002943415858907672e+00
1.895744384765625000e+03 7.512826895087024468e+02 1.002609959705345277e+00
1.895765197753906250e+03 7.518913424107256560e+02 1.002907519666616620e+00
1.895786010742187500e+03 7.520275608665388063e+02 1.003070587393715130e+00
1.895806823730468750e+03 7.507880821145853361e+02 1.003039449686126794e+00
1.895827697753906250e+03 7.503292173601646482e+02 1.004631878631725650e+00
1.895848510742187500e+03 7.520044369938952968e+02 1.003550188026944623e+00
1.895869323730468750e+03 7.539799814829528941e+02 1.011748088867855833e+00
1.895890197753906250e+03 7.513015841811273958e+02 1.001869064284914623e+00
1.895911010742187500e+03 7.509615639793615856e+02 1.011412762061526083e+00
1.895931823730468750e+03 7.554337734047867343e+02 1.004071945587664993e+00
1.895952697753906250e+03 7.531116315748496390e+02 1.003616469302917924e+00
1.895973510742187500e+03 7.530794695819945446e+02 1.003131374445831447e+00
1.895994323730468750e+03 7.541462397670410382e+02 1.004073607748110275e+00
1.896015197753906250e+03 7.520452432601125565e+02 1.002923625567427424e+00
1.896036010742187500e+03 7.534546714986989855e+02 1.003340149620787658e+00
1.896056823730468750e+03 7.516527315478958826e+02 1.003545614695027455e+00
1.896077697753906250e+03 7.545060420404546448e+02 1.002975210254293259e+00
1.896098510742187500e+03 7.534054037432247242e+02 1.002587071392742946e+00
1.896119323730468750e+03 7.542895252822495422e+02 1.002907400802918625e+00
1.896140197753906250e+03 7.532327516030029528e+02 1.003845450493532132e+00
1.896161010742187500e+03 7.501411771230913246e+02 1.015174296217072891e+00
1.896181823730468750e+03 7.508520937184929380e+02 1.012341164269010330e+00
1.896202697753906250e+03 7.518169023069966670e+02 1.006203068651688515e+00
1.896223510742187500e+03 7.496808821032730066e+02 1.004089813668256337e+00
1.896244323730468750e+03 7.509427386379906011e+02 1.002709294872244250e+00
1.896265197753906250e+03 7.513915492258191762e+02 1.003403058834633432e+00
1.896286010742187500e+03 7.505881749329390686e+02 1.002122057974770719e+00
1.896306823730468750e+03 7.516953973531253723e+02 1.004444022806842529e+00
1.896327697753906250e+03 7.505402037251869842e+02 1.004586193619122048e+00
1.896348510742187500e+03 7.531276189839112476e+02 1.002586595785900370e+00
1.896369323730468750e+03 7.517137625159547270e+02 1.004624462374830163e+00
1.896390197753906250e+03 7.532077549438058668e+02 1.002209190083977353e+00
1.896411010742187500e+03 7.497824063809952122e+02 1.001772144770681994e+00
1.896431823730468750e+03 7.510710078573223427e+02 1.001861568082460741e+00
1.896452697753906250e+03 7.550506244198024888e+02 1.002374155322250715e+00
1.896473510742187500e+03 7.498440960701412905e+02 1.004239691193526296e+00
1.896494323730468750e+03 7.542052070048245014e+02 1.002481362224283856e+00
1.896515197753906250e+03 7.493051228325998636e+02 1.001126072580460935e+00
1.896536010742187500e+03 7.546444086283202068e+02 1.002775334531062379e+00
1.896556823730468750e+03 7.509552336303211177e+02 1.003791713489167625e+00
1.896577697753906250e+03 7.489566165846632657e+02 1.005189661567430726e+00
1.896598510742187500e+03 7.533494713236234475e+02 1.004115338946109492e+00
1.896619323730468750e+03 7.481575829991060118e+02 1.004755158467373510e+00
1.896640197753906250e+03 7.501771398513201348e+02 1.002789243319671453e+00
1.896661010742187500e+03 7.476788789971453753e+02 1.003650439729728783e+00
1.896681823730468750e+03 7.515927399677497078e+02 1.003011104024044364e+00
1.896702697753906250e+03 7.465664794605866064e+02 1.001636596414515745e+00
1.896723510742187500e+03 7.496455187900954797e+02 1.001867398466994130e+00
1.896744323730468750e+03 7.497241277296883482e+02 1.002781516238705706e+00
1.896765197753906250e+03 7.492023445316123116e+02 1.003100654568067407e+00
1.896786010742187500e+03 7.499142244449423060e+02 1.001631716807685812e+00
1.896806823730468750e+03 7.494273587473212501e+02 1.002455854799521040e+00
1.896827697753906250e+03 7.502862394900871550e+02 1.003135652574680847e+00
1.896848510742187500e+03 7.514598849721822944e+02 1.002694493307954238e+00
1.896869323730468750e+03 7.514685096855039319e+02 1.001546974478377594e+00
1.896890197753906250e+03 7.534171333264241639e+02 1.002023556856870279e+00
1.896911010742187500e+03 7.499717190759782852e+02 1.002576726893007031e+00
1.896931823730468750e+03 7.528901401712483903e+02 1.001852286992187757e+00
1.896952697753906250e+03 7.487092369782504875e+02 1.005291469212886923e+00
1.896973510742187500e+03 7.503285107720404312e+02 1.001933434127449507e+00
1.896994323730468750e+03 7.525426700756964919e+02 1.003187048113108437e+00
1.897015197753906250e+03 7.509563403575468783e+02 1.001994111708130797e+00
1.897036010742187500e+03 7.477490571888765771e+02 1.001674799343952316e+00
1.897056823730468750e+03 7.555774826473076473e+02 1.001920941228208184e+00
1.897077697753906250e+03 7.512513037853019569e+02 1.002802735849063875e+00
1.897098510742187500e+03 7.510486194335538812e+02 1.001635882327196247e+00
1.897119323730468750e+03 7.495402068164239608e+02 1.001937895839428050e+00
1.897140136718750000e+03 7.506353980390541665e+02 1.001050695139765301e+00
1.897160949707031250e+03 7.493783371358904333e+02 1.003156329940251279e+00
1.897181823730468750e+03 7.494538753384359779e+02 1.004053721005159439e+00
1.897202636718750000e+03 7.501838045873151941e+02 1.003103031381356702e+00
1.897223449707031250e+03 7.508740254246836230e+02 1.002972357714182028e+00
1.897244323730468750e+03 7.520535926068766912e+02 1.003186691621332560e+00
1.897265136718750000e+03 7.484628487367465368e+02 1.002453416993012603e+00
1.897285949707031250e+03 7.453408125906693158e+02 1.001673966273803673e+00
1.897306823730468750e+03 7.511888635697536074e+02 1.003247946932203538e+00
1.897327636718750000e+03 7.512396281367845177e+02 1.002155424817442020e+00
1.897348449707031250e+03 7.569328951833898600e+02 1.003377693648837665e+00
1.897369323730468750e+03 7.516069863183822690e+02 1.002525716247249399e+00
1.897390136718750000e+03 7.475727179112698195e+02 1.002254269798967368e+00
1.897410949707031250e+03 7.509501824784198334e+02 1.002699486631172698e+00
1.897431823730468750e+03 7.538170384242771433e+02 1.011002393759318885e+00
1.897452636718750000e+03 7.531102591205076351e+02 1.005666236482434917e+00
1.897473449707031250e+03 7.487200452540589595e+02 1.003224954349036135e+00
1.897494323730468750e+03 7.490432169193775280e+02 1.003945850823236841e+00
1.897515136718750000e+03 7.537609873562989833e+02 1.003727937885830368e+00
1.897535949707031250e+03 7.522399371687486109e+02 1.002100704991589764e+00
1.897556823730468750e+03 7.515435359726617435e+02 1.009766805563260483e+00
1.897577636718750000e+03 7.491680968853027025e+02 1.003177779285766569e+00
1.897598449707031250e+03 7.539966556625403200e+02 1.005297279705152924e+00
1.897619323730468750e+03 7.532919178467845995e+02 1.002960828615241606e+00
1.897640136718750000e+03 7.514423768759521636e+02 1.003497741943768728e+00
1.897660949707031250e+03 7.509575677376567455e+02 1.002568463106758401e+00
1.897681823730468750e+03 7.507921088681977153e+02 1.003931898687430158e+00
1.897702636718750000e+03 7.492828349055265562e+02 1.002648006653215518e+00
1.897723449707031250e+03 7.506514435047239431e+02 1.002427314254182633e+00
1.897744323730468750e+03 7.474778928131544262e+02 1.002363213984191592e+00
1.897765136718750000e+03 7.518533483460597608e+02 1.002558950750487954e+00
