1.871265441894531250e+03 7.447975123237202979e+02 1.030345346553755315e+00
1.871286254882812500e+03 7.466970526909560704e+02 1.029654511312566800e+00
1.871307067871093750e+03 7.477677213794470390e+02 1.028863051774156379e+00
1.871327941894531250e+03 7.487334039728463040e+02 1.028649084673543657e+00
1.871348754882812500e+03 7.458274337548409676e+02 1.025914289181134587e+00
1.871369567871093750e+03 7.469537901832669604e+02 1.024558756221851219e+00
1.871390441894531250e+03 7.464164793033683054e+02 1.031225319769332405e+00
1.871411254882812500e+03 7.461150396407108474e+02 1.023003464309777844e+00
1.871432067871093750e+03 7.495844791331326178e+02 1.023653371626653152e+00
1.871452941894531250e+03 7.487813966338028422e+02 1.019040687606005857e+00
1.871473754882812500e+03 7.491929370576254996e+02 1.020877986372513258e+00
1.871494567871093750e+03 7.477219075221464664e+02 1.019936082931666377e+00
1.871515441894531250e+03 7.488139823074786818e+02 1.015311266052116190e+00
1.871536254882812500e+03 7.493911867224230718e+02 1.016267661191056160e+00
1.871557067871093750e+03 7.491584419821144820e+02 1.013931858481825765e+00
1.871577941894531250e+03 7.468054262380642285e+02 1.013180475804690506e+00
1.871598754882812500e+03 7.503821378674732614e+02 1.019174213667401130e+00
1.871619567871093750e+03 7.496955070650845983e+02 1.016640551549559568e+00
1.871640441894531250e+03 7.493999297707807727e+02 1.012263324532084896e+00
1.871661254882812500e+03 7.486202708339919809e+02 1.011571866128508246e+00
1.871682067871093750e+03 7.495014574242005665e+02 1.009627725714409063e+00
1.871702941894531250e+03 7.494535041764188463e+02 1.008276839814885584e+00
1.871723754882812500e+03 7.493184410971144871e+02 1.010437378556378718e+00
1.871744567871093750e+03 7.505188966894841087e+02 1.007820602502706553e+00
1.871765441894531250e+03 7.485631378488452583e+02 1.005888707001782789e+00
1.871786254882812500e+03 7.494945561221028356e+02 1.005548936659337089e+00
1.871807067871093750e+03 7.504679004973598921e+02 1.005348564736650019e+00
1.871827941894531250e+03 7.502881756607713442e+02 1.005246525699405202e+00
1.871848754882812500e+03 7.495804046755357604e+02 1.005614256389500749e+00
1.871869567871093750e+03 7.487629266542528512e+02 1.006083461651403832e+00
1.871890441894531250e+03 7.500532846389234010e+02 1.004315482122637437e+00
1.871911254882812500e+03 7.492770924434572635e+02 1.002648957808414343e+00
1.871932067871093750e+03 7.492421598211207083e+02 1.002366425041438580e+00
1.871952941894531250e+03 7.496688579767876490e+02 1.003095247296853731e+00
1.871973754882812500e+03 7.500192448370030434e+02 1.002119559877676869e+00
1.871994567871093750e+03 7.469823448968469393e+02 1.001107318060441509e+00
1.872015441894531250e+03 7.509563167778645720e+02 1.001903986330075824e+00
1.872036254882812500e+03 7.500375014565438505e+02 1.002516857490644675e+00
1.872057067871093750e+03 7.499315170379169331e+02 1.002220014158308414e+00
1.872077941894531250e+03 7.488275867420655914e+02 1.001316931936476529e+00
1.872098754882812500e+03 7.503848363224154809e+02 1.001445440869755288e+00
1.872119567871093750e+03 7.497043828773972791e+02 1.002331519108018210e+00
1.872140441894531250e+03 7.516547181796803443e+02 1.001878761669957374e+00
1.872161254882812500e+03 7.511427951752533545e+02 1.004729174851598295e+00
1.872182067871093750e+03 7.518634948387272061e+02 1.002354234862105065e+00
1.872202941894531250e+03 7.501967350102269165e+02 1.001601962593093642e+00
1.872223754882812500e+03 7.493765356578794581e+02 1.001670693491512720e+00
1.872244567871093750e+03 7.508830916264701045e+02 1.001403122240962285e+00
1.872265441894531250e+03 7.502661086715263536e+02 1.004013886971200309e+00
1.872286254882812500e+03 7.521452055287131770e+02 1.011867379718853766e+00
1.872307128906250000e+03 7.516166396881206992e+02 1.003683815148179725e+00
1.872327941894531250e+03 7.507736448764551369e+02 1.002109745864520063e+00
1.872348815917968750e+03 7.496779150370235811e+02 1.002332113767828492e+00
1.872369628906250000e+03 7.518392493590248478e+02 1.003665939839671228e+00
1.872390441894531250e+03 7.499111522113892079e+02 1.003154725677139147e+00
1.872411315917968750e+03 7.504210051504323928e+02 1.002116823859428685e+00
1.872432128906250000e+03 7.514299015116930605e+02 1.001507159770753885e+00
1.872452941894531250e+03 7.513383773360008036e+02 1.003730431979972693e+00
1.872473815917968750e+03 7.500869227513059059e+02 1.001602438667485107e+00
1.872494628906250000e+03 7.507862780152823916e+02 1.003496435211342686e+00
1.872515441894531250e+03 7.510887727225850767e+02 1.001553163767608057e+00
1.872536315917968750e+03 7.540163372030622213e+02 1.003241649274485336e+00
1.872557128906250000e+03 7.510726492863417434e+02 1.002438671110187363e+00
1.872577941894531250e+03 7.512095290330439639e+02 1.001686462253283727e+00
1.872598815917968750e+03 7.498682678703052034e+02 1.001491566733449856e+00
1.872619628906250000e+03 7.500751128456045080e+02 1.003298742631648865e+00
1.872640441894531250e+03 7.520089205144170137e+02 1.008825281163256538e+00
1.872661315917968750e+03 7.513578294591710574e+02 1.002273181265636026e+00
1.872682128906250000e+03 7.495042461953422617e+02 1.001665576028679672e+00
1.872702941894531250e+03 7.499037368566696387e+02 1.003273731269461067e+00
1.872723815917968750e+03 7.510155071973169925e+02 1.002551102988620046e+00
1.872744628906250000e+03 7.502459434061266847e+02 1.001095886561610193e+00
1.872765441894531250e+03 7.496267392728017285e+02 1.002345077264015449e+00
1.872786315917968750e+03 7.518361582181699987e+02 1.002548546507473715e+00
1.872807128906250000e+03 7.502558772688690851e+02 1.001750129823459678e+00
1.872827941894531250e+03 7.487937640480521395e+02 1.001837234784783037e+00
1.872848815917968750e+03 7.499627968401192675e+02 1.001130121129150563e+00
1.872869628906250000e+03 7.493880681496365241e+02 1.001636120356359294e+00
1.872890441894531250e+03 7.501932339392462836e+02 1.001403598409883910e+00
1.872911315917968750e+03 7.501566624774468437e+02 1.002865797643224255e+00
1.872932128906250000e+03 7.514638496278897719e+02 1.001529715681378274e+00
1.872952941894531250e+03 7.502195962464555805e+02 1.001249426890386651e+00
1.872973815917968750e+03 7.497959287960799202e+02 1.001875549049726644e+00
1.872994628906250000e+03 7.508476483597808055e+02 1.003356189171743296e+00
1.873015441894531250e+03 7.503222535520206975e+02 1.001843957735405022e+00
1.873036315917968750e+03 7.511806925182276018e+02 1.007714022770918927e+00
1.873057128906250000e+03 7.498292175375526085e+02 1.001338242108198662e+00
1.873077941894531250e+03 7.513961011760654856e+02 1.002006663180371016e+00
1.873098815917968750e+03 7.491273245856827998e+02 1.001099577997377921e+00
1.873119628906250000e+03 7.512930615825132463e+02 1.001782557077194991e+00
1.873140441894531250e+03 7.498713398319795260e+02 1.011544230958742130e+00
1.873161315917968750e+03 7.517181784950295196e+02 1.002849453072570673e+00
1.873182128906250000e+03 7.516790765321018171e+02 1.002010827141169180e+00
1.873202941894531250e+03 7.503061866891088130e+02 1.002204551159191714e+00
1.873223815917968750e+03 7.506040920720934082e+02 1.000851268835235786e+00
1.873244628906250000e+03 7.505093345833544163e+02 1.002113314607697481e+00
1.873265441894531250e+03 7.515886288435034430e+02 1.008921050515096285e+00
1.873286315917968750e+03 7.507043449518614580e+02 1.002633917561162047e+00
1.873307128906250000e+03 7.503982311660373625e+02 1.001377706396197720e+00
1.873327941894531250e+03 7.493304189421012325e+02 1.001065163761664323e+00
1.873348815917968750e+03 7.503455588407886125e+02 1.001585597398300553e+00
1.873369628906250000e+03 7.515272817009820301e+02 1.001269369330914483e+00
1.873390441894531250e+03 7.520138092201113977e+02 1.002909778074203562e+00
1.873411315917968750e+03 7.512039678465378074e+02 1.003481645257537469e+00
1.873432128906250000e+03 7.505413342288126159e+02 1.001211148197594936e+00
1.873452941894531250e+03 7.511371651631205850e+02 1.001946224315296119e+00
1.873473815917968750e+03 7.507990182382267221e+02 1.001352885147672067e+00
1.873494628906250000e+03 7.515848407232851969e+02 1.006543388007607787e+00
1.873515441894531250e+03 7.504178602079608709e+02 1.001955028628795930e+00
1.873536315917968750e+03 7.502087054258837497e+02 1.001270202737692960e+00
1.873557128906250000e+03 7.504922631604316621e+02 1.007445808354139105e+00
1.873577941894531250e+03 7.510322262558731836e+02 1.001990780485305210e+00
1.873598815917968750e+03 7.504811959040225702e+02 1.004207224574233503e+00
1.873619628906250000e+03 7.487921627289903199e+02 1.001279251109495672e+00
1.873640441894531250e+03 7.515821748053066358e+02 1.005525700305675896e+00
1.873661315917968750e+03 7.507955251423809386e+02 1.002545336033544343e+00
1.873682128906250000e+03 7.507411366930642771e+02 1.002443665707694720e+00
1.873702941894531250e+03 7.506509181132047388e+02 1.002349477678734502e+00
1.873723815917968750e+03 7.507281979237703808e+02 1.008287776096516541e+00
1.873744628906250000e+03 7.511297810609960379e+02 1.001530429844394110e+00
1.873765441894531250e+03 7.512651643166343547e+02 1.005838753201837577e+00
1.873786315917968750e+03 7.503408644032158463e+02 1.001961215397404681e+00
1.873807128906250000e+03 7.501389855910174447e+02 1.003292326474680030e+00
1.873827941894531250e+03 7.520218623449768529e+02 1.002006068327415678e+00
1.873848815917968750e+03 7.500703498880213829e+02 1.002302261409665052e+00
1.873869628906250000e+03 7.509287497136114098e+02 1.005317794031700851e+00
1.873890441894531250e+03 7.503410509671911086e+02 1.011310568694327561e+00
1.873911315917968750e+03 7.515743236787102433e+02 1.003907437453699369e+00
1.873932128906250000e+03 7.491286313133929298e+02 1.004404085565428595e+00
1.873952941894531250e+03 7.510086900246001278e+02 1.001613388316036080e+00
1.873973815917968750e+03 7.519209153616773165e+02 1.003389574377754112e+00
1.873994628906250000e+03 7.509799337689184995e+02 1.004184966230576181e+00
1.874015441894531250e+03 7.491234049372003483e+02 1.002379507020197957e+00
1.874036315917968750e+03 7.519776370905217391e+02 1.002324442629197288e+00
1.874057128906250000e+03 7.501139360805213983e+02 1.001716273460486306e+00
1.874077941894531250e+03 7.502032269608730530e+02 1.002764694771936416e+00
1.874098815917968750e+03 7.509407680721593579e+02 1.002778068752604668e+00
1.874119628906250000e+03 7.503201334442438792e+02 1.003747237262272884e+00
1.874140441894531250e+03 7.510632145052959459e+02 1.002353640215418507e+00
1.874161315917968750e+03 7.500057452317253137e+02 1.002489805098371933e+00
1.874182128906250000e+03 7.498182719427086340e+02 1.003627159421353054e+00
1.874202941894531250e+03 7.511886918915120077e+02 1.001608032524635483e+00
1.874223815917968750e+03 7.507332330487723766e+02 1.001784223036193966e+00
1.874244628906250000e+03 7.530238842779573361e+02 1.002680048197197582e+00
1.874265441894531250e+03 7.518156075999658015e+02 1.010729921423155764e+00
1.874286315917968750e+03 7.510701849350499515e+02 1.003651865037188617e+00
1.874307128906250000e+03 7.512512615789601114e+02 1.003733282365689483e+00
1.874327941894531250e+03 7.499930081482991682e+02 1.006737956802711054e+00
1.874348815917968750e+03 7.496584304492508863e+02 1.002669942440437723e+00
1.874369628906250000e+03 7.505617997021643077e+02 1.002362262557846551e+00
1.874390441894531250e+03 7.501859284201607352e+02 1.002456211551195686e+00
1.874411315917968750e+03 7.495520091111014835e+02 1.001073618579714664e+00
1.874432128906250000e+03 7.499486489803817904e+02 1.002161729301074500e+00
1.874452941894531250e+03 7.503551551066690308e+02 1.001611246002912514e+00
1.874473815917968750e+03 7.510451649398878544e+02 1.002203361687839189e+00
1.874494628906250000e+03 7.512223359739900843e+02 1.001988282060918278e+00
1.874515441894531250e+03 7.512580197347361946e+02 1.002593610963947723e+00
1.874536315917968750e+03 7.502436027432775063e+02 1.001875430063594363e+00
1.874557128906250000e+03 7.491387306447256833e+02 1.000882295961396995e+00
1.874577941894531250e+03 7.508031910268557567e+02 1.006579746689559407e+00
1.874598815917968750e+03 7.512979249910562203e+02 1.006365069331699447e+00
1.874619628906250000e+03 7.515594999249540251e+02 1.002446162997116641e+00
1.874640441894531250e+03 7.510434504912055900e+02 1.002217278414297086e+00
1.874661315917968750e+03 7.505002808513978607e+02 1.003081223908214747e+00
1.874682128906250000e+03 7.515513410570727046e+02 1.002694136641058664e+00
1.874702941894531250e+03 7.497756001960634649e+02 1.002892839893338772e+00
1.874723815917968750e+03 7.505564108850968523e+02 1.003528568456085068e+00
1.874744628906250000e+03 7.502729253281717092e+02 1.003775859038863905e+00
1.874765441894531250e+03 7.504437965933822170e+02 1.002062101925685456e+00
1.874786315917968750e+03 7.509728204201853714e+02 1.004086608122385815e+00
1.874807128906250000e+03 7.522481509405884026e+02 1.003166311964192037e+00
1.874827941894531250e+03 7.510993935648028810e+02 1.002126459368784861e+00
1.874848815917968750e+03 7.511619165510163612e+02 1.001769764799711915e+00
1.874869628906250000e+03 7.507998167379313372e+02 1.001502874685457289e+00
1.874890441894531250e+03 7.519473854481251465e+02 1.001721152655421943e+00
1.874911315917968750e+03 7.500320098869510730e+02 1.001108508834062771e+00
1.874932128906250000e+03 7.508532245120369453e+02 1.001821289907347312e+00
1.874952941894531250e+03 7.534240981442749217e+02 1.003755075672280839e+00
1.874973815917968750e+03 7.502540248830406426e+02 1.001240378249057539e+00
1.874994628906250000e+03 7.506106379474196046e+02 1.010964484348432224e+00
1.875015441894531250e+03 7.514711368002307381e+02 1.012379905265834212e+00
1.875036315917968750e+03 7.522531213562862149e+02 1.003355951550637393e+00
1.875057128906250000e+03 7.503956584723421201e+02 1.001750129823459678e+00
1.875077941894531250e+03 7.522551365197030009e+02 1.002662511671956747e+00
1.875098815917968750e+03 7.507880171955500828e+02 1.010234141167969169e+00
1.875119628906250000e+03 7.496043839129705475e+02 1.000696535716422142e+00
1.875140441894531250e+03 7.493803965249143175e+02 1.005211364003621544e+00
1.875161315917968750e+03 7.512159239665020323e+02 1.001786721969497806e+00
1.875182128906250000e+03 7.509425249705510623e+02 1.001382111061874580e+00
1.875202941894531250e+03 7.519704410358752966e+02 1.002481481138496999e+00
1.875223815917968750e+03 7.500962605102183716e+02 1.001440738888199844e+00
1.875244628906250000e+03 7.513240289514234291e+02 1.001336694457368282e+00
1.875265441894531250e+03 7.509629244342651191e+02 1.002479102851552062e+00
1.875286315917968750e+03 7.499219605591730442e+02 1.001301276409616081e+00
1.875307128906250000e+03 7.512235690937792469e+02 1.003830309418741962e+00
1.875327941894531250e+03 7.511880486001805366e+02 1.001886376728613692e+00
1.875348815917968750e+03 7.501172267517659975e+02 1.003492336812241703e+00
1.875369628906250000e+03 7.519077886620735853e+02 1.002384561375357030e+00
1.875390441894531250e+03 7.514780319593647846e+02 1.001179833590770452e+00
1.875411315917968750e+03 7.519344004541148934e+02 1.002673984755364067e+00
1.875432128906250000e+03 7.498869357405304754e+02 1.003806142602683860e+00
1.875452941894531250e+03 7.522746897535364496e+02 1.002365116834172287e+00
1.875473815917968750e+03 7.507828040711737003e+02 1.001157507940314773e+00
1.875494628906250000e+03 7.512563418790506375e+02 1.001498946674495683e+00
1.875515441894531250e+03 7.499371981936203611e+02 1.001610650915120582e+00
1.875536315917968750e+03 7.512704841597736731e+02 1.005097391334543788e+00
1.875557128906250000e+03 7.522875221542660711e+02 1.001680511806306351e+00
1.875577941894531250e+03 7.515848338179337134e+02 1.001947414091911792e+00
1.875598815917968750e+03 7.525955631471201741e+02 1.002954588583735207e+00
1.875619628906250000e+03 7.519227681671278560e+02 1.002004045824726797e+00
1.875640441894531250e+03 7.495567401443890958e+02 1.002638078916969766e+00
1.875661315917968750e+03 7.505435711281643307e+02 1.001852168003292798e+00
1.875682128906250000e+03 7.515999807646971931e+02 1.002717498054736867e+00
1.875702941894531250e+03 7.528307144674190567e+02 1.003274919471795368e+00
1.875723815917968750e+03 7.525879478687920709e+02 1.005475906311035006e+00
1.875744628906250000e+03 7.496882328312719892e+02 1.001220851954923718e+00
1.875765441894531250e+03 7.496208700472013788e+02 1.001233710776802788e+00
1.875786315917968750e+03 7.502097312964685898e+02 1.001449011980236170e+00
1.875807128906250000e+03 7.499316389541039598e+02 1.001661172609500605e+00
1.875827941894531250e+03 7.502565118545029463e+02 1.001855261709970968e+00
1.875848815917968750e+03 7.494023664718461077e+02 1.009564495900158398e+00
1.875869628906250000e+03 7.525486702927563556e+02 1.005708316459760443e+00
1.875890441894531250e+03 7.504311966046752786e+02 1.012154091510098164e+00
1.875911315917968750e+03 7.520298149625845099e+02 1.003461627984944871e+00
1.875932128906250000e+03 7.511250967915448200e+02 1.001746678787868161e+00
1.875952941894531250e+03 7.493633150495599011e+02 1.002515311659322839e+00
1.875973815917968750e+03 7.506300432674094054e+02 1.009830612954190521e+00
1.875994628906250000e+03 7.510296417393785759e+02 1.007077089247458757e+00
1.876015441894531250e+03 7.504063926926190788e+02 1.002964156616170888e+00
1.876036315917968750e+03 7.500781086140283378e+02 1.001214005755535208e+00
1.876057128906250000e+03 7.509488730664216973e+02 1.004185084943050921e+00
1.876077941894531250e+03 7.512010822000536336e+02 1.009569986601260405e+00
1.876098815917968750e+03 7.505795444626519384e+02 1.002831681764381866e+00
1.876119628906250000e+03 7.512213437298900089e+02 1.008135307718119655e+00
1.876140441894531250e+03 7.515417108306047567e+02 1.001682415953184968e+00
1.876161315917968750e+03 7.506686137021174545e+02 1.002045625279865737e+00
1.876182128906250000e+03 7.497037618776661247e+02 1.001999762864379750e+00
1.876202941894531250e+03 7.511800993861269262e+02 1.005674119203758154e+00
1.876223815917968750e+03 7.527626102270743331e+02 1.002916196678525829e+00
1.876244628906250000e+03 7.503449436128295247e+02 1.003651508710513340e+00
1.876265441894531250e+03 7.486994827576520493e+02 1.000487923796605338e+00
1.876286315917968750e+03 7.511146314701882147e+02 1.005924319050264470e+00
1.876307128906250000e+03 7.491652931201161891e+02 1.003166668463210121e+00
1.876327941894531250e+03 7.513241977138161474e+02 1.003559572201204730e+00
1.876348815917968750e+03 7.501318890405632374e+02 1.002075425802160913e+00
1.876369628906250000e+03 7.502050801325696057e+02 1.001248712526939144e+00
1.876390441894531250e+03 7.517580986780825469e+02 1.005854515878736644e+00
1.876411315917968750e+03 7.515148037644161150e+02 1.001284132434013818e+00
1.876432128906250000e+03 7.510160089362417466e+02 1.001348599402185791e+00
1.876452941894531250e+03 7.511770670678012038e+02 1.004231559798735240e+00
1.876473815917968750e+03 7.502997414067123145e+02 1.001677298550240680e+00
1.876494628906250000e+03 7.501955729817080964e+02 1.001637846066099957e+00
1.876515441894531250e+03 7.507973243427845773e+02 1.005137775428666780e+00
1.876536315917968750e+03 7.498899318935997371e+02 1.001661767667277658e+00
1.876557128906250000e+03 7.498863942383243284e+02 1.002522089517432047e+00
1.876577941894531250e+03 7.500366154844421089e+02 1.001809926052500632e+00
1.876598815917968750e+03 7.511105325996232978e+02 1.002001428462245602e+00
1.876619628906250000e+03 7.505626130227570911e+02 1.002393956461937075e+00
1.876640441894531250e+03 7.519755614759969831e+02 1.004763700879212740e+00
1.876661315917968750e+03 7.506740659125537150e+02 1.002972951994040907e+00
1.876682128906250000e+03 7.500628725449311105e+02 1.003870269486846878e+00
1.876702941894531250e+03 7.508369282848694866e+02 1.007738805634411206e+00
1.876744628906250000e+03 7.542233236694357856e+02 1.005601157219311315e+00
1.876765441894531250e+03 7.520946849701194878e+02 1.001776547702070586e+00
1.876786315917968750e+03 7.525853022801063616e+02 1.001543522742770254e+00
1.876807128906250000e+03 7.504021927754018861e+02 1.001589287029200692e+00
1.876827941894531250e+03 7.514565339135032218e+02 1.008278967965471340e+00
1.876848815917968750e+03 7.527137922735900020e+02 1.002260216839527374e+00
1.876869628906250000e+03 7.500390224506285222e+02 1.001364492282919683e+00
1.876890441894531250e+03 7.504583170502636449e+02 1.002046933904239490e+00
1.876911315917968750e+03 7.501615200438307056e+02 1.001227876702157182e+00
1.876932128906250000e+03 7.501190178117126379e+02 1.002035394157668735e+00
1.876952941894531250e+03 7.516919865337318925e+02 1.003073083122328457e+00
1.876973815917968750e+03 7.539986209094989817e+02 1.003953093983238842e+00
1.876994628906250000e+03 7.498600248477813466e+02 1.001048789791257665e+00
1.877015441894531250e+03 7.516021181155299473e+02 1.003749137488501697e+00
1.877036315917968750e+03 7.508823935504759675e+02 1.001705384439744329e+00
1.877057128906250000e+03 7.525701152518890922e+02 1.002458708809363719e+00
1.877077941894531250e+03 7.506028639979765558e+02 1.002787222396553268e+00
1.877098815917968750e+03 7.512126727596419187e+02 1.012691486759739634e+00
1.877119628906250000e+03 7.516086423855330167e+02 1.001517277260510541e+00
1.877140441894531250e+03 7.516201602326300417e+02 1.001929507804473207e+00
1.877161315917968750e+03 7.528737918126607838e+02 1.002369398233421416e+00
1.877182128906250000e+03 7.515935327720803798e+02 1.002649552279955225e+00
1.877202941894531250e+03 7.514974377161057646e+02 1.003270641936805596e+00
1.877223815917968750e+03 7.517265009433399428e+02 1.001786602972815299e+00
1.877244628906250000e+03 7.514808923332901713e+02 1.001789339892939834e+00
1.877265441894531250e+03 7.512101131056498389e+02 1.002222393060074213e+00
1.877286315917968750e+03 7.514086069437054221e+02 1.001814150327731801e+00
1.877307128906250000e+03 7.515764574487865275e+02 1.011508934622661782e+00
1.877327941894531250e+03 7.507538069562656347e+02 1.009920267036098052e+00
1.877348815917968750e+03 7.498925414229527178e+02 1.001601248481082118e+00
1.877369628906250000e+03 7.502099621943476677e+02 1.002947932507336049e+00
1.877390441894531250e+03 7.541843702072777660e+02 1.004461646909123651e+00
1.877411315917968750e+03 7.532017840636229948e+02 1.002793522908124402e+00
1.877432128906250000e+03 7.511259278988752612e+02 1.001263356875743415e+00
1.877452941894531250e+03 7.515221318885651272e+02 1.002761247228003194e+00
1.877473815917968750e+03 7.523182318666921446e+02 1.003091087837623796e+00
1.877494628906250000e+03 7.511589435730426203e+02 1.002002380231211687e+00
1.877515441894531250e+03 7.521968960933793369e+02 1.010860653628873118e+00
1.877536315917968750e+03 7.507824900486407387e+02 1.001211386327734765e+00
1.877557128906250000e+03 7.531477220371751855e+02 1.002318258102593784e+00
1.877577941894531250e+03 7.520860145761354261e+02 1.002449730542641637e+00
1.877598815917968750e+03 7.512060834816300030e+02 1.003805133165275976e+00
1.877619628906250000e+03 7.514592548124564928e+02 1.001792195801619600e+00
1.877640441894531250e+03 7.502785546735120761e+02 1.001288299399530679e+00
1.877661315917968750e+03 7.505794496366346493e+02 1.001991018430160141e+00
1.877682128906250000e+03 7.510262655958445066e+02 1.001355980396893441e+00
1.877702941894531250e+03 7.514040201574355251e+02 1.001735433089395721e+00
1.877723815917968750e+03 7.513822846147198788e+02 1.001843957735405022e+00
1.877744628906250000e+03 7.500881957512038980e+02 1.001150482699326494e+00
1.877765441894531250e+03 7.511531269924846583e+02 1.003976722945188138e+00
1.877786315917968750e+03 7.521980951273308165e+02 1.002438671110187363e+00
1.877807128906250000e+03 7.516989811904394401e+02 1.002881309880263583e+00
1.877827941894531250e+03 7.521720974803498621e+02 1.001890422204982922e+00
1.877848815917968750e+03 7.516013309874093693e+02 1.001570124604576728e+00
1.877869628906250000e+03 7.500899862479897138e+02 1.001637667544540422e+00
1.877890441894531250e+03 7.507818274798024731e+02 1.001181976827023590e+00
1.877911315917968750e+03 7.503625679785346847e+02 1.002437125158296416e+00
1.877932128906250000e+03 7.532902810174633714e+02 1.001792909777517560e+00
1.877952941894531250e+03 7.505273147059986059e+02 1.000765805270442010e+00
1.877973815917968750e+03 7.502138909914447140e+02 1.000701300757629975e+00
1.877994628906250000e+03 7.497317302237303238e+02 1.004694706963635165e+00
1.878015441894531250e+03 7.512967814143294163e+02 1.001347647011809006e+00
1.878036315917968750e+03 7.526392924258146877e+02 1.003532310338217881e+00
1.878057128906250000e+03 7.500645691682016150e+02 1.000586159099410510e+00
1.878077941894531250e+03 7.509180927739557774e+02 1.002824905998733973e+00
1.878098815917968750e+03 7.515352020740822354e+02 1.005265143704706432e+00
1.878119628906250000e+03 7.501458558170598963e+02 1.000788794793568304e+00
1.878140441894531250e+03 7.520759945230246331e+02 1.008192183070497405e+00
1.878161315917968750e+03 7.519887103539567761e+02 1.002642894178563004e+00
1.878182128906250000e+03 7.516250011739444972e+02 1.007318242434859012e+00
1.878202941894531250e+03 7.521253195967398142e+02 1.003445530719394574e+00
1.878223815917968750e+03 7.519628034536802943e+02 1.001293895011660329e+00
1.878244628906250000e+03 7.503952614643428660e+02 1.007104136786488580e+00
1.878265441894531250e+03 7.518060235691693833e+02 1.001309967340683560e+00
1.878286315917968750e+03 7.514825642627648676e+02 1.001943844757826607e+00
1.878307128906250000e+03 7.508852879160782550e+02 1.001588096827169538e+00
1.878327941894531250e+03 7.519670988488106786e+02 1.002837803688713336e+00
1.878348815917968750e+03 7.509769739320034887e+02 1.002275560041209657e+00
1.878369628906250000e+03 7.509545428746830567e+02 1.004372929854001395e+00
1.878390441894531250e+03 7.514626005745664088e+02 1.002803686857502541e+00
1.878411315917968750e+03 7.511867889322244309e+02 1.001945510448648768e+00
1.878432128906250000e+03 7.509642669717535455e+02 1.007897484323348358e+00
1.878452941894531250e+03 7.501549746955505498e+02 1.006613735540013321e+00
1.878473815917968750e+03 7.524570352311925490e+02 1.010050986013388608e+00
1.878494628906250000e+03 7.508416997010167506e+02 1.001630883701704944e+00
1.878515441894531250e+03 7.508909013216480162e+02 1.002020701607604147e+00
1.878536315917968750e+03 7.529739936174623836e+02 1.001639393251615440e+00
1.878557128906250000e+03 7.522747768380004345e+02 1.001565125650900834e+00
1.878577941894531250e+03 7.511306478072502841e+02 1.001615530624577755e+00
1.878598815917968750e+03 7.506805238650524643e+02 1.001970554966114868e+00
1.878619628906250000e+03 7.508609617355338059e+02 1.001717820524868241e+00
1.878640441894531250e+03 7.522836365956170539e+02 1.001686224236083333e+00
1.878661315917968750e+03 7.519394189415236269e+02 1.003828646855438045e+00
1.878682128906250000e+03 7.511940088130561435e+02 1.001948841821985514e+00
1.878702941894531250e+03 7.515504279567172716e+02 1.001476032970159302e+00
1.878723815917968750e+03 7.499034358461744887e+02 1.000580559529363089e+00
1.878744628906250000e+03 7.518593024408245356e+02 1.001685748201512682e+00
1.878765441894531250e+03 7.509508767282520694e+02 1.004462477667256159e+00
1.878786315917968750e+03 7.518278771437624073e+02 1.001470200307164049e+00
1.878807128906250000e+03 7.509908166017268059e+02 1.002893909681646267e+00
1.878827941894531250e+03 7.513873888012110456e+02 1.002606273830561001e+00
1.878848815917968750e+03 7.509468095300741197e+02 1.010142449729453995e+00
1.878869628906250000e+03 7.509705171263808552e+02 1.001648557301439535e+00
1.878890441894531250e+03 7.505651420981143929e+02 1.000668778900350109e+00
1.878911315917968750e+03 7.516461794096883295e+02 1.002130860743467577e+00
1.878932128906250000e+03 7.521543351778003625e+02 1.004731073220709758e+00
1.878952941894531250e+03 7.513997039191276599e+02 1.007080699573671856e+00
1.878973815917968750e+03 7.502162990821969970e+02 1.002641824122429748e+00
1.878994628906250000e+03 7.513695847493964948e+02 1.002354770043821341e+00
1.879015441894531250e+03 7.501298133041282199e+02 1.001298300046019607e+00
1.879036315917968750e+03 7.524241805142054318e+02 1.004169948989336758e+00
1.879057128906250000e+03 7.503992476974385681e+02 1.001059030996845900e+00
1.879077941894531250e+03 7.497495911136694531e+02 1.007814865700954021e+00
1.879098815917968750e+03 7.496974844321193814e+02 1.009145402335163588e+00
1.879119628906250000e+03 7.517465892728604331e+02 1.004284501713573308e+00
1.879140441894531250e+03 7.503908775150432575e+02 1.001266809577185724e+00
1.879161315917968750e+03 7.503032748827432670e+02 1.002144718999660622e+00
1.879182128906250000e+03 7.523621387970184742e+02 1.003039449686126794e+00
1.879202941894531250e+03 7.526121027292631425e+02 1.003956418694921693e+00
1.879223815917968750e+03 7.509902907405922861e+02 1.001888994391659127e+00
1.879244628906250000e+03 7.540476725029112686e+02 1.002961541759227693e+00
1.879265441894531250e+03 7.515594710862787906e+02 1.005583434540984422e+00
1.879286315917968750e+03 7.515557100935676544e+02 1.003069398949335778e+00
1.879307128906250000e+03 7.519085722427138307e+02 1.008634187935207871e+00
1.879327941894531250e+03 7.534758562574479583e+02 1.002553718916068259e+00
1.879348815917968750e+03 7.512356891705654789e+02 1.003110399466764280e+00
1.879369628906250000e+03 7.523576545813384655e+02 1.004089813668256337e+00
1.879390441894531250e+03 7.529897174587478048e+02 1.002712742594800810e+00
1.879411315917968750e+03 7.528374512068803597e+02 1.002052168384644393e+00
1.879432128906250000e+03 7.517202064464770501e+02 1.010413074814747070e+00
1.879452941894531250e+03 7.524812499699946784e+02 1.002800477200407103e+00
1.879473815917968750e+03 7.513100841895710573e+02 1.004266043582590529e+00
1.879494628906250000e+03 7.511270843943007094e+02 1.002302737151428369e+00
1.879515441894531250e+03 7.518019884886966793e+02 1.002059603679123168e+00
1.879536315917968750e+03 7.510546098178480179e+02 1.003334981266413184e+00
1.879557128906250000e+03 7.512191920936105589e+02 1.004980677518562571e+00
1.879577941894531250e+03 7.524772551721658829e+02 1.002290962476422909e+00
1.879598815917968750e+03 7.524653352220921079e+02 1.002250761028485204e+00
1.879619628906250000e+03 7.529781854218314265e+02 1.002179631439331864e+00
1.879640441894531250e+03 7.512333025174035583e+02 1.001874894625824242e+00
1.879661315917968750e+03 7.515689808408282033e+02 1.002639505663556418e+00
1.879682128906250000e+03 7.525361054925754161e+02 1.002569176529840345e+00
1.879702941894531250e+03 7.512495957786084091e+02 1.001496923147684903e+00
1.879723815917968750e+03 7.526595649064312283e+02 1.004152913348931087e+00
1.879744628906250000e+03 7.516034155655733002e+02 1.001813317373462242e+00
1.879765441894531250e+03 7.530192045725301568e+02 1.004419692729924929e+00
1.879786315917968750e+03 7.523511780911366031e+02 1.002220370993933241e+00
1.879807128906250000e+03 7.530611289008425047e+02 1.004162054460203457e+00
1.879827941894531250e+03 7.523515516696593295e+02 1.008319993101626677e+00
1.879848815917968750e+03 7.534938754401121059e+02 1.004571419709449076e+00
1.879869628906250000e+03 7.523966465861301458e+02 1.004012343444785405e+00
1.879890441894531250e+03 7.518584732864676425e+02 1.002182010436954984e+00
1.879911315917968750e+03 7.511056770952446868e+02 1.002123842326025249e+00
1.879932128906250000e+03 7.520070958957011271e+02 1.002305056389289906e+00
1.879952941894531250e+03 7.524881342867053036e+02 1.003801926710305548e+00
1.879973815917968750e+03 7.519919103634739486e+02 1.005001554155808607e+00
1.879994628906250000e+03 7.523304804665134498e+02 1.002765408055408258e+00
1.880015441894531250e+03 7.528259919377609322e+02 1.002595810628311490e+00
1.880036315917968750e+03 7.525099712661896092e+02 1.002951498268043196e+00
1.880057128906250000e+03 7.530170324615739901e+02 1.002349239818973281e+00
1.880077941894531250e+03 7.520530374171164567e+02 1.011929169795909189e+00
1.880098815917968750e+03 7.529546441939272654e+02 1.003700977520240123e+00
1.880119628906250000e+03 7.524784667577514483e+02 1.003103506743338924e+00
1.880140441894531250e+03 7.529641872534426739e+02 1.002891175775925792e+00
1.880161315917968750e+03 7.538299049516098194e+02 1.004453161268848538e+00
1.880182128906250000e+03 7.524349244923585047e+02 1.002670893574827859e+00
1.880202941894531250e+03 7.525637772623499586e+02 1.002486237695460192e+00
1.880223815917968750e+03 7.524409486920959580e+02 1.002850522907160924e+00
1.880244628906250000e+03 7.519894775337769488e+02 1.008223161642391563e+00
1.880265441894531250e+03 7.516050837679912320e+02 1.002994048700903917e+00
1.880286315917968750e+03 7.520395520032627701e+02 1.001933196168919293e+00
1.880307128906250000e+03 7.541009420014369198e+02 1.003353694147324227e+00
1.880327941894531250e+03 7.533323362241573022e+02 1.006426427313477756e+00
1.880348815917968750e+03 7.522044990404110649e+02 1.001932482292989368e+00
1.880369628906250000e+03 7.519679296976830756e+02 1.001704908414279283e+00
1.880390441894531250e+03 7.533422344324404776e+02 1.009367106025935934e+00
1.880411315917968750e+03 7.549521331420542083e+02 1.003068091658892103e+00
1.880432128906250000e+03 7.529025058293154871e+02 1.003425690929835357e+00
1.880452941894531250e+03 7.523526480355129706e+02 1.002819913300013965e+00
1.880473815917968750e+03 7.532398825474664363e+02 1.003258106277838513e+00
1.880494628906250000e+03 7.513564852427086862e+02 1.007960818709955353e+00
1.880515441894531250e+03 7.520638476601218372e+02 1.002173802871287878e+00
1.880536315917968750e+03 7.540790329742998210e+02 1.006140334509277201e+00
1.880557128906250000e+03 7.523112654709399294e+02 1.004277438996128868e+00
1.880577941894531250e+03 7.519863884142091592e+02 1.003805905088090977e+00
1.880598815917968750e+03 7.537715554186759164e+02 1.004836545718785334e+00
1.880619628906250000e+03 7.535082969805704352e+02 1.002612218783192732e+00
1.880640441894531250e+03 7.531506240695243832e+02 1.003511403135429969e+00
1.880661315917968750e+03 7.532228064591741941e+02 1.008904685884290942e+00
1.880682128906250000e+03 7.531745675246153269e+02 1.002703885490549007e+00
1.880702941894531250e+03 7.517803132166777687e+02 1.002544860406902716e+00
1.880723815917968750e+03 7.530256964534587496e+02 1.004108096956465745e+00
1.880744628906250000e+03 7.516937592471084599e+02 1.002315522626731736e+00
1.880765441894531250e+03 7.534414548159476226e+02 1.003251808683892854e+00
1.880786315917968750e+03 7.535416106031102572e+02 1.002989175698166813e+00
1.880807128906250000e+03 7.525775317948694010e+02 1.002130979699271895e+00
1.880827941894531250e+03 7.527962647796733791e+02 1.003667840219818919e+00
1.880848815917968750e+03 7.524562360710477833e+02 1.002318614903242810e+00
1.880869628906250000e+03 7.534110915142065323e+02 1.003270641936805596e+00
1.880890441894531250e+03 7.546049881264642636e+02 1.003816711945173745e+00
1.880911315917968750e+03 7.529526902216948656e+02 1.004483246397263496e+00
1.880932128906250000e+03 7.531209493662802288e+02 1.002254031916610888e+00
1.880952941894531250e+03 7.530506851416051859e+02 1.004336966059719893e+00
1.880973815917968750e+03 7.527187382528472881e+02 1.001689794488150875e+00
1.880994628906250000e+03 7.530587211503358276e+02 1.010834473160879154e+00
1.881015441894531250e+03 7.532363567715085537e+02 1.003471963362493558e+00
1.881036315917968750e+03 7.526443832437098536e+02 1.008956437383163873e+00
1.881057128906250000e+03 7.527117981511033804e+02 1.002617569210422666e+00
1.881077941894531250e+03 7.536483560032570495e+02 1.005127457180086781e+00
1.881098815917968750e+03 7.531276284278341109e+02 1.001907377332655891e+00
1.881119628906250000e+03 7.533100781294440367e+02 1.002940800947889288e+00
1.881140441894531250e+03 7.518875738971339615e+02 1.003664514552198961e+00
1.881161315917968750e+03 7.527332343983259761e+02 1.003047471897884346e+00
1.881182128906250000e+03 7.535673281252347806e+02 1.002402400072212707e+00
1.881202941894531250e+03 7.545819100307168128e+02 1.003767723886627383e+00
1.881223815917968750e+03 7.537617961283178829e+02 1.003147001411425654e+00
1.881244628906250000e+03 7.523116237070411216e+02 1.001499660859452856e+00
1.881265441894531250e+03 7.517127375477966780e+02 1.003719089739952386e+00
1.881286315917968750e+03 7.528314014646482519e+02 1.002010113320547013e+00
1.881307128906250000e+03 7.523727602666336907e+02 1.003017284278613808e+00
1.881327941894531250e+03 7.521523770586251203e+02 1.009003401343186335e+00
1.881348815917968750e+03 7.531510549926066460e+02 1.002689737738913456e+00
1.881369628906250000e+03 7.520935983057389649e+02 1.003313416466044661e+00
1.881390441894531250e+03 7.540344337173295344e+02 1.003220438947801663e+00
1.881411254882812500e+03 7.520097765450429961e+02 1.004274708856747189e+00
1.881432067871093750e+03 7.530653854109239091e+02 1.002837447072786992e+00
1.881452941894531250e+03 7.513157615658144550e+02 1.011148476143132857e+00
1.881473754882812500e+03 7.519673526606252381e+02 1.002750131790125954e+00
1.881494567871093750e+03 7.540089374511300093e+02 1.004382365685772660e+00
1.881515441894531250e+03 7.531118146896193366e+02 1.005898365635373271e+00
1.881536254882812500e+03 7.525952695504026906e+02 1.005111208688854507e+00
1.881557067871093750e+03 7.526237290320175362e+02 1.002554670160720862e+00
1.881577941894531250e+03 7.528639649925557933e+02 1.002068882849243669e+00
1.881598754882812500e+03 7.537708064628335478e+02 1.009567152694743175e+00
1.881619567871093750e+03 7.526959344466631592e+02 1.005134336024242625e+00
1.881640441894531250e+03 7.533490456264418071e+02 1.003989368367232071e+00
1.881661254882812500e+03 7.518764736895135457e+02 1.002149001340497447e+00
1.881682067871093750e+03 7.519552940549176583e+02 1.007892102786793975e+00
1.881702941894531250e+03 7.527453229328347106e+02 1.006131270612905304e+00
1.881723754882812500e+03 7.544262774971841736e+02 1.006950838061383191e+00
1.881744567871093750e+03 7.536923503127923141e+02 1.005030970499520393e+00
1.881765441894531250e+03 7.535368213520566769e+02 1.002854921104041175e+00
1.881786254882812500e+03 7.511141949558041233e+02 1.001641178462702175e+00
1.881807067871093750e+03 7.531474264765088265e+02 1.002809036263165865e+00
1.881827941894531250e+03 7.521500424490836849e+02 1.003168094458015247e+00
1.881848754882812500e+03 7.527573272090364753e+02 1.003008489289493488e+00
1.881869567871093750e+03 7.523391566420585832e+02 1.003061436335672241e+00
1.881890441894531250e+03 7.528328204769195509e+02 1.003469349828801427e+00
1.881911254882812500e+03 7.527199910444464876e+02 1.003566521185089488e+00
1.881932067871093750e+03 7.532651381431113577e+02 1.002766596860067194e+00
1.881952941894531250e+03 7.529927249322402076e+02 1.003685121636649136e+00
1.881973754882812500e+03 7.526991630404420448e+02 1.002144362137098232e+00
1.881994567871093750e+03 7.514013706377575090e+02 1.002082563520256153e+00
1.882015441894531250e+03 7.532776732292286397e+02 1.003307000402915206e+00
1.882036254882812500e+03 7.520976165656188641e+02 1.002837447072786992e+00
1.882057067871093750e+03 7.527251392665407366e+02 1.003305812238573624e+00
1.882077941894531250e+03 7.533275643946993796e+02 1.003073439654480703e+00
1.882098754882812500e+03 7.525788787659665786e+02 1.002766002457913919e+00
1.882119567871093750e+03 7.545152728526933288e+02 1.003335456518501534e+00
1.882140441894531250e+03 7.520183977412737022e+02 1.004945625143740973e+00
1.882161254882812500e+03 7.521824967726871591e+02 1.003173441920481190e+00
1.882182067871093750e+03 7.534581710968465131e+02 1.002546644005645415e+00
1.882202941894531250e+03 7.523334297854065653e+02 1.006664183773574583e+00
1.882223754882812500e+03 7.535348100209894255e+02 1.006949772583176195e+00
1.882244567871093750e+03 7.544200866277902833e+02 1.003497860737541325e+00
1.882265441894531250e+03 7.538345562497651144e+02 1.006053068899912528e+00
1.882286254882812500e+03 7.538299175269012267e+02 1.003739220643268482e+00
1.882307067871093750e+03 7.521327121118404193e+02 1.002573873219124279e+00
1.882327941894531250e+03 7.524699121977097320e+02 1.011152248774194629e+00
1.882348754882812500e+03 7.533819567007195701e+02 1.003256086299181282e+00
1.882369567871093750e+03 7.541471918686321487e+02 1.003451114302009950e+00
1.882390441894531250e+03 7.531071521042462109e+02 1.003866528864446606e+00
1.882411254882812500e+03 7.529455694413758238e+02 1.002813553516836764e+00
1.882432067871093750e+03 7.529018975865911898e+02 1.002693661085000354e+00
1.882452941894531250e+03 7.535763839312256778e+02 1.003103387902864574e+00
1.882473754882812500e+03 7.521574717262235481e+02 1.003083838453168619e+00
1.882494567871093750e+03 7.529317276136049486e+02 1.005268582661587917e+00
1.882515441894531250e+03 7.525081094769790298e+02 1.002791264238716673e+00
1.882536254882812500e+03 7.538247275638976816e+02 1.003037429267125136e+00
1.882557067871093750e+03 7.530673280231277431e+02 1.002164227293052656e+00
1.882577941894531250e+03 7.518630854983372274e+02 1.003419513190721313e+00
1.882598754882812500e+03 7.527117662042687698e+02 1.002970337160028036e+00
1.882619567871093750e+03 7.522640714109634246e+02 1.002703766602711655e+00
1.882640441894531250e+03 7.514677151608719896e+02 1.003455272268880982e+00
1.882661254882812500e+03 7.532530410935307827e+02 1.006175641457798697e+00
1.882682067871093750e+03 7.517490726530727443e+02 1.003148427434187973e+00
1.882702941894531250e+03 7.527713187953991110e+02 1.003530290911498257e+00
1.882723754882812500e+03 7.533971936037374917e+02 1.002923031258340369e+00
1.882744567871093750e+03 7.527401579682278907e+02 1.003162152799621065e+00
1.882765441894531250e+03 7.532752273748360494e+02 1.003315436329278887e+00
1.882786254882812500e+03 7.535175041080851770e+02 1.002987511740590199e+00
1.882807067871093750e+03 7.526264707453934761e+02 1.002785914738247852e+00
1.882827941894531250e+03 7.527791110640257557e+02 1.003024474719176995e+00
1.882848754882812500e+03 7.536154046462532961e+02 1.004206749734718906e+00
1.882869567871093750e+03 7.532093144377810177e+02 1.003446362318774598e+00
1.882890441894531250e+03 7.531200095959043210e+02 1.003568302968078418e+00
1.882911254882812500e+03 7.538324554731224225e+02 1.003355713929475090e+00
1.882932067871093750e+03 7.546557105504037963e+02 1.004465800692914357e+00
1.882952941894531250e+03 7.530785828580760608e+02 1.003570203533113325e+00
1.882994567871093750e+03 7.545430373263448018e+02 1.003362307895840244e+00
1.883015441894531250e+03 7.548845184813263813e+02 1.005553026676217820e+00
1.883036254882812500e+03 7.549680181942534318e+02 1.007747677633098027e+00
1.883057067871093750e+03 7.544708588046771638e+02 1.003575430068400554e+00
1.883077941894531250e+03 7.532357431322250250e+02 1.006027711281853421e+00
1.883098754882812500e+03 7.544565972105609717e+02 1.003991030664388440e+00
1.883119567871093750e+03 7.535062921730008156e+02 1.003522628931986072e+00
1.883140441894531250e+03 7.539860700105282376e+02 1.008145358689475524e+00
1.883161254882812500e+03 7.549535527560746004e+02 1.003601205992021628e+00
1.883182067871093750e+03 7.540093110754298777e+02 1.003415236272131139e+00
1.883202941894531250e+03 7.529639751071144929e+02 1.003149734619939171e+00
1.883223754882812500e+03 7.554375061245702909e+02 1.007035244030426879e+00
1.883244567871093750e+03 7.541403075903320996e+02 1.004838562520321110e+00
1.883265441894531250e+03 7.543759100829634008e+02 1.003726572069745471e+00
1.883286254882812500e+03 7.544276809275162350e+02 1.003791594730170988e+00
1.883307067871093750e+03 7.543818380743008447e+02 1.004416725607055527e+00
1.883327941894531250e+03 7.532712705349634916e+02 1.003765823695584425e+00
1.883348754882812500e+03 7.530939535626346242e+02 1.003642659890833233e+00
1.883369567871093750e+03 7.554769552675752493e+02 1.006504659237336785e+00
1.883390441894531250e+03 7.536381847491564940e+02 1.003680608305635102e+00
1.883411254882812500e+03 7.544453268091837117e+02 1.005535243873051598e+00
1.883432067871093750e+03 7.542613820236681477e+02 1.004368182232166617e+00
1.883452941894531250e+03 7.528416797916706855e+02 1.005131489611680973e+00
1.883473754882812500e+03 7.541055779834899795e+02 1.005676134325608650e+00
1.883494567871093750e+03 7.539302523858866607e+02 1.003631851159601407e+00
1.883515441894531250e+03 7.546341663652333409e+02 1.003847588038635719e+00
1.883536254882812500e+03 7.535501882077730897e+02 1.004138489218387331e+00
1.883557067871093750e+03 7.536633264812438711e+02 1.014869937456069904e+00
1.883577941894531250e+03 7.543712379597413928e+02 1.004948590705027955e+00
1.883598754882812500e+03 7.534093221051726914e+02 1.003908031180022586e+00
1.883619567871093750e+03 7.533463367573727965e+02 1.004212981985480591e+00
1.883640441894531250e+03 7.540151180295947597e+02 1.011569627059704324e+00
1.883661254882812500e+03 7.543057362376538322e+02 1.005406131291328276e+00
1.883682067871093750e+03 7.537598179733578263e+02 1.005332379107524154e+00
1.883702941894531250e+03 7.542433702670028879e+02 1.004645227756176373e+00
1.883723754882812500e+03 7.530016074523521183e+02 1.003722890295389192e+00
1.883744567871093750e+03 7.539592238425802861e+02 1.004636031711673594e+00
1.883765441894531250e+03 7.540612592833759891e+02 1.005332379107524154e+00
1.887182067871093750e+03 7.511312343164499907e+02 1.046765108176694437e+00
1.887202880859375000e+03 7.501377504928118469e+02 1.040684459465340828e+00
1.887223693847656250e+03 7.508510877870365903e+02 1.049336798440025920e+00
1.887244567871093750e+03 7.498777454152777864e+02 1.042645122023369009e+00
1.887265380859375000e+03 7.505511018810971109e+02 1.040559994611783390e+00
1.887286193847656250e+03 7.501622464751204689e+02 1.038544202907963676e+00
1.887307067871093750e+03 7.489896125110299181e+02 1.037971382602911774e+00
1.887327880859375000e+03 7.502965112451031473e+02 1.038868649405139122e+00
1.887348693847656250e+03 7.513665903166792077e+02 1.042129407461792834e+00
1.887369567871093750e+03 7.528680440537027607e+02 1.037430765530571675e+00
1.887390380859375000e+03 7.503175721964702234e+02 1.036329763032299400e+00
1.887411193847656250e+03 7.509809298706078380e+02 1.036233190623339517e+00
1.887432067871093750e+03 7.515159823115209292e+02 1.041286583540566246e+00
1.887452880859375000e+03 7.532238239862847422e+02 1.035342217780822249e+00
1.887473693847656250e+03 7.524505957252196140e+02 1.033754601796988526e+00
1.887494567871093750e+03 7.542900079322602096e+02 1.033530689948355841e+00
1.887515380859375000e+03 7.519536231005737363e+02 1.033912054918702195e+00
1.887536193847656250e+03 7.519502975053837872e+02 1.032995365361381035e+00
1.887557067871093750e+03 7.527128483993906229e+02 1.033234622814131365e+00
1.887577880859375000e+03 7.528569415920619576e+02 1.030762412659643301e+00
1.887598693847656250e+03 7.523087415451049083e+02 1.038612842065820274e+00
1.887619567871093750e+03 7.526784299818984891e+02 1.030104492220365930e+00
1.887640380859375000e+03 7.528243362391162918e+02 1.029312510073080000e+00
1.887661193847656250e+03 7.527983603602631320e+02 1.029503933603072463e+00
1.887682067871093750e+03 7.522496370647978665e+02 1.029604552752870550e+00
1.887702880859375000e+03 7.531159441935421910e+02 1.028384069945953438e+00
1.887723693847656250e+03 7.527868024705023799e+02 1.028410093440166317e+00
1.887744567871093750e+03 7.534605309210414816e+02 1.028197771181200038e+00
1.887765380859375000e+03 7.526207668195817178e+02 1.033390540159680349e+00
1.887786193847656250e+03 7.533212499892031246e+02 1.035689249111920285e+00
1.887807067871093750e+03 7.538351988057621611e+02 1.026633884032456256e+00
1.887827880859375000e+03 7.524586238128817968e+02 1.024771832447833875e+00
1.887848693847656250e+03 7.537615063447169632e+02 1.025214654264374303e+00
1.887869567871093750e+03 7.536285380240053655e+02 1.025956293933800056e+00
1.887890380859375000e+03 7.536377914788392900e+02 1.023618318149057460e+00
1.887911193847656250e+03 7.538555105090428015e+02 1.023397197366633815e+00
1.887932067871093750e+03 7.525214289970153914e+02 1.023032421288159410e+00
1.887952880859375000e+03 7.544073178534996487e+02 1.024153713602750093e+00
1.887973693847656250e+03 7.537254579180284964e+02 1.022877314186764863e+00
1.887994567871093750e+03 7.537572037381899008e+02 1.022317054629711119e+00
1.888015380859375000e+03 7.541399245881819979e+02 1.029043785409264666e+00
1.888036193847656250e+03 7.554266523948319900e+02 1.027082460775772033e+00
1.888057067871093750e+03 7.527240778912755559e+02 1.022697472378990557e+00
1.888077880859375000e+03 7.531669424805692188e+02 1.020075685554129974e+00
1.888098693847656250e+03 7.550456358923306652e+02 1.028815488063486105e+00
1.888119567871093750e+03 7.535708748424324313e+02 1.022468457563230126e+00
1.888140380859375000e+03 7.541446088632746978e+02 1.018559837145419422e+00
1.888161193847656250e+03 7.544465730648644239e+02 1.019361401437398618e+00
1.888182006835937500e+03 7.550009913769708874e+02 1.019144152821246596e+00
1.888202819824218750e+03 7.543804137608603924e+02 1.020028471736338815e+00
1.888223693847656250e+03 7.549269322786199155e+02 1.017961953199740810e+00
1.888244506835937500e+03 7.544574015715924133e+02 1.019806163452310122e+00
1.888265319824218750e+03 7.566149105745206498e+02 1.018672830198109169e+00
1.888286193847656250e+03 7.546298536176793732e+02 1.016601445237445223e+00
1.888307006835937500e+03 7.557206544783543904e+02 1.017234817552834292e+00
1.888327819824218750e+03 7.546267845665915956e+02 1.016387829038221335e+00
1.888348693847656250e+03 7.554954812312963668e+02 1.016271238867558324e+00
1.888369506835937500e+03 7.562005895700159499e+02 1.016331412325960137e+00
1.888390319824218750e+03 7.560419659461949777e+02 1.016101373312162659e+00
1.888411193847656250e+03 7.550249639845193315e+02 1.015813721949154980e+00
1.888432006835937500e+03 7.550680635512869685e+02 1.024118444447142950e+00
1.888452819824218750e+03 7.557752615567736711e+02 1.014811850524382608e+00
1.888473693847656250e+03 7.547617695235007886e+02 1.014740132951377882e+00
1.888494506835937500e+03 7.545357168476730294e+02 1.015517713308685233e+00
1.888515319824218750e+03 7.549279547433277457e+02 1.014382115384364180e+00
1.888536193847656250e+03 7.559602374574809573e+02 1.014384524523382680e+00
1.888557006835937500e+03 7.549505166599327595e+02 1.013606310067260097e+00
1.888577819824218750e+03 7.548920868190242572e+02 1.014268879395741507e+00
1.888598693847656250e+03 7.550939056766671911e+02 1.013320303276846968e+00
1.888619506835937500e+03 7.557721572305289328e+02 1.014719221713622721e+00
1.888640319824218750e+03 7.571515370089687167e+02 1.013366123900755422e+00
1.888661193847656250e+03 7.562994276710738859e+02 1.012391680351023782e+00
1.888682006835937500e+03 7.566153159367629542e+02 1.018826237265721302e+00
1.888702819824218750e+03 7.570737959906596188e+02 1.015654343401225956e+00
1.888723693847656250e+03 7.542316501555676496e+02 1.014853022696733609e+00
1.888744506835937500e+03 7.567659427574837991e+02 1.012936246163051335e+00
1.888765319824218750e+03 7.551663350369481122e+02 1.011894711543375180e+00
1.888786193847656250e+03 7.562894129477555225e+02 1.015217919563068616e+00
1.888807006835937500e+03 7.569629414684286530e+02 1.011466978110166393e+00
1.888827819824218750e+03 7.563170123599890076e+02 1.011797692006440874e+00
1.888848693847656250e+03 7.547027356220482943e+02 1.010840428687276527e+00
1.888869506835937500e+03 7.559144416969427311e+02 1.013670346179904369e+00
1.888890319824218750e+03 7.566383623612473457e+02 1.011255990613019851e+00
1.888911193847656250e+03 7.539662372129148480e+02 1.010995613797989856e+00
1.888932006835937500e+03 7.554321912904123337e+02 1.011547707492828296e+00
1.888952819824218750e+03 7.555910498952702028e+02 1.010858766770970307e+00
1.888973693847656250e+03 7.556147092810392678e+02 1.018910068972210148e+00
1.888994506835937500e+03 7.561712650488398140e+02 1.010424400902999453e+00
1.889015319824218750e+03 7.568209011495807772e+02 1.010639926325990867e+00
1.889036193847656250e+03 7.582620151561898183e+02 1.017908668647998116e+00
1.889057006835937500e+03 7.558849951217528087e+02 1.010953282228648220e+00
1.889077819824218750e+03 7.569484636403321929e+02 1.010905524430617097e+00
1.889098693847656250e+03 7.576037102351939438e+02 1.012293589709812425e+00
1.889119506835937500e+03 7.585453760892689843e+02 1.010122800481209726e+00
1.889140319824218750e+03 7.574176366114149914e+02 1.011098605353414337e+00
1.889161193847656250e+03 7.561749347678610320e+02 1.016076207802173448e+00
1.889182006835937500e+03 7.580567925886114153e+02 1.019359939622986433e+00
1.889202819824218750e+03 7.556675959114159014e+02 1.009539934979140963e+00
1.889223693847656250e+03 7.573016673823248084e+02 1.011808884777444018e+00
1.889244506835937500e+03 7.576110759016100928e+02 1.010384818030683363e+00
1.889265319824218750e+03 7.567499532953665948e+02 1.010281694711312683e+00
1.889286193847656250e+03 7.551891486414995143e+02 1.008128035482246165e+00
1.889307006835937500e+03 7.571557627245814501e+02 1.008351677078817454e+00
1.889327819824218750e+03 7.566405338079730427e+02 1.008614686590555420e+00
1.889348693847656250e+03 7.579185710821946032e+02 1.008787053596438721e+00
1.889369506835937500e+03 7.562921155397680195e+02 1.009302619724621319e+00
1.889390319824218750e+03 7.565018451301035611e+02 1.008327500402640631e+00
1.889411193847656250e+03 7.553855116147697117e+02 1.008131760292539703e+00
1.889432006835937500e+03 7.576773268706118643e+02 1.008283283368148098e+00
1.889452819824218750e+03 7.551515357804805717e+02 1.007232913355456727e+00
1.889473693847656250e+03 7.557090422716379408e+02 1.008443590446642224e+00
1.889494506835937500e+03 7.565413738076371146e+02 1.007333626936645299e+00
1.889515319824218750e+03 7.562250921314575862e+02 1.007902747556580714e+00
1.889536193847656250e+03 7.572739723170922161e+02 1.008965121449939106e+00
1.889557006835937500e+03 7.581193164107378379e+02 1.008587975045948770e+00
1.889577819824218750e+03 7.582048042960879002e+02 1.008044962724120808e+00
1.889598693847656250e+03 7.569041945377631464e+02 1.008006587302164192e+00
1.889619506835937500e+03 7.550641622713566221e+02 1.006654710119705864e+00
1.889640319824218750e+03 7.574315275443238988e+02 1.008676912290581429e+00
1.889661193847656250e+03 7.576484233743914274e+02 1.009991028528687051e+00
1.889682006835937500e+03 7.550832820550969018e+02 1.006858610828452738e+00
1.889702819824218750e+03 7.560735216079166321e+02 1.007122187803332736e+00
1.889723693847656250e+03 7.572675716439144935e+02 1.009105060491441552e+00
1.889744506835937500e+03 7.561537079011089872e+02 1.010107045402462322e+00
1.889765319824218750e+03 7.564017584994610388e+02 1.012620207632657143e+00
1.889786193847656250e+03 7.576108029880555250e+02 1.006731503358634594e+00
1.889807006835937500e+03 7.555783003791000283e+02 1.006089445301319385e+00
1.889827819824218750e+03 7.555828856461804435e+02 1.007023702257280107e+00
1.889848693847656250e+03 7.564239282145219931e+02 1.008650438767734192e+00
1.889869506835937500e+03 7.557106603540544256e+02 1.008099537271855750e+00
1.889890319824218750e+03 7.569917879842339516e+02 1.007820129365653239e+00
1.889911193847656250e+03 7.568199588240828461e+02 1.006865951431125783e+00
1.889932006835937500e+03 7.549014971378549035e+02 1.007117749058696221e+00
1.889952819824218750e+03 7.557506396770830861e+02 1.006199099751969861e+00
1.889973693847656250e+03 7.573242133709575228e+02 1.006411443518362647e+00
1.889994506835937500e+03 7.562485040014801143e+02 1.006562218889577975e+00
1.890015319824218750e+03 7.562896881439216941e+02 1.006144422122102533e+00
1.890036193847656250e+03 7.557905192962681440e+02 1.013350125150672243e+00
1.890057006835937500e+03 7.571295218670020404e+02 1.007149470857357176e+00
1.890077819824218750e+03 7.567168218131913591e+02 1.008446959459157410e+00
1.890098693847656250e+03 7.567421199205604125e+02 1.006016394942299330e+00
1.890119506835937500e+03 7.545971462219988553e+02 1.005440456226446955e+00
1.890140319824218750e+03 7.571220902720560844e+02 1.006470785146217795e+00
1.890161193847656250e+03 7.579651780086767303e+02 1.007437111190947032e+00
1.890182006835937500e+03 7.548717729904458338e+02 1.007170302539831752e+00
1.890202819824218750e+03 7.563281366032855431e+02 1.005893565957880709e+00
1.890223693847656250e+03 7.543556008800927657e+02 1.006416418399976642e+00
1.890244506835937500e+03 7.565263273001962716e+02 1.006193294467468968e+00
1.890265319824218750e+03 7.564341407287893162e+02 1.007008431400281179e+00
1.890286193847656250e+03 7.564037603800143188e+02 1.005443242482366273e+00
1.890307006835937500e+03 7.571445823274975737e+02 1.006264673445911750e+00
1.890327819824218750e+03 7.569765720720838544e+02 1.005943517035898349e+00
1.890348693847656250e+03 7.570019468265265914e+02 1.006032688061042402e+00
1.890369506835937500e+03 7.565430673176691698e+02 1.007066731682395799e+00
1.890390319824218750e+03 7.562903817965569715e+02 1.005024328174586090e+00
1.890411193847656250e+03 7.555651262114912470e+02 1.007945325511548251e+00
1.890432006835937500e+03 7.554066219117441960e+02 1.007386701664293005e+00
1.890452819824218750e+03 7.571705039745597787e+02 1.009889989753697925e+00
1.890473693847656250e+03 7.557411166074806488e+02 1.006603965343393581e+00
1.890494506835937500e+03 7.580040322413765352e+02 1.005875848431547537e+00
1.890515319824218750e+03 7.556791449053640690e+02 1.005519772578473248e+00
1.890536193847656250e+03 7.559467688757001724e+02 1.004893192575002647e+00
1.890557006835937500e+03 7.571832014302957532e+02 1.013815162248351331e+00
1.890577819824218750e+03 7.559475715216998424e+02 1.006350854593716759e+00
1.890598632812500000e+03 7.545983854589029534e+02 1.004677917529693598e+00
1.890619445800781250e+03 7.558784966756323911e+02 1.006310933797475382e+00
1.890640319824218750e+03 7.560165619299629043e+02 1.005276705668198822e+00
1.890661132812500000e+03 7.559815800168418036e+02 1.006343628691600989e+00
1.890681945800781250e+03 7.565263495033603931e+02 1.005271784438453997e+00
1.890702819824218750e+03 7.577929083072937146e+02 1.006170843102978774e+00
1.890723632812500000e+03 7.573447124674939914e+02 1.005963425671053901e+00
1.890744445800781250e+03 7.562526710054800105e+02 1.006388286305290869e+00
1.890765319824218750e+03 7.562339164784787044e+02 1.007445571697630937e+00
1.890786132812500000e+03 7.575980191593811242e+02 1.008028761260380435e+00
1.890806945800781250e+03 7.564634812386613021e+02 1.006899930620470451e+00
1.890827819824218750e+03 7.565066161367751647e+02 1.005954241677006644e+00
1.890848632812500000e+03 7.565135101580689252e+02 1.005708434992421019e+00
1.890869445800781250e+03 7.558099188207032739e+02 1.006262422567892889e+00
1.890890319824218750e+03 7.571290953797908969e+02 1.005412000404740214e+00
1.890911132812500000e+03 7.555824321968926824e+02 1.006360034968293293e+00
1.890931945800781250e+03 7.556447522174390770e+02 1.004356728502111107e+00
1.890952819824218750e+03 7.557832474283173951e+02 1.004553322857350883e+00
1.890973632812500000e+03 7.563292747083991117e+02 1.006498441176668868e+00
1.890994445800781250e+03 7.545345568693045379e+02 1.004159561438109138e+00
1.891015319824218750e+03 7.569968641684612294e+02 1.004827648016627828e+00
1.891036132812500000e+03 7.561079378908805211e+02 1.005221503505836500e+00
1.891056945800781250e+03 7.569228022128264683e+02 1.004785175232651095e+00
1.891077819824218750e+03 7.568624741457341543e+02 1.005765803160551863e+00
1.891098632812500000e+03 7.570590391461051922e+02 1.005211956959783270e+00
1.891119445800781250e+03 7.550876466191456302e+02 1.006916860589949447e+00
1.891140319824218750e+03 7.568396522919988456e+02 1.004596932750426497e+00
1.891161132812500000e+03 7.567349375729543226e+02 1.004747031244247246e+00
1.891181945800781250e+03 7.556182629206194861e+02 1.004836545718785334e+00
1.891202819824218750e+03 7.558113683815380455e+02 1.004953632139131914e+00
1.891223632812500000e+03 7.548553243568288735e+02 1.003990911928968499e+00
1.891244445800781250e+03 7.549568062203589989e+02 1.008857953654153095e+00
1.891265319824218750e+03 7.561999273084722972e+02 1.004388952912012689e+00
1.891286132812500000e+03 7.553942192622150742e+02 1.004096521536686160e+00
1.891306945800781250e+03 7.560173920390475359e+02 1.004535581692440394e+00
1.891327819824218750e+03 7.555523276559410988e+02 1.003746405912166573e+00
1.891348632812500000e+03 7.551053634232993090e+02 1.005339730854152069e+00
1.891369445800781250e+03 7.554454247871969983e+02 1.005395519373030622e+00
1.891390319824218750e+03 7.547573184033083180e+02 1.006320706839088475e+00
1.891411132812500000e+03 7.552253706586545832e+02 1.003889684874427646e+00
1.891431945800781250e+03 7.556004019375793632e+02 1.007395754265107524e+00
1.891452819824218750e+03 7.547582743691981477e+02 1.005248541678409824e+00
1.891494445800781250e+03 7.553631771839617386e+02 1.005254174539492951e+00
1.891515319824218750e+03 7.555660389286074405e+02 1.003898234650790311e+00
1.891536132812500000e+03 7.548249963887184322e+02 1.004132968817305960e+00
1.891556945800781250e+03 7.550088622389566808e+02 1.004074676278372324e+00
1.891577819824218750e+03 7.549886197379915984e+02 1.006033162038728834e+00
1.891598632812500000e+03 7.547236682528355232e+02 1.004243014956381908e+00
1.891619445800781250e+03 7.566049166176759400e+02 1.004882812500000000e+00
1.891640319824218750e+03 7.552426993669854483e+02 1.007189535955015813e+00
1.891661132812500000e+03 7.559659140663064818e+02 1.007977730860783794e+00
1.891681945800781250e+03 7.564300555682541471e+02 1.005113462144932690e+00
1.891702819824218750e+03 7.554583302452473390e+02 1.005810604950102105e+00
1.891723632812500000e+03 7.563699927942343493e+02 1.006625400438445839e+00
1.891744445800781250e+03 7.564066952475913013e+02 1.011538868823419923e+00
1.891765319824218750e+03 7.554899876186424308e+02 1.004383077820422132e+00
1.891786132812500000e+03 7.555459461913108044e+02 1.005000249378685817e+00
1.891806945800781250e+03 7.555334544194080308e+02 1.011107801570529707e+00
1.891827819824218750e+03 7.552371381325295943e+02 1.005325442329555896e+00
1.891848632812500000e+03 7.558794761963487190e+02 1.004831088470804490e+00
1.891869445800781250e+03 7.554874972550085204e+02 1.004144187665089172e+00
1.891890319824218750e+03 7.561464652088112643e+02 1.007111653150846831e+00
1.891911132812500000e+03 7.557574876967867112e+02 1.003912068509706934e+00
1.891931945800781250e+03 7.544702980861231936e+02 1.004826758242078677e+00
1.891952819824218750e+03 7.565079745974735488e+02 1.006323549887917945e+00
1.891973632812500000e+03 7.554165714002548384e+02 1.003890516105880648e+00
1.891994445800781250e+03 7.559059987917690933e+02 1.010274555922659356e+00
1.892015319824218750e+03 7.555820644356768980e+02 1.006034228487706628e+00
1.892036132812500000e+03 7.555324405338496945e+02 1.003819562085895178e+00
1.892056945800781250e+03 7.555542582961651306e+02 1.004227879875802198e+00
1.892077819824218750e+03 7.556936785218997557e+02 1.005026700438530707e+00
1.892098632812500000e+03 7.558326156827184832e+02 1.004723183100563855e+00
1.892119445800781250e+03 7.557436741241994014e+02 1.004081740422050784e+00
1.892140319824218750e+03 7.554754630911472759e+02 1.003765586171450952e+00
1.892161132812500000e+03 7.557242526540271683e+02 1.004849892124296096e+00
1.892181945800781250e+03 7.546436519921840045e+02 1.003368129559855548e+00
1.892202819824218750e+03 7.560181772838673169e+02 1.005252573624290324e+00
1.892223632812500000e+03 7.549093603350351032e+02 1.003513957163670867e+00
1.892244445800781250e+03 7.556594705469352675e+02 1.003651746261644107e+00
1.892265319824218750e+03 7.576592206778828995e+02 1.006395689564345108e+00
1.892286132812500000e+03 7.563563536271241219e+02 1.007695095113840367e+00
1.892306945800781250e+03 7.570931560768850659e+02 1.004090288563070477e+00
1.892327819824218750e+03 7.566007038585021292e+02 1.003721465088786680e+00
1.892348632812500000e+03 7.557209215794189276e+02 1.005137538228739524e+00
1.892369445800781250e+03 7.558732913994696219e+02 1.004074201376174091e+00
1.892390319824218750e+03 7.562179353484254989e+02 1.003900906440970964e+00
1.892411132812500000e+03 7.589154389404453696e+02 1.004828003926226732e+00
1.892431945800781250e+03 7.549933471195807897e+02 1.003725859469311033e+00
1.892452819824218750e+03 7.566426864459403987e+02 1.004984591921079806e+00
1.892473632812500000e+03 7.570484690712665952e+02 1.004107978234888954e+00
1.892494445800781250e+03 7.559847327736080160e+02 1.004304383886717611e+00
1.892536071777343750e+03 7.567934799800036672e+02 1.004518492916272265e+00
1.892556945800781250e+03 7.545126859859615251e+02 1.003703946758984777e+00
1.892577758789062500e+03 7.565688797045193041e+02 1.005038265145075327e+00
1.892598571777343750e+03 7.551739120135608800e+02 1.005334869221273797e+00
1.892619445800781250e+03 7.565728018846482428e+02 1.004605891827380804e+00
1.892640258789062500e+03 7.553874602304741757e+02 1.003110637146037654e+00
1.892661071777343750e+03 7.557424551728244069e+02 1.004229304363698505e+00
1.892681945800781250e+03 7.565472431283234300e+02 1.004181998414144905e+00
1.892702758789062500e+03 7.566124987454596749e+02 1.004119850323090812e+00
1.892723571777343750e+03 7.571471943395264361e+02 1.003660298064909639e+00
1.892744445800781250e+03 7.556262151227344930e+02 1.006242756787880444e+00
1.892765258789062500e+03 7.544812583056233279e+02 1.006837239898224157e+00
1.892786071777343750e+03 7.567894762080826467e+02 1.003758282276914438e+00
1.892806945800781250e+03 7.574069496090988878e+02 1.003923764799638629e+00
1.892827758789062500e+03 7.553943962626125312e+02 1.003069874327256361e+00
1.892848571777343750e+03 7.560812648850038613e+02 1.004602331938819537e+00
1.892869445800781250e+03 7.560090638406780954e+02 1.003884459975248999e+00
1.892890258789062500e+03 7.552220575423758646e+02 1.003115034202437084e+00
1.892911071777343750e+03 7.581052869785030452e+02 1.009470086594025595e+00
1.892931945800781250e+03 7.562955478051388809e+02 1.003749256252521649e+00
1.892952758789062500e+03 7.571866062048835602e+02 1.004145018685864699e+00
1.892973571777343750e+03 7.562651241267609521e+02 1.004797335919869639e+00
1.892994445800781250e+03 7.562561306226905344e+02 1.003518114870159517e+00
1.893015258789062500e+03 7.554845257570817694e+02 1.006551026992762887e+00
1.893036071777343750e+03 7.551157641705034393e+02 1.003291019474711554e+00
1.893056945800781250e+03 7.563940042133035604e+02 1.006139268172765666e+00
1.893077758789062500e+03 7.560186140418945797e+02 1.005595348482898332e+00
1.893098571777343750e+03 7.558837989295951729e+02 1.003638146368869721e+00
1.893119445800781250e+03 7.554112733373170840e+02 1.004198914850313873e+00
1.893140258789062500e+03 7.550997068188711410e+02 1.003907793689535533e+00
1.893161071777343750e+03 7.559117683365997209e+02 1.003465904705806766e+00
1.893181945800781250e+03 7.563445339344690410e+02 1.006156921820604788e+00
1.893202758789062500e+03 7.555485863784857656e+02 1.010819318841412739e+00
1.893223571777343750e+03 7.542902096245716166e+02 1.003576736697969318e+00
1.893244445800781250e+03 7.568053291790514550e+02 1.011090764922768725e+00
1.893265258789062500e+03 7.563112428778824778e+02 1.005332734838437325e+00
1.893286071777343750e+03 7.543986326155778670e+02 1.002834296959930871e+00
1.893306945800781250e+03 7.536374460931634758e+02 1.003139039413746936e+00
1.893327758789062500e+03 7.543112376543263053e+02 1.004165200407822756e+00
1.893348571777343750e+03 7.545139536484584823e+02 1.004204969084540044e+00
1.893369445800781250e+03 7.551352130280555457e+02 1.008241310859693041e+00
1.893390258789062500e+03 7.550151944466163059e+02 1.004559612292091675e+00
1.893411071777343750e+03 7.544865751181797577e+02 1.005000486611016042e+00
1.893431945800781250e+03 7.553944293975226856e+02 1.003092038572682698e+00
1.893452758789062500e+03 7.551886458176574024e+02 1.003264285010837975e+00
1.893473571777343750e+03 7.556435168335002572e+02 1.005269531337278144e+00
1.893494445800781250e+03 7.538166796850322271e+02 1.007527924806167041e+00
1.893515258789062500e+03 7.557058501113422153e+02 1.007881871874324986e+00
1.893536071777343750e+03 7.551216380122494911e+02 1.002874593883718912e+00
1.893556945800781250e+03 7.563196656775003248e+02 1.003548762575076303e+00
1.893577758789062500e+03 7.560911886639958084e+02 1.003438105694383964e+00
1.893598571777343750e+03 7.542022168084229179e+02 1.002829304307964575e+00
1.893619445800781250e+03 7.547665259908062581e+02 1.006404158825916051e+00
1.893640258789062500e+03 7.551698069480709137e+02 1.004096640259617645e+00
1.893661071777343750e+03 7.552923824159067863e+02 1.004088388982466107e+00
1.893681945800781250e+03 7.548627633676009054e+02 1.003220557774410215e+00
1.893702758789062500e+03 7.530391191114197227e+02 1.004654423716503375e+00
1.893723571777343750e+03 7.532268554728600520e+02 1.002656804804375801e+00
1.893744445800781250e+03 7.553795676059635298e+02 1.008280859651110140e+00
1.893765258789062500e+03 7.539938967211220415e+02 1.004350081718039966e+00
1.893786071777343750e+03 7.527352262709704291e+02 1.002348169449349458e+00
1.893806945800781250e+03 7.552152929903118093e+02 1.004533386275665796e+00
1.893827758789062500e+03 7.540921330023526252e+02 1.005503411870068531e+00
1.893848571777343750e+03 7.537001857687218944e+02 1.005814930943176755e+00
1.893869445800781250e+03 7.549312058629990361e+02 1.005043246823809522e+00
1.893890258789062500e+03 7.552706320665428166e+02 1.004479626735218067e+00
1.893911071777343750e+03 7.539243711650124169e+02 1.003286147914373760e+00
1.893931945800781250e+03 7.525778272203370989e+02 1.005119451569423061e+00
1.893952758789062500e+03 7.539654099928676487e+02 1.004910215665898443e+00
1.893973571777343750e+03 7.545654169757422096e+02 1.008620359747889106e+00
1.893994445800781250e+03 7.539509167523889346e+02 1.003037548115414346e+00
1.894015258789062500e+03 7.533844808696729842e+02 1.005166772698082855e+00
1.894036071777343750e+03 7.535221264243684800e+02 1.002942464982962578e+00
1.894056945800781250e+03 7.539451898026703702e+02 1.003487228639205142e+00
1.894077758789062500e+03 7.547957363673963300e+02 1.003940448104290617e+00
1.894098571777343750e+03 7.545411145236621451e+02 1.003009796657621022e+00
1.894119445800781250e+03 7.550320431711354559e+02 1.003342882303145611e+00
1.894140258789062500e+03 7.534649053950880671e+02 1.003603462838607019e+00
1.894161071777343750e+03 7.547366361796138108e+02 1.004848231247934320e+00
1.894181945800781250e+03 7.545531989395883556e+02 1.003325713805693020e+00
1.894202758789062500e+03 7.541903512371291072e+02 1.003324288034907585e+00
1.894223571777343750e+03 7.548813272342563323e+02 1.003926733379462144e+00
1.894244384765625000e+03 7.533423842131981019e+02 1.008698244244327746e+00
1.894265197753906250e+03 7.532750156682753868e+02 1.003425453325188066e+00
1.894286071777343750e+03 7.547039274822647030e+02 1.003618369776739572e+00
1.894306884765625000e+03 7.524720139623241266e+02 1.003181819554367582e+00
1.894327697753906250e+03 7.531651816500415180e+02 1.005319691289308537e+00
1.894348571777343750e+03 7.526326065408982231e+02 1.005286073725710994e+00
1.894369384765625000e+03 7.547615072172226292e+02 1.004259455550152946e+00
1.894390197753906250e+03 7.528709730882393387e+02 1.003977197893495932e+00
1.894411071777343750e+03 7.532972393647241915e+02 1.003634464270128923e+00
1.894431884765625000e+03 7.532110392929851059e+02 1.003430027204764707e+00
1.894452697753906250e+03 7.531340221802789756e+02 1.002626308180161629e+00
1.894473571777343750e+03 7.524538313403513712e+02 1.003653646668666966e+00
1.894494384765625000e+03 7.536218988309585711e+02 1.004146680725352514e+00
1.894515197753906250e+03 7.521947611001410223e+02 1.002658231524316212e+00
1.894536071777343750e+03 7.516499635343125192e+02 1.003948819337754150e+00
1.894556884765625000e+03 7.526237928683812015e+02 1.002594086567462295e+00
1.894577697753906250e+03 7.527555500491876046e+02 1.002543552432474616e+00
1.894598571777343750e+03 7.531814982376358785e+02 1.003176353304728208e+00
1.894619384765625000e+03 7.507052419006234913e+02 1.003492930784163129e+00
1.894640197753906250e+03 7.513853426996857934e+02 1.002196997992123251e+00
1.894661071777343750e+03 7.513987088671685797e+02 1.002546762912115419e+00
1.894681884765625000e+03 7.524263259292239354e+02 1.003126383272447297e+00
1.894702697753906250e+03 7.525609380557190207e+02 1.006738430448353316e+00
1.894723571777343750e+03 7.519908528761918660e+02 1.003292326474680030e+00
1.894744384765625000e+03 7.522177948195635508e+02 1.002717498054736867e+00
1.894765197753906250e+03 7.522835236723969956e+02 1.005772499851188551e+00
1.894786071777343750e+03 7.518023968459518755e+02 1.003546624393477193e+00
1.894806884765625000e+03 7.526591837883468088e+02 1.002137046426563760e+00
1.894827697753906250e+03 7.532989979028691323e+02 1.002848502107532402e+00
1.894848571777343750e+03 7.518084500165775808e+02 1.002591827448758410e+00
1.894869384765625000e+03 7.529105458373749116e+02 1.013243891748652370e+00
1.894890197753906250e+03 7.521768007787281931e+02 1.002708700436122591e+00
1.894911071777343750e+03 7.517192093027367719e+02 1.003726334536323428e+00
1.894931884765625000e+03 7.519532096147357834e+02 1.005600445947267607e+00
1.894952697753906250e+03 7.522107419609242243e+02 1.009952313930954748e+00
1.894973571777343750e+03 7.516871461264796608e+02 1.005733859925239893e+00
1.894994384765625000e+03 7.522588422447558969e+02 1.002728078872179296e+00
1.895015197753906250e+03 7.509575626207395089e+02 1.008372424815502377e+00
1.895036071777343750e+03 7.520824519413235976e+02 1.003515145081568249e+00
1.895056884765625000e+03 7.540196401548755603e+02 1.005620479917354926e+00
1.895077697753906250e+03 7.528900091223196114e+02 1.004370199974188527e+00
1.895098571777343750e+03 7.529508100910989015e+02 1.003296366282000252e+00
1.895119384765625000e+03 7.538774737684644833e+02 1.006010529354953942e+00
1.895140197753906250e+03 7.522891578886317347e+02 1.002752331111141482e+00
1.895161071777343750e+03 7.513251457130279505e+02 1.003059178269547047e+00
1.895181884765625000e+03 7.523372660059659438e+02 1.008232384086798827e+00
1.895202697753906250e+03 7.532362637881458340e+02 1.006186008195643744e+00
1.895223571777343750e+03 7.525496126163372992e+02 1.002843866140056939e+00
1.895244384765625000e+03 7.521115872309418364e+02 1.003638621477400683e+00
1.895265197753906250e+03 7.529327439938851967e+02 1.004579429687442627e+00
1.895286071777343750e+03 7.522110625158495623e+02 1.002494085965109027e+00
1.895306884765625000e+03 7.520686097545293478e+02 1.004600670653173822e+00
1.895327697753906250e+03 7.535799304406814372e+02 1.005377437354774361e+00
1.895348571777343750e+03 7.519065055465376872e+02 1.003967402039179557e+00
1.895369384765625000e+03 7.523649589627356136e+02 1.003101842975416158e+00
1.895390197753906250e+03 7.502940395271677971e+02 1.003388742731309069e+00
1.895411071777343750e+03 7.512194286730450585e+02 1.001887923530330848e+00
1.895431884765625000e+03 7.505969928000141635e+02 1.002080541171957551e+00
1.895452697753906250e+03 7.513538401950305570e+02 1.002865797643224255e+00
1.895473571777343750e+03 7.513016024158243908e+02 1.002655853656621021e+00
1.895494384765625000e+03 7.510793490767241565e+02 1.002334254540224290e+00
1.895515197753906250e+03 7.525130877722887135e+02 1.003116935626261919e+00
1.895536071777343750e+03 7.523241005228499034e+02 1.003108854550114781e+00
1.895556884765625000e+03 7.520983717724386679e+02 1.003744030622354400e+00
1.895577697753906250e+03 7.512025628729716118e+02 1.003446362318774598e+00
1.895598571777343750e+03 7.521725914938907636e+02 1.002985253508035246e+00
1.895619384765625000e+03 7.520681651774451666e+02 1.003741120884674043e+00
1.895640197753906250e+03 7.502368549903480925e+02 1.001888994391659127e+00
1.895661071777343750e+03 7.506452280054413677e+02 1.007476336577556086e+00
1.895681884765625000e+03 7.524983443152854079e+02 1.011183490334258250e+00
1.895702697753906250e+03 7.520765365880162108e+02 1.003630782157879153e+00
1.895723571777343750e+03 7.515984682927061158e+02 1.002943415858907672e+00
1.895744384765625000e+03 7.520215600411900141e+02 1.002609959705345277e+00
1.895765197753906250e+03 7.506788858631973653e+02 1.002907519666616620e+00
1.895786010742187500e+03 7.530929149930667563e+02 1.003070587393715130e+00
1.895806823730468750e+03 7.508546707542120657e+02 1.003039449686126794e+00
1.895827697753906250e+03 7.511954575100769489e+02 1.004631878631725650e+00
1.895848510742187500e+03 7.514535550608818539e+02 1.003550188026944623e+00
1.895869323730468750e+03 7.508521685604025606e+02 1.011748088867855833e+00
1.895890197753906250e+03 7.500286329363806317e+02 1.001869064284914623e+00
1.895911010742187500e+03 7.504535904793821146e+02 1.011412762061526083e+00
1.895931823730468750e+03 7.511533275526790021e+02 1.004071945587664993e+00
1.895952697753906250e+03 7.505359875144555417e+02 1.003616469302917924e+00
1.895973510742187500e+03 7.506541399381928841e+02 1.003131374445831447e+00
1.895994323730468750e+03 7.506876066322313363e+02 1.004073607748110275e+00
1.896015197753906250e+03 7.491341827018100048e+02 1.002923625567427424e+00
1.896036010742187500e+03 7.508703347458740609e+02 1.003340149620787658e+00
1.896056823730468750e+03 7.508362491559884120e+02 1.003545614695027455e+00
1.896077697753906250e+03 7.503348985891515213e+02 1.002975210254293259e+00
1.896098510742187500e+03 7.516335675119747748e+02 1.002587071392742946e+00
1.896119323730468750e+03 7.510974199895961192e+02 1.002907400802918625e+00
1.896140197753906250e+03 7.520204551582202157e+02 1.003845450493532132e+00
1.896161010742187500e+03 7.502279097602042839e+02 1.015174296217072891e+00
1.896181823730468750e+03 7.506752452239408058e+02 1.012341164269010330e+00
1.896202697753906250e+03 7.501432471271753002e+02 1.006203068651688515e+00
1.896223510742187500e+03 7.508553433630307836e+02 1.004089813668256337e+00
1.896244323730468750e+03 7.494431718825227335e+02 1.002709294872244250e+00
1.896265197753906250e+03 7.506358915678399626e+02 1.003403058834633432e+00
1.896286010742187500e+03 7.507157696084088911e+02 1.002122057974770719e+00
1.896306823730468750e+03 7.526036897631893225e+02 1.004444022806842529e+00
1.896327697753906250e+03 7.507395423944949471e+02 1.004586193619122048e+00
1.896348510742187500e+03 7.503184544495611590e+02 1.002586595785900370e+00
1.896369323730468750e+03 7.498571456826971371e+02 1.004624462374830163e+00
1.896390197753906250e+03 7.495704027291421880e+02 1.002209190083977353e+00
1.896411010742187500e+03 7.502955192334261483e+02 1.001772144770681994e+00
1.896431823730468750e+03 7.497317781742079887e+02 1.001861568082460741e+00
1.896452697753906250e+03 7.506289198430395118e+02 1.002374155322250715e+00
1.896473510742187500e+03 7.506294885214537089e+02 1.004239691193526296e+00
1.896494323730468750e+03 7.489053044045795104e+02 1.002481362224283856e+00
1.896515197753906250e+03 7.478567677517248740e+02 1.001126072580460935e+00
1.896536010742187500e+03 7.505943839259875858e+02 1.002775334531062379e+00
1.896556823730468750e+03 7.498302671692097192e+02 1.003791713489167625e+00
1.896577697753906250e+03 7.496596024408714811e+02 1.005189661567430726e+00
1.896598510742187500e+03 7.492544278823565946e+02 1.004115338946109492e+00
1.896619323730468750e+03 7.485287227600738333e+02 1.004755158467373510e+00
1.896640197753906250e+03 7.489687595905813851e+02 1.002789243319671453e+00
1.896661010742187500e+03 7.479316570827813848e+02 1.003650439729728783e+00
1.896681823730468750e+03 7.488710781271981887e+02 1.003011104024044364e+00
1.896702697753906250e+03 7.471208627962537321e+02 1.001636596414515745e+00
1.896723510742187500e+03 7.487534639856726244e+02 1.001867398466994130e+00
1.896744323730468750e+03 7.502043867017563343e+02 1.002781516238705706e+00
1.896765197753906250e+03 7.474140085258521822e+02 1.003100654568067407e+00
1.896786010742187500e+03 7.472390917314584158e+02 1.001631716807685812e+00
1.896806823730468750e+03 7.466923154251375081e+02 1.002455854799521040e+00
1.896827697753906250e+03 7.492786843319723857e+02 1.003135652574680847e+00
1.896848510742187500e+03 7.491065586135838430e+02 1.002694493307954238e+00
1.896869323730468750e+03 7.479760091821093511e+02 1.001546974478377594e+00
1.896890197753906250e+03 7.480463977099473141e+02 1.002023556856870279e+00
1.896911010742187500e+03 7.476437358560699522e+02 1.002576726893007031e+00
1.896931823730468750e+03 7.469857536523334147e+02 1.001852286992187757e+00
1.896952697753906250e+03 7.483250972267586576e+02 1.005291469212886923e+00
1.896973510742187500e+03 7.463212176989316049e+02 1.001933434127449507e+00
1.896994323730468750e+03 7.471873698635830578e+02 1.003187048113108437e+00
1.897015197753906250e+03 7.468653796358544241e+02 1.001994111708130797e+00
1.897036010742187500e+03 7.471600377240168882e+02 1.001674799343952316e+00
1.897056823730468750e+03 7.470779177287431594e+02 1.001920941228208184e+00
1.897077697753906250e+03 7.467568765505235433e+02 1.002802735849063875e+00
1.897098510742187500e+03 7.464830718756205670e+02 1.001635882327196247e+00
1.897119323730468750e+03 7.463156780932235961e+02 1.001937895839428050e+00
1.897140136718750000e+03 7.467859365446734046e+02 1.001050695139765301e+00
1.897160949707031250e+03 7.486514204409257900e+02 1.003156329940251279e+00
1.897181823730468750e+03 7.474471037815374075e+02 1.004053721005159439e+00
1.897202636718750000e+03 7.471072878591326116e+02 1.003103031381356702e+00
1.897223449707031250e+03 7.476245205910098548e+02 1.002972357714182028e+00
1.897244323730468750e+03 7.471300868867908775e+02 1.003186691621332560e+00
1.897265136718750000e+03 7.468953614262243264e+02 1.002453416993012603e+00
1.897285949707031250e+03 7.450151675949430228e+02 1.001673966273803673e+00
1.897306823730468750e+03 7.463422204285043335e+02 1.003247946932203538e+00
1.897327636718750000e+03 7.474269255117121702e+02 1.002155424817442020e+00
1.897348449707031250e+03 7.479521529587071882e+02 1.003377693648837665e+00
1.897369323730468750e+03 7.477556975652806841e+02 1.002525716247249399e+00
1.897390136718750000e+03 7.478415980805641539e+02 1.002254269798967368e+00
1.897410949707031250e+03 7.473897008592107341e+02 1.002699486631172698e+00
1.897431823730468750e+03 7.462765142174993116e+02 1.011002393759318885e+00
1.897452636718750000e+03 7.474808957932992826e+02 1.005666236482434917e+00
1.897473449707031250e+03 7.475840132238819251e+02 1.003224954349036135e+00
1.897494323730468750e+03 7.482269613855492025e+02 1.003945850823236841e+00
1.897515136718750000e+03 7.495722936795302758e+02 1.003727937885830368e+00
1.897535949707031250e+03 7.471440649182761717e+02 1.002100704991589764e+00
1.897556823730468750e+03 7.486602860202999636e+02 1.009766805563260483e+00
1.897577636718750000e+03 7.483775842635463960e+02 1.003177779285766569e+00
1.897598449707031250e+03 7.472905103574235000e+02 1.005297279705152924e+00
1.897619323730468750e+03 7.481930947324663066e+02 1.002960828615241606e+00
1.897640136718750000e+03 7.476166131948514249e+02 1.003497741943768728e+00
1.897660949707031250e+03 7.474554965478353097e+02 1.002568463106758401e+00
1.897681823730468750e+03 7.471355582622296652e+02 1.003931898687430158e+00
1.897702636718750000e+03 7.480963350749623260e+02 1.002648006653215518e+00
1.897723449707031250e+03 7.468465610423825183e+02 1.002427314254182633e+00
1.897744323730468750e+03 7.463398277470872699e+02 1.002363213984191592e+00
1.897765136718750000e+03 7.473172514464293954e+02 1.002558950750487954e+00
