1.871119323730468750e+03 3.596709212138235898e+02 1.636169924251943852e+00
1.871140136718750000e+03 3.624686157517703009e+02 1.634606211192079384e+00
1.871160949707031250e+03 3.586222221217532820e+02 1.630681376537206351e+00
1.871181823730468750e+03 3.554884957510453773e+02 1.627495902974821274e+00
1.871202636718750000e+03 3.571766242969371774e+02 1.628130098946287685e+00
1.871223449707031250e+03 3.566065880314577043e+02 1.623306418919672200e+00
1.871244323730468750e+03 3.555784069298019858e+02 1.622309952407460898e+00
1.871265136718750000e+03 3.550210159774896397e+02 1.622401727836110252e+00
1.871285949707031250e+03 3.577782842829815309e+02 1.624429309108816888e+00
1.871306823730468750e+03 3.550217124129271156e+02 1.619825855478991716e+00
1.871327636718750000e+03 3.571437481296948135e+02 1.620118585531908906e+00
1.871348449707031250e+03 3.532283958700759854e+02 1.617044930923153823e+00
1.871369323730468750e+03 3.574676560874091820e+02 1.615952024436982715e+00
1.871390136718750000e+03 3.541548667536987978e+02 1.621002709463539082e+00
1.871410949707031250e+03 3.564353905601014958e+02 1.612765398289358609e+00
1.871431823730468750e+03 3.528408299579283494e+02 1.610084673508983544e+00
1.871452636718750000e+03 3.549199024867460821e+02 1.620618120760721537e+00
1.871473449707031250e+03 3.541495271108614133e+02 1.611201018897741033e+00
1.871494323730468750e+03 3.505789707176782031e+02 1.609629046193972624e+00
1.871515197753906250e+03 3.527200994766037638e+02 1.612144013964659672e+00
1.871536010742187500e+03 3.524119260857900713e+02 1.610715363483714802e+00
1.871556823730468750e+03 3.545557850725647313e+02 1.609407220906787561e+00
1.871577697753906250e+03 3.500990740589266466e+02 1.609428182667619112e+00
1.871598510742187500e+03 3.526284309050116121e+02 1.603643042906905958e+00
1.871619323730468750e+03 3.532135854674983193e+02 1.603789553552189107e+00
1.871640197753906250e+03 3.525502952155690082e+02 1.605652364733001880e+00
1.871661010742187500e+03 3.506854477038688742e+02 1.606318339515670157e+00
1.871681823730468750e+03 3.541642738237468961e+02 1.605464072116246088e+00
1.871702697753906250e+03 3.514969970434365791e+02 1.603241426579108175e+00
1.871723510742187500e+03 3.525250093905405038e+02 1.600212458571404373e+00
1.871744323730468750e+03 3.512084443842589394e+02 1.598394768853166559e+00
1.871765197753906250e+03 3.508584933290408685e+02 1.599442507059657403e+00
1.871786010742187500e+03 3.494303673791126243e+02 1.598361878456747931e+00
1.871806823730468750e+03 3.515591534720790605e+02 1.597270816487612155e+00
1.871827697753906250e+03 3.494305757703076551e+02 1.598790668390836611e+00
1.871848510742187500e+03 3.493509254624689220e+02 1.601444593601961897e+00
1.871869323730468750e+03 3.526411934347830766e+02 1.598165491551175377e+00
1.871890197753906250e+03 3.487533010904203934e+02 1.601069081290362295e+00
1.871911010742187500e+03 3.513289085992163905e+02 1.605471348818418242e+00
1.871931823730468750e+03 3.477294473852026613e+02 1.606285091862880376e+00
1.871952697753906250e+03 3.492011549874953857e+02 1.598305567930163429e+00
1.871973510742187500e+03 3.514626938692061344e+02 1.598040471592141909e+00
1.871994323730468750e+03 3.492560076396636646e+02 1.596287147728991940e+00
1.872015197753906250e+03 3.494341291851370670e+02 1.595035333869859739e+00
1.872036010742187500e+03 3.489786077224157452e+02 1.600538940856904180e+00
1.872056823730468750e+03 3.486936547294702109e+02 1.601222304522315731e+00
1.872077697753906250e+03 3.494174895212964884e+02 1.597779360180741515e+00
1.872098510742187500e+03 3.486968534195823395e+02 1.597698183138954953e+00
1.872119323730468750e+03 3.502372807965898005e+02 1.594837341385413776e+00
1.872140197753906250e+03 3.510585918945617436e+02 1.599921674599386501e+00
1.872161010742187500e+03 3.498601940309612814e+02 1.598719981898215403e+00
1.872181823730468750e+03 3.492872787008046203e+02 1.594596114607875981e+00
1.872202697753906250e+03 3.521605847620522809e+02 1.595252357417799249e+00
1.872223510742187500e+03 3.498049312997467268e+02 1.594608150648230360e+00
1.872244323730468750e+03 3.476836046970232132e+02 1.594771861678654590e+00
1.872265197753906250e+03 3.488184230420275185e+02 1.596765619701164374e+00
1.872286010742187500e+03 3.466576556102060636e+02 1.601874195564535475e+00
1.872306823730468750e+03 3.493382322398107362e+02 1.594840256515328791e+00
1.872327697753906250e+03 3.480268670165503408e+02 1.594874490206394935e+00
1.872348510742187500e+03 3.492423750990711255e+02 1.596481002904860169e+00
1.872369323730468750e+03 3.518665361724802096e+02 1.602394371776818982e+00
1.872390197753906250e+03 3.505305869459202768e+02 1.594157821237232708e+00
1.872411010742187500e+03 3.485782693409366857e+02 1.594938545597728741e+00
1.872431823730468750e+03 3.465666154154004630e+02 1.594500645405018791e+00
1.872452697753906250e+03 3.487484621445737503e+02 1.594304530591329039e+00
1.872473510742187500e+03 3.498492750090269396e+02 1.594813795910004606e+00
1.872494323730468750e+03 3.511140025761218908e+02 1.598378808518569061e+00
1.872515197753906250e+03 3.460288297001658293e+02 1.595269171026427069e+00
1.872536010742187500e+03 3.492916160474960066e+02 1.595065677091840106e+00
1.872556823730468750e+03 3.491172043128707401e+02 1.595480932596976320e+00
1.872577697753906250e+03 3.483849359784086346e+02 1.594781130658941004e+00
1.872598510742187500e+03 3.474863044946516766e+02 1.595321404173508872e+00
1.872619323730468750e+03 3.472311007348616272e+02 1.597971542324626570e+00
1.872640197753906250e+03 3.474252115271613661e+02 1.594512009305996125e+00
1.872661010742187500e+03 3.459674275403369847e+02 1.594744054414555912e+00
1.872681823730468750e+03 3.470738059810963136e+02 1.594387674853264381e+00
1.872702697753906250e+03 3.479413107977661639e+02 1.595616687315203786e+00
1.872723510742187500e+03 3.463709409057753987e+02 1.593596133116163216e+00
1.872744323730468750e+03 3.487474924165344987e+02 1.595597113049224802e+00
1.872765197753906250e+03 3.472146234053278704e+02 1.595360484508440369e+00
1.872786010742187500e+03 3.453284411987264662e+02 1.592810484772818613e+00
1.872806823730468750e+03 3.479376776648120995e+02 1.594468497088609160e+00
1.872827697753906250e+03 3.481918664552534324e+02 1.594166495560302765e+00
1.872848510742187500e+03 3.486894014073030235e+02 1.599283075646267260e+00
1.872869384765625000e+03 3.487894505628686943e+02 1.597811068842526883e+00
1.872890197753906250e+03 3.460304083856656234e+02 1.593889940887230461e+00
1.872911071777343750e+03 3.484298579904455551e+02 1.594510887872001348e+00
1.872931884765625000e+03 3.473728149549082787e+02 1.596040164834103381e+00
1.872952697753906250e+03 3.476115305521639698e+02 1.598902731393629262e+00
1.872973571777343750e+03 3.478076210549056668e+02 1.597180507870757271e+00
1.872994384765625000e+03 3.486175193977193771e+02 1.597368582870473785e+00
1.873015197753906250e+03 3.450867918157304075e+02 1.594932790434383074e+00
1.873036071777343750e+03 3.470594843075962217e+02 1.595481007313812150e+00
1.873056884765625000e+03 3.468840003105659093e+02 1.594172926493490294e+00
1.873077697753906250e+03 3.464693719493923822e+02 1.597884630514572635e+00
1.873098571777343750e+03 3.482051557886314868e+02 1.596213213706568101e+00
1.873119384765625000e+03 3.453681721416580785e+02 1.593304141640432325e+00
1.873140197753906250e+03 3.448865935054443526e+02 1.594207398844261103e+00
1.873161071777343750e+03 3.462189204745465076e+02 1.600515702704181864e+00
1.873181884765625000e+03 3.479125882565851384e+02 1.595872176704410172e+00
1.873202697753906250e+03 3.478425609525268669e+02 1.594751978039206319e+00
1.873223571777343750e+03 3.462653978334236626e+02 1.602417359504997529e+00
1.873244384765625000e+03 3.501314638490760558e+02 1.593772140049955155e+00
1.873265197753906250e+03 3.441542541603643599e+02 1.594719984294454607e+00
1.873286071777343750e+03 3.474328314553715700e+02 1.600879281553057920e+00
1.873306884765625000e+03 3.451839260617779246e+02 1.594451151681247403e+00
1.873327697753906250e+03 3.476092153873628376e+02 1.597635879946356141e+00
1.873348571777343750e+03 3.461755420142524144e+02 1.593849328629606266e+00
1.873369384765625000e+03 3.479375012554759792e+02 1.593970264846698459e+00
1.873390197753906250e+03 3.457909864025584739e+02 1.593920605073831931e+00
1.873411071777343750e+03 3.476872034587389635e+02 1.602307104680229521e+00
1.873431884765625000e+03 3.513869009877072926e+02 1.598137370372362032e+00
1.873452697753906250e+03 3.444168811335037503e+02 1.597378881576172027e+00
1.873473571777343750e+03 3.479781674816167083e+02 1.597948938248615613e+00
1.873494384765625000e+03 3.466548936357301045e+02 1.595340234588242811e+00
1.873515197753906250e+03 3.496751154070261123e+02 1.598145873910985060e+00
1.873536071777343750e+03 3.439096746593188527e+02 1.594285987035080510e+00
1.873556884765625000e+03 3.429172589915015124e+02 1.593277131782634637e+00
1.873577697753906250e+03 3.479022955936869153e+02 1.596593526679478403e+00
1.873598571777343750e+03 3.433755295709216284e+02 1.594005713798400503e+00
1.873619384765625000e+03 3.478090754335843826e+02 1.599938662664584843e+00
1.873640197753906250e+03 3.478227219146388052e+02 1.594129479800922899e+00
1.873661071777343750e+03 3.497558600122719668e+02 1.599222325040085213e+00
1.873681884765625000e+03 3.445992364002955810e+02 1.595118290571623243e+00
1.873702697753906250e+03 3.481034315136819259e+02 1.596661544836718294e+00
1.873723571777343750e+03 3.438946761266901717e+02 1.595261474152026349e+00
1.873744384765625000e+03 3.498001897886468896e+02 1.595733380818770142e+00
1.873765197753906250e+03 3.461421274943773483e+02 1.593805199957440522e+00
1.873786071777343750e+03 3.476230372844735257e+02 1.596471818464353154e+00
1.873806884765625000e+03 3.464357409464318494e+02 1.595290766912635272e+00
1.873827697753906250e+03 3.474274373002636480e+02 1.595830643786893877e+00
1.873848571777343750e+03 3.478678512147504307e+02 1.595298986723305612e+00
1.873869384765625000e+03 3.433611938229639691e+02 1.598398721621692387e+00
1.873890197753906250e+03 3.453101863067475961e+02 1.593780367692837263e+00
1.873911071777343750e+03 3.453004972940854600e+02 1.596068248274306711e+00
1.873931884765625000e+03 3.485420890869899040e+02 1.595631629341360602e+00
1.873952697753906250e+03 3.435188190164755042e+02 1.596440456561927679e+00
1.873973571777343750e+03 3.474439222472477695e+02 1.601115615649258306e+00
1.873994384765625000e+03 3.449721161414610151e+02 1.600428854569745818e+00
1.874015197753906250e+03 3.482451753392620049e+02 1.595885248891854236e+00
1.874036071777343750e+03 3.479803707200876488e+02 1.594911488675081257e+00
1.874056884765625000e+03 3.463984928686471108e+02 1.595818616966870884e+00
1.874077697753906250e+03 3.447485315333829021e+02 1.594438516330368927e+00
1.874098571777343750e+03 3.458173311587887611e+02 1.594407712570156344e+00
1.874119384765625000e+03 3.460458581360366566e+02 1.595134358262853214e+00
1.874140197753906250e+03 3.486750248750097967e+02 1.597190957062856631e+00
1.874161071777343750e+03 3.443668232478493678e+02 1.595672495068249930e+00
1.874181884765625000e+03 3.459610144955327655e+02 1.596425671451381367e+00
1.874202697753906250e+03 3.454478040181739402e+02 1.593608475927616341e+00
1.874223571777343750e+03 3.438458822507739114e+02 1.597122289691866648e+00
1.874244384765625000e+03 3.442779246756929297e+02 1.597858817169502954e+00
1.874265197753906250e+03 3.442804287361474280e+02 1.594871724629815413e+00
1.874286071777343750e+03 3.477799050207520963e+02 1.602471145036833189e+00
1.874306884765625000e+03 3.459867815148593309e+02 1.594606730250680560e+00
1.874327697753906250e+03 3.456638188548093353e+02 1.596776743514236374e+00
1.874348571777343750e+03 3.427715765225801761e+02 1.596431122543427561e+00
1.874369445800781250e+03 3.456548103703814832e+02 1.598146694425476078e+00
1.874390258789062500e+03 3.458919565276335106e+02 1.605006241830827962e+00
1.874411071777343750e+03 3.483423733659369077e+02 1.594899753900176798e+00
1.874431945800781250e+03 3.437603586355728567e+02 1.596253616460349356e+00
1.874452758789062500e+03 3.454680052579474818e+02 1.595692666065019916e+00
1.874473571777343750e+03 3.441927620866863435e+02 1.598962077613778954e+00
1.874494445800781250e+03 3.461259840509949299e+02 1.594605085578252535e+00
1.874515258789062500e+03 3.446579557603774333e+02 1.595602417549602636e+00
1.874536071777343750e+03 3.433678168884188153e+02 1.597908652963980547e+00
1.874556945800781250e+03 3.449244158557361288e+02 1.592889516075032930e+00
1.874577758789062500e+03 3.466048228528441086e+02 1.595925062380209702e+00
1.874598571777343750e+03 3.465963074940404454e+02 1.598329807803999580e+00
1.874619445800781250e+03 3.464925522532323043e+02 1.594764685656917980e+00
1.874640258789062500e+03 3.489299721668692200e+02 1.599877564394874829e+00
1.874661071777343750e+03 3.432386488870420749e+02 1.594127984196620051e+00
1.874681945800781250e+03 3.463563904812667715e+02 1.595492140083235588e+00
1.874702758789062500e+03 3.458147473420505094e+02 1.594703164895526104e+00
1.874723571777343750e+03 3.439287927553677946e+02 1.597499625216396879e+00
1.874744445800781250e+03 3.429008830638725840e+02 1.603427898502393090e+00
1.874765258789062500e+03 3.434258512004473687e+02 1.595010520756861006e+00
1.874786071777343750e+03 3.469312868191062194e+02 1.595250040862276064e+00
1.874806945800781250e+03 3.464516367351237704e+02 1.594960594407972554e+00
1.874827758789062500e+03 3.471647904121987835e+02 1.594779635665764417e+00
1.874848571777343750e+03 3.449543985281797518e+02 1.594648818336125373e+00
1.874869445800781250e+03 3.440334981196640456e+02 1.594199397735998724e+00
1.874890258789062500e+03 3.438337672212290954e+02 1.595541377373526748e+00
1.874911071777343750e+03 3.457889252278642402e+02 1.596283339090283970e+00
1.874931945800781250e+03 3.405780694834513156e+02 1.595676081041867089e+00
1.874952758789062500e+03 3.463766459760979615e+02 1.598109845450243149e+00
1.874973571777343750e+03 3.447413745046812892e+02 1.594349243602022348e+00
1.874994445800781250e+03 3.453804519154875265e+02 1.597197077272197729e+00
1.875015258789062500e+03 3.461005866505694257e+02 1.595326037073939274e+00
1.875036071777343750e+03 3.437775499940343025e+02 1.596501686370083162e+00
1.875056945800781250e+03 3.456909028310274721e+02 1.594323971184841815e+00
1.875077758789062500e+03 3.437565760963765911e+02 1.596516097434750536e+00
1.875098571777343750e+03 3.452090017086354692e+02 1.595711118568373443e+00
1.875119445800781250e+03 3.413262379536818685e+02 1.594989743214696443e+00
1.875140258789062500e+03 3.434869154023757005e+02 1.593634358118796612e+00
1.875161071777343750e+03 3.470013198197894440e+02 1.602345493860658276e+00
1.875181945800781250e+03 3.425024917567158127e+02 1.596591137405028782e+00
1.875202758789062500e+03 3.440833358571904341e+02 1.596463828704839383e+00
1.875223571777343750e+03 3.451545178380162611e+02 1.593515266634988770e+00
1.875244445800781250e+03 3.444341837029593307e+02 1.594704884220001118e+00
1.875265258789062500e+03 3.419971269796236015e+02 1.593199840656936317e+00
1.875286071777343750e+03 3.460479840878692812e+02 1.598958648118310233e+00
1.875306945800781250e+03 3.449407973064232920e+02 1.601818901565109865e+00
1.875327758789062500e+03 3.465993429433896154e+02 1.596676029119471041e+00
1.875348571777343750e+03 3.437982547418893660e+02 1.595790379728852848e+00
1.875369445800781250e+03 3.465372201366042759e+02 1.594344383552906974e+00
1.875390258789062500e+03 3.451731025010195140e+02 1.596186850545081803e+00
1.875411071777343750e+03 3.419564351962681599e+02 1.595453959590643178e+00
1.875431945800781250e+03 3.423005777955981443e+02 1.601678983592699890e+00
1.875452758789062500e+03 3.417073712006327924e+02 1.595108425676353914e+00
1.875473571777343750e+03 3.460582220692315900e+02 1.594484571327836608e+00
1.875494445800781250e+03 3.418925285601371797e+02 1.596141068722949141e+00
1.875515258789062500e+03 3.438131641382154839e+02 1.595890403039185390e+00
1.875536071777343750e+03 3.453790027825611446e+02 1.596837736467627389e+00
1.875556945800781250e+03 3.439407739151218948e+02 1.595297566940852008e+00
1.875577758789062500e+03 3.439758386416437475e+02 1.596872897809281655e+00
1.875598571777343750e+03 3.447115253275860596e+02 1.596774727795468918e+00
1.875619445800781250e+03 3.450314179401042338e+02 1.595931635618592859e+00
1.875640258789062500e+03 3.419522368054059029e+02 1.594315073404153571e+00
1.875661071777343750e+03 3.450070311440233581e+02 1.599801337306496984e+00
1.875681945800781250e+03 3.446073078142627537e+02 1.595354656144468697e+00
1.875702758789062500e+03 3.428665080329146235e+02 1.594408535008379868e+00
1.875723571777343750e+03 3.427553801029947067e+02 1.593793905812772360e+00
1.875744445800781250e+03 3.430588546476186593e+02 1.596697307337795246e+00
1.875765258789062500e+03 3.436004672338797832e+02 1.596793391760834346e+00
1.875786071777343750e+03 3.407361527648599804e+02 1.594188330716328483e+00
1.875806945800781250e+03 3.425553243984980440e+02 1.595919609559642627e+00
1.875827758789062500e+03 3.393059114626244082e+02 1.596135243209317878e+00
1.875848571777343750e+03 3.437164571828657245e+02 1.594312531171978797e+00
1.875869445800781250e+03 3.419116901518503937e+02 1.595896154749162799e+00
1.875890258789062500e+03 3.434129345854805706e+02 1.596627797441414254e+00
1.875911071777343750e+03 3.417902602340992075e+02 1.593965029702633318e+00
1.875931945800781250e+03 3.415454823354831433e+02 1.594257199232127276e+00
1.875952758789062500e+03 3.429975638552041346e+02 1.595550268315581333e+00
1.875973571777343750e+03 3.445827175436963898e+02 1.594441282658353387e+00
1.875994445800781250e+03 3.409829175757444659e+02 1.601508535080722329e+00
1.876015319824218750e+03 3.409350453368873559e+02 1.600206051909983218e+00
1.876036132812500000e+03 3.427951062059975698e+02 1.594311858227489331e+00
1.876056945800781250e+03 3.434933708496549229e+02 1.594714377847855413e+00
1.876077819824218750e+03 3.426207004536214527e+02 1.601012940439683785e+00
1.876098632812500000e+03 3.400153747862372029e+02 1.595920954092471922e+00
1.876119445800781250e+03 3.414954679259620320e+02 1.594773805178984816e+00
1.876140319824218750e+03 3.401047736239311234e+02 1.596615179316153821e+00
1.876161132812500000e+03 3.418221420718933246e+02 1.601494541121988968e+00
1.876181945800781250e+03 3.423722552503278393e+02 1.594719087264323321e+00
1.876202819824218750e+03 3.391840542318179814e+02 1.594071000627482748e+00
1.876223632812500000e+03 3.413121619633017190e+02 1.594011995808874982e+00
1.876244445800781250e+03 3.409241498971171040e+02 1.594400534909470091e+00
1.876265319824218750e+03 3.423969460997898295e+02 1.596886484362369796e+00
1.876286132812500000e+03 3.406494840553231711e+02 1.594654574524336121e+00
1.876306945800781250e+03 3.431455760615826875e+02 1.596953295675081597e+00
1.876327819824218750e+03 3.389376568371509393e+02 1.598953503861314962e+00
1.876348632812500000e+03 3.439693685318445660e+02 1.594583181370087477e+00
1.876369445800781250e+03 3.400784013008607758e+02 1.593384719575987152e+00
1.876390319824218750e+03 3.420021871492933769e+02 1.599150986719645617e+00
1.876411132812500000e+03 3.398253479259310552e+02 1.595341654332723902e+00
1.876431945800781250e+03 3.391007976844996392e+02 1.599029100407364457e+00
1.876452819824218750e+03 3.432496833079908356e+02 1.597067801524984398e+00
1.876473632812500000e+03 3.418928634924289440e+02 1.594698455432036921e+00
1.876494445800781250e+03 3.410512927462077073e+02 1.595917443365479249e+00
1.876515319824218750e+03 3.395201067090767992e+02 1.600284420006190977e+00
1.876536132812500000e+03 3.431042714089679180e+02 1.594842947399751854e+00
1.876556945800781250e+03 3.386497372691156897e+02 1.594480534092292734e+00
1.876577819824218750e+03 3.389069626324089768e+02 1.593793905812772360e+00
1.876598632812500000e+03 3.376053980530044214e+02 1.592767150604545101e+00
1.876619445800781250e+03 3.428546750886169434e+02 1.595859552604615761e+00
1.876640319824218750e+03 3.424024130873886520e+02 1.594773879928950144e+00
1.876661132812500000e+03 3.416545776526090776e+02 1.596084679845282128e+00
1.876681945800781250e+03 3.421324734945465025e+02 1.593361825980854185e+00
1.876702819824218750e+03 3.395160032849632330e+02 1.595060146596860129e+00
1.876744445800781250e+03 3.408377102778782159e+02 1.594331373502364313e+00
1.876765319824218750e+03 3.416424471128914888e+02 1.597928795733251750e+00
1.876786132812500000e+03 3.407115393092987574e+02 1.593834893452668933e+00
1.876806945800781250e+03 3.451661838645772491e+02 1.595643059896908245e+00
1.876827819824218750e+03 3.419153064636511203e+02 1.594806395831652956e+00
1.876848632812500000e+03 3.422599304106357181e+02 1.594848628140846269e+00
1.876869445800781250e+03 3.406170341961637291e+02 1.596475029291025249e+00
1.876890319824218750e+03 3.407051865852149035e+02 1.594862904650850455e+00
1.876911132812500000e+03 3.417161525523534351e+02 1.594090444068990253e+00
1.876931945800781250e+03 3.430859813449466742e+02 1.597714523334610170e+00
1.876952819824218750e+03 3.464959318104042154e+02 1.596181846723056630e+00
1.876973632812500000e+03 3.397543784745950575e+02 1.594308643044341167e+00
1.876994445800781250e+03 3.441278981601485043e+02 1.594415787399805273e+00
1.877015319824218750e+03 3.394553169196923363e+02 1.596309924692378424e+00
1.877036132812500000e+03 3.412878348683415197e+02 1.593629720300423047e+00
1.877056945800781250e+03 3.403308240699354883e+02 1.595977274061278317e+00
1.877077819824218750e+03 3.441626311006488095e+02 1.595368180905164301e+00
1.877098632812500000e+03 3.396925750452422221e+02 1.594192892132391792e+00
1.877119445800781250e+03 3.412626618473063900e+02 1.595992212711543567e+00
1.877140319824218750e+03 3.426180115747330888e+02 1.597089671656392484e+00
1.877161132812500000e+03 3.407159240852859057e+02 1.595457471337509370e+00
1.877181945800781250e+03 3.399003412916929960e+02 1.599781367146291267e+00
1.877202819824218750e+03 3.395108497253348219e+02 1.597259621481785796e+00
1.877223632812500000e+03 3.393724710384329342e+02 1.597577454505580752e+00
1.877244445800781250e+03 3.418453748527174980e+02 1.594223999146401560e+00
1.877265319824218750e+03 3.412290035799511543e+02 1.594644033956085893e+00
1.877286132812500000e+03 3.405112718722432987e+02 1.595328951310865273e+00
1.877306945800781250e+03 3.424042711898550237e+02 1.593019355392926162e+00
1.877327819824218750e+03 3.398060932659417404e+02 1.594763190648325057e+00
1.877348632812500000e+03 3.395581054687500000e+02 1.599613324767139799e+00
1.877369445800781250e+03 3.436840429311443472e+02 1.597592378192995710e+00
1.877390319824218750e+03 3.363986529113473125e+02 1.596955087224873449e+00
1.877411132812500000e+03 3.394922168055139196e+02 1.595256691609420407e+00
1.877431945800781250e+03 3.380836939640554419e+02 1.593918286582777899e+00
1.877452819824218750e+03 3.402312612176784228e+02 1.593937956254659838e+00
1.877473632812500000e+03 3.374020563434202700e+02 1.601221411134889472e+00
1.877494445800781250e+03 3.430348277002133841e+02 1.596751808147562457e+00
1.877515319824218750e+03 3.412376454690917740e+02 1.600103765341557294e+00
1.877536132812500000e+03 3.370859055528816270e+02 1.596513633375918229e+00
1.877556945800781250e+03 3.416469863285319661e+02 1.597435971023112522e+00
1.877577819824218750e+03 3.387180653401086374e+02 1.595035184394431038e+00
1.877598632812500000e+03 3.428416062896595236e+02 1.597190583878601799e+00
1.877619445800781250e+03 3.401865423384718952e+02 1.596102380939287801e+00
1.877640319824218750e+03 3.414680581125717822e+02 1.598410281549021095e+00
1.877661132812500000e+03 3.392126945762921650e+02 1.593735788319372126e+00
1.877681945800781250e+03 3.377238952145721100e+02 1.595978618545528027e+00
1.877702819824218750e+03 3.395679334976197197e+02 1.599237829708598735e+00
1.877723632812500000e+03 3.405932744312306681e+02 1.594996918223880789e+00
1.877744445800781250e+03 3.386730541861002735e+02 1.593317534170202388e+00
1.877765319824218750e+03 3.395928840865956886e+02 1.594051257813443367e+00
1.877786132812500000e+03 3.385032663004589608e+02 1.597083551035460625e+00
1.877806945800781250e+03 3.407941590923185231e+02 1.597313431425301022e+00
1.877827819824218750e+03 3.411861225154085560e+02 1.593200588894906788e+00
1.877848693847656250e+03 3.387570511113532916e+02 1.595225604732988023e+00
1.877869506835937500e+03 3.421953367251883833e+02 1.596672744035934732e+00
1.877890319824218750e+03 3.383551659552358046e+02 1.596905744223063861e+00
1.877911193847656250e+03 3.397772405335051076e+02 1.594767002917466980e+00
1.877932006835937500e+03 3.369797579274588770e+02 1.595589193621477220e+00
1.877952819824218750e+03 3.368356284002516645e+02 1.593789343254812696e+00
1.877973693847656250e+03 3.387572202075559744e+02 1.596938739258516371e+00
1.877994506835937500e+03 3.392775626174171180e+02 1.604379177467010642e+00
1.878015319824218750e+03 3.425259495121288182e+02 1.594676103979166371e+00
1.878036193847656250e+03 3.370374422666503165e+02 1.593918884903372746e+00
1.878057006835937500e+03 3.387072498198531889e+02 1.594875910365477711e+00
1.878077819824218750e+03 3.394990292607845390e+02 1.594182946733033734e+00
1.878098693847656250e+03 3.360433981023085721e+02 1.594454516106908581e+00
1.878119506835937500e+03 3.403687112188834476e+02 1.593741024216452695e+00
1.878140319824218750e+03 3.387580735004991652e+02 1.596578742986437316e+00
1.878161193847656250e+03 3.378829456119613042e+02 1.597237081965369621e+00
1.878182006835937500e+03 3.377959841808186070e+02 1.600817697909701964e+00
1.878202819824218750e+03 3.419671408299027462e+02 1.597048618262142172e+00
1.878223693847656250e+03 3.363621813599459074e+02 1.594646127124119461e+00
1.878244506835937500e+03 3.436202755391047390e+02 1.598550112757631592e+00
1.878265319824218750e+03 3.383001665403713218e+02 1.593292619485627615e+00
1.878286193847656250e+03 3.370590696429011928e+02 1.594351561466382794e+00
1.878307006835937500e+03 3.406544479967810730e+02 1.595798223456199372e+00
1.878327819824218750e+03 3.389443042643053445e+02 1.598763229279591913e+00
1.878348693847656250e+03 3.401776223907135090e+02 1.597856728210044652e+00
1.878369506835937500e+03 3.390947739141964803e+02 1.596002072144121708e+00
1.878390319824218750e+03 3.396666322566985059e+02 1.594351785775658170e+00
1.878411193847656250e+03 3.400321321556477869e+02 1.598737802943633213e+00
1.878432006835937500e+03 3.391746574508862295e+02 1.596829748538989291e+00
1.878452819824218750e+03 3.410480282008100517e+02 1.593373198003865454e+00
1.878473693847656250e+03 3.383634197503149608e+02 1.594586695034662327e+00
1.878494506835937500e+03 3.395791168336684223e+02 1.594863203633986926e+00
1.878515319824218750e+03 3.395863463595052849e+02 1.595130322671904244e+00
1.878536193847656250e+03 3.421665207789688452e+02 1.596774130544975190e+00
1.878557006835937500e+03 3.427840362422227827e+02 1.596901265206421838e+00
1.878577819824218750e+03 3.411392886576845740e+02 1.600635316004460185e+00
1.878598693847656250e+03 3.423092592190375285e+02 1.598589412447305902e+00
1.878619506835937500e+03 3.385851221609757999e+02 1.594165672997209793e+00
1.878640319824218750e+03 3.390270406454457088e+02 1.595156105438324534e+00
1.878661193847656250e+03 3.404650824654788721e+02 1.599777939407159844e+00
1.878682006835937500e+03 3.393623198793388269e+02 1.601953895938876604e+00
1.878702819824218750e+03 3.392029882239083918e+02 1.594265200050302367e+00
1.878723693847656250e+03 3.391545202610803358e+02 1.594331298731652025e+00
1.878744506835937500e+03 3.401620016333671401e+02 1.594496832499044947e+00
1.878765319824218750e+03 3.397531703044609799e+02 1.595927826131464888e+00
1.878786193847656250e+03 3.405975965256462246e+02 1.596781596160091965e+00
1.878807006835937500e+03 3.411411628444224107e+02 1.597261188787325148e+00
1.878827819824218750e+03 3.401162999733717243e+02 1.594656742433990360e+00
1.878848693847656250e+03 3.405157009326731554e+02 1.595390223777708893e+00
1.878869506835937500e+03 3.367327345840648150e+02 1.594636184551489588e+00
1.878890319824218750e+03 3.405746799639233018e+02 1.593679538739983359e+00
1.878911193847656250e+03 3.410305154315947220e+02 1.600976678658155850e+00
1.878932006835937500e+03 3.430210942870871804e+02 1.596256155601109450e+00
1.878952819824218750e+03 3.374428649549742545e+02 1.602457010701263673e+00
1.878973693847656250e+03 3.416771761963794916e+02 1.593880517140645825e+00
1.878994506835937500e+03 3.406242224712967754e+02 1.595462776302159824e+00
1.879015319824218750e+03 3.412979880964227277e+02 1.594732617415212328e+00
1.879036193847656250e+03 3.395999029910848890e+02 1.595070385471103247e+00
1.879057006835937500e+03 3.369525501862817691e+02 1.596112986564013791e+00
1.879077819824218750e+03 3.401517348405849361e+02 1.596332402622867352e+00
1.879098693847656250e+03 3.380299604055586542e+02 1.595070086526801267e+00
1.879119506835937500e+03 3.418664208557646589e+02 1.596640788779801090e+00
1.879140319824218750e+03 3.380330298521332111e+02 1.593960617210710806e+00
1.879161193847656250e+03 3.402478374408687500e+02 1.594175319392240109e+00
1.879182006835937500e+03 3.393983662579565816e+02 1.594717891223363271e+00
1.879202819824218750e+03 3.387061406073877947e+02 1.594316568832950809e+00
1.879223693847656250e+03 3.401860955848231924e+02 1.604027985692546343e+00
1.879244506835937500e+03 3.391226077634283342e+02 1.594711761499364000e+00
1.879265319824218750e+03 3.417015860281976529e+02 1.598767032010618871e+00
1.879286193847656250e+03 3.406076487475105523e+02 1.596334120192579142e+00
1.879307006835937500e+03 3.393044476942505980e+02 1.599894552928446068e+00
1.879327819824218750e+03 3.386483824247454777e+02 1.595236216186794120e+00
1.879348693847656250e+03 3.423562725655276608e+02 1.595952475593119591e+00
1.879369506835937500e+03 3.390841881403271714e+02 1.595113432865667979e+00
1.879390319824218750e+03 3.380245618994090933e+02 1.598374706537672107e+00
1.879411193847656250e+03 3.407194096315189995e+02 1.603546848527464430e+00
1.879432006835937500e+03 3.412562868726111560e+02 1.598247390733006368e+00
1.879452819824218750e+03 3.430424221318038462e+02 1.596170644079561551e+00
1.879473693847656250e+03 3.411751191445911218e+02 1.594684476466436296e+00
1.879494506835937500e+03 3.413850363967815156e+02 1.595736294311778325e+00
1.879515319824218750e+03 3.424349824337483597e+02 1.594956483635958877e+00
1.879536193847656250e+03 3.408436521016578240e+02 1.594782251902903791e+00
1.879557006835937500e+03 3.436340804671359024e+02 1.596453897452693393e+00
1.879577819824218750e+03 3.419226953139430520e+02 1.598252686437279024e+00
1.879598693847656250e+03 3.414317606702963417e+02 1.599112297208630240e+00
1.879619506835937500e+03 3.427482541401898857e+02 1.596332925361670929e+00
1.879640319824218750e+03 3.416487553369203738e+02 1.594969040142683037e+00
1.879661193847656250e+03 3.427711535678548671e+02 1.600109799909098962e+00
1.879682006835937500e+03 3.430217885559816864e+02 1.600862824729168743e+00
1.879702819824218750e+03 3.415417129185114504e+02 1.608065841185619016e+00
1.879723693847656250e+03 3.407844459608404577e+02 1.594950579053982409e+00
1.879744506835937500e+03 3.395816254978070106e+02 1.595380285842365575e+00
1.879765319824218750e+03 3.433969328017843736e+02 1.596336211144516515e+00
1.879786193847656250e+03 3.411338842764716333e+02 1.594692624648447410e+00
1.879807006835937500e+03 3.427275312498972539e+02 1.597627896008330106e+00
1.879827819824218750e+03 3.417540170653630867e+02 1.594660554957612275e+00
1.879848693847656250e+03 3.450239193113395118e+02 1.598366353380391347e+00
1.879869506835937500e+03 3.432623291621838462e+02 1.600141387891293787e+00
1.879890319824218750e+03 3.442518827904542036e+02 1.602583322605394045e+00
1.879911193847656250e+03 3.438055096177377550e+02 1.596669085639496277e+00
1.879932006835937500e+03 3.435081873976468501e+02 1.599247370968354787e+00
1.879952819824218750e+03 3.450445251771131439e+02 1.597599168424623794e+00
1.879973693847656250e+03 3.473596571076846544e+02 1.596612192763035898e+00
1.879994567871093750e+03 3.428955198883908793e+02 1.596930975782094864e+00
1.880015380859375000e+03 3.412269718118699302e+02 1.598735416873756421e+00
1.880036193847656250e+03 3.425418194709241106e+02 1.597893508418381847e+00
1.880057067871093750e+03 3.448590868519542028e+02 1.597576708317550720e+00
1.880077880859375000e+03 3.431759014092297662e+02 1.603901490261561147e+00
1.880098693847656250e+03 3.405898167810659629e+02 1.599773990046445826e+00
1.880119567871093750e+03 3.456661897489427702e+02 1.596915747314872291e+00
1.880140380859375000e+03 3.483715166992637364e+02 1.598157435667233228e+00
1.880161193847656250e+03 3.463212042035472678e+02 1.600816357489669661e+00
1.880182067871093750e+03 3.427022331236374839e+02 1.598459354374289321e+00
1.880202880859375000e+03 3.456705764780230083e+02 1.596330759728370241e+00
1.880223693847656250e+03 3.458515397177937984e+02 1.597044811439392031e+00
1.880244567871093750e+03 3.471215931838792699e+02 1.597052947578947890e+00
1.880265380859375000e+03 3.440096639365999067e+02 1.601264442063061511e+00
1.880286193847656250e+03 3.463073193289679921e+02 1.595853651363951187e+00
1.880307067871093750e+03 3.444553160356306307e+02 1.599791426773076397e+00
1.880327880859375000e+03 3.469070962735973467e+02 1.598201518757480066e+00
1.880348693847656250e+03 3.492872052910179264e+02 1.597684827329801660e+00
1.880369567871093750e+03 3.468699952605051635e+02 1.598102236851551172e+00
1.880390380859375000e+03 3.459127173224986791e+02 1.599103426071293521e+00
1.880411193847656250e+03 3.412971232954328684e+02 1.599422010690120910e+00
1.880432067871093750e+03 3.446449832460538687e+02 1.603510123648830277e+00
1.880452880859375000e+03 3.469302904481198198e+02 1.599293734717108117e+00
1.880473693847656250e+03 3.439510867420767681e+02 1.597080490716198620e+00
1.880494567871093750e+03 3.470209152513041886e+02 1.597522235649944333e+00
1.880515380859375000e+03 3.469050375445212921e+02 1.596480032194133036e+00
1.880536193847656250e+03 3.438863103352826442e+02 1.605934836494358642e+00
1.880557067871093750e+03 3.482174739461701165e+02 1.596266013403428552e+00
1.880577880859375000e+03 3.469605867131993477e+02 1.598033683235662306e+00
1.880598693847656250e+03 3.482947550560991203e+02 1.600970647358155752e+00
1.880619567871093750e+03 3.467295954612478113e+02 1.597678186690397961e+00
1.880640380859375000e+03 3.492213395986550495e+02 1.597651101549429242e+00
1.880661193847656250e+03 3.488660956890607849e+02 1.599077334205654788e+00
1.880682067871093750e+03 3.461221838665618975e+02 1.600464607374182835e+00
1.880702880859375000e+03 3.481798945534052336e+02 1.595994976346515770e+00
1.880723693847656250e+03 3.498858988181796690e+02 1.598871268056821116e+00
1.880744567871093750e+03 3.487507309055935707e+02 1.595524940207331488e+00
1.880765380859375000e+03 3.513649979852445426e+02 1.597052126502524372e+00
1.880786193847656250e+03 3.501992187137757924e+02 1.596555820525035196e+00
1.880807067871093750e+03 3.533771724044923417e+02 1.600690129573777654e+00
1.880827880859375000e+03 3.521778908238239865e+02 1.597993101689962225e+00
1.880848693847656250e+03 3.494021627018928484e+02 1.597068921163558697e+00
1.880869567871093750e+03 3.501570254744527233e+02 1.598205472003962457e+00
1.880890380859375000e+03 3.499960051890149089e+02 1.599982845691274136e+00
1.880911193847656250e+03 3.535369160882130473e+02 1.602115963461767656e+00
1.880932067871093750e+03 3.516157470446877369e+02 1.597800101447164778e+00
1.880952880859375000e+03 3.525826890164949532e+02 1.597835390824876356e+00
1.880973693847656250e+03 3.513296807139600446e+02 1.601764052199467159e+00
1.880994567871093750e+03 3.520611571675408982e+02 1.598771356674127730e+00
1.881015380859375000e+03 3.510552532808644060e+02 1.601471316835506364e+00
1.881036193847656250e+03 3.527515485890261289e+02 1.599194744248600975e+00
1.881057067871093750e+03 3.589578431768529754e+02 1.598966327195786130e+00
1.881077880859375000e+03 3.513578208890939436e+02 1.599268764054809111e+00
1.881098693847656250e+03 3.517747127154576674e+02 1.600937809881760820e+00
1.881119567871093750e+03 3.532958190567423458e+02 1.599683301100051969e+00
1.881140380859375000e+03 3.509646711730379138e+02 1.597818828042755435e+00
1.881161193847656250e+03 3.539990659409181717e+02 1.599156726702235076e+00
1.881182067871093750e+03 3.515057149862891492e+02 1.597449030413771176e+00
1.881202880859375000e+03 3.538005912333609899e+02 1.601711284890593001e+00
1.881223693847656250e+03 3.535124601107885951e+02 1.601427472633013105e+00
1.881244567871093750e+03 3.521234898788177929e+02 1.600281738271640553e+00
1.881265380859375000e+03 3.583522940929227047e+02 1.599855061761279895e+00
1.881286193847656250e+03 3.539001614153365836e+02 1.608698211879688422e+00
1.881307067871093750e+03 3.510475980430680920e+02 1.598930391777845461e+00
1.881327880859375000e+03 3.558317051248351390e+02 1.598172876075783178e+00
1.881348693847656250e+03 3.516341831839006318e+02 1.603939321021845776e+00
1.881369567871093750e+03 3.521032364699244113e+02 1.601769708394583436e+00
1.881390380859375000e+03 3.545564506329309324e+02 1.601156266958379204e+00
1.881411193847656250e+03 3.549567629085087219e+02 1.597420001108859067e+00
1.881432067871093750e+03 3.541974838653513302e+02 1.598870298797278489e+00
1.881452880859375000e+03 3.550362729519350751e+02 1.599007331354202144e+00
1.881473693847656250e+03 3.549881345867372033e+02 1.598613722587608033e+00
1.881494567871093750e+03 3.525581569530374395e+02 1.597710941936163920e+00
1.881515380859375000e+03 3.543709732400052985e+02 1.598961332071911601e+00
1.881536193847656250e+03 3.543446727067322399e+02 1.599604605456869777e+00
1.881557067871093750e+03 3.565784959792732138e+02 1.598528262607126882e+00
1.881577880859375000e+03 3.541807465988766239e+02 1.599938290121230011e+00
1.881598693847656250e+03 3.518424751656499438e+02 1.597475895110274990e+00
1.881619567871093750e+03 3.559901535944192688e+02 1.600130808966705453e+00
1.881640380859375000e+03 3.554863296742895500e+02 1.598612529460514464e+00
1.881661193847656250e+03 3.582212081749776189e+02 1.601599343969304146e+00
1.881682067871093750e+03 3.565337977305402433e+02 1.599315201721091872e+00
1.881702880859375000e+03 3.533078313337022678e+02 1.598152661790920526e+00
1.881723693847656250e+03 3.576486377338369493e+02 1.599530079498265200e+00
1.881744567871093750e+03 3.581965222850255373e+02 1.601322881869900128e+00
1.881765380859375000e+03 3.585532928510074271e+02 1.602470549909428499e+00
1.881786193847656250e+03 3.590259472977385826e+02 1.599336295753354786e+00
1.881807067871093750e+03 3.555774008863419908e+02 1.598446154081572201e+00
1.881827880859375000e+03 3.563619001977915559e+02 1.599940152837137308e+00
1.881848693847656250e+03 3.590230540263937087e+02 1.599001068968949335e+00
1.881869567871093750e+03 3.574255777197666362e+02 1.599253632389133761e+00
1.881890380859375000e+03 3.598797872049527768e+02 1.599632998933651074e+00
1.881911193847656250e+03 3.591026733301516174e+02 1.600410084027682922e+00
1.881932067871093750e+03 3.590279206878802825e+02 1.599912137360917752e+00
1.881952880859375000e+03 3.616324626106566598e+02 1.601114126570720497e+00
1.881973693847656250e+03 3.578962667685239012e+02 1.601339780626703346e+00
1.881994567871093750e+03 3.640942362262383085e+02 1.607429884453769553e+00
1.882015380859375000e+03 3.585150468416892977e+02 1.605855110996072144e+00
1.882036193847656250e+03 3.616611305893472945e+02 1.607536895826874090e+00
1.882057067871093750e+03 3.609578473631382280e+02 1.607397772236327294e+00
1.882077880859375000e+03 3.584178549222514789e+02 1.599840904313037937e+00
1.882098693847656250e+03 3.580838639330239630e+02 1.599575391694877391e+00
1.882119567871093750e+03 3.595172308614719441e+02 1.600609993884769988e+00
1.882140380859375000e+03 3.609865301709936034e+02 1.598737802943633213e+00
1.882161193847656250e+03 3.622158394828682617e+02 1.602852427490482956e+00
1.882182067871093750e+03 3.590166342995337914e+02 1.610318990346753187e+00
1.882202880859375000e+03 3.624135801316541006e+02 1.600184224370950092e+00
1.882223693847656250e+03 3.622480477815043969e+02 1.602844990151643945e+00
1.882244567871093750e+03 3.621491854173164597e+02 1.615148096882348172e+00
1.882265380859375000e+03 3.627015239086356928e+02 1.600548623320961150e+00
1.882286193847656250e+03 3.598829257930842118e+02 1.602424873221661494e+00
1.882307067871093750e+03 3.600696372626134121e+02 1.601931199223961322e+00
1.882327880859375000e+03 3.596334468588924551e+02 1.601175326557445766e+00
1.882348693847656250e+03 3.612753745014169908e+02 1.601517541766081409e+00
1.882369567871093750e+03 3.628676134374559865e+02 1.612185496332528389e+00
1.882390380859375000e+03 3.648397904263565579e+02 1.601734133572003893e+00
1.882411193847656250e+03 3.645049443803741269e+02 1.601312608529704251e+00
1.882432067871093750e+03 3.609270637320128685e+02 1.599165224820445097e+00
1.882452880859375000e+03 3.630099042735731132e+02 1.604119915301607469e+00
1.882473693847656250e+03 3.626236591779062906e+02 1.605039441702532210e+00
1.882494567871093750e+03 3.608475609284208190e+02 1.602466012055700828e+00
1.882515380859375000e+03 3.637081122848878749e+02 1.603494437260103656e+00
1.882536193847656250e+03 3.656668547732039087e+02 1.600530524513638309e+00
1.882557067871093750e+03 3.649454560831301251e+02 1.601619514753064522e+00
1.882577880859375000e+03 3.640254994218363436e+02 1.602390205680750190e+00
1.882598693847656250e+03 3.641050155844019969e+02 1.600658552420652248e+00
1.882619567871093750e+03 3.646319967004764635e+02 1.600819708537645880e+00
1.882640380859375000e+03 3.648572367603794078e+02 1.600894695709780047e+00
1.882661193847656250e+03 3.647066937446280122e+02 1.601923906440742007e+00
1.882682067871093750e+03 3.680638468294034169e+02 1.602152571486232135e+00
1.882702880859375000e+03 3.639063555600892528e+02 1.602162616224746650e+00
1.882723693847656250e+03 3.632674768412547337e+02 1.600443155787363958e+00
1.882744567871093750e+03 3.656634348421779350e+02 1.602496884085591100e+00
1.882765380859375000e+03 3.665965977730605232e+02 1.602117302794477727e+00
1.882786193847656250e+03 3.669849273494642148e+02 1.606438040209603235e+00
1.882807067871093750e+03 3.642152693184338546e+02 1.601213072828206574e+00
1.882827880859375000e+03 3.688810705848858902e+02 1.602321835521004934e+00
1.882848693847656250e+03 3.684251066665926260e+02 1.603938206179194692e+00
1.882869567871093750e+03 3.651363900569108409e+02 1.600913907349523102e+00
1.882890380859375000e+03 3.690297839397593975e+02 1.604500657359339444e+00
1.882911254882812500e+03 3.664314474565558726e+02 1.604522500474458546e+00
1.882932067871093750e+03 3.665248921424276318e+02 1.603502838046610757e+00
1.882952941894531250e+03 3.686633389697177563e+02 1.602033220291972482e+00
1.882994567871093750e+03 3.654062634972146384e+02 1.608596094768014018e+00
1.883015441894531250e+03 3.706125471134993177e+02 1.601446603442833849e+00
1.883036254882812500e+03 3.663970059958158458e+02 1.604011858451558581e+00
1.883057067871093750e+03 3.709220656446286171e+02 1.603250944012676760e+00
1.883077941894531250e+03 3.706743628663072627e+02 1.602350255245281518e+00
1.883098754882812500e+03 3.720868327525997756e+02 1.602806836060772566e+00
1.883119567871093750e+03 3.712860295093700529e+02 1.601814510708118089e+00
1.883140441894531250e+03 3.718023642641667834e+02 1.602695789844269303e+00
1.883161254882812500e+03 3.710095442283891884e+02 1.602571569620978353e+00
1.883182067871093750e+03 3.732932827501940665e+02 1.602342592384965458e+00
1.883202941894531250e+03 3.740655945260190265e+02 1.603935158938661676e+00
1.883223754882812500e+03 3.713659759306580099e+02 1.602455820435734868e+00
1.883244567871093750e+03 3.696100166473222544e+02 1.602613671685480634e+00
1.883265441894531250e+03 3.724379232933262642e+02 1.608136265133697895e+00
1.883286254882812500e+03 3.755129120761545778e+02 1.602758863254115429e+00
1.883307067871093750e+03 3.712169977554013371e+02 1.605658749663353424e+00
1.883327941894531250e+03 3.731182346584039919e+02 1.601991995930767798e+00
1.883348754882812500e+03 3.741493438711950148e+02 1.603056940786777851e+00
1.883369567871093750e+03 3.762120326088453908e+02 1.602686492256722772e+00
1.883390441894531250e+03 3.790170634998956416e+02 1.602545534221964330e+00
1.883411254882812500e+03 3.740930534045176614e+02 1.603410352626904123e+00
1.883432067871093750e+03 3.747753076148341052e+02 1.603156808162070179e+00
1.883452941894531250e+03 3.785906580981423986e+02 1.607728949656805462e+00
1.883473754882812500e+03 3.783198336219057865e+02 1.606086853291615046e+00
1.883494567871093750e+03 3.767682788397752347e+02 1.603155172261143457e+00
1.883515441894531250e+03 3.766135694483307361e+02 1.602858451709645138e+00
1.883536254882812500e+03 3.759103313863342350e+02 1.602351445589226708e+00
1.883557067871093750e+03 3.811309192958499352e+02 1.609502694702736880e+00
1.883577941894531250e+03 3.773096330481554332e+02 1.605596087155708451e+00
1.883598754882812500e+03 3.813842385752105315e+02 1.606364573388980199e+00
1.883619567871093750e+03 3.808383048535457078e+02 1.605929640353407573e+00
1.883640441894531250e+03 3.752305814202654233e+02 1.601823069147052969e+00
1.883661254882812500e+03 3.814892910464675992e+02 1.606687282902205860e+00
1.883682067871093750e+03 3.808522450560823813e+02 1.606261714194958223e+00
1.883702941894531250e+03 3.795682837476588816e+02 1.606894053016448609e+00
1.883723754882812500e+03 3.840364773321358598e+02 1.608546293650807257e+00
1.887098754882812500e+03 3.875174831868908996e+02 1.651072705415332464e+00
1.887119567871093750e+03 3.874265022343262217e+02 1.651175949781130914e+00
1.887140441894531250e+03 3.876871567488442452e+02 1.647204186332018372e+00
1.887161254882812500e+03 3.884286036034209815e+02 1.648866064398374576e+00
1.887182067871093750e+03 3.862866365210123263e+02 1.648042459746470678e+00
1.887202941894531250e+03 3.886029460105343105e+02 1.645553959502216612e+00
1.887223754882812500e+03 3.856996408433938655e+02 1.644768342168222652e+00
1.887244567871093750e+03 3.858521144833967469e+02 1.644782185381217010e+00
1.887265441894531250e+03 3.872350838256529073e+02 1.644714925118029747e+00
1.887286254882812500e+03 3.878686040539675446e+02 1.641622766724297966e+00
1.887307067871093750e+03 3.872859052820684269e+02 1.643792500689821523e+00
1.887327941894531250e+03 3.879363725568323389e+02 1.640438178188416085e+00
1.887348754882812500e+03 3.829531942006025815e+02 1.643111098249907309e+00
1.887369567871093750e+03 3.826624670498563887e+02 1.637236956952306643e+00
1.887390441894531250e+03 3.888432574143806164e+02 1.640649413880850505e+00
1.887411254882812500e+03 3.865472724689719826e+02 1.635874382484723499e+00
1.887432128906250000e+03 3.851175545948061085e+02 1.634811273117529717e+00
1.887452941894531250e+03 3.877933753233323841e+02 1.636736375809404676e+00
1.887473815917968750e+03 3.859030220797836819e+02 1.635458449621647548e+00
1.887494628906250000e+03 3.863955804345145566e+02 1.635016455144641556e+00
1.887515441894531250e+03 3.825375475267327374e+02 1.630911710893029110e+00
1.887536315917968750e+03 3.854235618450236984e+02 1.630496705441157212e+00
1.887557128906250000e+03 3.819449426582435194e+02 1.629917992360185641e+00
1.887577941894531250e+03 3.831146824386522667e+02 1.630370362570965126e+00
1.887598815917968750e+03 3.835582185325799287e+02 1.630155893605662376e+00
1.887619628906250000e+03 3.828792983633130120e+02 1.628068594220895671e+00
1.887640441894531250e+03 3.818506344090964149e+02 1.632784026413291567e+00
1.887661315917968750e+03 3.820932083566628421e+02 1.627832438419507755e+00
1.887682128906250000e+03 3.821864178748591598e+02 1.629563599189583822e+00
1.887702941894531250e+03 3.844610665915459435e+02 1.626230214355583792e+00
1.887723815917968750e+03 3.826666668797470265e+02 1.624575706255961371e+00
1.887744628906250000e+03 3.810227633163625569e+02 1.627405879848697445e+00
1.887765441894531250e+03 3.840734509647527375e+02 1.624894652253003891e+00
1.887786315917968750e+03 3.853733554044403036e+02 1.625963365655904935e+00
1.887807128906250000e+03 3.806287012431983499e+02 1.624608065950196911e+00
1.887827941894531250e+03 3.806151046042771213e+02 1.622533099479030350e+00
1.887848815917968750e+03 3.815440469083217749e+02 1.622917675104509350e+00
1.887869628906250000e+03 3.773033803719500270e+02 1.625098738971718859e+00
1.887890441894531250e+03 3.768151926135000735e+02 1.621552551791848762e+00
1.887911315917968750e+03 3.802603255527117767e+02 1.621756471040298964e+00
1.887932128906250000e+03 3.802840279424627283e+02 1.632452236020081271e+00
1.887952941894531250e+03 3.798075051470684116e+02 1.620332028778017630e+00
1.887973815917968750e+03 3.767159483315129478e+02 1.631970640292394137e+00
1.887994628906250000e+03 3.794644337819805173e+02 1.619075318274516784e+00
1.888015441894531250e+03 3.782014017213658690e+02 1.619644289170805385e+00
1.888036315917968750e+03 3.755142396094879587e+02 1.620744856092347641e+00
1.888057128906250000e+03 3.771319910675150595e+02 1.621930818571098332e+00
1.888077941894531250e+03 3.793800188056097227e+02 1.618141519485022828e+00
1.888098815917968750e+03 3.777390351515119846e+02 1.619392182212258557e+00
1.888119628906250000e+03 3.743237040162389917e+02 1.617211604284243487e+00
1.888140441894531250e+03 3.733121360935353437e+02 1.617306322533168750e+00
1.888161315917968750e+03 3.755559856399973455e+02 1.616386178188422340e+00
1.888182128906250000e+03 3.757392240450092800e+02 1.618068584049510594e+00
1.888202941894531250e+03 3.763430939917661249e+02 1.615693217447697894e+00
1.888223815917968750e+03 3.720578538194059774e+02 1.615255334941849252e+00
1.888244628906250000e+03 3.763790303945885967e+02 1.615070597637952909e+00
1.888265441894531250e+03 3.731086508780630311e+02 1.615799165114923497e+00
1.888286315917968750e+03 3.733145421221376523e+02 1.617544973181547219e+00
1.888307128906250000e+03 3.705488841026798923e+02 1.614415322042784817e+00
1.888327941894531250e+03 3.736203047374411881e+02 1.615287290949463328e+00
1.888348815917968750e+03 3.703693575002325815e+02 1.614568386213785178e+00
1.888369628906250000e+03 3.698331727395386110e+02 1.614730811818183343e+00
1.888390441894531250e+03 3.721473777844850588e+02 1.614206635205656548e+00
1.888411315917968750e+03 3.688944890778016088e+02 1.612421725835145869e+00
1.888432128906250000e+03 3.660889578953230057e+02 1.622939123439854692e+00
1.888452941894531250e+03 3.680470898457392082e+02 1.611578608608607022e+00
1.888473815917968750e+03 3.692190770006307616e+02 1.615740215981944949e+00
1.888494628906250000e+03 3.665276614764856049e+02 1.610824672769761268e+00
1.888515441894531250e+03 3.675049343070037366e+02 1.612656146628760334e+00
1.888536315917968750e+03 3.672474924212350516e+02 1.614920386132437935e+00
1.888557128906250000e+03 3.669019699310637748e+02 1.610992655656247496e+00
1.888577941894531250e+03 3.688759334902420619e+02 1.611463654338170182e+00
1.888598815917968750e+03 3.676065294120052727e+02 1.611009452981522871e+00
1.888619628906250000e+03 3.671392742238801929e+02 1.609210033665382289e+00
1.888640441894531250e+03 3.693394835470741100e+02 1.610840879811731075e+00
1.888661315917968750e+03 3.673529273952158292e+02 1.609619714594211715e+00
1.888682128906250000e+03 3.646289452163661622e+02 1.611107125587941447e+00
1.888702941894531250e+03 3.653174005359933290e+02 1.609747019611412977e+00
1.888723815917968750e+03 3.679519742208933621e+02 1.610766503687183882e+00
1.888744628906250000e+03 3.668416567187181272e+02 1.608936212962148948e+00
1.888765441894531250e+03 3.639406580012713448e+02 1.608983853407902842e+00
1.888786315917968750e+03 3.656676227009835429e+02 1.608573195338640183e+00
1.888807128906250000e+03 3.636127298352720345e+02 1.608140342215196750e+00
1.888827941894531250e+03 3.683000477723634845e+02 1.612227643099772845e+00
1.888848815917968750e+03 3.617938351189658874e+02 1.610490801027277374e+00
1.888869628906250000e+03 3.608527894208646671e+02 1.607088779871781226e+00
1.888890441894531250e+03 3.625200136739421168e+02 1.607510792531377852e+00
1.888911315917968750e+03 3.628527461875661970e+02 1.610136870258797925e+00
1.888932128906250000e+03 3.642732587996862321e+02 1.612024219316800622e+00
1.888952941894531250e+03 3.623900595174089858e+02 1.607871751648098479e+00
1.888973815917968750e+03 3.618144757302316066e+02 1.619753511067344443e+00
1.888994628906250000e+03 3.613014503153168562e+02 1.607689280185930603e+00
1.889015441894531250e+03 3.585512296047415361e+02 1.610796476568399749e+00
1.889036315917968750e+03 3.584912052937470435e+02 1.605261424987752816e+00
1.889057128906250000e+03 3.612048782500029347e+02 1.607253296402971321e+00
1.889077941894531250e+03 3.627511174900980677e+02 1.605394124990672022e+00
1.889098815917968750e+03 3.594741610845447326e+02 1.607456359864179340e+00
1.889119628906250000e+03 3.593098832465280452e+02 1.607027285825506802e+00
1.889140441894531250e+03 3.577381079682974701e+02 1.607483650587124169e+00
1.889161315917968750e+03 3.608315172047521173e+02 1.607602745438979408e+00
1.889182128906250000e+03 3.588407558912617219e+02 1.604664696342886776e+00
1.889202941894531250e+03 3.556849659532036867e+02 1.604222317345460169e+00
1.889223815917968750e+03 3.574452943900563469e+02 1.607538082330234541e+00
1.889244628906250000e+03 3.574613970752631076e+02 1.604575546801797481e+00
1.889265441894531250e+03 3.570750616454820943e+02 1.610590429501228549e+00
1.889286315917968750e+03 3.570420502067601092e+02 1.605118019423327658e+00
1.889307128906250000e+03 3.583792073882418663e+02 1.612089885633608999e+00
1.889327941894531250e+03 3.567968821176282859e+02 1.607023205920139919e+00
1.889348815917968750e+03 3.573372430194650065e+02 1.605913903366819717e+00
1.889369628906250000e+03 3.560885988447069508e+02 1.603252505461226551e+00
1.889390441894531250e+03 3.569438112275278741e+02 1.605121881367137515e+00
1.889411315917968750e+03 3.559583227527367058e+02 1.603515848027351920e+00
1.889432128906250000e+03 3.556751023119882689e+02 1.603767180138944148e+00
1.889452941894531250e+03 3.562425881354695889e+02 1.611419564166882479e+00
1.889473815917968750e+03 3.541666794182334570e+02 1.604784817516546669e+00
1.889494628906250000e+03 3.525165086494403681e+02 1.602809067319160619e+00
1.889515441894531250e+03 3.557902492301486745e+02 1.603956786788879985e+00
1.889536315917968750e+03 3.571518943262994981e+02 1.609943844899901721e+00
1.889557128906250000e+03 3.551389396894995798e+02 1.604320031633575505e+00
1.889577941894531250e+03 3.548623433619192724e+02 1.601393081264002038e+00
1.889598815917968750e+03 3.525362981082028568e+02 1.604052287726386306e+00
1.889619628906250000e+03 3.554455287957586052e+02 1.602832420970562888e+00
1.889640441894531250e+03 3.577391395694259586e+02 1.605198598440638724e+00
1.889661315917968750e+03 3.547559078928996996e+02 1.603261130578196303e+00
1.889682128906250000e+03 3.529809285165209189e+02 1.601481812468222854e+00
1.889702941894531250e+03 3.502905313169216583e+02 1.604079636363906713e+00
1.889723815917968750e+03 3.514884680845034381e+02 1.600364571997788365e+00
1.889744628906250000e+03 3.518456527529505138e+02 1.605513077840939440e+00
1.889765441894531250e+03 3.497400943730251015e+02 1.601600311577277891e+00
1.889786315917968750e+03 3.505542444595643587e+02 1.602709773314375585e+00
1.889807128906250000e+03 3.557568367482152780e+02 1.607909340717793567e+00
1.889827941894531250e+03 3.503518332476663204e+02 1.603609591110980226e+00
1.889848815917968750e+03 3.517796301319869485e+02 1.602547617069451036e+00
1.889869628906250000e+03 3.520945065410277266e+02 1.608029960851391493e+00
1.889890441894531250e+03 3.516457101884505505e+02 1.603945638448898148e+00
1.889911315917968750e+03 3.522798435565941872e+02 1.602918841396304694e+00
1.889932128906250000e+03 3.525342177689506684e+02 1.600762814238299470e+00
1.889952941894531250e+03 3.504173351920278492e+02 1.610563043387834847e+00
1.889973815917968750e+03 3.488445140621287806e+02 1.599815048018429886e+00
1.889994628906250000e+03 3.457649413461281256e+02 1.599722721988627638e+00
1.890015441894531250e+03 3.505752114088486451e+02 1.600359357770974711e+00
1.890036315917968750e+03 3.501120717910242774e+02 1.601344023898858104e+00
1.890057128906250000e+03 3.510783127118642142e+02 1.602356058163662000e+00
1.890077941894531250e+03 3.475347482692260428e+02 1.599789638399604419e+00
1.890098815917968750e+03 3.510666985800501152e+02 1.600356676161998282e+00
1.890119628906250000e+03 3.503906597014176896e+02 1.600441591597911106e+00
1.890140441894531250e+03 3.504359607497551679e+02 1.604590999743779056e+00
1.890161315917968750e+03 3.481151790158381800e+02 1.601116434641863817e+00
1.890182128906250000e+03 3.479088071212057116e+02 1.601167062462272472e+00
1.890202941894531250e+03 3.525766191572578805e+02 1.602291257715460215e+00
1.890223815917968750e+03 3.494641888627788830e+02 1.603794236320112532e+00
1.890244628906250000e+03 3.503199934878260819e+02 1.600808240477719524e+00
1.890265441894531250e+03 3.493433228312051142e+02 1.599822499443023016e+00
1.890286315917968750e+03 3.464000933807445222e+02 1.606311437715776114e+00
1.890307128906250000e+03 3.472197867039070047e+02 1.599948795810571589e+00
1.890327941894531250e+03 3.522257323873012638e+02 1.600655945788197698e+00
1.890348815917968750e+03 3.500109629021763453e+02 1.600143995361962501e+00
1.890369628906250000e+03 3.502266791301368585e+02 1.599731068063492856e+00
1.890390441894531250e+03 3.454486167576975504e+02 1.600709418141501583e+00
1.890411315917968750e+03 3.517190806109107371e+02 1.602150116096127785e+00
1.890432128906250000e+03 3.484082684275331303e+02 1.600938926813791685e+00
1.890452941894531250e+03 3.472989778777703123e+02 1.599823468125670889e+00
1.890473815917968750e+03 3.469125029055936693e+02 1.599497286976418131e+00
1.890494628906250000e+03 3.501425821894470687e+02 1.600265647769962385e+00
1.890515441894531250e+03 3.477993421111684711e+02 1.602015956789668127e+00
1.890536315917968750e+03 3.480203426552691326e+02 1.599764600961078642e+00
1.890557128906250000e+03 3.473517098557912277e+02 1.606134429811330033e+00
1.890577941894531250e+03 3.471905764847995215e+02 1.610583768057046061e+00
1.890598815917968750e+03 3.511192418714808809e+02 1.602160012039326897e+00
1.890619628906250000e+03 3.494527752728623113e+02 1.601954491258218649e+00
1.890640441894531250e+03 3.470179976645890747e+02 1.600564264100706291e+00
1.890661315917968750e+03 3.491975168338335038e+02 1.602168791847535134e+00
1.890682128906250000e+03 3.496485470274957947e+02 1.609410850347817501e+00
1.890702941894531250e+03 3.447756133015710134e+02 1.602591133085338848e+00
1.890723815917968750e+03 3.502202183642502291e+02 1.604664473475209574e+00
1.890744628906250000e+03 3.455172306286068533e+02 1.598851062601732931e+00
1.890765441894531250e+03 3.504415327966434575e+02 1.602082703006985742e+00
1.890786315917968750e+03 3.487283183260661303e+02 1.599603189496015432e+00
1.890807128906250000e+03 3.500187601887400888e+02 1.602031732066342418e+00
1.890827941894531250e+03 3.449949434391554064e+02 1.599259372003312585e+00
1.890848815917968750e+03 3.458200139873486023e+02 1.598647353491252199e+00
1.890869628906250000e+03 3.456044781950432139e+02 1.597865606268881855e+00
1.890890441894531250e+03 3.499068330958673414e+02 1.600887919456265518e+00
1.890911315917968750e+03 3.507342158782663546e+02 1.599765197095121216e+00
1.890932128906250000e+03 3.470145841158420694e+02 1.600923215231606633e+00
1.890952941894531250e+03 3.501578233617178171e+02 1.599864226779390775e+00
1.890973815917968750e+03 3.480779964852479225e+02 1.599132573909173294e+00
1.890994628906250000e+03 3.526533245327423742e+02 1.603052404592980817e+00
1.891015441894531250e+03 3.489830209993862127e+02 1.600348556818531609e+00
1.891036315917968750e+03 3.465827207119439208e+02 1.599082254418603855e+00
1.891057128906250000e+03 3.478903215441881684e+02 1.598813558810845858e+00
1.891077941894531250e+03 3.487922703066922168e+02 1.599712885487349689e+00
1.891098815917968750e+03 3.492184647936322790e+02 1.604611727254387832e+00
1.891119628906250000e+03 3.504977331321948668e+02 1.599131828446794135e+00
1.891140441894531250e+03 3.469658614737284665e+02 1.601560267004922045e+00
1.891161315917968750e+03 3.487532417289811519e+02 1.605311402269804510e+00
1.891182128906250000e+03 3.460221965946849991e+02 1.600590927553806164e+00
1.891202941894531250e+03 3.506128300541408862e+02 1.603319274552555740e+00
1.891223815917968750e+03 3.464402350147026937e+02 1.602572834186730910e+00
1.891244628906250000e+03 3.508395258243593844e+02 1.601950324018178939e+00
1.891265441894531250e+03 3.474108511052946824e+02 1.599942090059380595e+00
1.891286315917968750e+03 3.484257092028258853e+02 1.599858042260735358e+00
1.891307128906250000e+03 3.471583098269110224e+02 1.599088665582458324e+00
1.891327941894531250e+03 3.469012645582539562e+02 1.599466058927252909e+00
1.891348815917968750e+03 3.454467427874014902e+02 1.598385595409298698e+00
1.891369628906250000e+03 3.484065848494902298e+02 1.600028517588151233e+00
1.891390441894531250e+03 3.502066538530922344e+02 1.599151881263741970e+00
1.891411315917968750e+03 3.489318085999661321e+02 1.599818922763549534e+00
1.891432128906250000e+03 3.478472214081214133e+02 1.600058542611086709e+00
1.891452941894531250e+03 3.482770488052093469e+02 1.601529972397389256e+00
1.891494628906250000e+03 3.464397822811172318e+02 1.598075606470855448e+00
1.891515441894531250e+03 3.487891409373341958e+02 1.599404420869018795e+00
1.891536315917968750e+03 3.490454231758344577e+02 1.602558403200627701e+00
1.891557128906250000e+03 3.477533952317816670e+02 1.603726372013285051e+00
1.891577941894531250e+03 3.463442442880009935e+02 1.601927776084952182e+00
1.891598815917968750e+03 3.495056680004208260e+02 1.603404181786073357e+00
1.891619628906250000e+03 3.462640329705500335e+02 1.600089461090548504e+00
1.891640441894531250e+03 3.478588486862887521e+02 1.598576884377893803e+00
1.891661315917968750e+03 3.471905063696857496e+02 1.600510340005638854e+00
1.891682128906250000e+03 3.506051188276098856e+02 1.599675774506156056e+00
1.891702941894531250e+03 3.474628662394505909e+02 1.600975040529539095e+00
1.891723815917968750e+03 3.500174067663311916e+02 1.599242004016746321e+00
1.891744628906250000e+03 3.477921924849296715e+02 1.599588508143810817e+00
1.891765441894531250e+03 3.419552730468458321e+02 1.605791416832004881e+00
1.891786315917968750e+03 3.467325694298152143e+02 1.599243196674215772e+00
1.891807128906250000e+03 3.487829301742995654e+02 1.600447326951763838e+00
1.891827941894531250e+03 3.486909608216516290e+02 1.600719546408321259e+00
1.891848815917968750e+03 3.465848521680195518e+02 1.598586205867460253e+00
1.891869628906250000e+03 3.481720317488279193e+02 1.599520838037416182e+00
1.891890441894531250e+03 3.464000729971823489e+02 1.598696493606029279e+00
1.891911315917968750e+03 3.463478254275570976e+02 1.598785150781293796e+00
1.891932128906250000e+03 3.487886954639748751e+02 1.599015233852971063e+00
1.891952941894531250e+03 3.483528422396863675e+02 1.598466513809489786e+00
1.891973815917968750e+03 3.465910747654503439e+02 1.599339948048706272e+00
1.891994628906250000e+03 3.459346315559672007e+02 1.596636756996441697e+00
1.892015441894531250e+03 3.472516575542068722e+02 1.599947827203802797e+00
1.892036315917968750e+03 3.462792803985643104e+02 1.599780472954182464e+00
1.892057128906250000e+03 3.470918895980209413e+02 1.598934268666779124e+00
1.892077941894531250e+03 3.460781441207079752e+02 1.598045245803602965e+00
1.892098815917968750e+03 3.441452716725416963e+02 1.598235978803587365e+00
1.892119628906250000e+03 3.475515093486842488e+02 1.597062949748758287e+00
1.892140441894531250e+03 3.432211196994761053e+02 1.600048633670768883e+00
1.892161315917968750e+03 3.447089021260575237e+02 1.605736703161056766e+00
1.892182128906250000e+03 3.483977253980145292e+02 1.597444403670435387e+00
1.892202941894531250e+03 3.453009491936933273e+02 1.607507826220978098e+00
1.892223815917968750e+03 3.488168509112809943e+02 1.597300296294265509e+00
1.892244628906250000e+03 3.475861008041420064e+02 1.598803045661894240e+00
1.892265441894531250e+03 3.458169947554160331e+02 1.601165647883147525e+00
1.892286315917968750e+03 3.461033739009931764e+02 1.600451498105292636e+00
1.892307128906250000e+03 3.450728807792553994e+02 1.597304251771227257e+00
1.892327941894531250e+03 3.443325536117696970e+02 1.596104621570101356e+00
1.892348815917968750e+03 3.448320433329112689e+02 1.600462894237188571e+00
1.892369628906250000e+03 3.420814307194821140e+02 1.597267010194434844e+00
1.892390441894531250e+03 3.460768833183233824e+02 1.595737713703881067e+00
1.892411315917968750e+03 3.465556886008420747e+02 1.597666994539053809e+00
1.892432128906250000e+03 3.434822684893108544e+02 1.597006892003694389e+00
1.892452941894531250e+03 3.470475914719616526e+02 1.597098852543809455e+00
1.892473815917968750e+03 3.440174450834098820e+02 1.595534653098732214e+00
1.892494628906250000e+03 3.431529616364815070e+02 1.594976289985479578e+00
1.892536315917968750e+03 3.418398279440030478e+02 1.596547383184391933e+00
1.892557128906250000e+03 3.477828100978420025e+02 1.595526434502164692e+00
1.892577941894531250e+03 3.413708600168565681e+02 1.599149793993405178e+00
1.892598815917968750e+03 3.410646963345534459e+02 1.595083464229466674e+00
1.892619628906250000e+03 3.389316562403442958e+02 1.596386766541642910e+00
1.892640441894531250e+03 3.425740690694630075e+02 1.599962728781514576e+00
1.892661315917968750e+03 3.432793937398306525e+02 1.598191822073756097e+00
1.892682128906250000e+03 3.432670414359871529e+02 1.599093585760541947e+00
1.892702941894531250e+03 3.455214215647778246e+02 1.597358731872457138e+00
1.892723815917968750e+03 3.423844575505683565e+02 1.595371618118892165e+00
1.892744628906250000e+03 3.437224416402489737e+02 1.607281109751925507e+00
1.892765441894531250e+03 3.448838323278010307e+02 1.601024481491486462e+00
1.892786315917968750e+03 3.398754562399684005e+02 1.596351519816342490e+00
1.892807128906250000e+03 3.408173081048239510e+02 1.604671456647717376e+00
1.892827941894531250e+03 3.420364204106002148e+02 1.597274100341104175e+00
1.892848815917968750e+03 3.400860096185649013e+02 1.598628189182761838e+00
1.892869628906250000e+03 3.429476462990153323e+02 1.598459578107124690e+00
1.892890441894531250e+03 3.426567579731163846e+02 1.598091271454419759e+00
1.892911315917968750e+03 3.423037166088495269e+02 1.595359886728500154e+00
1.892932128906250000e+03 3.409335566614376489e+02 1.603039019028264178e+00
1.892952941894531250e+03 3.403000192631658933e+02 1.594584377512088702e+00
1.892973815917968750e+03 3.417252575235644940e+02 1.600466022572925695e+00
1.892994628906250000e+03 3.421892985982123605e+02 1.594863502617067441e+00
1.893015441894531250e+03 3.393290306955253754e+02 1.594671618700046478e+00
1.893036315917968750e+03 3.394164670545814602e+02 1.595992212711543567e+00
1.893057128906250000e+03 3.419775039602350830e+02 1.595264762141750836e+00
1.893077941894531250e+03 3.404563865294504694e+02 1.597026225056835891e+00
1.893098815917968750e+03 3.412758900564826945e+02 1.599457711469552734e+00
1.893119628906250000e+03 3.394986125471526179e+02 1.594568379038568295e+00
1.893140441894531250e+03 3.408313547898397360e+02 1.595397920030966921e+00
1.893161315917968750e+03 3.403120030549798116e+02 1.596654153322204284e+00
1.893182128906250000e+03 3.392247166168655212e+02 1.594211436771501900e+00
1.893202941894531250e+03 3.407978348952556189e+02 1.595196759156748856e+00
1.893223815917968750e+03 3.403125882836025653e+02 1.595367433683808844e+00
1.893244628906250000e+03 3.409241028254538151e+02 1.597337014684961920e+00
1.893265441894531250e+03 3.384164842863875720e+02 1.595475179390117182e+00
1.893286315917968750e+03 3.412564720445390094e+02 1.598417739522284942e+00
1.893307128906250000e+03 3.409850584134060796e+02 1.595851783878182717e+00
1.893327941894531250e+03 3.401336631541659585e+02 1.594254507359041284e+00
1.893348815917968750e+03 3.374376621719766263e+02 1.595474506936013226e+00
1.893369628906250000e+03 3.391979153987448399e+02 1.595485938617234423e+00
1.893390441894531250e+03 3.392153893467017838e+02 1.596913582471958026e+00
1.893411315917968750e+03 3.416128427684328699e+02 1.596999651379150009e+00
1.893432128906250000e+03 3.411490856984498237e+02 1.598385297085036960e+00
1.893452941894531250e+03 3.376171207275401684e+02 1.594650836742149247e+00
1.893473815917968750e+03 3.410545682508707159e+02 1.597355746709548940e+00
1.893494628906250000e+03 3.378393382555779567e+02 1.596178635306626958e+00
1.893515441894531250e+03 3.402728239668128936e+02 1.595290766912635272e+00
1.893536315917968750e+03 3.375404219395055065e+02 1.593829882246684537e+00
1.893557128906250000e+03 3.386654031077102900e+02 1.595302722986881916e+00
1.893577941894531250e+03 3.408768226764454994e+02 1.595765204838731632e+00
1.893598815917968750e+03 3.404657320438137162e+02 1.597885749580794990e+00
1.893619628906250000e+03 3.407296295539091489e+02 1.594897960041627982e+00
1.893640441894531250e+03 3.412422017287583458e+02 1.594578845347812024e+00
1.893661315917968750e+03 3.401641464725938135e+02 1.594112654171612631e+00
1.893682128906250000e+03 3.375022176976711421e+02 1.598442574322384679e+00
1.893702941894531250e+03 3.388536369812559883e+02 1.594295408384966750e+00
1.893723815917968750e+03 3.386728708453403556e+02 1.598070160988220856e+00
1.893744628906250000e+03 3.391201385534356518e+02 1.593763687972585164e+00
1.893765441894531250e+03 3.405731191323723692e+02 1.593428934706062172e+00
1.893786315917968750e+03 3.395461953560119923e+02 1.594426179944445243e+00
1.893807128906250000e+03 3.389828356164987326e+02 1.595395678407636408e+00
1.893827941894531250e+03 3.420086026563203632e+02 1.599067717382087528e+00
1.893848815917968750e+03 3.402688749162067552e+02 1.599200036815740189e+00
1.893869628906250000e+03 3.400747122803333582e+02 1.594754968076012913e+00
1.893890441894531250e+03 3.393214851581570883e+02 1.594371823943596223e+00
1.893911315917968750e+03 3.382920440333857073e+02 1.595163802821143006e+00
1.893932128906250000e+03 3.370562005090971525e+02 1.594464908399118919e+00
1.893952941894531250e+03 3.370470665150313607e+02 1.593132722281427771e+00
1.893973815917968750e+03 3.400439855910233860e+02 1.595023525267836639e+00
1.893994628906250000e+03 3.389588943071994436e+02 1.597770183203564009e+00
1.894015441894531250e+03 3.386243075297616087e+02 1.597164833954428875e+00
1.894036315917968750e+03 3.378211005392496418e+02 1.597111616128872535e+00
1.894057128906250000e+03 3.389181783295728110e+02 1.593259923047180004e+00
1.894077941894531250e+03 3.385860959487185369e+02 1.595596814203608327e+00
1.894098815917968750e+03 3.418830080718805107e+02 1.598111784891174780e+00
1.894119628906250000e+03 3.405450835959489950e+02 1.599406582340511473e+00
1.894140441894531250e+03 3.412530264386780914e+02 1.594321877593853243e+00
1.894161315917968750e+03 3.371776721488299131e+02 1.593039634814975569e+00
1.894182128906250000e+03 3.387238575386109005e+02 1.594040264549642094e+00
1.894202941894531250e+03 3.410646525482076186e+02 1.594838163602083192e+00
1.894223815917968750e+03 3.364754807533728354e+02 1.593566509978627810e+00
1.894244628906250000e+03 3.381818305299250937e+02 1.593466789663192662e+00
1.894265441894531250e+03 3.395166357827887964e+02 1.595264164325941314e+00
1.894286315917968750e+03 3.382140543776561685e+02 1.595246678114401906e+00
1.894307128906250000e+03 3.369533580899789627e+02 1.597632746068897269e+00
1.894327941894531250e+03 3.390465119476078826e+02 1.594584377512088702e+00
1.894348815917968750e+03 3.407002881534058929e+02 1.593161380752003087e+00
1.894369628906250000e+03 3.377867934364174403e+02 1.593103763982032905e+00
1.894390441894531250e+03 3.421383165906042336e+02 1.597642296914353333e+00
1.894411315917968750e+03 3.392117348156973549e+02 1.595581199442282161e+00
1.894432128906250000e+03 3.384496487633091419e+02 1.594215624240800766e+00
1.894452941894531250e+03 3.361995855804580060e+02 1.599738221807292193e+00
1.894473815917968750e+03 3.369846667534490052e+02 1.594005115510397363e+00
1.894494628906250000e+03 3.393462438279596540e+02 1.597930586189343583e+00
1.894515441894531250e+03 3.386371026468164587e+02 1.596205222652615552e+00
1.894536315917968750e+03 3.414764679287551417e+02 1.594585199859194002e+00
1.894557128906250000e+03 3.406989590764938498e+02 1.596858863226472414e+00
1.894577941894531250e+03 3.402339029195003945e+02 1.596771442914988182e+00
1.894598815917968750e+03 3.386888768771498803e+02 1.597726908942348478e+00
1.894619628906250000e+03 3.406707594338116678e+02 1.594440609768204231e+00
1.894640441894531250e+03 3.385040553780847290e+02 1.594453469397463685e+00
1.894661315917968750e+03 3.400489725226358360e+02 1.594438516330368927e+00
1.894682128906250000e+03 3.409474087753459344e+02 1.596017234637485904e+00
1.894702941894531250e+03 3.411654690760040012e+02 1.593290000802460415e+00
1.894723815917968750e+03 3.386520971275382976e+02 1.593717911341139937e+00
1.894744628906250000e+03 3.415566893880290422e+02 1.594482926529404487e+00
1.894765441894531250e+03 3.409110444358288419e+02 1.595652323816493690e+00
1.894786315917968750e+03 3.405806909532528834e+02 1.593814848534195638e+00
1.894807128906250000e+03 3.400690114678802729e+02 1.594395525481304476e+00
1.894827941894531250e+03 3.393054296923032780e+02 1.594674907905967887e+00
1.894848815917968750e+03 3.373072831596812762e+02 1.594697035114921446e+00
1.894869628906250000e+03 3.389467483293995542e+02 1.593671235774871464e+00
1.894890441894531250e+03 3.386311173393566492e+02 1.593473447853167579e+00
1.894911315917968750e+03 3.369894683891594127e+02 1.593172754205786745e+00
1.894932128906250000e+03 3.402640659249022974e+02 1.593610869673921071e+00
1.894952941894531250e+03 3.399694628127058991e+02 1.594373244550419733e+00
1.894973815917968750e+03 3.377461846579595885e+02 1.594557912660626187e+00
1.894994628906250000e+03 3.421676996037393224e+02 1.593595609479623976e+00
1.895015441894531250e+03 3.403953986325277583e+02 1.594579966734013698e+00
1.895036315917968750e+03 3.405810019568220923e+02 1.595669506750746258e+00
1.895057128906250000e+03 3.380608245007629193e+02 1.599472319491938910e+00
1.895077941894531250e+03 3.380084078298388590e+02 1.600361368974758447e+00
1.895098815917968750e+03 3.384912215716396418e+02 1.592487583201821266e+00
1.895119628906250000e+03 3.373127196133733605e+02 1.593770045734076213e+00
1.895140441894531250e+03 3.409425823556615001e+02 1.595855593546832152e+00
1.895161315917968750e+03 3.397922717982481799e+02 1.594408011638650313e+00
1.895182128906250000e+03 3.393277375816882113e+02 1.593377013598664904e+00
1.895202941894531250e+03 3.414433134878784131e+02 1.593152850608381410e+00
1.895223815917968750e+03 3.398597181428384602e+02 1.594122749570509701e+00
1.895244628906250000e+03 3.424772304009937898e+02 1.600428482140496378e+00
1.895265441894531250e+03 3.421088681157973497e+02 1.594620261354904533e+00
1.895286315917968750e+03 3.416327421532591870e+02 1.594135611763894955e+00
1.895307128906250000e+03 3.386184027166053170e+02 1.592737287512243860e+00
1.895327941894531250e+03 3.417546817218516821e+02 1.596041808027725883e+00
1.895348815917968750e+03 3.455580919975134293e+02 1.594352010084902016e+00
1.895369628906250000e+03 3.383167513533358601e+02 1.593975574760971847e+00
1.895390441894531250e+03 3.400032086848542576e+02 1.593634507725616212e+00
1.895411315917968750e+03 3.399211249809905553e+02 1.606641800293607369e+00
1.895432128906250000e+03 3.384981813871186773e+02 1.593957775260293364e+00
1.895452941894531250e+03 3.397726388475975909e+02 1.597969378912046601e+00
1.895473815917968750e+03 3.404838570121657426e+02 1.595686764207168151e+00
1.895494628906250000e+03 3.432864200752239299e+02 1.597692512529712561e+00
1.895515441894531250e+03 3.422560618940368045e+02 1.594097024872398238e+00
1.895536315917968750e+03 3.412131481953720140e+02 1.593852170773391697e+00
1.895557128906250000e+03 3.401311162843713305e+02 1.593089845852394992e+00
1.895577941894531250e+03 3.408970822183115388e+02 1.594929202789581835e+00
1.895598815917968750e+03 3.415312209116165150e+02 1.593043301546384960e+00
1.895619628906250000e+03 3.400354241337565782e+02 1.595177329199994665e+00
1.895640441894531250e+03 3.418164986957507949e+02 1.593248699858700768e+00
1.895661315917968750e+03 3.408805511996015980e+02 1.593410455773859313e+00
1.895682128906250000e+03 3.386313340826189915e+02 1.593431029470278260e+00
1.895702941894531250e+03 3.390478289150682372e+02 1.594612112803129866e+00
1.895723815917968750e+03 3.399059209289590058e+02 1.593220716364451617e+00
1.895744628906250000e+03 3.398432139380561239e+02 1.593268003693932400e+00
1.895765441894531250e+03 3.368822074462568139e+02 1.593569427433285224e+00
1.895786315917968750e+03 3.410499426206504268e+02 1.592344973697216393e+00
1.895807128906250000e+03 3.405586480950204873e+02 1.600664957270940159e+00
1.895827941894531250e+03 3.428565420608267686e+02 1.597965872685438216e+00
1.895848815917968750e+03 3.379094317837512449e+02 1.595749517020885078e+00
1.895869628906250000e+03 3.404607303177572248e+02 1.592437877191902995e+00
1.895890441894531250e+03 3.420008389947035425e+02 1.595555199404942170e+00
1.895911315917968750e+03 3.411746231679923653e+02 1.604140723212706510e+00
1.895932128906250000e+03 3.410356436456787605e+02 1.594539297290103574e+00
1.895952941894531250e+03 3.405504961907137726e+02 1.592737811430969375e+00
1.895973815917968750e+03 3.451378297937205275e+02 1.593027137932282900e+00
1.895994628906250000e+03 3.404611440908543614e+02 1.592359796697169649e+00
1.896015441894531250e+03 3.412931791434267552e+02 1.594256900135342159e+00
1.896036315917968750e+03 3.421460981000284391e+02 1.593810061650703158e+00
1.896057128906250000e+03 3.424087131926620486e+02 1.597669755277003389e+00
1.896077941894531250e+03 3.417801704395319575e+02 1.595247275936764186e+00
1.896098815917968750e+03 3.432706598623440755e+02 1.598028386805635304e+00
1.896119628906250000e+03 3.431324631002125898e+02 1.592779125622123981e+00
1.896140441894531250e+03 3.408395225529019967e+02 1.592573067921629670e+00
1.896161315917968750e+03 3.422224883600160297e+02 1.597056605096069060e+00
1.896182128906250000e+03 3.430002527197101472e+02 1.593199242066306809e+00
1.896202941894531250e+03 3.438666381991786807e+02 1.595831017289170095e+00
1.896223815917968750e+03 3.437727295450821430e+02 1.593029981542948503e+00
1.896244628906250000e+03 3.425025993496866477e+02 1.593076675897329819e+00
1.896265441894531250e+03 3.432046408430947508e+02 1.598925620209330489e+00
1.896286315917968750e+03 3.417609236187902866e+02 1.593091267602396499e+00
1.896307128906250000e+03 3.438411177635546778e+02 1.592744921739488229e+00
1.896327941894531250e+03 3.425093827923064396e+02 1.592342353455600490e+00
1.896348815917968750e+03 3.386858157529980531e+02 1.595985863802265925e+00
1.896369628906250000e+03 3.470044803823290067e+02 1.595520830889323616e+00
1.896390441894531250e+03 3.443004883068695108e+02 1.594287033854483893e+00
1.896411315917968750e+03 3.435172795987853647e+02 1.592607874308234583e+00
1.896432128906250000e+03 3.454343742050402852e+02 1.594599030178784238e+00
1.896452941894531250e+03 3.421827515829065192e+02 1.596073252452472557e+00
1.896473815917968750e+03 3.434960697269724506e+02 1.593452351020812507e+00
1.896494628906250000e+03 3.439918063817764278e+02 1.595739133094721263e+00
1.896515441894531250e+03 3.425937894152569356e+02 1.595019713611810719e+00
1.896536315917968750e+03 3.420389971137735756e+02 1.592590433783797055e+00
1.896557128906250000e+03 3.471297110540570543e+02 1.593330477681387469e+00
1.896577941894531250e+03 3.439897478169345959e+02 1.597914695821422759e+00
1.896598815917968750e+03 3.405518751200144720e+02 1.593258351805552087e+00
1.896619628906250000e+03 3.444971185103805169e+02 1.598044276043054435e+00
1.896640441894531250e+03 3.445167631982274656e+02 1.596602785084199727e+00
1.896661315917968750e+03 3.444544821555930412e+02 1.596137185049557372e+00
1.896682128906250000e+03 3.444429347821117062e+02 1.597993623885514580e+00
1.896702941894531250e+03 3.464137805928628495e+02 1.604847214577780790e+00
1.896723815917968750e+03 3.466986247400693060e+02 1.598455923800225165e+00
1.896744628906250000e+03 3.411236759844568383e+02 1.591973754791077944e+00
1.896765441894531250e+03 3.446891141265820693e+02 1.592739008958837355e+00
1.896786315917968750e+03 3.490052685352532649e+02 1.596089011776725464e+00
1.896807128906250000e+03 3.467274166410025487e+02 1.595105735239783051e+00
1.896827941894531250e+03 3.454655538684611997e+02 1.593496339844640675e+00
1.896848815917968750e+03 3.454883039688000963e+02 1.593764809932338267e+00
1.896869628906250000e+03 3.483952778841226632e+02 1.596590017431399611e+00
1.896890441894531250e+03 3.478139626876856028e+02 1.593550052442050280e+00
1.896911315917968750e+03 3.486730629279211939e+02 1.597879258985796191e+00
1.896932128906250000e+03 3.450019519705646189e+02 1.597321118412110996e+00
1.896952941894531250e+03 3.470745976386600660e+02 1.594046471639882556e+00
1.896973815917968750e+03 3.510199702042090166e+02 1.598101640097180587e+00
1.896994628906250000e+03 3.505617020201676723e+02 1.598133118586083201e+00
1.897015441894531250e+03 3.480372155368262383e+02 1.593957775260293364e+00
1.897036315917968750e+03 3.486524764138899855e+02 1.595392913734524409e+00
1.897057128906250000e+03 3.497117870631150254e+02 1.594433806085189920e+00
1.897077941894531250e+03 3.498419359659852717e+02 1.594383113994460865e+00
1.897098754882812500e+03 3.476728046978447537e+02 1.597336268384611291e+00
1.897119567871093750e+03 3.505077060391679993e+02 1.595275746967371289e+00
1.897140441894531250e+03 3.501854086795391936e+02 1.597388956332715049e+00
1.897161254882812500e+03 3.517960748589297850e+02 1.595845135611108523e+00
1.897182067871093750e+03 3.483474241574218695e+02 1.593779544930460368e+00
1.897202941894531250e+03 3.530036755256835477e+02 1.595925585252435885e+00
1.897223754882812500e+03 3.514765538328419439e+02 1.594779710415456631e+00
1.897244567871093750e+03 3.487079312013753452e+02 1.597192748346066837e+00
1.897265441894531250e+03 3.524546829069657292e+02 1.592640733833220468e+00
1.897286254882812500e+03 3.528664098793664721e+02 1.599493262393327564e+00
1.897307067871093750e+03 3.504118211949499369e+02 1.600012052013782604e+00
1.897327941894531250e+03 3.512247432810968917e+02 1.592721944101714415e+00
1.897348754882812500e+03 3.495171252498258241e+02 1.594281052020063427e+00
1.897369567871093750e+03 3.502773345333303041e+02 1.597465298533943701e+00
1.897390441894531250e+03 3.522841647264470453e+02 1.594498178231606333e+00
1.897411254882812500e+03 3.532677848295365379e+02 1.597716314030823037e+00
1.897432067871093750e+03 3.547936421630664654e+02 1.593834145512477596e+00
1.897452941894531250e+03 3.550769261361982103e+02 1.595774990970801444e+00
1.897473754882812500e+03 3.543283330030053548e+02 1.598330255305906666e+00
1.897494567871093750e+03 3.558417013374297539e+02 1.595825340045136542e+00
1.897515441894531250e+03 3.562225882676230526e+02 1.594966797916589574e+00
1.897536254882812500e+03 3.541246835391111745e+02 1.594724768446633245e+00
1.897557067871093750e+03 3.577829251172699969e+02 1.602835916551526907e+00
1.897577941894531250e+03 3.554794072280183741e+02 1.594870005485200082e+00
1.897598754882812500e+03 3.570286644209714382e+02 1.595027710605137594e+00
1.897619567871093750e+03 3.575036497433684985e+02 1.595629537466122017e+00
1.897640441894531250e+03 3.575186032659151465e+02 1.596762036174409705e+00
1.897661254882812500e+03 3.567260311734927996e+02 1.593101294645324906e+00
1.897682067871093750e+03 3.594544849826382915e+02 1.594334738180785971e+00
1.897702941894531250e+03 3.594364052708224904e+02 1.605086232302056271e+00
1.897723754882812500e+03 3.581706260121985679e+02 1.594697707896870709e+00
1.897744567871093750e+03 3.588665090263972388e+02 1.594401133049094810e+00
1.897765441894531250e+03 3.626881161505847899e+02 1.595795534182595121e+00
