1.410932871774290561e+03 2.019826501723731099e+03 1.321025497866174181e+00
1.410953705361758466e+03 2.019819920181598945e+03 1.322075383574906615e+00
1.411016206112521104e+03 2.019772834584701059e+03 1.319820876828223577e+00
1.411037039692539111e+03 2.016569362434016739e+03 1.318952684058466884e+00
1.411057873270693563e+03 2.020180205443733257e+03 1.319837450870707141e+00
1.411078706846985369e+03 2.016842379475038570e+03 1.318953994593606405e+00
1.411099540421880192e+03 2.015143882647042346e+03 1.320771086917822412e+00
1.411120373994446936e+03 2.017425321515392397e+03 1.319295999754050985e+00
1.411141207565151035e+03 2.018612053180482008e+03 1.319477200798645500e+00
1.411162041133993171e+03 2.018078033260430630e+03 1.319856779463898455e+00
1.411182874701437413e+03 2.016908753184416810e+03 1.318882681513226851e+00
1.411203708266553804e+03 2.015453247413833424e+03 1.320316562984918951e+00
1.411224541829807094e+03 2.015089571352865505e+03 1.318449025814638631e+00
1.411245375391664084e+03 2.015607298670956652e+03 1.318711659023252825e+00
1.411266208951658427e+03 2.019169024035774555e+03 1.319487093632158548e+00
1.411287042509789899e+03 2.019348480041543326e+03 1.319500554994247343e+00
1.411307876066058498e+03 2.018382587562403614e+03 1.319409123444307719e+00
1.411328709620464451e+03 2.017836637584317259e+03 1.319302098922430444e+00
1.411349543173008442e+03 2.016849991709930919e+03 1.319303860899157188e+00
1.411370376724154994e+03 2.015954380574321249e+03 1.320468329087744364e+00
1.411391210273438446e+03 2.016276645820516251e+03 1.319173694181409617e+00
1.411412043820858798e+03 2.017682588361019270e+03 1.319452897541117498e+00
1.411432877366417870e+03 2.018865502264178076e+03 1.320660246249181657e+00
1.411453710910579957e+03 2.013377041314261760e+03 1.317646879590096409e+00
1.411474544452878945e+03 2.013490362894924829e+03 1.317870505786155499e+00
1.411495377993314833e+03 2.015538130280385985e+03 1.318542467754858283e+00
1.411516211532355101e+03 2.017162413009876445e+03 1.318609007760560559e+00
1.411537045069066153e+03 2.016405987484590923e+03 1.320294622717818944e+00
1.411557878604845428e+03 2.016042194159962719e+03 1.318007946505635353e+00
1.411578712138762057e+03 2.013136859266194051e+03 1.317440407796879542e+00
1.411599545670816951e+03 2.015986023062944469e+03 1.318357114436719435e+00
1.411620379201474861e+03 2.015056706394051844e+03 1.319880488216197634e+00
1.411641212730269672e+03 2.016643182750342703e+03 1.319085583768393244e+00
1.411662046257200473e+03 2.016704392319222052e+03 1.318841329006481100e+00
1.411682879782735654e+03 2.018075536225975384e+03 1.318629394006093580e+00
1.411703713306873851e+03 2.012405014485789934e+03 1.317447194193923199e+00
1.411724546829149858e+03 2.015729419294365243e+03 1.317816502449917548e+00
1.411745380350027972e+03 2.015598105260322654e+03 1.319231030566165419e+00
1.411766213869509102e+03 2.017978495666210847e+03 1.319180381295552928e+00
1.411787047387128951e+03 2.015122616148186580e+03 1.317925094849303314e+00
1.411807880903350906e+03 2.015040956304276051e+03 1.317667733070822633e+00
1.411828714417709989e+03 2.017598293446380694e+03 1.319051738768320492e+00
1.411849547930672088e+03 2.016563669325291130e+03 1.318439622485361840e+00
1.411870381442237885e+03 2.017477589848518846e+03 1.318443284366755286e+00
1.411891214951941038e+03 2.015953732680358598e+03 1.318397532723256882e+00
1.411912048460711958e+03 2.015476950665953382e+03 1.318908441435782120e+00
1.411932881967620915e+03 2.018273524525668336e+03 1.319271331718743223e+00
1.411953715472667682e+03 2.015672020020471564e+03 1.320155388326924584e+00
1.411974548976781989e+03 2.016179551552838575e+03 1.319239976444012363e+00
1.411995382479499312e+03 2.017674534060029373e+03 1.321056359572378769e+00
1.412016215980354900e+03 2.017856730186624418e+03 1.319656254124993211e+00
1.412037049479813504e+03 2.019969582912835222e+03 1.319576261304898690e+00
1.412057882977874215e+03 2.015981858163451989e+03 1.317967651945605390e+00
1.412078716474537941e+03 2.015931993245223339e+03 1.317987550647734540e+00
1.412099549969805594e+03 2.015159951450534436e+03 1.317593319463441270e+00
1.412120383463210601e+03 2.018037041788015586e+03 1.318482886286144851e+00
1.412141216955683376e+03 2.018399499052512283e+03 1.319379939906252464e+00
1.412162050446760077e+03 2.017740899437755388e+03 1.318687432056839137e+00
1.412182883935974132e+03 2.018957868475092937e+03 1.318493826332726826e+00
1.412203717424255956e+03 2.019319264514350152e+03 1.318567059017700105e+00
1.412224550911140341e+03 2.018403266814847711e+03 1.318883043059480897e+00
1.412245384396163445e+03 2.019882312870906162e+03 1.319126386398993711e+00
1.412307884843780812e+03 2.016593139901616496e+03 1.319753268836703297e+00
1.412328718323682097e+03 2.015809016728249617e+03 1.319291843267592634e+00
1.412349551802185033e+03 2.019488862356063009e+03 1.319608466789624623e+00
1.412370385279757556e+03 2.016303741007403232e+03 1.318025447799494598e+00
1.412391218755466980e+03 2.019732447940279371e+03 1.320238957811642466e+00
1.412412052229778965e+03 2.018712960046689886e+03 1.318561770126720045e+00
1.412432885703160082e+03 2.019008165061847876e+03 1.318964343256381788e+00
1.412453719175144670e+03 2.017926208003860438e+03 1.318315745444153420e+00
1.412474552645732047e+03 2.017214607297313933e+03 1.317862274264787859e+00
1.412495386114921985e+03 2.019197407255579265e+03 1.318734032412217427e+00
1.412516219582715621e+03 2.020659833686009506e+03 1.320155388326924584e+00
1.412537053049577935e+03 2.018815787053371650e+03 1.319479233578709554e+00
1.412557886514576467e+03 2.020355971092003301e+03 1.318624240971577377e+00
1.412578719979110474e+03 2.019926947335762861e+03 1.319554579750466194e+00
1.412599553441781609e+03 2.021266781463991947e+03 1.319963442917542640e+00
1.412620386903521194e+03 2.016996572850374605e+03 1.318629032390293165e+00
1.412641220363398133e+03 2.020504880881539748e+03 1.318834640173182526e+00
1.412662053822809867e+03 2.020603998119564721e+03 1.318778506870317946e+00
1.412682887280358500e+03 2.019684590227417402e+03 1.319076907963295797e+00
1.412703720736976038e+03 2.017630581502042105e+03 1.318588259572860855e+00
1.412724554192196592e+03 2.021281057414006909e+03 1.319226873875008810e+00
1.412745387646484687e+03 2.018276647086946696e+03 1.319406277400116956e+00
1.412766221099376935e+03 2.018530151157866612e+03 1.319586288903342064e+00
1.412787054550872654e+03 2.018139052122168550e+03 1.318293319742748659e+00
1.412807888001435913e+03 2.018856123703552612e+03 1.318838843295364827e+00
1.412828721450603098e+03 2.020556315635708188e+03 1.319798837997033569e+00
1.412849554898372844e+03 2.017600762081846142e+03 1.318037160421910103e+00
1.412870388345211040e+03 2.018992745950635481e+03 1.318189143740469360e+00
1.412891221790652935e+03 2.018613847960525845e+03 1.319339732426537015e+00
1.412912055235163507e+03 2.017785802097472924e+03 1.318131083749810140e+00
1.412932888678275958e+03 2.019239333311389373e+03 1.318607696882546199e+00
1.412953722120457996e+03 2.018430456758683476e+03 1.320100891491300166e+00
1.412974555561243506e+03 2.017013664909814224e+03 1.318312037995645003e+00
1.412995389000630894e+03 2.019227064537886918e+03 1.318489441283633656e+00
1.413016222439553530e+03 2.016717293880293482e+03 1.317850107801137538e+00
1.413037055876613522e+03 2.016123143322705573e+03 1.317964079192273541e+00
1.413057889312740826e+03 2.016672557141686184e+03 1.317586443343539582e+00
1.413078722747939082e+03 2.015128956894727480e+03 1.317934863656048838e+00
1.413099556181738990e+03 2.017952367326896137e+03 1.318692223245952588e+00
1.413120389614141914e+03 2.018182602373683721e+03 1.318881642067194937e+00
1.413141223045613970e+03 2.019080846195276308e+03 1.318694483234775117e+00
1.413162056476154021e+03 2.018499669786401000e+03 1.318949113973378218e+00
1.413182889905297543e+03 2.018565973731607528e+03 1.318802958143767690e+00
1.413203723333509970e+03 2.017881254755223154e+03 1.317950737812578543e+00
1.413224556760324958e+03 2.017554375462975031e+03 1.318266643512427727e+00
1.413245390186209079e+03 2.017666021832222896e+03 1.318002203136333428e+00
1.413307890457341045e+03 2.023316487980960346e+03 1.316940923488197690e+00
1.413328723878567871e+03 2.024279606965226094e+03 1.316828266721312035e+00
1.413349557298864056e+03 2.025276512082535874e+03 1.317515508643698041e+00
1.413370390717762803e+03 2.022958024328343299e+03 1.316607496686508894e+00
1.413391224135729999e+03 2.025356055939278804e+03 1.316916709206788383e+00
1.413412057552766328e+03 2.024011530729986362e+03 1.316667208289183932e+00
1.413432890968871561e+03 2.023403121170795430e+03 1.317529306827736502e+00
1.413453724383579356e+03 2.024202748375699457e+03 1.317355393901335381e+00
1.413474557797356510e+03 2.023309591552706252e+03 1.317457916630001780e+00
1.413495391209735999e+03 2.024947885570592234e+03 1.318808788417450861e+00
1.413516224621183937e+03 2.023441696516602633e+03 1.316524375799969837e+00
1.413537058031701463e+03 2.024874739307567097e+03 1.317813381586465216e+00
1.413557891440822004e+03 2.024453869529057329e+03 1.317257026113529239e+00
1.413578724849476203e+03 2.022370288729789308e+03 1.316225984721985709e+00
1.413599558256267528e+03 2.022846874368152157e+03 1.316731353369899216e+00
1.413620391662593647e+03 2.021605140315636845e+03 1.316865789872792014e+00
1.413641225067523010e+03 2.022870123309692417e+03 1.316858909954016665e+00
1.413662058471521050e+03 2.023388420078288391e+03 1.316727505658522590e+00
1.413682891874587312e+03 2.024863163223322999e+03 1.317095386546921043e+00
1.413703725276257046e+03 2.024412405233633535e+03 1.316772681607834228e+00
1.413724558677461118e+03 2.022237032496402890e+03 1.316352141312517210e+00
1.413745392076802091e+03 2.020536628562321539e+03 1.315668097218277932e+00
1.413766225475677857e+03 2.022658958322507942e+03 1.316265562786031573e+00
1.413787058873156184e+03 2.024924819795397298e+03 1.317722692398823892e+00
1.413807892270168850e+03 2.023302872248804078e+03 1.317390458839118983e+00
1.413828725665784532e+03 2.023841917866521953e+03 1.318837397061286776e+00
1.413849559060003003e+03 2.024357179859465532e+03 1.316661821227674389e+00
1.413870392453755812e+03 2.023321676652273936e+03 1.317356479797283875e+00
1.413891225846113002e+03 2.022269700818237425e+03 1.315713626658157942e+00
1.413912059237537960e+03 2.023787786098895367e+03 1.316734657865989311e+00
1.413974559405759919e+03 2.022529792860630323e+03 1.315706604807501234e+00
1.413995392792993016e+03 2.020597879066676569e+03 1.316496350745139265e+00
1.414037059564667516e+03 2.025482378034368821e+03 1.318054570884501953e+00
1.414057892949107554e+03 2.021923181066230654e+03 1.317021121629805336e+00
1.414078726332150381e+03 2.022310033100635565e+03 1.315927978930502285e+00
1.414099559714728457e+03 2.024189347092910111e+03 1.316056836219807291e+00
1.414120393095909094e+03 2.022822100119291235e+03 1.316118022029586720e+00
1.414141226476157954e+03 2.019247436839855936e+03 1.314942856769066193e+00
1.414162059855475945e+03 2.022430939995101880e+03 1.316456191024007127e+00
1.414182893233396044e+03 2.024568205297554641e+03 1.317285668458343384e+00
1.414203726610851845e+03 2.023254910907206295e+03 1.315984596165188814e+00
1.414224559986910208e+03 2.021157971366683114e+03 1.315100772463003276e+00
1.414245393362502000e+03 2.020855289836749989e+03 1.315340148098656403e+00
1.414266226736698172e+03 2.022814520352383852e+03 1.316161135710488983e+00
1.414287060109962567e+03 2.023171209966890956e+03 1.317495919498154366e+00
1.414307893482295185e+03 2.022073207230619346e+03 1.315723185375273996e+00
1.414328726853696935e+03 2.021787461434476654e+03 1.315778633625150462e+00
1.414349560223701019e+03 2.021659119882961249e+03 1.315236191370191099e+00
1.414370393593239896e+03 2.021082784118395693e+03 1.315078835825687520e+00
1.414391226961382017e+03 2.021027229944051896e+03 1.315097191921157371e+00
1.414412060329058477e+03 2.022395271472398008e+03 1.315520172292154788e+00
1.414432893695337953e+03 2.019991783444828570e+03 1.314915523281398491e+00
1.414453727060685651e+03 2.023679291687353953e+03 1.316324610683095253e+00
1.414474560425102482e+03 2.020695887667290890e+03 1.314827308846651555e+00
1.414495393788587080e+03 2.022762557360471646e+03 1.315838699925797162e+00
1.414516227151140811e+03 2.021925173826114360e+03 1.315770977919232587e+00
1.414537060512764128e+03 2.021988504987319857e+03 1.315163860917658800e+00
1.414557893873456123e+03 2.021529565201121159e+03 1.315184119283787645e+00
1.414578727232749998e+03 2.021638236010903938e+03 1.317257750098321356e+00
1.414599560591579120e+03 2.022078708446048267e+03 1.315238004112391668e+00
1.414620393949011032e+03 2.021072450562280892e+03 1.315096013512848216e+00
1.414641227305976827e+03 2.023095419649845780e+03 1.315729482312114618e+00
1.414662060661546093e+03 2.022325262121764581e+03 1.315865515971076150e+00
1.414682894016650152e+03 2.020620568553825024e+03 1.314959628279563253e+00
1.414703727370355864e+03 2.020598355384120396e+03 1.316496033818652212e+00
1.414724560723131162e+03 2.023222128202511840e+03 1.315740717059829201e+00
1.414745394074975138e+03 2.022977285024498769e+03 1.316273215615345604e+00
1.414766227426352998e+03 2.022474919295162408e+03 1.315474726777432712e+00
1.414787060776334783e+03 2.023414594453141717e+03 1.315514689915527002e+00
1.414807894125384337e+03 2.022501370725632341e+03 1.315504540662131516e+00
1.414828727473503022e+03 2.021720643838673595e+03 1.315276750879492251e+00
1.414849560820690840e+03 2.022828465812130844e+03 1.315332172633679075e+00
1.414870394166946426e+03 2.020576921479471139e+03 1.315535803736437970e+00
1.414891227512271143e+03 2.024279989069106477e+03 1.315857996662162854e+00
1.414912060856663629e+03 2.021610918508464010e+03 1.316284174027186893e+00
1.414932894200125475e+03 2.021940290051199781e+03 1.317499855446852886e+00
1.414953727542655997e+03 2.021639567420729463e+03 1.316579111222173193e+00
1.414974560884255425e+03 2.023042548365890298e+03 1.315568334668470563e+00
1.414995394224923984e+03 2.022905949331802049e+03 1.315284001609706266e+00
1.415016227564660994e+03 2.022600814873422905e+03 1.315331946057263002e+00
1.415037060903465999e+03 2.023243322888985176e+03 1.315234877130533331e+00
1.415057894241340819e+03 2.023629364639901041e+03 1.315834759008220223e+00
1.415078727578283178e+03 2.021646337803823599e+03 1.315328955244913667e+00
1.415099560914295125e+03 2.022816487447736336e+03 1.315258850468127960e+00
1.415120394249374840e+03 2.019468643586703138e+03 1.314411995911724418e+00
1.415141227583523005e+03 2.020137299234963166e+03 1.314517015375321396e+00
1.415162060916741211e+03 2.024313223736613281e+03 1.316023366242374371e+00
1.415182894249026958e+03 2.019083549075155361e+03 1.314534291089647366e+00
1.415203727580381837e+03 2.023326882480400627e+03 1.315570011031752973e+00
1.415224560910804939e+03 2.022689059753992979e+03 1.315379616875445690e+00
1.415245394240297173e+03 2.025102725200787745e+03 1.315755847576526527e+00
1.415266227568858085e+03 2.021930117059496524e+03 1.316369302383943118e+00
1.415287060896488128e+03 2.022558545720429038e+03 1.315154298135297717e+00
1.415307894223652511e+03 2.020689049145342096e+03 1.315262339934522906e+00
1.415328727549419000e+03 2.021327559998262359e+03 1.315155159241771399e+00
1.415349560874254621e+03 2.023040276771021354e+03 1.315286040870377260e+00
1.415370394198624581e+03 2.022539381801763966e+03 1.316717637359123616e+00
1.415391227521597557e+03 2.023449406266773394e+03 1.315628048129865890e+00
1.415412060844104417e+03 2.023384087341623626e+03 1.315477128224777248e+00
1.415432894165213838e+03 2.022247977938076701e+03 1.314988139356494168e+00
1.415453727485858963e+03 2.021795097086486066e+03 1.315719606527235408e+00
1.415474560805106194e+03 2.022628978441134905e+03 1.315786470485070803e+00
1.415495394123889128e+03 2.022488239391216894e+03 1.315398829720539009e+00
1.415516227441739375e+03 2.024942217664751979e+03 1.315689072668396742e+00
1.415537060758658981e+03 2.022732291711117114e+03 1.315519447351101601e+00
1.415557894074647038e+03 2.022714549656384179e+03 1.315485102810924456e+00
1.415578727389703545e+03 2.022991812191649615e+03 1.315299046747382405e+00
1.415599560703828956e+03 2.023776539083690068e+03 1.315987811951012443e+00
1.415620394017022591e+03 2.021834949372213259e+03 1.315183303516684665e+00
1.415641227329285812e+03 2.023973078916154236e+03 1.315608748020722363e+00
1.415662060640617483e+03 2.021467847474798646e+03 1.315313230710541514e+00
1.415682893951483038e+03 2.021425902901221662e+03 1.315147862479588703e+00
1.415703727260951837e+03 2.022502235190345573e+03 1.315901888888884930e+00
1.415724560569954974e+03 2.022907313866344111e+03 1.315397379704284608e+00
1.415745393877561128e+03 2.021755718223874965e+03 1.314857001416345650e+00
1.415766227184701620e+03 2.025291076487267446e+03 1.315810207278878208e+00
1.415787060490911472e+03 2.024391271101168286e+03 1.315716616596093846e+00
1.415807893796189092e+03 2.021563781162267560e+03 1.314861761231570281e+00
1.415828727100535616e+03 2.022774743761193122e+03 1.316062814529424196e+00
1.415849560403950363e+03 2.023211956074383352e+03 1.315297596621124887e+00
1.415870393706434470e+03 2.026464547434208953e+03 1.316813827491528199e+00
1.415891227007986799e+03 2.027387509633257423e+03 1.317156433607939992e+00
1.415912060309074150e+03 2.026440632943734499e+03 1.316091301707536187e+00
1.415932893608764061e+03 2.023931544297837490e+03 1.315478306291683275e+00
1.415953726907987402e+03 2.024677507958448814e+03 1.319167865520485927e+00
1.415974560206280330e+03 2.025578530128418379e+03 1.316023456825329507e+00
1.415995393503642845e+03 2.024548124981135743e+03 1.316825143515750085e+00
1.416016226800073127e+03 2.025638642568528894e+03 1.316083647820419866e+00
1.416037060095572087e+03 2.026662138746321716e+03 1.316097868616624478e+00
1.416057893390138815e+03 2.024718368542114831e+03 1.317596576560343680e+00
1.416078726683776040e+03 2.026162119412402944e+03 1.315812834607596793e+00
1.416099559976946466e+03 2.026088014518271621e+03 1.316001399691686613e+00
1.416120393269186025e+03 2.024052664836501435e+03 1.315613052060201849e+00
1.416141226560028372e+03 2.022880321722321014e+03 1.315352428407559282e+00
1.416162059850404603e+03 2.026233540584001958e+03 1.316050993754625198e+00
1.416182893139849966e+03 2.026248860449756876e+03 1.317363266626682572e+00
1.416203726428364917e+03 2.026441452783241630e+03 1.317643305966999412e+00
1.416224559716412841e+03 2.023119296962876660e+03 1.314899431161411503e+00
1.416245393003063782e+03 2.022902398181757917e+03 1.315453294798490269e+00
1.416266226289250426e+03 2.024032175674807377e+03 1.317596440848133543e+00
1.416287059574039631e+03 2.025683598103624036e+03 1.316893218665340370e+00
1.416307892858362493e+03 2.025488793338550977e+03 1.316223629925517002e+00
1.416328726141754032e+03 2.025199249470717177e+03 1.315880056199565606e+00
1.416349559424679910e+03 2.025359760640669947e+03 1.315558910748639398e+00
1.416370392706210168e+03 2.024010368165911359e+03 1.315242037454824375e+00
1.416391225986807058e+03 2.023391632671051184e+03 1.315328728667943592e+00
1.416412059266939650e+03 2.025447381044922395e+03 1.316058874282954871e+00
1.416432892546140920e+03 2.024049011215148994e+03 1.315623880055147854e+00
1.416453725824410412e+03 2.026483882865775968e+03 1.316742172168693603e+00
1.416474559101748582e+03 2.025521187602527107e+03 1.315697453694272712e+00
1.416495392378155884e+03 2.027912930518686835e+03 1.316143519051432564e+00
1.416516225654095933e+03 2.024965216957710027e+03 1.315729482312114618e+00
1.416537058928640363e+03 2.023883539009779497e+03 1.316484352760615817e+00
1.416557892202719813e+03 2.026624662218256844e+03 1.315807579944913819e+00
1.416578725475867031e+03 2.027029298812900606e+03 1.316245909754238497e+00
1.416599558748082018e+03 2.024458009198739319e+03 1.315702572889219546e+00
1.416620392019367046e+03 2.027843498157610838e+03 1.317825457930094979e+00
1.416641225290185957e+03 2.026621608790012260e+03 1.315651062913374858e+00
1.416662058559608340e+03 2.026879610676610127e+03 1.315974224070041609e+00
1.416682891828564607e+03 2.025548937413039539e+03 1.315762778563493551e+00
1.416703725096589551e+03 2.025971818635292266e+03 1.315757886105895169e+00
1.416724558363684082e+03 2.026282812640625480e+03 1.317963943517905578e+00
1.416745391630311588e+03 2.026622459775086782e+03 1.315949810824744270e+00
1.416766224895542109e+03 2.026756514494740941e+03 1.316586128419423796e+00
1.416787058160308334e+03 2.027465633742893488e+03 1.317764396630813239e+00
1.416807891424141872e+03 2.026949350504116182e+03 1.316183190167210526e+00
1.416828724687044541e+03 2.025515908511295720e+03 1.315762053756108330e+00
1.416849557949482005e+03 2.025813743360815124e+03 1.315401412558032890e+00
1.416870391210522030e+03 2.027551420018158524e+03 1.316324927650855292e+00
1.416891224471096848e+03 2.027135569681644711e+03 1.315912261554182283e+00
1.416912057730740344e+03 2.024231251783991183e+03 1.315086359589632048e+00
1.416974557504547647e+03 2.027446580823868999e+03 1.315997957477317959e+00
1.417057890524493359e+03 2.025106444811458687e+03 1.315611103917760705e+00
1.417162056780799048e+03 2.023158473521086989e+03 1.314891589014665296e+00
1.417203723277269091e+03 2.025426471688750325e+03 1.317419641204769842e+00
1.417224556524338823e+03 2.024265656048010669e+03 1.315167305315125601e+00
1.417245389770478141e+03 2.024894008196028381e+03 1.315745836086450682e+00
1.417266223016152026e+03 2.026133425080281768e+03 1.315463897554759454e+00
1.417307889504704008e+03 2.024066489478723042e+03 1.315258623879080879e+00
1.417328722747583925e+03 2.025639640556504446e+03 1.315882094536513502e+00
1.417370389231014087e+03 2.023263830522513899e+03 1.316821703454674308e+00
1.417391222471565470e+03 2.021898510035948448e+03 1.315462946028841174e+00
1.417412055700475321e+03 2.023048889174083115e+03 1.314985374398358831e+00
1.417432888939164059e+03 2.025016807150506111e+03 1.315443281005765241e+00
1.417453722177385998e+03 2.022343289242062610e+03 1.314424647664683699e+00
1.417474555414677980e+03 2.023518835363173139e+03 1.315208546742051787e+00
1.417495388651038866e+03 2.024204032034049078e+03 1.315103537178518467e+00
1.417516221886467065e+03 2.024228837681987670e+03 1.317935587268482811e+00
1.417537055121430058e+03 2.026826615017266931e+03 1.315922271778099173e+00
1.417557888355462637e+03 2.024613561930278365e+03 1.315362352263464762e+00
1.417578721588562985e+03 2.027374652402953188e+03 1.315997232799461347e+00
1.417599554820731100e+03 2.022777759164098597e+03 1.314809674316131938e+00
1.417620388052434919e+03 2.025494428006418957e+03 1.315365207057460850e+00
1.417641221283207869e+03 2.025001354233212396e+03 1.315271267488223650e+00
1.417662054513048133e+03 2.025937331795846831e+03 1.315583467167736664e+00
1.417682887741957529e+03 2.024765528027421396e+03 1.315174330045157491e+00
1.417703720970401946e+03 2.024392683165586050e+03 1.314873592697624938e+00
1.417724554197915040e+03 2.023598593528330866e+03 1.316167475838565526e+00
1.417745387424496130e+03 2.023714163113336554e+03 1.316376909330847278e+00
1.417766220650145897e+03 2.025947726483604811e+03 1.316364774418486983e+00
1.417787053875330457e+03 2.024279107601980513e+03 1.315176822682278868e+00
1.417807887099584150e+03 2.021750434886574340e+03 1.314197895273262695e+00
1.417828720322905156e+03 2.025672167691104050e+03 1.315013522307053151e+00
1.417849553545294839e+03 2.024669855098980634e+03 1.315287944177484292e+00
1.417870386767219998e+03 2.024807592758759938e+03 1.315314771451323361e+00
1.417891219988213834e+03 2.024086219645421124e+03 1.315237641564151572e+00
1.417912053208276120e+03 2.024193649045262418e+03 1.314887871911429640e+00
1.417932886427871836e+03 2.026017646668188490e+03 1.315552703610721297e+00
1.417953719646537593e+03 2.024075424864955721e+03 1.315143466274134365e+00
1.417974552864271118e+03 2.023562488718873055e+03 1.314824226220843162e+00
1.417995386081072866e+03 2.023404470036628254e+03 1.314816111627177042e+00
1.418016219297409862e+03 2.025109366520057165e+03 1.315982240936783620e+00
1.418037052512815535e+03 2.022873626027349701e+03 1.316991432593654032e+00
1.418057885727289886e+03 2.025551429162492013e+03 1.315553790994662187e+00
1.418078718941299485e+03 2.024356401506448265e+03 1.314898388566562826e+00
1.418099552154375942e+03 2.025212565027599567e+03 1.315212852091191875e+00
1.418120385366521077e+03 2.027340340956034879e+03 1.315819719995900527e+00
1.418141218577735344e+03 2.024082947440655744e+03 1.314894308839643644e+00
1.418162051788484860e+03 2.024416394590223035e+03 1.315353651900689869e+00
1.418182884998302143e+03 2.023774694316536852e+03 1.314858678686533722e+00
1.418203718207188103e+03 2.021850990583676548e+03 1.314275131530981522e+00
1.418224551415608403e+03 2.023546996896172232e+03 1.316571958169707512e+00
1.418245384623097834e+03 2.024117925189747666e+03 1.315215933806132220e+00
1.418266217829656398e+03 2.025801327829853790e+03 1.317273496669106869e+00
1.418287051035282957e+03 2.026409131944862338e+03 1.315840240051297627e+00
1.418307884240443400e+03 2.020644491205395980e+03 1.314158073514920977e+00
1.418328717444673202e+03 2.022787784038586096e+03 1.315660350261210310e+00
1.418349550648437344e+03 2.023501833010563814e+03 1.314620394217060007e+00
1.418370383850804956e+03 2.021757921076845150e+03 1.314372316685149089e+00
1.418391217053172113e+03 2.022637676703034458e+03 1.315484513780646569e+00
1.418412050254140922e+03 2.024726169982393230e+03 1.314770233764585905e+00
1.418432883454645889e+03 2.026597360110629552e+03 1.318910701054109014e+00
1.418453716654219079e+03 2.023547634417350537e+03 1.315820943054528236e+00
1.418474549852860946e+03 2.023648508196303965e+03 1.316703332720432718e+00
1.421245358766476329e+03 1.999490000257066413e+03 1.297333004518867794e+00
1.421266191872917489e+03 2.003251698363817241e+03 1.300464396792010646e+00
1.421287024978427326e+03 2.002414137393998999e+03 1.302279688970715776e+00
1.421307858083470819e+03 2.003515792208791709e+03 1.302315480200589848e+00
1.421328691188049106e+03 2.002530791947740681e+03 1.303116909523418077e+00
1.421349524292161959e+03 2.005190782250962684e+03 1.304610838322441513e+00
1.421370357395809151e+03 2.002055110706632831e+03 1.306064952172796279e+00
1.421391190498990454e+03 2.004607393918716980e+03 1.305688028964429925e+00
1.421412023601706096e+03 2.007532867441085045e+03 1.306866271374312660e+00
1.421432856703956531e+03 2.006652033249882834e+03 1.306854367414833851e+00
1.421453689805740851e+03 2.009057049094542208e+03 1.307892432100211888e+00
1.421474522907059509e+03 2.011684931342159189e+03 1.309271201523851458e+00
1.421495356007912960e+03 2.011315679283017062e+03 1.308689489705521458e+00
1.421516189108300978e+03 2.015353761327034363e+03 1.311350000748423561e+00
1.421537022208688995e+03 2.014678467825519647e+03 1.309898614090482472e+00
1.421557855308145463e+03 2.016322319036155704e+03 1.310186254058829158e+00
1.421578688407135814e+03 2.019342905917537564e+03 1.311716436187539081e+00
1.421599521506126621e+03 2.019208854595594630e+03 1.311785821523347106e+00
1.421620354604650856e+03 2.018609105671527914e+03 1.311310637956597747e+00
1.421641187702244451e+03 2.020101249011899881e+03 1.311929942266788052e+00
1.421662020799838047e+03 2.020997873167147418e+03 1.312075728007459974e+00
1.421682853897431414e+03 2.021032291682492314e+03 1.311632505470468280e+00
1.421703686994093914e+03 2.022491173823910913e+03 1.312722187309170119e+00
1.421724520090755959e+03 2.022700603815991826e+03 1.313655617006749488e+00
1.421745353186952343e+03 2.026895318738215110e+03 1.313656206857086284e+00
1.421766186282683520e+03 2.026251185658850545e+03 1.313701624537698454e+00
1.421787019377949036e+03 2.029200142879756868e+03 1.314958449747975378e+00
1.421807852473213643e+03 2.027981630540949709e+03 1.314795031582781659e+00
1.421828685568479614e+03 2.028169655181656026e+03 1.314360390009199131e+00
1.421849518662813807e+03 2.030384260132739882e+03 1.315326236318694830e+00
1.421870351757147546e+03 2.030903244408633100e+03 1.315153119778156965e+00
1.421891184851480830e+03 2.031333318992917384e+03 1.315387138918979737e+00
1.421912017945349362e+03 2.033030953956633994e+03 1.316222905371909890e+00
1.421932851038752005e+03 2.032594745139920860e+03 1.315646758998244792e+00
1.421953684132154649e+03 2.033950710311405828e+03 1.315965663632992833e+00
1.421974517225091859e+03 2.034315412648071515e+03 1.316094290787459986e+00
1.421995350318028613e+03 2.036333032047266670e+03 1.316584000628079565e+00
1.422016183410965823e+03 2.034115388774941721e+03 1.315947047887192856e+00
1.422037016503436462e+03 2.034609297402966376e+03 1.317010169349864812e+00
1.422057849595908010e+03 2.037473259691159683e+03 1.316640272761224084e+00
1.422078682687914579e+03 2.037745290949211494e+03 1.316326150240071380e+00
1.422099515780385900e+03 2.038108243131580593e+03 1.316532253494718807e+00
1.422120348872391332e+03 2.038517563178706723e+03 1.320185773738105750e+00
1.422141181964397219e+03 2.037812898116811766e+03 1.317476013370598276e+00
1.422162015055936990e+03 2.035802206580615120e+03 1.315995919319829399e+00
1.422182848147942877e+03 2.036470078788977617e+03 1.315999633293332582e+00
1.422203681239482648e+03 2.038722625925164493e+03 1.317862862232304977e+00
1.422224514331488081e+03 2.037585825269640054e+03 1.316535332121235413e+00
1.422245347423028534e+03 2.041425522112044973e+03 1.318247427249324533e+00
1.424911988984987147e+03 2.025919254301205456e+03 1.307325471641080927e+00
1.424953655210185389e+03 2.028316978953811258e+03 1.307723162845873865e+00
1.424974488319990996e+03 2.027277411330626819e+03 1.309018376477134815e+00
1.424995321427933504e+03 2.027306307726801606e+03 1.309048291873935677e+00
1.425016154534479028e+03 2.025595340169026031e+03 1.307226759475836886e+00
1.425036987639162362e+03 2.027304361657717436e+03 1.307311884912429223e+00
1.425057820741982596e+03 2.024556715534637306e+03 1.307673344107822988e+00
1.425078653842939502e+03 2.026033316770598958e+03 1.306787502546892243e+00
1.425099486942034673e+03 2.024018212934402072e+03 1.306591996683635459e+00
1.425120320039731951e+03 2.026339650551315572e+03 1.307177058612981835e+00
1.425141153136033608e+03 2.023320286611183064e+03 1.306381587651296305e+00
1.425161986230006505e+03 2.023632859392071623e+03 1.306872109291823847e+00
1.425182819322581963e+03 2.024981035483921914e+03 1.306954977542828189e+00
1.425203652413295003e+03 2.024465534151437851e+03 1.306565628978647586e+00
1.425224485502611515e+03 2.026753446518071769e+03 1.307257035038618120e+00
1.425245318590064926e+03 2.023908971971024357e+03 1.307182439164577437e+00
1.425266151676121808e+03 2.023677278774206570e+03 1.306447515202092680e+00
1.425286984760315590e+03 2.025477949212127896e+03 1.306662566452664764e+00
1.425307817843111934e+03 2.025482993709337279e+03 1.307237018592973588e+00
1.425328650924046542e+03 2.024724428441218834e+03 1.306489579347148045e+00
1.425349484003583484e+03 2.025043610021849872e+03 1.308240654977422146e+00
1.425370317081258008e+03 2.024887773464778093e+03 1.307269710442513944e+00
1.425391150157536686e+03 2.024310400688271329e+03 1.306562298763527030e+00
1.425411983232416333e+03 2.025380774104235115e+03 1.308992512995536206e+00
1.425432816305435153e+03 2.025775199152230925e+03 1.307171951628268936e+00
1.425453649377056536e+03 2.027947874395194731e+03 1.307543387121676837e+00
1.425474482446813454e+03 2.027632992810577662e+03 1.307503225931597068e+00
1.425495315515639959e+03 2.023422110153471976e+03 1.307398418105535143e+00
1.425516148582604956e+03 2.026504675223871345e+03 1.307647955420669472e+00
1.425536981647706398e+03 2.025378367140103592e+03 1.308984999740483435e+00
1.425557814711876972e+03 2.025337208205551633e+03 1.307339787705741552e+00
1.425578647774185356e+03 2.027000771943547988e+03 1.307344894034823346e+00
1.425599480835096074e+03 2.025715231564480064e+03 1.308215732918072804e+00
1.425620313894610490e+03 2.025341231170765923e+03 1.306693448080953113e+00
1.425641146952727013e+03 2.025120294886080501e+03 1.308167436533812511e+00
1.425661980008980663e+03 2.022941629847484819e+03 1.307989225672754996e+00
1.425682813063837330e+03 2.025583120670239396e+03 1.307049970840483466e+00
1.425703646117763583e+03 2.024200754655390256e+03 1.307481298586430807e+00
1.425724479169827191e+03 2.026081043201047578e+03 1.306934454800116052e+00
1.425745312220493361e+03 2.029190545469365816e+03 1.308516269496690976e+00
1.425766145269763001e+03 2.026153768269069815e+03 1.309757591926020925e+00
1.425786978317635658e+03 2.023932058541585093e+03 1.307490233682076619e+00
1.425807811364110421e+03 2.023745173181728205e+03 1.306776646945387865e+00
1.425828644409189110e+03 2.023123442932580474e+03 1.306319717663976254e+00
1.425849477452870360e+03 2.025203407669945818e+03 1.306732311367706068e+00
1.425870310495154627e+03 2.026335484641178709e+03 1.307990410483785393e+00
1.425891143536507570e+03 2.025590550985085429e+03 1.306913247627414565e+00
1.425911976575997414e+03 2.027086705783950038e+03 1.308486114174642001e+00
1.425932809614091184e+03 2.025473930668892308e+03 1.309262278582468575e+00
1.425953642650787970e+03 2.025607059125065916e+03 1.307318222363834437e+00
1.425974475686552978e+03 2.025764630199772228e+03 1.306552171207851831e+00
1.425995308720456023e+03 2.024601121169589078e+03 1.306279792628414427e+00
1.426016141753426382e+03 2.024694832378789897e+03 1.306880820510870178e+00
1.426036974785000893e+03 2.026413958115482046e+03 1.307019006428943975e+00
1.426057807815178421e+03 2.029715732012877879e+03 1.309280169929168069e+00
1.426078640843958055e+03 2.027874890027732590e+03 1.307611717571643739e+00
1.426099473871341615e+03 2.024218020100066724e+03 1.307019234446437528e+00
1.426120306897792943e+03 2.023169962522479182e+03 1.306490081188859564e+00
1.426141139922848197e+03 2.025154008807590799e+03 1.306075585507436854e+00
1.426161972946506467e+03 2.025114521879108452e+03 1.306628718984784054e+00
1.426182805968767980e+03 2.026188216591327546e+03 1.306467634989253890e+00
1.426203638989631600e+03 2.023469818846586122e+03 1.306935412535278118e+00
1.426224472009565034e+03 2.026506152228308338e+03 1.307332173767301819e+00
1.426245305028100120e+03 2.028526153109601182e+03 1.308776614948711892e+00
1.426266138045703428e+03 2.024048458492915188e+03 1.305885176385193525e+00
1.426286971061445001e+03 2.027828202082802818e+03 1.307166707828561147e+00
1.426307804076256161e+03 2.027410737723994998e+03 1.307357067078169566e+00
1.426328637090135089e+03 2.027890139442917643e+03 1.307729954091347846e+00
1.426349470102152509e+03 2.029512521739331078e+03 1.308337696132958472e+00
1.426370303113237469e+03 2.024689334511809193e+03 1.306021687755465344e+00
1.426391136123391334e+03 2.026220823217271800e+03 1.306388613998496373e+00
1.426411969132147533e+03 2.025869903781750963e+03 1.306605225954534211e+00
1.426432802139508112e+03 2.026705939730584078e+03 1.308735125292290746e+00
1.426453635145470571e+03 2.026994688283611367e+03 1.306224123684783800e+00
1.426474468150501480e+03 2.026406514736708232e+03 1.306571012048153513e+00
1.426495301154601975e+03 2.026976466575163613e+03 1.306586248751779200e+00
1.426516134156840053e+03 2.025773791270944230e+03 1.309477686895470505e+00
1.426536967158611333e+03 2.026241515861179323e+03 1.307209478380935597e+00
1.426557800158520422e+03 2.026292301985179165e+03 1.306424018913309615e+00
1.426578633157499098e+03 2.027522854650589352e+03 1.306652804604459872e+00
1.426599466155545542e+03 2.027084208934864819e+03 1.306899793436213653e+00
1.426620299152195912e+03 2.027445009188508038e+03 1.306410559683741202e+00
1.426641132147913595e+03 2.025228086117172097e+03 1.306257479705568381e+00
1.426661965142233839e+03 2.025515346042770943e+03 1.305770515889846717e+00
1.426682798135158919e+03 2.027740356445312500e+03 1.306790969022494364e+00
1.426703631127151993e+03 2.026460387425698173e+03 1.306069515846336460e+00
1.426724464118213973e+03 2.028124186053145650e+03 1.306666261338800483e+00
1.426745297107879196e+03 2.026615312059973348e+03 1.306149103748902141e+00
1.426766130096612414e+03 2.027637391979077620e+03 1.306940657263005123e+00
1.426786963083949104e+03 2.026371496973910325e+03 1.306552764265077826e+00
1.426807796070354470e+03 2.026426571876668504e+03 1.306565537739990290e+00
1.426828629055362399e+03 2.027646104369439172e+03 1.306948683935990063e+00
1.426849462039438549e+03 2.026368037305638836e+03 1.306803101614688822e+00
1.426870295022583377e+03 2.029246275220805501e+03 1.307858479738649660e+00
1.426891128004332131e+03 2.031438020409297451e+03 1.307969448283998748e+00
1.426911960985149562e+03 2.028728478358881375e+03 1.306992419316461040e+00
1.426932793964570010e+03 2.028740647747984667e+03 1.307288540941531574e+00
1.426953626943059589e+03 2.031309300995999592e+03 1.308921203637152697e+00
1.426974459920150821e+03 2.030177571514095916e+03 1.307405211037878212e+00
1.426995292896777300e+03 2.030858172925908775e+03 1.307855608558930349e+00
1.427016125871542044e+03 2.029881549029985990e+03 1.309406176357522655e+00
1.427036958845838853e+03 2.028953865107508818e+03 1.307175417084357250e+00
1.427057791818739588e+03 2.028029150334766655e+03 1.306928753981058788e+00
1.427078624790709455e+03 2.027405697515406473e+03 1.306577809282202463e+00
1.427099457761281883e+03 2.029764205143719437e+03 1.307421440988359773e+00
1.427120290730923443e+03 2.029157009573970072e+03 1.307711221107226596e+00
1.427141123699634136e+03 2.029815235272598329e+03 1.308437827770555728e+00
1.427161956667412596e+03 2.028393307877229972e+03 1.307689297249724936e+00
1.427182789633794528e+03 2.029869509886721744e+03 1.307271123879216734e+00
1.427203622599245591e+03 2.029074348741562972e+03 1.306936735120776349e+00
1.427224455563298307e+03 2.028874962473127653e+03 1.306903122791339689e+00
1.427245288526419699e+03 2.029806272760473121e+03 1.307771430060027829e+00
1.427266121488611134e+03 2.029268651980790082e+03 1.307050472467032876e+00
1.427286954449870336e+03 2.029802596867114289e+03 1.308542962298606893e+00
1.427307787410198443e+03 2.027425862445762959e+03 1.306655632810976186e+00
1.427328620369129567e+03 2.029283044264414684e+03 1.306754114442649550e+00
1.427349453327130050e+03 2.028241180116611076e+03 1.306758994997461176e+00
1.427370286283733094e+03 2.028812240763068303e+03 1.308011417916534969e+00
1.427391119239870022e+03 2.030114186404231759e+03 1.307610031005785212e+00
1.427411952194610421e+03 2.028327492132328871e+03 1.306825405221508918e+00
1.427432785148418589e+03 2.032255292300616929e+03 1.308987504163625859e+00
1.427453618101295888e+03 2.027998951617402099e+03 1.306717258823359984e+00
1.427474451052777113e+03 2.028769425484652402e+03 1.307037931745543391e+00
1.427495284003791312e+03 2.029798998223637454e+03 1.306926017579078447e+00
1.427516116953409892e+03 2.028907126139212323e+03 1.308665623754965868e+00
1.427536949902096694e+03 2.028435267508093830e+03 1.306833979922008560e+00
1.427557782849386058e+03 2.030673937482332349e+03 1.307456863523252188e+00
1.427620281686132557e+03 2.029331963061085162e+03 1.308733576805448662e+00
1.427641114629696403e+03 2.028431105709420763e+03 1.306532372065953407e+00
1.427661947572329609e+03 2.026976568471727205e+03 1.306299686855806330e+00
1.427682780513565831e+03 2.028822837940152340e+03 1.306543594657872953e+00
1.427703613454336846e+03 2.028696466025314749e+03 1.309083215071965567e+00
1.427724446393710423e+03 2.029510535999425201e+03 1.306905494381599198e+00
1.427745279332153132e+03 2.027905141206366579e+03 1.306774138285153652e+00
1.427766112269663608e+03 2.028487938661420912e+03 1.307649003796323317e+00
1.427786945206242990e+03 2.031649053025638523e+03 1.307067390849728561e+00
1.427807778141891049e+03 2.029238849619083794e+03 1.306405175953088138e+00
1.427828611076141442e+03 2.026974258804600140e+03 1.307120698283904536e+00
1.427849444009927083e+03 2.027831563460320012e+03 1.306640031982652328e+00
1.427870276942315513e+03 2.029956856669852414e+03 1.306819339043025607e+00
1.427891109873772621e+03 2.027724911460553585e+03 1.306030176456689285e+00
1.427911942804299088e+03 2.030086638991467225e+03 1.306729300872708333e+00
1.427932775733894005e+03 2.029172018062967481e+03 1.307546623667846797e+00
1.427953608662557599e+03 2.027893402099735113e+03 1.306163204540126133e+00
1.427974441589823982e+03 2.029232971752262529e+03 1.306726700894174309e+00
1.427995274516624704e+03 2.027256985050625872e+03 1.305515049696061691e+00
1.428016107442493649e+03 2.027636322576668817e+03 1.306446192121330840e+00
1.428036940366965155e+03 2.023845633812677761e+03 1.305114493481307925e+00
1.428057773290506020e+03 2.027225106786219158e+03 1.305337070327906135e+00
1.428078606213115563e+03 2.028434430443454175e+03 1.307217594596438159e+00
1.428099439135260127e+03 2.024791933035177408e+03 1.305275927125576274e+00
1.428120272056007479e+03 2.026864821041421010e+03 1.305498704732123150e+00
1.428141104975823509e+03 2.026002993961054017e+03 1.305845740153260159e+00
1.428161937894707989e+03 2.028607221748188749e+03 1.306052219439308493e+00
1.428182770812195486e+03 2.026754788234996568e+03 1.305396795201740012e+00
1.428203603729216411e+03 2.026496981650568841e+03 1.305621880454084227e+00
1.428224436645306014e+03 2.025205912602679518e+03 1.306169273765862782e+00
1.428245269560464976e+03 2.026761854707028078e+03 1.305382868774391580e+00
1.428266102474227864e+03 2.028322422373681547e+03 1.306079647144600342e+00
1.428286935387524409e+03 2.027435764876127905e+03 1.305881479289041192e+00
1.428307768299423969e+03 2.028371087321811501e+03 1.305681820551101602e+00
1.428328601210857869e+03 2.026492562243128305e+03 1.305387982758417387e+00
1.428349434120895012e+03 2.028944007593242077e+03 1.305912744525252078e+00
1.428370267030466039e+03 2.026354139003380851e+03 1.306388979002513162e+00
1.428391099938639400e+03 2.027727718745755965e+03 1.305939901312751505e+00
1.428411932846348009e+03 2.028291293253569393e+03 1.305544269233419152e+00
1.428432765752660089e+03 2.026851285861991983e+03 1.305335517810036539e+00
1.428453598658039937e+03 2.027403281901718174e+03 1.305916532816898457e+00
1.428474431562954578e+03 2.026732514655074965e+03 1.305960530965479149e+00
1.428495264466472008e+03 2.029043866761658592e+03 1.306415578395724975e+00
1.428516097369059025e+03 2.025691982642428002e+03 1.305092114964721883e+00
1.428536930270714038e+03 2.025326319981970755e+03 1.304557336950093571e+00
1.428557763171903389e+03 2.025962385445086511e+03 1.304929608021394127e+00
1.428578596071695301e+03 2.027215832608561186e+03 1.305770287654298256e+00
1.428599428970556346e+03 2.028343746780702759e+03 1.305269123111931107e+00
1.428620261868951502e+03 2.025876829652973129e+03 1.304909099102255832e+00
1.428641094765950129e+03 2.027743417423683468e+03 1.305572848960746990e+00
1.428661927662016979e+03 2.027990463483414032e+03 1.305514319199248430e+00
1.428682760557618622e+03 2.026586140532743229e+03 1.304794444195363834e+00
1.428703593451823053e+03 2.024944922331878161e+03 1.304963956313204498e+00
1.428724426345096617e+03 2.025609349279436628e+03 1.304825415717138615e+00
1.428745259237903610e+03 2.025716998735824291e+03 1.304486379140712859e+00
1.428766092129314075e+03 2.025266957663093308e+03 1.304955232298145695e+00
1.428786925020258877e+03 2.025213488364570594e+03 1.305002916778578825e+00
1.428807757909806014e+03 2.025209930071397139e+03 1.304701433849738246e+00
1.428828590798887944e+03 2.025763124986189268e+03 1.306882279976444794e+00
1.428849423686573573e+03 2.025474061633819929e+03 1.304498807316589737e+00
1.428870256573793085e+03 2.026040527184041594e+03 1.305281772155956865e+00
1.428891089459616069e+03 2.025891508844060581e+03 1.304401297786269343e+00
1.428911922344972481e+03 2.026376462862811877e+03 1.305074942618323242e+00
1.428932755229398026e+03 2.022807994009072900e+03 1.303808681524321056e+00
1.428953588112893158e+03 2.025491055557354230e+03 1.306288964087400251e+00
1.428974420994989487e+03 2.024596205338223626e+03 1.303976173423081475e+00
1.428995253876621064e+03 2.024417568335191163e+03 1.303872362065602086e+00
1.429016086757320863e+03 2.026046578304067680e+03 1.304366477715471762e+00
1.429036919637090023e+03 2.023370141439839472e+03 1.303898235682684925e+00
1.429057752515927859e+03 2.025590743617970020e+03 1.304460425803398049e+00
1.429078585394299353e+03 2.022984806728969033e+03 1.303267705774033614e+00
1.429099418271274999e+03 2.026417553778299634e+03 1.305805207229353559e+00
1.429120251147318868e+03 2.024137770074163882e+03 1.304648164624450324e+00
1.429141084022431642e+03 2.024270132167090878e+03 1.303898555671201498e+00
1.429161916897077845e+03 2.022718610465199163e+03 1.303190457463321739e+00
1.429182749770327518e+03 2.023256047842569615e+03 1.304344406244383414e+00
1.429203582643110622e+03 2.024965546513425124e+03 1.303712491952490948e+00
1.429224415514963994e+03 2.023173011939026992e+03 1.303498280072293847e+00
1.429245248385885134e+03 2.021607551898468273e+03 1.305439349790266990e+00
1.429266081255409063e+03 2.026189535326126588e+03 1.304719935944810727e+00
1.429286914124468467e+03 2.020833616417457506e+03 1.302853831886623404e+00
1.429307746993061301e+03 2.022904804170889520e+03 1.303565496554380143e+00
1.429328579860257832e+03 2.022159478417856008e+03 1.302627810762259530e+00
1.429349412726523042e+03 2.023780115797060034e+03 1.303509711691407391e+00
1.429370245591855564e+03 2.021945349254897337e+03 1.302785755156543823e+00
1.429391078456722880e+03 2.023528814147569392e+03 1.303839310744306257e+00
1.429411911320194122e+03 2.022087954224548412e+03 1.303040978812719519e+00
1.429432744183199702e+03 2.022952236471448259e+03 1.303397037277729487e+00
1.429453577045273050e+03 2.024284450419230097e+03 1.303816681763145580e+00
1.429474409906415985e+03 2.020425185360317073e+03 1.302415251070607516e+00
1.429495242766627598e+03 2.021912810150886116e+03 1.304368625437025475e+00
1.429516075625906979e+03 2.024837425754374408e+03 1.303458451528175743e+00
1.429536908484255946e+03 2.024126694052343282e+03 1.304642682247978858e+00
1.429557741342138570e+03 2.023297028738367089e+03 1.305438299640076849e+00
1.429578574198623528e+03 2.021424883171666806e+03 1.302708981565315005e+00
1.429599407054644416e+03 2.020785300645777852e+03 1.302266232678455093e+00
1.429620239909733300e+03 2.024527255996296844e+03 1.303381214522511877e+00
1.429641072763424972e+03 2.020064785780402417e+03 1.302360057671500870e+00
1.429661905616651893e+03 2.021120041194958276e+03 1.302851818916072046e+00
1.429682738469412470e+03 2.022665603803344766e+03 1.305963497592278477e+00
1.429703571320776064e+03 2.018836091501587589e+03 1.302261243745653108e+00
1.429724404171209017e+03 2.023100681526835160e+03 1.303954826716356097e+00
1.429745237021175853e+03 2.022321784232395203e+03 1.302706007527070220e+00
1.429766069870210458e+03 2.022214215764461187e+03 1.302510163602511595e+00
1.429786902718314195e+03 2.021227360072311512e+03 1.302595963338498031e+00
1.429807735565486837e+03 2.021538549392291316e+03 1.303484561997019897e+00
1.429828568411728611e+03 2.023510024238953974e+03 1.303403622414046392e+00
1.429849401257039062e+03 2.020757279916480002e+03 1.302613259880767371e+00
1.429870234101883398e+03 2.022847324329186904e+03 1.303255906150748711e+00
1.429891066945330294e+03 2.020141345648419701e+03 1.301835557886802608e+00
1.429911899788312439e+03 2.021816027246830799e+03 1.302302115815506145e+00
1.429932732630363489e+03 2.022670878250821488e+03 1.303049441189311430e+00
1.429953565471482307e+03 2.019976613288834187e+03 1.301975835813255822e+00
1.429974398311669574e+03 2.021004651885404883e+03 1.302332414327166621e+00
1.429995231151391636e+03 2.019676452114141284e+03 1.301733498943633105e+00
1.430016063989717168e+03 2.020201806953367168e+03 1.302117334557691741e+00
1.430036896827576584e+03 2.022829441797546224e+03 1.303150436555620795e+00
1.430057729664505132e+03 2.021464040383672909e+03 1.302309759162119995e+00
1.430078562500501903e+03 2.021276862726707350e+03 1.302168739061030145e+00
1.430099395335567351e+03 2.019918327061383025e+03 1.301847461953099083e+00
1.430120228170167138e+03 2.019584204250559878e+03 1.301981329419271027e+00
1.430141061003369941e+03 2.021119020816929151e+03 1.302259550250356890e+00
1.430161893836107083e+03 2.019766469147116595e+03 1.301964756970615866e+00
1.430182726667912902e+03 2.019640974714535332e+03 1.301800852333782510e+00
1.430203559498787399e+03 2.019532522000723702e+03 1.301536775955302483e+00
1.430224392329197144e+03 2.019892697331889394e+03 1.301917556382134356e+00
1.430245225158208996e+03 2.019274102488961034e+03 1.301713351773204908e+00
1.430266057986755641e+03 2.020232219003193904e+03 1.301547400488856310e+00
1.430286890814370054e+03 2.018947970621808508e+03 1.301664722545375019e+00
1.430307723641054508e+03 2.019461042482712173e+03 1.303786509177310204e+00
1.430328556466806504e+03 2.019387299542484470e+03 1.301701171741660001e+00
1.430349389292092383e+03 2.018123707420779283e+03 1.302174094533703474e+00
1.430370222108066173e+03 2.020061815586436524e+03 1.301841967782180420e+00
1.430391054931490089e+03 2.018263035129283480e+03 1.301290143334641769e+00
1.430411887753983137e+03 2.020930183364956747e+03 1.301880243357676825e+00
1.430432720575543954e+03 2.017426137769484285e+03 1.301213144079077288e+00
1.430453553396174811e+03 2.018332942453169835e+03 1.301223038349191174e+00
1.430474386216340008e+03 2.022615219496849704e+03 1.302729250598991806e+00
1.430495219035572518e+03 2.020244541130690550e+03 1.302120584590837904e+00
1.430516051853874160e+03 2.020982018800399146e+03 1.302005180556601305e+00
1.430536884671244479e+03 2.021698899833817677e+03 1.302185308913677675e+00
1.430557717488149137e+03 2.016848723374983138e+03 1.301450723196640125e+00
1.430620215933276086e+03 2.020164321395126990e+03 1.301447746283052487e+00
1.430641048746455908e+03 2.021054729376163550e+03 1.302208057787816342e+00
1.430661881559169615e+03 2.019084356243443381e+03 1.301411976988877228e+00
1.430682714370951999e+03 2.021137512463006487e+03 1.301872597489358352e+00
1.430703547181803515e+03 2.018870836804996543e+03 1.301158907484143423e+00
1.430724379991723026e+03 2.019797732322071624e+03 1.301279791528499041e+00
1.430745212801176422e+03 2.016268430778784250e+03 1.300878297776864034e+00
1.430766045609233515e+03 2.017210791926591583e+03 1.302799206082784655e+00
1.430786878416825857e+03 2.016384571593949204e+03 1.300617333700746725e+00
1.430807711223486422e+03 2.016984651767290643e+03 1.301111356987854295e+00
1.430828544029680870e+03 2.020171436850049531e+03 1.302820571724347065e+00
1.430849376834477880e+03 2.017930158337562261e+03 1.302967559671184272e+00
1.430870209638811048e+03 2.015585059287026070e+03 1.300310250087589381e+00
1.430891042442211983e+03 2.016989174366866337e+03 1.300370801715551305e+00
1.430911875245146803e+03 2.020865371199755600e+03 1.301456081623938221e+00
1.430932708046684411e+03 2.019357890293895252e+03 1.301094636024639817e+00
1.430953540847755903e+03 2.017464864426063514e+03 1.302602415250169843e+00
1.430974373647896982e+03 2.018753580533258400e+03 1.301320190588710624e+00
1.430995206447572855e+03 2.018485110975644147e+03 1.301453104722607446e+00
1.431016039245851516e+03 2.017352096422769591e+03 1.300944091868142527e+00
1.431036872043664061e+03 2.017952576493479228e+03 1.300889614964063856e+00
1.431057704840546194e+03 2.016001433016571355e+03 1.299994840978509369e+00
1.431078537636496094e+03 2.017232509557326694e+03 1.301694165882412380e+00
1.431099370431981015e+03 2.019158222944738327e+03 1.301186804798859731e+00
1.431120203226533476e+03 2.021309267882333188e+03 1.301669484809888866e+00
1.431141036020153933e+03 2.018631244372187211e+03 1.300763837451492710e+00
1.431161868812845114e+03 2.019018428555815717e+03 1.300909270897308678e+00
1.431182701605070633e+03 2.018278167653889341e+03 1.301242460216185171e+00
1.431203534396364375e+03 2.015925866550959881e+03 1.299740899381568005e+00
1.431224367186726340e+03 2.018235719487132656e+03 1.300432313048596411e+00
1.431245199976156982e+03 2.017667375167028467e+03 1.300416362550148364e+00
1.431266032765122418e+03 2.016536095685370583e+03 1.300040002354138080e+00
1.431286865552690870e+03 2.017000781130226642e+03 1.300394178198294171e+00
1.431307698340260004e+03 2.019166041992175678e+03 1.301757949863435071e+00
1.431328531126429880e+03 2.017593351442197900e+03 1.300350175058260227e+00
1.431349363912135004e+03 2.016609504456016339e+03 1.300714622830294598e+00
1.431370196696908806e+03 2.018525041366612641e+03 1.300674067483204244e+00
1.431391029480752877e+03 2.016253096432994653e+03 1.299885530200429073e+00
1.431411862263665171e+03 2.019350491186256249e+03 1.302840335774587688e+00
1.431432695046110439e+03 2.016491191828082492e+03 1.299950961875346866e+00
1.431453527827624839e+03 2.017265235052847174e+03 1.301072738109474214e+00
1.431474360608674033e+03 2.015691309919079004e+03 1.300021066861750008e+00
1.431495193388326470e+03 2.017255090532710710e+03 1.300506104475138480e+00
1.431516026167512337e+03 2.015288886980142479e+03 1.300460684285055457e+00
1.431536858945766653e+03 2.016324154950096954e+03 1.299946651831305644e+00
1.431557691723555990e+03 2.015906974785214970e+03 1.300569534255603621e+00
1.431578524500414005e+03 2.015596259594999310e+03 1.299494843270556199e+00
1.431599357276340925e+03 2.019762105143707004e+03 1.300884116747761610e+00
1.431620190051336976e+03 2.014340891455963856e+03 1.299172767288797381e+00
1.431641022825401478e+03 2.015235742733758798e+03 1.299200753129191144e+00
1.431661855598999409e+03 2.015451139567064274e+03 1.299717648728140107e+00
1.431682688372131906e+03 2.016230975311840211e+03 1.300599460671852947e+00
1.431703521143867420e+03 2.016493265586764892e+03 1.299883741902389644e+00
1.431724353915136817e+03 2.016767504876641169e+03 1.300422550266738808e+00
1.431745186685476483e+03 2.017553428794255751e+03 1.300200232344205897e+00
1.431766019454884372e+03 2.016190700195769296e+03 1.300392986466202272e+00
1.431786852223825917e+03 2.015613132870361142e+03 1.299774651069298681e+00
1.431807684991836140e+03 2.015642405904553925e+03 1.299640648032466483e+00
1.431828517758915950e+03 2.015391534704582682e+03 1.300139672772287369e+00
1.431849350525530099e+03 2.016952989429489435e+03 1.301010478215754107e+00
1.431870183291212015e+03 2.014717525555236534e+03 1.301333290241454499e+00
1.431891016055963064e+03 2.015443938050224006e+03 1.299722188829240066e+00
1.431911848819782335e+03 2.015073265236303087e+03 1.300641530640830323e+00
1.431932681583135491e+03 2.014210310978084408e+03 1.298921326469810955e+00
1.431953514345558006e+03 2.016260861246661079e+03 1.299801844386682115e+00
1.431974347107514859e+03 2.016861461790460680e+03 1.300153013540979341e+00
1.431995179868541072e+03 2.016683479569071324e+03 1.299632071734575067e+00
1.432016012628635508e+03 2.014983514997383281e+03 1.300096027789016118e+00
1.432036845387799076e+03 2.018012575819618178e+03 1.300318730235558773e+00
1.432057678146495618e+03 2.017185852269951965e+03 1.299827569750102940e+00
1.432078510904261520e+03 2.017270059472045432e+03 1.300236218338892691e+00
1.432099343661096100e+03 2.018741860903960060e+03 1.300455092587909922e+00
1.432120176417463881e+03 2.014288373754425947e+03 1.300985921617903607e+00
1.432141009172902613e+03 2.017511962423738623e+03 1.299791572441582277e+00
1.432161841927409114e+03 2.017401786378683710e+03 1.300753848042131011e+00
1.432182674681449953e+03 2.015790539863018921e+03 1.300004836220181925e+00
1.432203507434559924e+03 2.015359473348090887e+03 1.299491540802755640e+00
1.432224340186737663e+03 2.015095573306484539e+03 1.299272917113229564e+00
1.432245172938450196e+03 2.018480118225978003e+03 1.300771214901817796e+00
1.432266005689230951e+03 2.016754148471290137e+03 1.299772128894673529e+00
1.432286838439080384e+03 2.014990110498324611e+03 1.299314846538193846e+00
1.432307671188464155e+03 2.016284407361512422e+03 1.300579525080631127e+00
1.432328503936917059e+03 2.015069171275950794e+03 1.298843865550179055e+00
1.432349336684439095e+03 2.016028251574774458e+03 1.300148245721839402e+00
1.432370169431495015e+03 2.017529937567400111e+03 1.300943129722258673e+00
1.432391002177619612e+03 2.015695559732925858e+03 1.300931813000599346e+00
1.432411834922811977e+03 2.017690099501642180e+03 1.299927577422284264e+00
1.432432667667540045e+03 2.016253682666796294e+03 1.300276283102668851e+00
1.432453500411335881e+03 2.016535637807025978e+03 1.299462919063580024e+00
1.432474333154201531e+03 2.019272865502056902e+03 1.300271607415834474e+00
1.432495165896600611e+03 2.016926439040492141e+03 1.300397524209483402e+00
1.432515998638068140e+03 2.016030594462758245e+03 1.299547681614003025e+00
1.432536831378604802e+03 2.018095129909570005e+03 1.303129899635526279e+00
1.432557664118675802e+03 2.014693456247574204e+03 1.299044712909334542e+00
1.432578496857815026e+03 2.017593489948088973e+03 1.300120463658698489e+00
1.432599329596489042e+03 2.020103630234601042e+03 1.300712835672141354e+00
1.432620162334231509e+03 2.016299813511889397e+03 1.299668440352275800e+00
1.432640995071043108e+03 2.016497156778693807e+03 1.299293973744134911e+00
1.432661827807388818e+03 2.017020097496671042e+03 1.299622073626014451e+00
1.432682660542802296e+03 2.016730089044418946e+03 1.300808330632029275e+00
1.432703493277284906e+03 2.015854805632142416e+03 1.299273146490132147e+00
1.432724326011302992e+03 2.016698445165648991e+03 1.299778686538518802e+00
1.432745158744388846e+03 2.020934422451633964e+03 1.300540111288362555e+00
1.432765991476544059e+03 2.017077503852414111e+03 1.300051235143018236e+00
1.432786824208232701e+03 2.015801987084282473e+03 1.299949036112754142e+00
1.432807656938990021e+03 2.016339164206258602e+03 1.301595209816627463e+00
1.432828489669282135e+03 2.017654731487807339e+03 1.300059579437644608e+00
1.432849322398643380e+03 2.019009791404967245e+03 1.300081723652185772e+00
1.432870155127072394e+03 2.016596980492784041e+03 1.299464937283796306e+00
1.432890987855035974e+03 2.015923547574149097e+03 1.302365412357450625e+00
1.432911820582068003e+03 2.017588313508830197e+03 1.301451089585534238e+00
1.432932653308635054e+03 2.017309858969226980e+03 1.301420449957916059e+00
1.432953486034271009e+03 2.017292550395939770e+03 1.299387921612643160e+00
1.432974318758975642e+03 2.017361565627348682e+03 1.299638171460277603e+00
1.432995151483214158e+03 2.016182586535831661e+03 1.299162398611271696e+00
1.433015984206521807e+03 2.018042954208581932e+03 1.299738744013041458e+00
1.433036816928896997e+03 2.016551500132286037e+03 1.300019141203006212e+00
1.433057649650806525e+03 2.017245056716042200e+03 1.301046487612480318e+00
1.433078482372250619e+03 2.019785529173513396e+03 1.300460225950128557e+00
1.433099315092298184e+03 2.017197691148510557e+03 1.299677979493360391e+00
1.433120147811880088e+03 2.019963791173664731e+03 1.300546069263825766e+00
1.433140980530995876e+03 2.015158849943708901e+03 1.299444571463292508e+00
1.433161813249181023e+03 2.019787539729175705e+03 1.300453305073095311e+00
1.433182645966434848e+03 2.016625040329902959e+03 1.299268146064471052e+00
1.433203478683223011e+03 2.018855412411638781e+03 1.299996858372926889e+00
1.433224311399079852e+03 2.018518663189845483e+03 1.300035600908356015e+00
1.433245144114470804e+03 2.017161890967406634e+03 1.299252043645564347e+00
1.433265976828930434e+03 2.017397798784145380e+03 1.299700863974256881e+00
1.433286809542457831e+03 2.018959646080033735e+03 1.299798359271550519e+00
1.433307642255520932e+03 2.019649859118140967e+03 1.299777035666261238e+00
1.433328474967652483e+03 2.020603163293892067e+03 1.300166720923615182e+00
1.433349307679318372e+03 2.019076775498788948e+03 1.300744408438015753e+00
1.433370140390053166e+03 2.018602096862005737e+03 1.299579878926106824e+00
1.433390973100321844e+03 2.019009665275082398e+03 1.299609048451783044e+00
1.433411805809658290e+03 2.015938291311877947e+03 1.299666055556065070e+00
1.433432638518063868e+03 2.019617531013159351e+03 1.299996858372926889e+00
1.433453471226004012e+03 2.019717385555836472e+03 1.299899102843816046e+00
1.433474303933478041e+03 2.017132838481497629e+03 1.299353609409017229e+00
1.433495136639555994e+03 2.019934856725997406e+03 1.301424159726996210e+00
1.433515969345633948e+03 2.017940941494398203e+03 1.299821379201145932e+00
1.433536802050315146e+03 2.019417153793741136e+03 1.301188133227498822e+00
1.433557634754995888e+03 2.017770175601455776e+03 1.300040002354138080e+00
1.433620132863451090e+03 2.018631636081045826e+03 1.299706825796906884e+00
1.433640965564871976e+03 2.019992660956348345e+03 1.300507800253736690e+00
1.433661798265361540e+03 2.021017506448198674e+03 1.300417416755796474e+00
1.433682630965384988e+03 2.017966044146548711e+03 1.299624779543720798e+00
1.433703463664944138e+03 2.019424991339906228e+03 1.299925926739114113e+00
1.433724296363105623e+03 2.017917710927295502e+03 1.299707055097231834e+00
1.433745129061267107e+03 2.017464248860469525e+03 1.299575567651368502e+00
1.433765961758497497e+03 2.018639953238235421e+03 1.299598224616136832e+00
1.433786794454797018e+03 2.019938565667391231e+03 1.300476084244706065e+00
1.433807627150630196e+03 2.015189520196866852e+03 1.299440168000675300e+00
1.433828459845532052e+03 2.018629129040244379e+03 1.299843527473681037e+00
1.433849292539967337e+03 2.021012471051559487e+03 1.301523449370338481e+00
1.433870125233471981e+03 2.017726454370558258e+03 1.299664863156318573e+00
1.433890957926511419e+03 2.020378712338850391e+03 1.301768297867209601e+00
1.433911790618619534e+03 2.018004822060337801e+03 1.299865858786680040e+00
1.433932623310261988e+03 2.019435841472943139e+03 1.299790838728111853e+00
1.433953456001439008e+03 2.016859797434168513e+03 1.298938763717567557e+00
1.433974288691219044e+03 2.019249035469625369e+03 1.300014602138966691e+00
1.433995121380998171e+03 2.019102559427302594e+03 1.299969806687311102e+00
1.434015954069846885e+03 2.020012850558262699e+03 1.300242773642149574e+00
1.434036786757763366e+03 2.018708046883771203e+03 1.299695865194187894e+00
1.434057619445214186e+03 2.021718620269738722e+03 1.300480255035728394e+00
1.434078452132200027e+03 2.020058129418375756e+03 1.299788591728031850e+00
1.434099284818254091e+03 2.019237692964764165e+03 1.299911253907700015e+00
1.434120117503377060e+03 2.018138257080472613e+03 1.299055082526192839e+00
1.434140950188034822e+03 2.017508242384728646e+03 1.300080164858534282e+00
1.434161782872226922e+03 2.019893510651363613e+03 1.299862007006478803e+00
1.434182615555487018e+03 2.018589455778560705e+03 1.299190981092765762e+00
1.434203448238281908e+03 2.021499154359576551e+03 1.300351641853584761e+00
1.434224280920146157e+03 2.020065342610589369e+03 1.300139306013826435e+00
1.434245113601542926e+03 2.022277441830379530e+03 1.300588003472862519e+00
1.434265946282008827e+03 2.018298252656313480e+03 1.299159187057199905e+00
1.434286778962009521e+03 2.018262742467906037e+03 1.299340122813542830e+00
1.434307611641545009e+03 2.020144130110654260e+03 1.299701230856440404e+00
1.434328444320149174e+03 2.020208737376499585e+03 1.299513924031297396e+00
1.434349276998286996e+03 2.021077041439361210e+03 1.299741862417413962e+00
1.434370109675493950e+03 2.020402759835224288e+03 1.301667790544702719e+00
1.434390942352235015e+03 2.019580401836346027e+03 1.299376361987495176e+00
1.434411775028510874e+03 2.020103004871207759e+03 1.301002506535173131e+00
1.434432607703854501e+03 2.020268952725370355e+03 1.299989797478768416e+00
1.434453440378732012e+03 2.018761472302696347e+03 1.300790322761856022e+00
1.434474273052680019e+03 2.019383671407686961e+03 1.299937252217607586e+00
1.434495105726161000e+03 2.020077299912544277e+03 1.300043945303330339e+00
1.434515938399177003e+03 2.017828301606326022e+03 1.298952208593511237e+00
1.434536771071262137e+03 2.019578384494609281e+03 1.299375903270090005e+00
1.434557603742880929e+03 2.017471003813127254e+03 1.298935551610569394e+00
1.434578436414034059e+03 2.021693088955074245e+03 1.300311808605418173e+00
1.434599269084255866e+03 2.021177211673854117e+03 1.299759884813761035e+00
1.434620101754011557e+03 2.018002068027338510e+03 1.299335718996948108e+00
1.434640934423302042e+03 2.022114687606569760e+03 1.300154572247290474e+00
1.434661767091660977e+03 2.019393425897370435e+03 1.299227224426708238e+00
1.434682599759555615e+03 2.017556871586196849e+03 1.300679704064731768e+00
1.434703432426983909e+03 2.020160849396439289e+03 1.299611112308516336e+00
1.434724265093480881e+03 2.020170144901388539e+03 1.299805054352878297e+00
1.434745097759512191e+03 2.018087218015901044e+03 1.298769933788068931e+00
1.434765930425077386e+03 2.020956527852731824e+03 1.299869297866500739e+00
1.434786763089711485e+03 2.018532024434964114e+03 1.299785014862748556e+00
1.434807595753879923e+03 2.017918858317436843e+03 1.301167840186957525e+00
1.434828428417582018e+03 2.018103281659477716e+03 1.298966295737442600e+00
1.434849261080817996e+03 2.020338583686393576e+03 1.299705633434564689e+00
1.434870093743124016e+03 2.018461341382778528e+03 1.299126612274393855e+00
1.434890926404963921e+03 2.017873004053357363e+03 1.298544395260713635e+00
1.434911759066339073e+03 2.020412194247857769e+03 1.299797304563813594e+00
1.434932591727247427e+03 2.018462114299469022e+03 1.298792604806827233e+00
1.434953424387224914e+03 2.019359292970318847e+03 1.299196945255193025e+00
1.434974257046736966e+03 2.018659047287548219e+03 1.299250483856492666e+00
1.434995089705782902e+03 2.018192824364583885e+03 1.298988320933193608e+00
1.435015922364362496e+03 2.019071021063576836e+03 1.300278070860838797e+00
1.435036755022477564e+03 2.018875057179479654e+03 1.298753871085866152e+00
1.435057587679661992e+03 2.020700154135947059e+03 1.300658807347216284e+00
1.435078420336844829e+03 2.020436387165811311e+03 1.299307827811896576e+00
1.435099252993097025e+03 2.018858671918915888e+03 1.299162490369842882e+00
1.435120085648884015e+03 2.020522039427567734e+03 1.299228554858969042e+00
1.435140918304204433e+03 2.020800901714029806e+03 1.299246309117706000e+00
1.435161750958593984e+03 2.019401775809140418e+03 1.298639544800731738e+00
1.435182583612983990e+03 2.019451304678503448e+03 1.299353838771675207e+00
1.435203416266907425e+03 2.020516018668517972e+03 1.300747157844343249e+00
1.435224248919899310e+03 2.021095426479148045e+03 1.300021158559714340e+00
1.435245081572425079e+03 2.019965468616815770e+03 1.299037463305021900e+00
1.435265914224951985e+03 2.020632173057804721e+03 1.299041501064314152e+00
1.435286746876548023e+03 2.022846599001090226e+03 1.300417645930824317e+00
1.435307579527678627e+03 2.020372982287419063e+03 1.302124017715632798e+00
1.435328412178809003e+03 2.022734139437769954e+03 1.299650921170415252e+00
1.435349244829008057e+03 2.023258506366175652e+03 1.301133987209547094e+00
1.435370077478740996e+03 2.020981203895313229e+03 1.300332298357278704e+00
1.435390910128007818e+03 2.021668491012055028e+03 1.299742825452546491e+00
1.435411742777274412e+03 2.021198273220054261e+03 1.299301864158451503e+00
1.435432575425609457e+03 2.022139346037468840e+03 1.299459203695439768e+00
1.435453408073479977e+03 2.021926892796059747e+03 1.299323929539474509e+00
1.435474240721349815e+03 2.021693546017319932e+03 1.301352481452650478e+00
1.435495073368755129e+03 2.021472274700011667e+03 1.298998461574850438e+00
1.435515906015228438e+03 2.021529502778402275e+03 1.299727783679488713e+00
1.435536738661703112e+03 2.022509851359538288e+03 1.299372554628127174e+00
1.435557571307710077e+03 2.022320099563683925e+03 1.299827569750102940e+00
1.435578403953717952e+03 2.023097195633326692e+03 1.299929640773299200e+00
1.435599236598793595e+03 2.021826454204975562e+03 1.299357187461871677e+00
1.435620069243869011e+03 2.022838534440845024e+03 1.299756766452628387e+00
1.435640901888480130e+03 2.021872690252316488e+03 1.299759380373496809e+00
1.435661734532624905e+03 2.023045005145193045e+03 1.300605189233499992e+00
1.435682567176304019e+03 2.023237057363176973e+03 1.299962745646218165e+00
1.435703399819984043e+03 2.019964571099997784e+03 1.299158682383695362e+00
1.435724232463197950e+03 2.019582456901452815e+03 1.299938811182629772e+00
1.435745065106411857e+03 2.022627850788508795e+03 1.299721134059691696e+00
1.435765897749160104e+03 2.022870886691197484e+03 1.299479248209959081e+00
1.435786730391442006e+03 2.022473354530955930e+03 1.299505484498600927e+00
1.435807563033723909e+03 2.022519452532170362e+03 1.300394636556500227e+00
1.435828395675539923e+03 2.020581093146206740e+03 1.299491403199748429e+00
1.435849228317356392e+03 2.020197991675862113e+03 1.299454800282406897e+00
1.435870060958708109e+03 2.021244533806133404e+03 1.299411407518448192e+00
1.435890893600059826e+03 2.022880550597431238e+03 1.299785840294072070e+00
1.435911726240944972e+03 2.021054122216542055e+03 1.299792764725088645e+00
1.435932558881831028e+03 2.020951932641259418e+03 1.299448837303473159e+00
1.435953391522716174e+03 2.022187091877390230e+03 1.300252079365539437e+00
1.435974224163136114e+03 2.021662234474609932e+03 1.299211167378184761e+00
1.435995056804020351e+03 2.021799755296419107e+03 1.299683712116581624e+00
1.436015889444438926e+03 2.023129278597052462e+03 1.301849705399557022e+00
1.436036722084394114e+03 2.022572112785973104e+03 1.299856183459977332e+00
1.436057554724814054e+03 2.022265293586241569e+03 1.299595839691078059e+00
1.436078387364767877e+03 2.022517538159219839e+03 1.299094541373393419e+00
1.436099220005187817e+03 2.021736655218837313e+03 1.298993597747554629e+00
1.436120052645142096e+03 2.022042723574375941e+03 1.299522868041452783e+00
1.436140885285095919e+03 2.021467372401544708e+03 1.299698846120396212e+00
1.436161717925515859e+03 2.023027454848638399e+03 1.299747090313841280e+00
1.436182550565934889e+03 2.022641144614588029e+03 1.300835593981410687e+00
1.436203383205889622e+03 2.021461274569903480e+03 1.298771402368072980e+00
1.436224215846309107e+03 2.023958438371179227e+03 1.300630669569996956e+00
1.436245048487194481e+03 2.024775347035302957e+03 1.301589119262327010e+00
