1.410932871774290561e+03 2.028498229310721172e+03 1.321025497866174181e+00
1.410953705361758466e+03 2.028988192975025186e+03 1.322075383574906615e+00
1.411016206112521104e+03 2.029421182023239680e+03 1.319820876828223577e+00
1.411037039692539111e+03 2.026208550253991461e+03 1.318952684058466884e+00
1.411057873270693563e+03 2.029912286560950406e+03 1.319837450870707141e+00
1.411078706846985369e+03 2.026550049175605409e+03 1.318953994593606405e+00
1.411099540421880192e+03 2.024761344219939701e+03 1.320771086917822412e+00
1.411120373994446936e+03 2.027259055028804823e+03 1.319295999754050985e+00
1.411141207565151035e+03 2.029069390834796877e+03 1.319477200798645500e+00
1.411162041133993171e+03 2.028279734631045130e+03 1.319856779463898455e+00
1.411182874701437413e+03 2.027785318718104236e+03 1.318882681513226851e+00
1.411203708266553804e+03 2.026186290300171777e+03 1.320316562984918951e+00
1.411224541829807094e+03 2.026513198825848349e+03 1.318449025814638631e+00
1.411245375391664084e+03 2.026420001231464312e+03 1.318711659023252825e+00
1.411266208951658427e+03 2.029703522898446181e+03 1.319487093632158548e+00
1.411287042509789899e+03 2.030385247524752913e+03 1.319500554994247343e+00
1.411307876066058498e+03 2.029275255231706751e+03 1.319409123444307719e+00
1.411328709620464451e+03 2.028168930106129892e+03 1.319302098922430444e+00
1.411349543173008442e+03 2.027387614218069530e+03 1.319303860899157188e+00
1.411370376724154994e+03 2.026978475823337931e+03 1.320468329087744364e+00
1.411391210273438446e+03 2.027217283137804088e+03 1.319173694181409617e+00
1.411412043820858798e+03 2.028107903631994986e+03 1.319452897541117498e+00
1.411432877366417870e+03 2.029475505837790251e+03 1.320660246249181657e+00
1.411453710910579957e+03 2.023829364708698222e+03 1.317646879590096409e+00
1.411474544452878945e+03 2.024026275793208924e+03 1.317870505786155499e+00
1.411495377993314833e+03 2.026155321420703103e+03 1.318542467754858283e+00
1.411516211532355101e+03 2.027527207031597072e+03 1.318609007760560559e+00
1.411537045069066153e+03 2.026927224634803451e+03 1.320294622717818944e+00
1.411557878604845428e+03 2.026443562211392191e+03 1.318007946505635353e+00
1.411578712138762057e+03 2.023848353661832107e+03 1.317440407796879542e+00
1.411599545670816951e+03 2.026573803725562584e+03 1.318357114436719435e+00
1.411620379201474861e+03 2.025242846187980149e+03 1.319880488216197634e+00
1.411641212730269672e+03 2.026637601088112433e+03 1.319085583768393244e+00
1.411662046257200473e+03 2.026926039584720684e+03 1.318841329006481100e+00
1.411682879782735654e+03 2.028131831010750602e+03 1.318629394006093580e+00
1.411703713306873851e+03 2.022940348377170949e+03 1.317447194193923199e+00
1.411724546829149858e+03 2.025913458427376781e+03 1.317816502449917548e+00
1.411745380350027972e+03 2.025905918458380938e+03 1.319231030566165419e+00
1.411766213869509102e+03 2.027527912495408373e+03 1.319180381295552928e+00
1.411787047387128951e+03 2.025392490090256388e+03 1.317925094849303314e+00
1.411807880903350906e+03 2.025193082016876133e+03 1.317667733070822633e+00
1.411828714417709989e+03 2.027796362743067448e+03 1.319051738768320492e+00
1.411849547930672088e+03 2.026684849976172927e+03 1.318439622485361840e+00
1.411870381442237885e+03 2.026761584887060735e+03 1.318443284366755286e+00
1.411891214951941038e+03 2.025705521998123686e+03 1.318397532723256882e+00
1.411912048460711958e+03 2.025536848515699376e+03 1.318908441435782120e+00
1.411932881967620915e+03 2.027830901357957146e+03 1.319271331718743223e+00
1.411953715472667682e+03 2.025558463562808583e+03 1.320155388326924584e+00
1.411974548976781989e+03 2.026389503544108948e+03 1.319239976444012363e+00
1.411995382479499312e+03 2.027705318447216314e+03 1.321056359572378769e+00
1.412016215980354900e+03 2.027087216523192865e+03 1.319656254124993211e+00
1.412037049479813504e+03 2.029557309985886377e+03 1.319576261304898690e+00
1.412057882977874215e+03 2.025902805339722590e+03 1.317967651945605390e+00
1.412078716474537941e+03 2.025559551389619401e+03 1.317987550647734540e+00
1.412099549969805594e+03 2.025168545009933723e+03 1.317593319463441270e+00
1.412120383463210601e+03 2.027599669926911020e+03 1.318482886286144851e+00
1.412141216955683376e+03 2.027904263634987046e+03 1.319379939906252464e+00
1.412162050446760077e+03 2.027558403879500702e+03 1.318687432056839137e+00
1.412182883935974132e+03 2.028126673883528611e+03 1.318493826332726826e+00
1.412203717424255956e+03 2.028621385624432378e+03 1.318567059017700105e+00
1.412224550911140341e+03 2.027589454405368315e+03 1.318883043059480897e+00
1.412245384396163445e+03 2.029517259036759924e+03 1.319126386398993711e+00
1.412307884843780812e+03 2.026422778255818457e+03 1.319753268836703297e+00
1.412328718323682097e+03 2.025539701465544340e+03 1.319291843267592634e+00
1.412349551802185033e+03 2.028960926233785585e+03 1.319608466789624623e+00
1.412370385279757556e+03 2.026162411160381680e+03 1.318025447799494598e+00
1.412391218755466980e+03 2.028935409897644377e+03 1.320238957811642466e+00
1.412412052229778965e+03 2.028163626517580951e+03 1.318561770126720045e+00
1.412432885703160082e+03 2.027679537452183695e+03 1.318964343256381788e+00
1.412453719175144670e+03 2.027357598234207444e+03 1.318315745444153420e+00
1.412474552645732047e+03 2.026667935443734450e+03 1.317862274264787859e+00
1.412495386114921985e+03 2.028307854869229914e+03 1.318734032412217427e+00
1.412516219582715621e+03 2.030002822015225092e+03 1.320155388326924584e+00
1.412537053049577935e+03 2.027546056883912343e+03 1.319479233578709554e+00
1.412557886514576467e+03 2.029082230767822466e+03 1.318624240971577377e+00
1.412578719979110474e+03 2.028859056366283539e+03 1.319554579750466194e+00
1.412599553441781609e+03 2.030130465547785434e+03 1.319963442917542640e+00
1.412620386903521194e+03 2.025927392837819980e+03 1.318629032390293165e+00
1.412641220363398133e+03 2.029113734311853250e+03 1.318834640173182526e+00
1.412662053822809867e+03 2.028989010983253820e+03 1.318778506870317946e+00
1.412682887280358500e+03 2.028514142905984727e+03 1.319076907963295797e+00
1.412703720736976038e+03 2.026076744597648712e+03 1.318588259572860855e+00
1.412724554192196592e+03 2.029855939109628480e+03 1.319226873875008810e+00
1.412745387646484687e+03 2.027554038285036995e+03 1.319406277400116956e+00
1.412766221099376935e+03 2.026553868824671326e+03 1.319586288903342064e+00
1.412787054550872654e+03 2.026238012228750677e+03 1.318293319742748659e+00
1.412807888001435913e+03 2.027193172287055631e+03 1.318838843295364827e+00
1.412828721450603098e+03 2.028764741844537411e+03 1.319798837997033569e+00
1.412849554898372844e+03 2.025377884266669071e+03 1.318037160421910103e+00
1.412870388345211040e+03 2.027117521600298232e+03 1.318189143740469360e+00
1.412891221790652935e+03 2.026385293883818804e+03 1.319339732426537015e+00
1.412912055235163507e+03 2.026172035792568067e+03 1.318131083749810140e+00
1.412932888678275958e+03 2.027404263509899693e+03 1.318607696882546199e+00
1.412953722120457996e+03 2.026600058629191381e+03 1.320100891491300166e+00
1.412974555561243506e+03 2.024691498625999657e+03 1.318312037995645003e+00
1.412995389000630894e+03 2.026702052531660456e+03 1.318489441283633656e+00
1.413016222439553530e+03 2.024319255834546539e+03 1.317850107801137538e+00
1.413037055876613522e+03 2.023984642859920996e+03 1.317964079192273541e+00
1.413057889312740826e+03 2.024132705793144169e+03 1.317586443343539582e+00
1.413078722747939082e+03 2.022810432891917344e+03 1.317934863656048838e+00
1.413099556181738990e+03 2.025219285086718855e+03 1.318692223245952588e+00
1.413120389614141914e+03 2.025687288591132301e+03 1.318881642067194937e+00
1.413141223045613970e+03 2.026112842266049256e+03 1.318694483234775117e+00
1.413162056476154021e+03 2.025857967275291003e+03 1.318949113973378218e+00
1.413182889905297543e+03 2.025717817248191068e+03 1.318802958143767690e+00
1.413203723333509970e+03 2.024742568673501637e+03 1.317950737812578543e+00
1.413224556760324958e+03 2.025254193626475853e+03 1.318266643512427727e+00
1.413245390186209079e+03 2.024867380743995682e+03 1.318002203136333428e+00
1.413307890457341045e+03 2.027785799776845352e+03 1.316940923488197690e+00
1.413328723878567871e+03 2.028773085681356179e+03 1.316828266721312035e+00
1.413349557298864056e+03 2.030188855202668719e+03 1.317515508643698041e+00
1.413370390717762803e+03 2.027389565670979437e+03 1.316607496686508894e+00
1.413391224135729999e+03 2.030114482312807240e+03 1.316916709206788383e+00
1.413412057552766328e+03 2.028383316462196262e+03 1.316667208289183932e+00
1.413432890968871561e+03 2.028075147640189016e+03 1.317529306827736502e+00
1.413453724383579356e+03 2.028885102474881705e+03 1.317355393901335381e+00
1.413474557797356510e+03 2.026028919257583539e+03 1.317457916630001780e+00
1.413495391209735999e+03 2.028898903094702064e+03 1.318808788417450861e+00
1.413516224621183937e+03 2.028618262386162087e+03 1.316524375799969837e+00
1.413537058031701463e+03 2.029126234153255837e+03 1.317813381586465216e+00
1.413557891440822004e+03 2.028505204416937659e+03 1.317257026113529239e+00
1.413578724849476203e+03 2.026136448888222503e+03 1.316225984721985709e+00
1.413599558256267528e+03 2.026827422747589253e+03 1.316731353369899216e+00
1.413620391662593647e+03 2.026001732682786269e+03 1.316865789872792014e+00
1.413641225067523010e+03 2.027052725171904740e+03 1.316858909954016665e+00
1.413662058471521050e+03 2.027048968631125490e+03 1.316727505658522590e+00
1.413682891874587312e+03 2.029614494747532035e+03 1.317095386546921043e+00
1.413703725276257046e+03 2.028090817885911065e+03 1.316772681607834228e+00
1.413724558677461118e+03 2.026650939124985371e+03 1.316352141312517210e+00
1.413745392076802091e+03 2.024611678647918552e+03 1.315668097218277932e+00
1.413766225475677857e+03 2.026699257048531535e+03 1.316265562786031573e+00
1.413787058873156184e+03 2.029232692110822654e+03 1.317722692398823892e+00
1.413807892270168850e+03 2.027687542145959242e+03 1.317390458839118983e+00
1.413828725665784532e+03 2.028648320672900581e+03 1.318837397061286776e+00
1.413849559060003003e+03 2.028695353403017862e+03 1.316661821227674389e+00
1.413870392453755812e+03 2.028089150015037148e+03 1.317356479797283875e+00
1.413891225846113002e+03 2.026919697791154022e+03 1.315713626658157942e+00
1.413912059237537960e+03 2.027868455794086685e+03 1.316734657865989311e+00
1.413974559405759919e+03 2.027225666893866446e+03 1.315706604807501234e+00
1.413995392792993016e+03 2.025778570620452456e+03 1.316496350745139265e+00
1.414037059564667516e+03 2.029738007749582039e+03 1.318054570884501953e+00
1.414057892949107554e+03 2.026715716026868222e+03 1.317021121629805336e+00
1.414078726332150381e+03 2.027846597032285217e+03 1.315927978930502285e+00
1.414099559714728457e+03 2.028838430767382988e+03 1.316056836219807291e+00
1.414120393095909094e+03 2.026935380290105286e+03 1.316118022029586720e+00
1.414141226476157954e+03 2.024100821965637124e+03 1.314942856769066193e+00
1.414162059855475945e+03 2.027765650491811130e+03 1.316456191024007127e+00
1.414182893233396044e+03 2.029274103676517143e+03 1.317285668458343384e+00
1.414203726610851845e+03 2.027890805365397000e+03 1.315984596165188814e+00
1.414224559986910208e+03 2.025261355174056689e+03 1.315100772463003276e+00
1.414245393362502000e+03 2.025446501543749264e+03 1.315340148098656403e+00
1.414266226736698172e+03 2.027923976929071841e+03 1.316161135710488983e+00
1.414287060109962567e+03 2.027792458562910952e+03 1.317495919498154366e+00
1.414307893482295185e+03 2.026880003989541592e+03 1.315723185375273996e+00
1.414328726853696935e+03 2.026281163034614337e+03 1.315778633625150462e+00
1.414349560223701019e+03 2.026272509779916845e+03 1.315236191370191099e+00
1.414370393593239896e+03 2.025607697492666603e+03 1.315078835825687520e+00
1.414391226961382017e+03 2.026223361834311845e+03 1.315097191921157371e+00
1.414412060329058477e+03 2.026474235351396374e+03 1.315520172292154788e+00
1.414432893695337953e+03 2.025465141572478160e+03 1.314915523281398491e+00
1.414453727060685651e+03 2.028277216765604635e+03 1.316324610683095253e+00
1.414474560425102482e+03 2.025136541672781050e+03 1.314827308846651555e+00
1.414495393788587080e+03 2.028297793207407494e+03 1.315838699925797162e+00
1.414516227151140811e+03 2.026624528738028175e+03 1.315770977919232587e+00
1.414537060512764128e+03 2.026152228741934096e+03 1.315163860917658800e+00
1.414557893873456123e+03 2.026162034305145653e+03 1.315184119283787645e+00
1.414578727232749998e+03 2.025659588952503555e+03 1.317257750098321356e+00
1.414599560591579120e+03 2.027030941795774879e+03 1.315238004112391668e+00
1.414620393949011032e+03 2.025837775860336251e+03 1.315096013512848216e+00
1.414641227305976827e+03 2.027585048518160647e+03 1.315729482312114618e+00
1.414662060661546093e+03 2.026778216718103295e+03 1.315865515971076150e+00
1.414682894016650152e+03 2.025420634787250265e+03 1.314959628279563253e+00
1.414703727370355864e+03 2.024864268892656355e+03 1.316496033818652212e+00
1.414724560723131162e+03 2.027239166280612380e+03 1.315740717059829201e+00
1.414745394074975138e+03 2.027194085503276938e+03 1.316273215615345604e+00
1.414766227426352998e+03 2.026439506652410955e+03 1.315474726777432712e+00
1.414787060776334783e+03 2.027982465514320893e+03 1.315514689915527002e+00
1.414807894125384337e+03 2.026627491476667501e+03 1.315504540662131516e+00
1.414828727473503022e+03 2.025623060361470152e+03 1.315276750879492251e+00
1.414849560820690840e+03 2.027172328933745348e+03 1.315332172633679075e+00
1.414870394166946426e+03 2.024445256846665643e+03 1.315535803736437970e+00
1.414891227512271143e+03 2.027833045754442765e+03 1.315857996662162854e+00
1.414912060856663629e+03 2.025640597370217392e+03 1.316284174027186893e+00
1.414932894200125475e+03 2.025967747858574285e+03 1.317499855446852886e+00
1.414953727542655997e+03 2.026445064241645241e+03 1.316579111222173193e+00
1.414974560884255425e+03 2.027781367325213751e+03 1.315568334668470563e+00
1.414995394224923984e+03 2.027132900078298690e+03 1.315284001609706266e+00
1.415016227564660994e+03 2.026650451472848317e+03 1.315331946057263002e+00
1.415037060903465999e+03 2.028167334993064060e+03 1.315234877130533331e+00
1.415057894241340819e+03 2.027619237031777857e+03 1.315834759008220223e+00
1.415078727578283178e+03 2.025568842523852936e+03 1.315328955244913667e+00
1.415099560914295125e+03 2.026581106459287867e+03 1.315258850468127960e+00
1.415120394249374840e+03 2.024601895443982130e+03 1.314411995911724418e+00
1.415141227583523005e+03 2.024957035985306220e+03 1.314517015375321396e+00
1.415162060916741211e+03 2.027404064896775481e+03 1.316023366242374371e+00
1.415182894249026958e+03 2.024119644715415916e+03 1.314534291089647366e+00
1.415203727580381837e+03 2.027379590813891582e+03 1.315570011031752973e+00
1.415224560910804939e+03 2.026489378746302691e+03 1.315379616875445690e+00
1.415245394240297173e+03 2.028934642801567634e+03 1.315755847576526527e+00
1.415266227568858085e+03 2.026217174908462994e+03 1.316369302383943118e+00
1.415287060896488128e+03 2.026543372433302693e+03 1.315154298135297717e+00
1.415307894223652511e+03 2.024772833382967519e+03 1.315262339934522906e+00
1.415328727549419000e+03 2.025538774552838049e+03 1.315155159241771399e+00
1.415349560874254621e+03 2.027048892016049876e+03 1.315286040870377260e+00
1.415370394198624581e+03 2.027029104562873499e+03 1.316717637359123616e+00
1.415391227521597557e+03 2.027229367703568414e+03 1.315628048129865890e+00
1.415412060844104417e+03 2.027250587019965906e+03 1.315477128224777248e+00
1.415432894165213838e+03 2.026317328433552348e+03 1.314988139356494168e+00
1.415453727485858963e+03 2.024892933867443617e+03 1.315719606527235408e+00
1.415474560805106194e+03 2.026885281871821235e+03 1.315786470485070803e+00
1.415495394123889128e+03 2.025692940993445291e+03 1.315398829720539009e+00
1.415516227441739375e+03 2.028355117093876515e+03 1.315689072668396742e+00
1.415537060758658981e+03 2.026005097958687884e+03 1.315519447351101601e+00
1.415557894074647038e+03 2.026151753065573075e+03 1.315485102810924456e+00
1.415578727389703545e+03 2.026668226440229091e+03 1.315299046747382405e+00
1.415599560703828956e+03 2.027123613656158113e+03 1.315987811951012443e+00
1.415620394017022591e+03 2.024652616181603889e+03 1.315183303516684665e+00
1.415641227329285812e+03 2.027418605521667587e+03 1.315608748020722363e+00
1.415662060640617483e+03 2.024858026453678804e+03 1.315313230710541514e+00
1.415682893951483038e+03 2.025470044459870451e+03 1.315147862479588703e+00
1.415703727260951837e+03 2.024991944928026669e+03 1.315901888888884930e+00
1.415724560569954974e+03 2.025797093707693648e+03 1.315397379704284608e+00
1.415745393877561128e+03 2.024267652146923638e+03 1.314857001416345650e+00
1.415766227184701620e+03 2.027803565123696217e+03 1.315810207278878208e+00
1.415787060490911472e+03 2.027627375567757781e+03 1.315716616596093846e+00
1.415807893796189092e+03 2.024903075824639700e+03 1.314861761231570281e+00
1.415828727100535616e+03 2.025837730480291839e+03 1.316062814529424196e+00
1.415849560403950363e+03 2.026520973989262302e+03 1.315297596621124887e+00
1.415870393706434470e+03 2.029443798941619889e+03 1.316813827491528199e+00
1.415891227007986799e+03 2.030300537727958044e+03 1.317156433607939992e+00
1.415912060309074150e+03 2.029149406685903386e+03 1.316091301707536187e+00
1.415932893608764061e+03 2.027238725985236442e+03 1.315478306291683275e+00
1.415953726907987402e+03 2.027028993461746040e+03 1.319167865520485927e+00
1.415974560206280330e+03 2.028895512238663514e+03 1.316023456825329507e+00
1.415995393503642845e+03 2.027523217195242296e+03 1.316825143515750085e+00
1.416016226800073127e+03 2.028090604570118785e+03 1.316083647820419866e+00
1.416037060095572087e+03 2.029991816400451853e+03 1.316097868616624478e+00
1.416057893390138815e+03 2.028582084660951978e+03 1.317596576560343680e+00
1.416078726683776040e+03 2.028707656098580401e+03 1.315812834607596793e+00
1.416099559976946466e+03 2.029114082615458528e+03 1.316001399691686613e+00
1.416120393269186025e+03 2.027176280961932889e+03 1.315613052060201849e+00
1.416141226560028372e+03 2.025492950566447007e+03 1.315352428407559282e+00
1.416162059850404603e+03 2.029367269752533730e+03 1.316050993754625198e+00
1.416182893139849966e+03 2.028244285469389297e+03 1.317363266626682572e+00
1.416203726428364917e+03 2.029437026854291844e+03 1.317643305966999412e+00
1.416224559716412841e+03 2.025736933452007406e+03 1.314899431161411503e+00
1.416245393003063782e+03 2.025499829609282415e+03 1.315453294798490269e+00
1.416266226289250426e+03 2.026876414657604300e+03 1.317596440848133543e+00
1.416287059574039631e+03 2.028608484313039980e+03 1.316893218665340370e+00
1.416307892858362493e+03 2.027920770071243851e+03 1.316223629925517002e+00
1.416328726141754032e+03 2.027736236576461351e+03 1.315880056199565606e+00
1.416349559424679910e+03 2.028235953762744202e+03 1.315558910748639398e+00
1.416370392706210168e+03 2.026259570008077617e+03 1.315242037454824375e+00
1.416391225986807058e+03 2.025474755941015019e+03 1.315328728667943592e+00
1.416412059266939650e+03 2.028202639715056876e+03 1.316058874282954871e+00
1.416432892546140920e+03 2.026315894080716362e+03 1.315623880055147854e+00
1.416453725824410412e+03 2.029654191249317364e+03 1.316742172168693603e+00
1.416474559101748582e+03 2.028361929543086490e+03 1.315697453694272712e+00
1.416495392378155884e+03 2.031415768563960910e+03 1.316143519051432564e+00
1.416516225654095933e+03 2.027364569478445219e+03 1.315729482312114618e+00
1.416537058928640363e+03 2.026127159943969900e+03 1.316484352760615817e+00
1.416557892202719813e+03 2.028582542998574127e+03 1.315807579944913819e+00
1.416578725475867031e+03 2.029095529309258154e+03 1.316245909754238497e+00
1.416599558748082018e+03 2.026606868787437861e+03 1.315702572889219546e+00
1.416620392019367046e+03 2.030328416107168096e+03 1.317825457930094979e+00
1.416641225290185957e+03 2.028533845131378484e+03 1.315651062913374858e+00
1.416662058559608340e+03 2.029157491114383674e+03 1.315974224070041609e+00
1.416682891828564607e+03 2.027443973190783936e+03 1.315762778563493551e+00
1.416703725096589551e+03 2.028505403026941849e+03 1.315757886105895169e+00
1.416724558363684082e+03 2.028060549885007958e+03 1.317963943517905578e+00
1.416745391630311588e+03 2.028933959082277624e+03 1.315949810824744270e+00
1.416766224895542109e+03 2.029479026374047635e+03 1.316586128419423796e+00
1.416787058160308334e+03 2.029107387364096439e+03 1.317764396630813239e+00
1.416807891424141872e+03 2.028793989479550646e+03 1.316183190167210526e+00
1.416828724687044541e+03 2.027845444478534091e+03 1.315762053756108330e+00
1.416849557949482005e+03 2.027797843110426811e+03 1.315401412558032890e+00
1.416870391210522030e+03 2.029388452090456894e+03 1.316324927650855292e+00
1.416891224471096848e+03 2.029260529246514807e+03 1.315912261554182283e+00
1.416912057730740344e+03 2.026086304285815686e+03 1.315086359589632048e+00
1.416974557504547647e+03 2.029607655678613582e+03 1.315997957477317959e+00
1.417057890524493359e+03 2.026605349253561826e+03 1.315611103917760705e+00
1.417162056780799048e+03 2.025316084601606917e+03 1.314891589014665296e+00
1.417203723277269091e+03 2.026888337702004492e+03 1.317419641204769842e+00
1.417224556524338823e+03 2.026023104741895395e+03 1.315167305315125601e+00
1.417245389770478141e+03 2.026402190525064498e+03 1.315745836086450682e+00
1.417266223016152026e+03 2.027580835424524366e+03 1.315463897554759454e+00
1.417307889504704008e+03 2.027081893049747805e+03 1.315258623879080879e+00
1.417328722747583925e+03 2.026348650776703153e+03 1.315882094536513502e+00
1.417370389231014087e+03 2.024788534304787163e+03 1.316821703454674308e+00
1.417391222471565470e+03 2.023577803855130469e+03 1.315462946028841174e+00
1.417412055700475321e+03 2.024923414109362284e+03 1.314985374398358831e+00
1.417432888939164059e+03 2.027057608618006498e+03 1.315443281005765241e+00
1.417453722177385998e+03 2.023915350760723186e+03 1.314424647664683699e+00
1.417474555414677980e+03 2.025418959160850818e+03 1.315208546742051787e+00
1.417495388651038866e+03 2.025602416872364984e+03 1.315103537178518467e+00
1.417516221886467065e+03 2.025947559522709753e+03 1.317935587268482811e+00
1.417537055121430058e+03 2.027525220609312100e+03 1.315922271778099173e+00
1.417557888355462637e+03 2.025993498783875339e+03 1.315362352263464762e+00
1.417578721588562985e+03 2.028350001513766301e+03 1.315997232799461347e+00
1.417599554820731100e+03 2.023912160547006579e+03 1.314809674316131938e+00
1.417620388052434919e+03 2.026447404882777619e+03 1.315365207057460850e+00
1.417641221283207869e+03 2.026401253203559691e+03 1.315271267488223650e+00
1.417662054513048133e+03 2.026548141788748808e+03 1.315583467167736664e+00
1.417682887741957529e+03 2.026269835641540112e+03 1.315174330045157491e+00
1.417703720970401946e+03 2.025028287333865364e+03 1.314873592697624938e+00
1.417724554197915040e+03 2.025410655848809938e+03 1.316167475838565526e+00
1.417745387424496130e+03 2.025128884499084734e+03 1.316376909330847278e+00
1.417766220650145897e+03 2.027769985026134464e+03 1.316364774418486983e+00
1.417787053875330457e+03 2.024603608770638630e+03 1.315176822682278868e+00
1.417807887099584150e+03 2.023381090435066426e+03 1.314197895273262695e+00
1.417828720322905156e+03 2.027258137169902284e+03 1.315013522307053151e+00
1.417849553545294839e+03 2.025305812248803932e+03 1.315287944177484292e+00
1.417870386767219998e+03 2.025029536808195871e+03 1.315314771451323361e+00
1.417891219988213834e+03 2.024829367063212203e+03 1.315237641564151572e+00
1.417912053208276120e+03 2.025061131597503618e+03 1.314887871911429640e+00
1.417932886427871836e+03 2.026490251676271555e+03 1.315552703610721297e+00
1.417953719646537593e+03 2.025701407019099634e+03 1.315143466274134365e+00
1.417974552864271118e+03 2.024156426617490297e+03 1.314824226220843162e+00
1.417995386081072866e+03 2.023712958764258246e+03 1.314816111627177042e+00
1.418016219297409862e+03 2.025410877023078456e+03 1.315982240936783620e+00
1.418037052512815535e+03 2.023840728028929561e+03 1.316991432593654032e+00
1.418057885727289886e+03 2.026158647824893478e+03 1.315553790994662187e+00
1.418078718941299485e+03 2.024819850200451356e+03 1.314898388566562826e+00
1.418099552154375942e+03 2.024526934489365203e+03 1.315212852091191875e+00
1.418120385366521077e+03 2.027475344312756761e+03 1.315819719995900527e+00
1.418141218577735344e+03 2.023922256870461979e+03 1.314894308839643644e+00
1.418162051788484860e+03 2.024432702218749682e+03 1.315353651900689869e+00
1.418182884998302143e+03 2.023760298991125410e+03 1.314858678686533722e+00
1.418203718207188103e+03 2.021838499191084566e+03 1.314275131530981522e+00
1.418224551415608403e+03 2.024012452109812557e+03 1.316571958169707512e+00
1.418245384623097834e+03 2.023961194537504753e+03 1.315215933806132220e+00
1.418266217829656398e+03 2.025990890636964423e+03 1.317273496669106869e+00
1.418287051035282957e+03 2.025861280324335667e+03 1.315840240051297627e+00
1.418307884240443400e+03 2.020323751446392407e+03 1.314158073514920977e+00
1.418328717444673202e+03 2.022446404461061547e+03 1.315660350261210310e+00
1.418349550648437344e+03 2.023358136086656714e+03 1.314620394217060007e+00
1.418370383850804956e+03 2.021773206946514847e+03 1.314372316685149089e+00
1.418391217053172113e+03 2.021925109165809090e+03 1.315484513780646569e+00
1.418412050254140922e+03 2.025485681210013581e+03 1.314770233764585905e+00
1.418432883454645889e+03 2.026499349373556697e+03 1.318910701054109014e+00
1.418453716654219079e+03 2.023697440122071612e+03 1.315820943054528236e+00
1.418474549852860946e+03 2.023839927408162339e+03 1.316703332720432718e+00
1.421245358766476329e+03 2.024609238234252871e+03 1.297333004518867794e+00
1.421266191872917489e+03 2.027399311161162359e+03 1.300464396792010646e+00
1.421287024978427326e+03 2.023935916386659983e+03 1.302279688970715776e+00
1.421307858083470819e+03 2.026816169265147664e+03 1.302315480200589848e+00
1.421328691188049106e+03 2.024769535246208989e+03 1.303116909523418077e+00
1.421349524292161959e+03 2.026750657379550603e+03 1.304610838322441513e+00
1.421370357395809151e+03 2.025769511046795060e+03 1.306064952172796279e+00
1.421391190498990454e+03 2.024672347434858011e+03 1.305688028964429925e+00
1.421412023601706096e+03 2.027113724883826990e+03 1.306866271374312660e+00
1.421432856703956531e+03 2.024513802921256001e+03 1.306854367414833851e+00
1.421453689805740851e+03 2.023911803397911399e+03 1.307892432100211888e+00
1.421474522907059509e+03 2.025313680972114753e+03 1.309271201523851458e+00
1.421495356007912960e+03 2.023215167163780961e+03 1.308689489705521458e+00
1.421516189108300978e+03 2.026854191166283499e+03 1.311350000748423561e+00
1.421537022208688995e+03 2.025141477694718787e+03 1.309898614090482472e+00
1.421557855308145463e+03 2.026904328057801877e+03 1.310186254058829158e+00
1.421578688407135814e+03 2.026953423300439454e+03 1.311716436187539081e+00
1.421599521506126621e+03 2.025822030792936175e+03 1.311785821523347106e+00
1.421620354604650856e+03 2.024657879118259416e+03 1.311310637956597747e+00
1.421641187702244451e+03 2.025622820463386915e+03 1.311929942266788052e+00
1.421662020799838047e+03 2.024766600294353111e+03 1.312075728007459974e+00
1.421682853897431414e+03 2.023589764204769608e+03 1.311632505470468280e+00
1.421703686994093914e+03 2.024631211485994072e+03 1.312722187309170119e+00
1.421724520090755959e+03 2.024076133605556834e+03 1.313655617006749488e+00
1.421745353186952343e+03 2.027637558873126409e+03 1.313656206857086284e+00
1.421766186282683520e+03 2.026625647016380526e+03 1.313701624537698454e+00
1.421787019377949036e+03 2.027440097602723426e+03 1.314958449747975378e+00
1.421807852473213643e+03 2.027518704227180251e+03 1.314795031582781659e+00
1.421828685568479614e+03 2.027134051972823045e+03 1.314360390009199131e+00
1.421849518662813807e+03 2.026562671089787500e+03 1.315326236318694830e+00
1.421870351757147546e+03 2.027974013004740527e+03 1.315153119778156965e+00
1.421891184851480830e+03 2.027330462738388405e+03 1.315387138918979737e+00
1.421912017945349362e+03 2.029890987123938203e+03 1.316222905371909890e+00
1.421932851038752005e+03 2.026815412957279250e+03 1.315646758998244792e+00
1.421953684132154649e+03 2.028311170237926262e+03 1.315965663632992833e+00
1.421974517225091859e+03 2.027283864023183241e+03 1.316094290787459986e+00
1.421995350318028613e+03 2.030487202151589145e+03 1.316584000628079565e+00
1.422016183410965823e+03 2.028013904604159734e+03 1.315947047887192856e+00
1.422037016503436462e+03 2.027728218376185168e+03 1.317010169349864812e+00
1.422057849595908010e+03 2.030225311313425891e+03 1.316640272761224084e+00
1.422078682687914579e+03 2.030986576537841984e+03 1.316326150240071380e+00
1.422099515780385900e+03 2.030705610292240863e+03 1.316532253494718807e+00
1.422120348872391332e+03 2.032518628287327601e+03 1.320185773738105750e+00
1.422141181964397219e+03 2.030879782056224258e+03 1.317476013370598276e+00
1.422162015055936990e+03 2.030150826983405523e+03 1.315995919319829399e+00
1.422182848147942877e+03 2.029277015596828960e+03 1.315999633293332582e+00
1.422203681239482648e+03 2.030640894492830967e+03 1.317862862232304977e+00
1.422224514331488081e+03 2.029859706094332296e+03 1.316535332121235413e+00
1.422245347423028534e+03 2.031388889754042111e+03 1.318247427249324533e+00
1.424911988984987147e+03 2.023177390315140656e+03 1.307325471641080927e+00
1.424953655210185389e+03 2.025632670778764805e+03 1.307723162845873865e+00
1.424974488319990996e+03 2.024122463560272081e+03 1.309018376477134815e+00
1.424995321427933504e+03 2.023418396820041835e+03 1.309048291873935677e+00
1.425016154534479028e+03 2.023043770215676659e+03 1.307226759475836886e+00
1.425036987639162362e+03 2.024759342764902385e+03 1.307311884912429223e+00
1.425057820741982596e+03 2.021924226887049372e+03 1.307673344107822988e+00
1.425078653842939502e+03 2.023324842304651156e+03 1.306787502546892243e+00
1.425099486942034673e+03 2.021509294365959704e+03 1.306591996683635459e+00
1.425120320039731951e+03 2.024752616654461235e+03 1.307177058612981835e+00
1.425141153136033608e+03 2.021123066550704380e+03 1.306381587651296305e+00
1.425161986230006505e+03 2.021646704348132744e+03 1.306872109291823847e+00
1.425182819322581963e+03 2.023178507640127918e+03 1.306954977542828189e+00
1.425203652413295003e+03 2.022169689671431570e+03 1.306565628978647586e+00
1.425224485502611515e+03 2.025706374169416904e+03 1.307257035038618120e+00
1.425245318590064926e+03 2.022193362029764330e+03 1.307182439164577437e+00
1.425266151676121808e+03 2.021473799379259390e+03 1.306447515202092680e+00
1.425286984760315590e+03 2.022593817649586526e+03 1.306662566452664764e+00
1.425307817843111934e+03 2.023169013887730671e+03 1.307237018592973588e+00
1.425328650924046542e+03 2.022717938026866022e+03 1.306489579347148045e+00
1.425349484003583484e+03 2.023670210715648864e+03 1.308240654977422146e+00
1.425370317081258008e+03 2.022433541241855210e+03 1.307269710442513944e+00
1.425391150157536686e+03 2.022358043986356961e+03 1.306562298763527030e+00
1.425411983232416333e+03 2.024316304559569517e+03 1.308992512995536206e+00
1.425432816305435153e+03 2.023628065268398359e+03 1.307171951628268936e+00
1.425453649377056536e+03 2.026682067977384804e+03 1.307543387121676837e+00
1.425474482446813454e+03 2.025849689672223576e+03 1.307503225931597068e+00
1.425495315515639959e+03 2.022129992730257072e+03 1.307398418105535143e+00
1.425516148582604956e+03 2.025613235898285666e+03 1.307647955420669472e+00
1.425536981647706398e+03 2.024775143817852268e+03 1.308984999740483435e+00
1.425557814711876972e+03 2.024708763758085297e+03 1.307339787705741552e+00
1.425578647774185356e+03 2.025155541245966333e+03 1.307344894034823346e+00
1.425599480835096074e+03 2.024951569740457671e+03 1.308215732918072804e+00
1.425620313894610490e+03 2.024845702833283212e+03 1.306693448080953113e+00
1.425641146952727013e+03 2.024197201642032496e+03 1.308167436533812511e+00
1.425661980008980663e+03 2.021961122176959407e+03 1.307989225672754996e+00
1.425682813063837330e+03 2.024354997716341813e+03 1.307049970840483466e+00
1.425703646117763583e+03 2.024237157484490126e+03 1.307481298586430807e+00
1.425724479169827191e+03 2.024801488809894636e+03 1.306934454800116052e+00
1.425745312220493361e+03 2.027520441721316956e+03 1.308516269496690976e+00
1.425766145269763001e+03 2.025419657901543133e+03 1.309757591926020925e+00
1.425786978317635658e+03 2.023214387179700680e+03 1.307490233682076619e+00
1.425807811364110421e+03 2.022395052119376487e+03 1.306776646945387865e+00
1.425828644409189110e+03 2.021958910137068415e+03 1.306319717663976254e+00
1.425849477452870360e+03 2.024941073791878125e+03 1.306732311367706068e+00
1.425870310495154627e+03 2.026865181146942859e+03 1.307990410483785393e+00
1.425891143536507570e+03 2.024693895606022352e+03 1.306913247627414565e+00
1.425911976575997414e+03 2.026474072069542444e+03 1.308486114174642001e+00
1.425932809614091184e+03 2.024500683647459482e+03 1.309262278582468575e+00
1.425953642650787970e+03 2.024920185045336666e+03 1.307318222363834437e+00
1.425974475686552978e+03 2.025515379728615244e+03 1.306552171207851831e+00
1.425995308720456023e+03 2.024225071088667164e+03 1.306279792628414427e+00
1.426016141753426382e+03 2.024431570984200789e+03 1.306880820510870178e+00
1.426036974785000893e+03 2.026439999524279756e+03 1.307019006428943975e+00
1.426057807815178421e+03 2.029336234351419307e+03 1.309280169929168069e+00
1.426078640843958055e+03 2.028158147543562791e+03 1.307611717571643739e+00
1.426099473871341615e+03 2.023778734365639366e+03 1.307019234446437528e+00
1.426120306897792943e+03 2.022938066469006344e+03 1.306490081188859564e+00
1.426141139922848197e+03 2.024781421386397142e+03 1.306075585507436854e+00
1.426161972946506467e+03 2.025102588263560392e+03 1.306628718984784054e+00
1.426182805968767980e+03 2.026739448382918454e+03 1.306467634989253890e+00
1.426203638989631600e+03 2.023503326701133574e+03 1.306935412535278118e+00
1.426224472009565034e+03 2.026753580710353390e+03 1.307332173767301819e+00
1.426245305028100120e+03 2.028775639601963121e+03 1.308776614948711892e+00
1.426266138045703428e+03 2.024360686966379490e+03 1.305885176385193525e+00
1.426286971061445001e+03 2.028428976245630110e+03 1.307166707828561147e+00
1.426307804076256161e+03 2.028239802510429627e+03 1.307357067078169566e+00
1.426328637090135089e+03 2.028330897949057544e+03 1.307729954091347846e+00
1.426349470102152509e+03 2.030176763961597544e+03 1.308337696132958472e+00
1.426370303113237469e+03 2.025635171322685665e+03 1.306021687755465344e+00
1.426391136123391334e+03 2.026353463750424226e+03 1.306388613998496373e+00
1.426411969132147533e+03 2.027182404813369885e+03 1.306605225954534211e+00
1.426432802139508112e+03 2.027448100050735320e+03 1.308735125292290746e+00
1.426453635145470571e+03 2.026801757812500000e+03 1.306224123684783800e+00
1.426474468150501480e+03 2.026748216777457856e+03 1.306571012048153513e+00
1.426495301154601975e+03 2.027382623068709790e+03 1.306586248751779200e+00
1.426516134156840053e+03 2.027229770319159570e+03 1.309477686895470505e+00
1.426536967158611333e+03 2.026541354263410085e+03 1.307209478380935597e+00
1.426557800158520422e+03 2.026675768118028827e+03 1.306424018913309615e+00
1.426578633157499098e+03 2.027466205522474411e+03 1.306652804604459872e+00
1.426599466155545542e+03 2.028088098529381114e+03 1.306899793436213653e+00
1.426620299152195912e+03 2.028226745077269243e+03 1.306410559683741202e+00
1.426641132147913595e+03 2.024283852511621262e+03 1.306257479705568381e+00
1.426661965142233839e+03 2.026158050166161729e+03 1.305770515889846717e+00
1.426682798135158919e+03 2.028604680168789628e+03 1.306790969022494364e+00
1.426703631127151993e+03 2.027642394820724348e+03 1.306069515846336460e+00
1.426724464118213973e+03 2.028999573424184064e+03 1.306666261338800483e+00
1.426745297107879196e+03 2.027454330725272712e+03 1.306149103748902141e+00
1.426766130096612414e+03 2.028103774591462525e+03 1.306940657263005123e+00
1.426786963083949104e+03 2.026086473276339120e+03 1.306552764265077826e+00
1.426807796070354470e+03 2.027165196596956093e+03 1.306565537739990290e+00
1.426828629055362399e+03 2.028651592166162573e+03 1.306948683935990063e+00
1.426849462039438549e+03 2.026229478081765365e+03 1.306803101614688822e+00
1.426870295022583377e+03 2.030221807862327978e+03 1.307858479738649660e+00
1.426891128004332131e+03 2.032037479128479617e+03 1.307969448283998748e+00
1.426911960985149562e+03 2.028540732926951705e+03 1.306992419316461040e+00
1.426932793964570010e+03 2.029013290856669983e+03 1.307288540941531574e+00
1.426953626943059589e+03 2.031830200562903428e+03 1.308921203637152697e+00
1.426974459920150821e+03 2.029953986445481860e+03 1.307405211037878212e+00
1.426995292896777300e+03 2.031206894308161509e+03 1.307855608558930349e+00
1.427016125871542044e+03 2.030163915758899748e+03 1.309406176357522655e+00
1.427036958845838853e+03 2.029621145446315950e+03 1.307175417084357250e+00
1.427057791818739588e+03 2.028093192570102701e+03 1.306928753981058788e+00
1.427078624790709455e+03 2.027182114846652894e+03 1.306577809282202463e+00
1.427099457761281883e+03 2.028549015306691672e+03 1.307421440988359773e+00
1.427120290730923443e+03 2.029584595851637914e+03 1.307711221107226596e+00
1.427141123699634136e+03 2.029830736006221741e+03 1.308437827770555728e+00
1.427161956667412596e+03 2.027767757082011030e+03 1.307689297249724936e+00
1.427182789633794528e+03 2.029614755944314766e+03 1.307271123879216734e+00
1.427203622599245591e+03 2.029080025535998857e+03 1.306936735120776349e+00
1.427224455563298307e+03 2.028444115567475365e+03 1.306903122791339689e+00
1.427245288526419699e+03 2.028804043646143555e+03 1.307771430060027829e+00
1.427266121488611134e+03 2.028438120504554718e+03 1.307050472467032876e+00
1.427286954449870336e+03 2.029347690884689428e+03 1.308542962298606893e+00
1.427307787410198443e+03 2.027460802140852593e+03 1.306655632810976186e+00
1.427328620369129567e+03 2.029639497183323328e+03 1.306754114442649550e+00
1.427349453327130050e+03 2.028169701806210469e+03 1.306758994997461176e+00
1.427370286283733094e+03 2.028765180463724164e+03 1.308011417916534969e+00
1.427391119239870022e+03 2.030708954446638472e+03 1.307610031005785212e+00
1.427411952194610421e+03 2.028673801748718233e+03 1.306825405221508918e+00
1.427432785148418589e+03 2.032847583680521666e+03 1.308987504163625859e+00
1.427453618101295888e+03 2.028294507601879559e+03 1.306717258823359984e+00
1.427474451052777113e+03 2.027357804787826581e+03 1.307037931745543391e+00
1.427495284003791312e+03 2.029775804657763729e+03 1.306926017579078447e+00
1.427516116953409892e+03 2.028730033146708365e+03 1.308665623754965868e+00
1.427536949902096694e+03 2.028159220731063897e+03 1.306833979922008560e+00
1.427557782849386058e+03 2.030588941105933827e+03 1.307456863523252188e+00
1.427620281686132557e+03 2.029669503440667313e+03 1.308733576805448662e+00
1.427641114629696403e+03 2.028419870298898786e+03 1.306532372065953407e+00
1.427661947572329609e+03 2.027505021455370297e+03 1.306299686855806330e+00
1.427682780513565831e+03 2.028654953531052115e+03 1.306543594657872953e+00
1.427703613454336846e+03 2.028638157482007045e+03 1.309083215071965567e+00
1.427724446393710423e+03 2.029382520635985202e+03 1.306905494381599198e+00
1.427745279332153132e+03 2.029214640285825226e+03 1.306774138285153652e+00
1.427766112269663608e+03 2.028729016406218534e+03 1.307649003796323317e+00
1.427786945206242990e+03 2.032255823754154335e+03 1.307067390849728561e+00
1.427807778141891049e+03 2.029903416001656296e+03 1.306405175953088138e+00
1.427828611076141442e+03 2.028488321668860408e+03 1.307120698283904536e+00
1.427849444009927083e+03 2.029535335140773896e+03 1.306640031982652328e+00
1.427870276942315513e+03 2.031310718997566710e+03 1.306819339043025607e+00
1.427891109873772621e+03 2.028272517474172218e+03 1.306030176456689285e+00
1.427911942804299088e+03 2.031339098558498335e+03 1.306729300872708333e+00
1.427932775733894005e+03 2.029734439057114969e+03 1.307546623667846797e+00
1.427953608662557599e+03 2.028713057457428704e+03 1.306163204540126133e+00
1.427974441589823982e+03 2.030281649636217935e+03 1.306726700894174309e+00
1.427995274516624704e+03 2.029469785655090618e+03 1.305515049696061691e+00
1.428016107442493649e+03 2.028652018078430274e+03 1.306446192121330840e+00
1.428036940366965155e+03 2.024532368028427527e+03 1.305114493481307925e+00
1.428057773290506020e+03 2.028465061483154386e+03 1.305337070327906135e+00
1.428078606213115563e+03 2.030145634262427620e+03 1.307217594596438159e+00
1.428099439135260127e+03 2.026681449953443689e+03 1.305275927125576274e+00
1.428120272056007479e+03 2.028877908408236181e+03 1.305498704732123150e+00
1.428141104975823509e+03 2.027874617234498601e+03 1.305845740153260159e+00
1.428161937894707989e+03 2.030470239918085099e+03 1.306052219439308493e+00
1.428182770812195486e+03 2.028749374929960823e+03 1.305396795201740012e+00
1.428203603729216411e+03 2.028439705685795161e+03 1.305621880454084227e+00
1.428224436645306014e+03 2.027930655982384678e+03 1.306169273765862782e+00
1.428245269560464976e+03 2.028772983292321896e+03 1.305382868774391580e+00
1.428266102474227864e+03 2.029976902580760679e+03 1.306079647144600342e+00
1.428286935387524409e+03 2.029465141639473813e+03 1.305881479289041192e+00
1.428307768299423969e+03 2.030111892589708305e+03 1.305681820551101602e+00
1.428328601210857869e+03 2.029027059593031936e+03 1.305387982758417387e+00
1.428349434120895012e+03 2.031370551332548303e+03 1.305912744525252078e+00
1.428370267030466039e+03 2.028691688045213368e+03 1.306388979002513162e+00
1.428391099938639400e+03 2.030882940751771912e+03 1.305939901312751505e+00
1.428411932846348009e+03 2.031114177016828535e+03 1.305544269233419152e+00
1.428432765752660089e+03 2.029604686966507415e+03 1.305335517810036539e+00
1.428453598658039937e+03 2.030006203873752611e+03 1.305916532816898457e+00
1.428474431562954578e+03 2.029373426560329108e+03 1.305960530965479149e+00
1.428495264466472008e+03 2.031661096976006093e+03 1.306415578395724975e+00
1.428516097369059025e+03 2.028624595375614490e+03 1.305092114964721883e+00
1.428536930270714038e+03 2.028881514974302945e+03 1.304557336950093571e+00
1.428557763171903389e+03 2.028855064777215375e+03 1.304929608021394127e+00
1.428578596071695301e+03 2.030655380778094468e+03 1.305770287654298256e+00
1.428599428970556346e+03 2.031913121715965872e+03 1.305269123111931107e+00
1.428620261868951502e+03 2.029757729021498335e+03 1.304909099102255832e+00
1.428641094765950129e+03 2.030975430852363161e+03 1.305572848960746990e+00
1.428661927662016979e+03 2.031197125340983348e+03 1.305514319199248430e+00
1.428682760557618622e+03 2.028950238395727865e+03 1.304794444195363834e+00
1.428703593451823053e+03 2.028874426398428568e+03 1.304963956313204498e+00
1.428724426345096617e+03 2.028839095853842537e+03 1.304825415717138615e+00
1.428745259237903610e+03 2.028937204765640672e+03 1.304486379140712859e+00
1.428766092129314075e+03 2.028937831113038101e+03 1.304955232298145695e+00
1.428786925020258877e+03 2.029203166657199063e+03 1.305002916778578825e+00
1.428807757909806014e+03 2.028857119479596577e+03 1.304701433849738246e+00
1.428828590798887944e+03 2.029077211371409248e+03 1.306882279976444794e+00
1.428849423686573573e+03 2.028571528807242657e+03 1.304498807316589737e+00
1.428870256573793085e+03 2.029698731261647481e+03 1.305281772155956865e+00
1.428891089459616069e+03 2.029228742526577207e+03 1.304401297786269343e+00
1.428911922344972481e+03 2.030433464573299034e+03 1.305074942618323242e+00
1.428932755229398026e+03 2.026205485381496828e+03 1.303808681524321056e+00
1.428953588112893158e+03 2.029362275524917095e+03 1.306288964087400251e+00
1.428974420994989487e+03 2.028035241522029310e+03 1.303976173423081475e+00
1.428995253876621064e+03 2.028353965226164746e+03 1.303872362065602086e+00
1.429016086757320863e+03 2.029961181866222660e+03 1.304366477715471762e+00
1.429036919637090023e+03 2.027733205736521086e+03 1.303898235682684925e+00
1.429057752515927859e+03 2.030562121907605615e+03 1.304460425803398049e+00
1.429078585394299353e+03 2.027707921612703331e+03 1.303267705774033614e+00
1.429099418271274999e+03 2.030858315693107897e+03 1.305805207229353559e+00
1.429120251147318868e+03 2.028922046767344000e+03 1.304648164624450324e+00
1.429141084022431642e+03 2.028857589168840605e+03 1.303898555671201498e+00
1.429161916897077845e+03 2.027287251738938266e+03 1.303190457463321739e+00
1.429182749770327518e+03 2.026547048576526322e+03 1.304344406244383414e+00
1.429203582643110622e+03 2.029462725540744032e+03 1.303712491952490948e+00
1.429224415514963994e+03 2.028515577020989667e+03 1.303498280072293847e+00
1.429245248385885134e+03 2.026057133502869874e+03 1.305439349790266990e+00
1.429266081255409063e+03 2.030548414442392414e+03 1.304719935944810727e+00
1.429286914124468467e+03 2.025642994301536191e+03 1.302853831886623404e+00
1.429307746993061301e+03 2.027315867442332546e+03 1.303565496554380143e+00
1.429328579860257832e+03 2.026833490206172655e+03 1.302627810762259530e+00
1.429349412726523042e+03 2.029085261250630310e+03 1.303509711691407391e+00
1.429370245591855564e+03 2.027016810241997518e+03 1.302785755156543823e+00
1.429391078456722880e+03 2.028660169289600390e+03 1.303839310744306257e+00
1.429411911320194122e+03 2.026157839253821749e+03 1.303040978812719519e+00
1.429432744183199702e+03 2.027212584854079751e+03 1.303397037277729487e+00
1.429453577045273050e+03 2.028936873534159758e+03 1.303816681763145580e+00
1.429474409906415985e+03 2.024273074527235622e+03 1.302415251070607516e+00
1.429495242766627598e+03 2.026101030695287363e+03 1.304368625437025475e+00
1.429516075625906979e+03 2.028907338758548576e+03 1.303458451528175743e+00
1.429536908484255946e+03 2.028562177249699744e+03 1.304642682247978858e+00
1.429557741342138570e+03 2.028019770239234276e+03 1.305438299640076849e+00
1.429578574198623528e+03 2.025905118450835971e+03 1.302708981565315005e+00
1.429599407054644416e+03 2.026103527161809779e+03 1.302266232678455093e+00
1.429620239909733300e+03 2.029407791901849578e+03 1.303381214522511877e+00
1.429641072763424972e+03 2.024898689280544204e+03 1.302360057671500870e+00
1.429661905616651893e+03 2.025667082153742513e+03 1.302851818916072046e+00
1.429682738469412470e+03 2.027806361311297906e+03 1.305963497592278477e+00
1.429703571320776064e+03 2.023787780037301218e+03 1.302261243745653108e+00
1.429724404171209017e+03 2.028123422750508780e+03 1.303954826716356097e+00
1.429745237021175853e+03 2.027038984647584357e+03 1.302706007527070220e+00
1.429766069870210458e+03 2.027055328197708832e+03 1.302510163602511595e+00
1.429786902718314195e+03 2.026340603283224254e+03 1.302595963338498031e+00
1.429807735565486837e+03 2.026906194080154137e+03 1.303484561997019897e+00
1.429828568411728611e+03 2.028388043322459453e+03 1.303403622414046392e+00
1.429849401257039062e+03 2.025579349478253107e+03 1.302613259880767371e+00
1.429870234101883398e+03 2.028142724030635691e+03 1.303255906150748711e+00
1.429891066945330294e+03 2.025151492249484818e+03 1.301835557886802608e+00
1.429911899788312439e+03 2.027730928388302573e+03 1.302302115815506145e+00
1.429932732630363489e+03 2.028511107675288940e+03 1.303049441189311430e+00
1.429953565471482307e+03 2.025725707295176790e+03 1.301975835813255822e+00
1.429974398311669574e+03 2.026707575405679790e+03 1.302332414327166621e+00
1.429995231151391636e+03 2.025308032224179669e+03 1.301733498943633105e+00
1.430016063989717168e+03 2.025573117873838783e+03 1.302117334557691741e+00
1.430036896827576584e+03 2.028471151329492159e+03 1.303150436555620795e+00
1.430057729664505132e+03 2.026954120646363435e+03 1.302309759162119995e+00
1.430078562500501903e+03 2.026554712608388854e+03 1.302168739061030145e+00
1.430099395335567351e+03 2.026066981843026042e+03 1.301847461953099083e+00
1.430120228170167138e+03 2.025769079093913660e+03 1.301981329419271027e+00
1.430141061003369941e+03 2.026650342057096623e+03 1.302259550250356890e+00
1.430161893836107083e+03 2.024699126760727040e+03 1.301964756970615866e+00
1.430182726667912902e+03 2.024805786154178577e+03 1.301800852333782510e+00
1.430203559498787399e+03 2.025432955237293299e+03 1.301536775955302483e+00
1.430224392329197144e+03 2.025794851681010641e+03 1.301917556382134356e+00
1.430245225158208996e+03 2.024648979219996818e+03 1.301713351773204908e+00
1.430266057986755641e+03 2.026293993604002935e+03 1.301547400488856310e+00
1.430286890814370054e+03 2.024927740351144848e+03 1.301664722545375019e+00
1.430307723641054508e+03 2.026028009756678102e+03 1.303786509177310204e+00
1.430328556466806504e+03 2.025898250847161307e+03 1.301701171741660001e+00
1.430349389292092383e+03 2.023722757271643559e+03 1.302174094533703474e+00
1.430370222108066173e+03 2.026429423746115162e+03 1.301841967782180420e+00
1.430391054931490089e+03 2.023892912757287604e+03 1.301290143334641769e+00
1.430411887753983137e+03 2.026855196764192215e+03 1.301880243357676825e+00
1.430432720575543954e+03 2.022413237977776589e+03 1.301213144079077288e+00
1.430453553396174811e+03 2.024140157683893904e+03 1.301223038349191174e+00
1.430474386216340008e+03 2.028480401252164029e+03 1.302729250598991806e+00
1.430495219035572518e+03 2.026650142048125645e+03 1.302120584590837904e+00
1.430516051853874160e+03 2.027787954762937716e+03 1.302005180556601305e+00
1.430536884671244479e+03 2.027780286055103034e+03 1.302185308913677675e+00
1.430557717488149137e+03 2.023189288097965800e+03 1.301450723196640125e+00
1.430620215933276086e+03 2.025966786460095364e+03 1.301447746283052487e+00
1.430641048746455908e+03 2.026161663976825366e+03 1.302208057787816342e+00
1.430661881559169615e+03 2.025120767272027706e+03 1.301411976988877228e+00
1.430682714370951999e+03 2.026567862535503309e+03 1.301872597489358352e+00
1.430703547181803515e+03 2.024770899812072685e+03 1.301158907484143423e+00
1.430724379991723026e+03 2.024904327136484426e+03 1.301279791528499041e+00
1.430745212801176422e+03 2.021757528157664410e+03 1.300878297776864034e+00
1.430766045609233515e+03 2.022873379863884111e+03 1.302799206082784655e+00
1.430786878416825857e+03 2.022695775556852368e+03 1.300617333700746725e+00
1.430807711223486422e+03 2.022805062296870574e+03 1.301111356987854295e+00
1.430828544029680870e+03 2.026242087737713064e+03 1.302820571724347065e+00
1.430849376834477880e+03 2.023450324270156898e+03 1.302967559671184272e+00
1.430870209638811048e+03 2.022280801549734861e+03 1.300310250087589381e+00
1.430891042442211983e+03 2.022876192494577936e+03 1.300370801715551305e+00
1.430911875245146803e+03 2.027265613898648326e+03 1.301456081623938221e+00
1.430932708046684411e+03 2.025986599388463901e+03 1.301094636024639817e+00
1.430953540847755903e+03 2.023314775429417068e+03 1.302602415250169843e+00
1.430974373647896982e+03 2.025859114729206794e+03 1.301320190588710624e+00
1.430995206447572855e+03 2.024962738012732643e+03 1.301453104722607446e+00
1.431016039245851516e+03 2.024613087981018680e+03 1.300944091868142527e+00
1.431036872043664061e+03 2.024085041557742670e+03 1.300889614964063856e+00
1.431057704840546194e+03 2.021826659627164872e+03 1.299994840978509369e+00
1.431078537636496094e+03 2.023525292142934177e+03 1.301694165882412380e+00
1.431099370431981015e+03 2.025355219728860902e+03 1.301186804798859731e+00
1.431120203226533476e+03 2.027156073087606046e+03 1.301669484809888866e+00
1.431141036020153933e+03 2.024844301506032252e+03 1.300763837451492710e+00
1.431161868812845114e+03 2.025566187195562634e+03 1.300909270897308678e+00
1.431182701605070633e+03 2.024955507307230391e+03 1.301242460216185171e+00
1.431203534396364375e+03 2.022546980006615513e+03 1.299740899381568005e+00
1.431224367186726340e+03 2.024182064122020392e+03 1.300432313048596411e+00
1.431245199976156982e+03 2.024894023063076475e+03 1.300416362550148364e+00
1.431266032765122418e+03 2.023431492258788694e+03 1.300040002354138080e+00
1.431286865552690870e+03 2.023525083739905995e+03 1.300394178198294171e+00
1.431307698340260004e+03 2.025897299046474018e+03 1.301757949863435071e+00
1.431328531126429880e+03 2.023608796024892399e+03 1.300350175058260227e+00
1.431349363912135004e+03 2.022847716302141635e+03 1.300714622830294598e+00
1.431370196696908806e+03 2.025675591442676932e+03 1.300674067483204244e+00
1.431391029480752877e+03 2.022726695326140543e+03 1.299885530200429073e+00
1.431411862263665171e+03 2.026015089476074763e+03 1.302840335774587688e+00
1.431432695046110439e+03 2.023309085932952030e+03 1.299950961875346866e+00
1.431453527827624839e+03 2.025107068455178705e+03 1.301072738109474214e+00
1.431474360608674033e+03 2.022495060518054288e+03 1.300021066861750008e+00
1.431495193388326470e+03 2.023940933562347936e+03 1.300506104475138480e+00
1.431516026167512337e+03 2.021655772416976106e+03 1.300460684285055457e+00
1.431536858945766653e+03 2.022495986122292834e+03 1.299946651831305644e+00
1.431557691723555990e+03 2.024016711673458985e+03 1.300569534255603621e+00
1.431578524500414005e+03 2.022324818521171892e+03 1.299494843270556199e+00
1.431599357276340925e+03 2.026068271567972943e+03 1.300884116747761610e+00
1.431620190051336976e+03 2.021103879073445569e+03 1.299172767288797381e+00
1.431641022825401478e+03 2.022452303800945856e+03 1.299200753129191144e+00
1.431661855598999409e+03 2.023539350293652205e+03 1.299717648728140107e+00
1.431682688372131906e+03 2.022611003770138041e+03 1.300599460671852947e+00
1.431703521143867420e+03 2.023488844917403640e+03 1.299883741902389644e+00
1.431724353915136817e+03 2.024188630827761926e+03 1.300422550266738808e+00
1.431745186685476483e+03 2.025195024951584628e+03 1.300200232344205897e+00
1.431766019454884372e+03 2.023085687055927792e+03 1.300392986466202272e+00
1.431786852223825917e+03 2.022944192653158552e+03 1.299774651069298681e+00
1.431807684991836140e+03 2.022600857102826239e+03 1.299640648032466483e+00
1.431828517758915950e+03 2.021749233723674706e+03 1.300139672772287369e+00
1.431849350525530099e+03 2.023636009423480346e+03 1.301010478215754107e+00
1.431870183291212015e+03 2.021415870913168874e+03 1.301333290241454499e+00
1.431891016055963064e+03 2.022473065533726867e+03 1.299722188829240066e+00
1.431911848819782335e+03 2.020982954342816356e+03 1.300641530640830323e+00
1.431932681583135491e+03 2.021863055306129581e+03 1.298921326469810955e+00
1.431953514345558006e+03 2.023917974823239319e+03 1.299801844386682115e+00
1.431974347107514859e+03 2.024071934964810907e+03 1.300153013540979341e+00
1.431995179868541072e+03 2.023421838438869372e+03 1.299632071734575067e+00
1.432016012628635508e+03 2.022674668998197603e+03 1.300096027789016118e+00
1.432036845387799076e+03 2.025353528614435390e+03 1.300318730235558773e+00
1.432057678146495618e+03 2.023794112116884207e+03 1.299827569750102940e+00
1.432078510904261520e+03 2.023727151736998849e+03 1.300236218338892691e+00
1.432099343661096100e+03 2.025373899169624565e+03 1.300455092587909922e+00
1.432120176417463881e+03 2.021116325625166382e+03 1.300985921617903607e+00
1.432141009172902613e+03 2.024617208857735932e+03 1.299791572441582277e+00
1.432161841927409114e+03 2.024189067151501376e+03 1.300753848042131011e+00
1.432182674681449953e+03 2.023302806603723866e+03 1.300004836220181925e+00
1.432203507434559924e+03 2.022196831778272099e+03 1.299491540802755640e+00
1.432224340186737663e+03 2.021841895614854138e+03 1.299272917113229564e+00
1.432245172938450196e+03 2.025878483098177412e+03 1.300771214901817796e+00
1.432266005689230951e+03 2.024440560578027316e+03 1.299772128894673529e+00
1.432286838439080384e+03 2.022057394404450179e+03 1.299314846538193846e+00
1.432307671188464155e+03 2.023063845020567442e+03 1.300579525080631127e+00
1.432328503936917059e+03 2.022009084696778928e+03 1.298843865550179055e+00
1.432349336684439095e+03 2.022738626485771192e+03 1.300148245721839402e+00
1.432370169431495015e+03 2.024577850024369582e+03 1.300943129722258673e+00
1.432391002177619612e+03 2.021790111121114478e+03 1.300931813000599346e+00
1.432411834922811977e+03 2.023884650123093934e+03 1.299927577422284264e+00
1.432432667667540045e+03 2.023347538461214981e+03 1.300276283102668851e+00
1.432453500411335881e+03 2.024649487031059380e+03 1.299462919063580024e+00
1.432474333154201531e+03 2.025631466053947634e+03 1.300271607415834474e+00
1.432495165896600611e+03 2.023849360456093109e+03 1.300397524209483402e+00
1.432515998638068140e+03 2.022830730579960573e+03 1.299547681614003025e+00
1.432536831378604802e+03 2.024781587937933409e+03 1.303129899635526279e+00
1.432557664118675802e+03 2.021925310904794287e+03 1.299044712909334542e+00
1.432578496857815026e+03 2.023384796949855854e+03 1.300120463658698489e+00
1.432599329596489042e+03 2.025591701276317281e+03 1.300712835672141354e+00
1.432620162334231509e+03 2.022895285455848352e+03 1.299668440352275800e+00
1.432640995071043108e+03 2.023177754141251853e+03 1.299293973744134911e+00
1.432661827807388818e+03 2.023723982408291249e+03 1.299622073626014451e+00
1.432682660542802296e+03 2.024175259887978655e+03 1.300808330632029275e+00
1.432703493277284906e+03 2.022452174894938935e+03 1.299273146490132147e+00
1.432724326011302992e+03 2.023706589695232879e+03 1.299778686538518802e+00
1.432745158744388846e+03 2.027940441706219872e+03 1.300540111288362555e+00
1.432765991476544059e+03 2.023992380217684968e+03 1.300051235143018236e+00
1.432786824208232701e+03 2.023567680890538213e+03 1.299949036112754142e+00
1.432807656938990021e+03 2.022695430016955697e+03 1.301595209816627463e+00
1.432828489669282135e+03 2.024872261116229538e+03 1.300059579437644608e+00
1.432849322398643380e+03 2.026884226559123817e+03 1.300081723652185772e+00
1.432870155127072394e+03 2.023258168179808308e+03 1.299464937283796306e+00
1.432890987855035974e+03 2.023380752315775453e+03 1.302365412357450625e+00
1.432911820582068003e+03 2.023831749962331742e+03 1.301451089585534238e+00
1.432932653308635054e+03 2.023722257260950073e+03 1.301420449957916059e+00
1.432953486034271009e+03 2.024869162958069410e+03 1.299387921612643160e+00
1.432974318758975642e+03 2.024483202541867286e+03 1.299638171460277603e+00
1.432995151483214158e+03 2.023678270040049028e+03 1.299162398611271696e+00
1.433015984206521807e+03 2.025895756191306191e+03 1.299738744013041458e+00
1.433036816928896997e+03 2.024009016090784371e+03 1.300019141203006212e+00
1.433057649650806525e+03 2.024374388247005072e+03 1.301046487612480318e+00
1.433078482372250619e+03 2.028188210878935706e+03 1.300460225950128557e+00
1.433099315092298184e+03 2.025125284583790744e+03 1.299677979493360391e+00
1.433120147811880088e+03 2.027548735556278416e+03 1.300546069263825766e+00
1.433140980530995876e+03 2.023273371212972734e+03 1.299444571463292508e+00
1.433161813249181023e+03 2.027543149309734417e+03 1.300453305073095311e+00
1.433182645966434848e+03 2.023042300362771584e+03 1.299268146064471052e+00
1.433203478683223011e+03 2.026365008214607087e+03 1.299996858372926889e+00
1.433224311399079852e+03 2.026644437837377154e+03 1.300035600908356015e+00
1.433245144114470804e+03 2.023785095618587093e+03 1.299252043645564347e+00
1.433265976828930434e+03 2.023718425040069860e+03 1.299700863974256881e+00
1.433286809542457831e+03 2.027059206321399415e+03 1.299798359271550519e+00
1.433307642255520932e+03 2.027283861828904492e+03 1.299777035666261238e+00
1.433328474967652483e+03 2.028069545048080045e+03 1.300166720923615182e+00
1.433349307679318372e+03 2.026884875616854060e+03 1.300744408438015753e+00
1.433370140390053166e+03 2.026688628451426439e+03 1.299579878926106824e+00
1.433390973100321844e+03 2.026634823601981680e+03 1.299609048451783044e+00
1.433411805809658290e+03 2.022245944531811347e+03 1.299666055556065070e+00
1.433432638518063868e+03 2.027548501713678661e+03 1.299996858372926889e+00
1.433453471226004012e+03 2.027018571319719740e+03 1.299899102843816046e+00
1.433474303933478041e+03 2.025151444494487805e+03 1.299353609409017229e+00
1.433495136639555994e+03 2.027034865685397335e+03 1.301424159726996210e+00
1.433515969345633948e+03 2.025656768678946491e+03 1.299821379201145932e+00
1.433536802050315146e+03 2.026427617311062477e+03 1.301188133227498822e+00
1.433557634754995888e+03 2.025614683801022238e+03 1.300040002354138080e+00
1.433620132863451090e+03 2.026135994187568031e+03 1.299706825796906884e+00
1.433640965564871976e+03 2.027753244651533805e+03 1.300507800253736690e+00
1.433661798265361540e+03 2.027997581822851998e+03 1.300417416755796474e+00
1.433682630965384988e+03 2.024142289058523829e+03 1.299624779543720798e+00
1.433703463664944138e+03 2.026188052348383735e+03 1.299925926739114113e+00
1.433724296363105623e+03 2.025230327014205614e+03 1.299707055097231834e+00
1.433745129061267107e+03 2.024370001175115249e+03 1.299575567651368502e+00
1.433765961758497497e+03 2.025544399486834891e+03 1.299598224616136832e+00
1.433786794454797018e+03 2.026232254484113128e+03 1.300476084244706065e+00
1.433807627150630196e+03 2.023436832599605168e+03 1.299440168000675300e+00
1.433828459845532052e+03 2.026473004184468664e+03 1.299843527473681037e+00
1.433849292539967337e+03 2.027574210060337236e+03 1.301523449370338481e+00
1.433870125233471981e+03 2.025282130766364389e+03 1.299664863156318573e+00
1.433890957926511419e+03 2.027488727151758667e+03 1.301768297867209601e+00
1.433911790618619534e+03 2.025088628343752362e+03 1.299865858786680040e+00
1.433932623310261988e+03 2.026445630107853049e+03 1.299790838728111853e+00
1.433953456001439008e+03 2.024493531025151924e+03 1.298938763717567557e+00
1.433974288691219044e+03 2.026220294585982174e+03 1.300014602138966691e+00
1.433995121380998171e+03 2.025736213355018435e+03 1.299969806687311102e+00
1.434015954069846885e+03 2.027848532883771441e+03 1.300242773642149574e+00
1.434036786757763366e+03 2.025780861631170865e+03 1.299695865194187894e+00
1.434057619445214186e+03 2.028459955189292259e+03 1.300480255035728394e+00
1.434078452132200027e+03 2.027817443579368728e+03 1.299788591728031850e+00
1.434099284818254091e+03 2.026970536338586271e+03 1.299911253907700015e+00
1.434120117503377060e+03 2.024852386097471026e+03 1.299055082526192839e+00
1.434140950188034822e+03 2.025819423014848780e+03 1.300080164858534282e+00
1.434161782872226922e+03 2.027817594818493717e+03 1.299862007006478803e+00
1.434182615555487018e+03 2.026576429988235532e+03 1.299190981092765762e+00
1.434203448238281908e+03 2.029370084074393844e+03 1.300351641853584761e+00
1.434224280920146157e+03 2.027649107800109505e+03 1.300139306013826435e+00
1.434245113601542926e+03 2.029652924968009302e+03 1.300588003472862519e+00
1.434265946282008827e+03 2.027406196347814557e+03 1.299159187057199905e+00
1.434286778962009521e+03 2.025440781932826667e+03 1.299340122813542830e+00
1.434307611641545009e+03 2.028010360237556597e+03 1.299701230856440404e+00
1.434328444320149174e+03 2.027483670734909310e+03 1.299513924031297396e+00
1.434349276998286996e+03 2.029447153837313181e+03 1.299741862417413962e+00
1.434370109675493950e+03 2.027908288096596380e+03 1.301667790544702719e+00
1.434390942352235015e+03 2.027432200377337495e+03 1.299376361987495176e+00
1.434411775028510874e+03 2.027866581871738845e+03 1.301002506535173131e+00
1.434432607703854501e+03 2.028217389009610997e+03 1.299989797478768416e+00
1.434453440378732012e+03 2.027240163040050220e+03 1.300790322761856022e+00
1.434474273052680019e+03 2.027941912649192318e+03 1.299937252217607586e+00
1.434495105726161000e+03 2.028360566271484458e+03 1.300043945303330339e+00
1.434515938399177003e+03 2.025826547148864393e+03 1.298952208593511237e+00
1.434536771071262137e+03 2.028246205825803372e+03 1.299375903270090005e+00
1.434557603742880929e+03 2.026616773879280800e+03 1.298935551610569394e+00
1.434578436414034059e+03 2.029733055489898106e+03 1.300311808605418173e+00
1.434599269084255866e+03 2.029370419343119011e+03 1.299759884813761035e+00
1.434620101754011557e+03 2.025808308647292733e+03 1.299335718996948108e+00
1.434640934423302042e+03 2.030208369787643960e+03 1.300154572247290474e+00
1.434661767091660977e+03 2.027680630800472272e+03 1.299227224426708238e+00
1.434682599759555615e+03 2.026036406287076488e+03 1.300679704064731768e+00
1.434703432426983909e+03 2.027775671803648038e+03 1.299611112308516336e+00
1.434724265093480881e+03 2.027711022156571744e+03 1.299805054352878297e+00
1.434745097759512191e+03 2.025767037525300566e+03 1.298769933788068931e+00
1.434765930425077386e+03 2.028964395588655179e+03 1.299869297866500739e+00
1.434786763089711485e+03 2.026830716651474631e+03 1.299785014862748556e+00
1.434807595753879923e+03 2.027162727982798970e+03 1.301167840186957525e+00
1.434828428417582018e+03 2.026257511869382597e+03 1.298966295737442600e+00
1.434849261080817996e+03 2.028509177583390965e+03 1.299705633434564689e+00
1.434870093743124016e+03 2.026442306952519630e+03 1.299126612274393855e+00
1.434890926404963921e+03 2.026083881354011510e+03 1.298544395260713635e+00
1.434911759066339073e+03 2.029389009163996889e+03 1.299797304563813594e+00
1.434932591727247427e+03 2.026046496546961862e+03 1.298792604806827233e+00
1.434953424387224914e+03 2.027629941437084653e+03 1.299196945255193025e+00
1.434974257046736966e+03 2.027324304394594492e+03 1.299250483856492666e+00
1.434995089705782902e+03 2.027110205842927598e+03 1.298988320933193608e+00
1.435015922364362496e+03 2.027274474095507458e+03 1.300278070860838797e+00
1.435036755022477564e+03 2.027143038002723415e+03 1.298753871085866152e+00
1.435057587679661992e+03 2.029409413979667079e+03 1.300658807347216284e+00
1.435078420336844829e+03 2.029263106386289337e+03 1.299307827811896576e+00
1.435099252993097025e+03 2.027993917574768830e+03 1.299162490369842882e+00
1.435120085648884015e+03 2.028167451235219687e+03 1.299228554858969042e+00
1.435140918304204433e+03 2.029672041654475152e+03 1.299246309117706000e+00
1.435161750958593984e+03 2.027752085652231244e+03 1.298639544800731738e+00
1.435182583612983990e+03 2.027877811384879351e+03 1.299353838771675207e+00
1.435203416266907425e+03 2.028426868478810547e+03 1.300747157844343249e+00
1.435224248919899310e+03 2.029929324255024540e+03 1.300021158559714340e+00
1.435245081572425079e+03 2.028571519506992217e+03 1.299037463305021900e+00
1.435265914224951985e+03 2.029077986576903413e+03 1.299041501064314152e+00
1.435286746876548023e+03 2.030819982076308179e+03 1.300417645930824317e+00
1.435307579527678627e+03 2.028955940122210677e+03 1.302124017715632798e+00
1.435328412178809003e+03 2.031402577311351934e+03 1.299650921170415252e+00
1.435349244829008057e+03 2.031642427831550094e+03 1.301133987209547094e+00
1.435370077478740996e+03 2.028332824986493961e+03 1.300332298357278704e+00
1.435390910128007818e+03 2.030975109044319197e+03 1.299742825452546491e+00
1.435411742777274412e+03 2.030525803991921521e+03 1.299301864158451503e+00
1.435432575425609457e+03 2.031578359065982568e+03 1.299459203695439768e+00
1.435453408073479977e+03 2.030925434649842146e+03 1.299323929539474509e+00
1.435474240721349815e+03 2.030665467344354056e+03 1.301352481452650478e+00
1.435495073368755129e+03 2.029824140226109876e+03 1.298998461574850438e+00
1.435515906015228438e+03 2.030550061165565239e+03 1.299727783679488713e+00
1.435536738661703112e+03 2.031269984347462014e+03 1.299372554628127174e+00
1.435557571307710077e+03 2.030551801045368393e+03 1.299827569750102940e+00
1.435578403953717952e+03 2.032528763104980044e+03 1.299929640773299200e+00
1.435599236598793595e+03 2.030615433799910534e+03 1.299357187461871677e+00
1.435620069243869011e+03 2.031304965904905202e+03 1.299756766452628387e+00
1.435640901888480130e+03 2.030835014732210766e+03 1.299759380373496809e+00
1.435661734532624905e+03 2.033339425877183658e+03 1.300605189233499992e+00
1.435682567176304019e+03 2.031689704979015687e+03 1.299962745646218165e+00
1.435703399819984043e+03 2.029150979586007907e+03 1.299158682383695362e+00
1.435724232463197950e+03 2.029096842116969583e+03 1.299938811182629772e+00
1.435745065106411857e+03 2.032332265576476402e+03 1.299721134059691696e+00
1.435765897749160104e+03 2.032328015482990168e+03 1.299479248209959081e+00
1.435786730391442006e+03 2.031909996196605562e+03 1.299505484498600927e+00
1.435807563033723909e+03 2.031402169044696393e+03 1.300394636556500227e+00
1.435828395675539923e+03 2.029758747224063882e+03 1.299491403199748429e+00
1.435849228317356392e+03 2.030220705597343795e+03 1.299454800282406897e+00
1.435870060958708109e+03 2.031010510128643091e+03 1.299411407518448192e+00
1.435890893600059826e+03 2.032224328848820278e+03 1.299785840294072070e+00
1.435911726240944972e+03 2.029995790062040442e+03 1.299792764725088645e+00
1.435932558881831028e+03 2.030751489808099223e+03 1.299448837303473159e+00
1.435953391522716174e+03 2.031527027719539319e+03 1.300252079365539437e+00
1.435974224163136114e+03 2.029808397357066497e+03 1.299211167378184761e+00
1.435995056804020351e+03 2.031842581882170862e+03 1.299683712116581624e+00
1.436015889444438926e+03 2.031202043115901915e+03 1.301849705399557022e+00
1.436036722084394114e+03 2.032271399623061825e+03 1.299856183459977332e+00
1.436057554724814054e+03 2.031845824648449934e+03 1.299595839691078059e+00
1.436078387364767877e+03 2.032021841560008397e+03 1.299094541373393419e+00
1.436099220005187817e+03 2.030429608667262755e+03 1.298993597747554629e+00
1.436120052645142096e+03 2.030718819141308359e+03 1.299522868041452783e+00
1.436140885285095919e+03 2.030895986723506212e+03 1.299698846120396212e+00
1.436161717925515859e+03 2.031983791207057266e+03 1.299747090313841280e+00
1.436182550565934889e+03 2.032712460975774320e+03 1.300835593981410687e+00
1.436203383205889622e+03 2.030742960535775183e+03 1.298771402368072980e+00
1.436224215846309107e+03 2.031861643413821866e+03 1.300630669569996956e+00
1.436245048487194481e+03 2.031245608611934131e+03 1.301589119262327010e+00
