1.711386779785156250e+03 2.299761966972712344e+03 1.350670801504407992e+00
1.711407592773437500e+03 2.298206566812184974e+03 1.350431818246905280e+00
1.711428405761718750e+03 2.298200511777103202e+03 1.350589379825466674e+00
1.711449279785156250e+03 2.299050988009565117e+03 1.354379793659453046e+00
1.711470092773437500e+03 2.297836181382143877e+03 1.350192792689520083e+00
1.711490905761718750e+03 2.297638074346319627e+03 1.351289754700918389e+00
1.711511779785156250e+03 2.296996097086333066e+03 1.351161831247452927e+00
1.711532592773437500e+03 2.295850784196496534e+03 1.349643955256944361e+00
1.711553405761718750e+03 2.298343879973697767e+03 1.351883072954641385e+00
1.711574279785156250e+03 2.296650381147442204e+03 1.350016111701613397e+00
1.711595092773437500e+03 2.298598817816527571e+03 1.350789063818831792e+00
1.711615905761718750e+03 2.298035103959232401e+03 1.351946825719848588e+00
1.711636779785156250e+03 2.297206044539204413e+03 1.350359077736163815e+00
1.711657592773437500e+03 2.297113720539356109e+03 1.350378984660991488e+00
1.711678405761718750e+03 2.298842520482307009e+03 1.350207448844382485e+00
1.711699279785156250e+03 2.298708305944217500e+03 1.351818699892311848e+00
1.711720092773437500e+03 2.296324798442512019e+03 1.350765941703014450e+00
1.711740966796875000e+03 2.298794697930916300e+03 1.351470459025633897e+00
1.711761779785156250e+03 2.297586712683327733e+03 1.350683819691706145e+00
1.711782653808593750e+03 2.297065859264143910e+03 1.352789525828088868e+00
1.711803466796875000e+03 2.299282315445027962e+03 1.351787085423563406e+00
1.711824279785156250e+03 2.298129010719423604e+03 1.353131877009511763e+00
1.711845153808593750e+03 2.296406473965207169e+03 1.351783293401361163e+00
1.711865966796875000e+03 2.296254944459681610e+03 1.350653987998866157e+00
1.711886779785156250e+03 2.296828802268761137e+03 1.350814215289282583e+00
1.711907653808593750e+03 2.296606475545561807e+03 1.349926570378823909e+00
1.711928466796875000e+03 2.300566612339258427e+03 1.351028778006851283e+00
1.711949279785156250e+03 2.298348264912273862e+03 1.350283640628375803e+00
1.711970153808593750e+03 2.298818552935946173e+03 1.351547858539281943e+00
1.711990966796875000e+03 2.298660269219144084e+03 1.358046748737311127e+00
1.712011779785156250e+03 2.297304302808927787e+03 1.350017303779755595e+00
1.712032653808593750e+03 2.297890138972411478e+03 1.350480677543064667e+00
1.712053466796875000e+03 2.300533888337238295e+03 1.350686776347268969e+00
1.712074279785156250e+03 2.299816301071411999e+03 1.351202856294809962e+00
1.712095153808593750e+03 2.300561414208904807e+03 1.352472913756413542e+00
1.712115966796875000e+03 2.297328853497417185e+03 1.350992336073568056e+00
1.712136779785156250e+03 2.299580737944655084e+03 1.350958231533711640e+00
1.712157653808593750e+03 2.300616658208162335e+03 1.351383219388277768e+00
1.712178466796875000e+03 2.300457826065778136e+03 1.351682800936722995e+00
1.712199279785156250e+03 2.298142543575631862e+03 1.350350249737656938e+00
1.712220153808593750e+03 2.299497799303729153e+03 1.351789731014148899e+00
1.712240966796875000e+03 2.299598340877043483e+03 1.352584496571621164e+00
1.712261779785156250e+03 2.299915736177751569e+03 1.354525102959380112e+00
1.712282653808593750e+03 2.298818533760218997e+03 1.352481860111455214e+00
1.712303466796875000e+03 2.299749695703679663e+03 1.351790921528223333e+00
1.712324279785156250e+03 2.298964112713274972e+03 1.352950557538409759e+00
1.712345153808593750e+03 2.299117933784772958e+03 1.353014700536945281e+00
1.712365966796875000e+03 2.296927597119999518e+03 1.357417352243477149e+00
1.712386779785156250e+03 2.301303246000786203e+03 1.355800884790915317e+00
1.712407653808593750e+03 2.299053115900169814e+03 1.356415255977744483e+00
1.712428466796875000e+03 2.299507183192599314e+03 1.356907852878600274e+00
1.712449279785156250e+03 2.300512775462552781e+03 1.357411029141135428e+00
1.712470153808593750e+03 2.299259195652975450e+03 1.359531042855039562e+00
1.712490966796875000e+03 2.298904804644525029e+03 1.358832854102215659e+00
1.712511779785156250e+03 2.299690350104916433e+03 1.363529215562282904e+00
1.712532653808593750e+03 2.299425314116294430e+03 1.360781413433202136e+00
1.712553466796875000e+03 2.299364620521274901e+03 1.361604550289928772e+00
1.712574279785156250e+03 2.299676586329521342e+03 1.362000702881596581e+00
1.712595153808593750e+03 2.299437516885213881e+03 1.362612847370840097e+00
1.712615966796875000e+03 2.298254536672358881e+03 1.363503468063191004e+00
1.712636779785156250e+03 2.297392625363494517e+03 1.363754277838860274e+00
1.712657653808593750e+03 2.300331889488935303e+03 1.367391603766063390e+00
1.712678466796875000e+03 2.302046580287753386e+03 1.367682449123004185e+00
1.712699279785156250e+03 2.301989700098938556e+03 1.367596766658887075e+00
1.712720153808593750e+03 2.300647428937112636e+03 1.367376085626352822e+00
1.712740966796875000e+03 2.296862442164973800e+03 1.367264271351792848e+00
1.712761779785156250e+03 2.302324012522144130e+03 1.368560319760713906e+00
1.712782653808593750e+03 2.298973458661873337e+03 1.368944749955856244e+00
1.712803466796875000e+03 2.300653827550344431e+03 1.371207947064453148e+00
1.712824279785156250e+03 2.299418632684267777e+03 1.371675590673056666e+00
1.712845153808593750e+03 2.302673162144592425e+03 1.372455974421682212e+00
1.712865966796875000e+03 2.299530699044451467e+03 1.372580871075550490e+00
1.712886779785156250e+03 2.300633085183730145e+03 1.374289285607281919e+00
1.712907653808593750e+03 2.300345323027714585e+03 1.374573945014084808e+00
1.712928466796875000e+03 2.302002883142484279e+03 1.373821360267989400e+00
1.712949279785156250e+03 2.299163376111744128e+03 1.372011795696677972e+00
1.712970153808593750e+03 2.300491528498425851e+03 1.377648101086834664e+00
1.712990966796875000e+03 2.301128263021718340e+03 1.372838011221730659e+00
1.713011779785156250e+03 2.299533901351095210e+03 1.373427054893866961e+00
1.713032653808593750e+03 2.297140434081764397e+03 1.373047830030562189e+00
1.713053466796875000e+03 2.298615207325715346e+03 1.375006675704009362e+00
1.713074279785156250e+03 2.300450197566450697e+03 1.379909291050467779e+00
1.713095153808593750e+03 2.300396348351937377e+03 1.377937776472868858e+00
1.713115966796875000e+03 2.301484344534343109e+03 1.381379845501364390e+00
1.713136779785156250e+03 2.299143391867064565e+03 1.380636798882481919e+00
1.713157653808593750e+03 2.300715388169568541e+03 1.380234853621672197e+00
1.713178466796875000e+03 2.298700570787820652e+03 1.382242462424667861e+00
1.713199279785156250e+03 2.299288852224202856e+03 1.381740822905310528e+00
1.713220153808593750e+03 2.300309711361414884e+03 1.379320379644097816e+00
1.713240966796875000e+03 2.301649395588932748e+03 1.377903689998262404e+00
1.713261779785156250e+03 2.301311535664300663e+03 1.378661136616721183e+00
1.713282653808593750e+03 2.299419179863916725e+03 1.377058742070856434e+00
1.713303466796875000e+03 2.302764632863321822e+03 1.377544779179506129e+00
1.713324279785156250e+03 2.301514064866696572e+03 1.378034451163373308e+00
1.713345153808593750e+03 2.302263220781328528e+03 1.377914071754955172e+00
1.713365966796875000e+03 2.304103459223136269e+03 1.380044699511630446e+00
1.713386779785156250e+03 2.301935371131115062e+03 1.380109440361590778e+00
1.713407653808593750e+03 2.300594272111211922e+03 1.379949072713584357e+00
1.713428466796875000e+03 2.300199665318818006e+03 1.380802396167961410e+00
1.713449279785156250e+03 2.299742076651032221e+03 1.382130513958119478e+00
1.713470153808593750e+03 2.300213807285246276e+03 1.383140438871064859e+00
1.713490966796875000e+03 2.298945268395144012e+03 1.385454660148042416e+00
1.713511779785156250e+03 2.301004112349379284e+03 1.386486281130712150e+00
1.713532653808593750e+03 2.302915766769810489e+03 1.387526027332227407e+00
1.713553466796875000e+03 2.299120360502232870e+03 1.387195601881154206e+00
1.713574279785156250e+03 2.298723252633720676e+03 1.387446295927502460e+00
1.713595153808593750e+03 2.303053926502668673e+03 1.393217563283736693e+00
1.713615966796875000e+03 2.301381076264724470e+03 1.390295611171987966e+00
1.713636779785156250e+03 2.300318699793925134e+03 1.392267564382947409e+00
1.713657653808593750e+03 2.299979253486798825e+03 1.391821014768817033e+00
1.713678466796875000e+03 2.300326698959089299e+03 1.391533501282432361e+00
1.713699279785156250e+03 2.299198144385087289e+03 1.392895591470661332e+00
1.713720153808593750e+03 2.301578036635457011e+03 1.393134135870501389e+00
1.713740966796875000e+03 2.299361470326535709e+03 1.393745521572427704e+00
1.713761779785156250e+03 2.300101942663799491e+03 1.396575796696104321e+00
1.713782653808593750e+03 2.300243035939834044e+03 1.396557316509058566e+00
1.713803466796875000e+03 2.298942564674966889e+03 1.397563213495089718e+00
1.713824279785156250e+03 2.299257692244100326e+03 1.397576221373286964e+00
1.713845153808593750e+03 2.297023007789880467e+03 1.399375686066064439e+00
1.713865966796875000e+03 2.299654582719952487e+03 1.400086395118340876e+00
1.713886779785156250e+03 2.299067522307289892e+03 1.406253094139933602e+00
1.713907653808593750e+03 2.299875214732038330e+03 1.400832060080151376e+00
1.713928466796875000e+03 2.300515530542072611e+03 1.401522892931366115e+00
1.713949279785156250e+03 2.299094250482597090e+03 1.398065570835259397e+00
1.713970153808593750e+03 2.298269297387538700e+03 1.397306912275828816e+00
1.713990966796875000e+03 2.300366097652691678e+03 1.396495941754436032e+00
1.714011779785156250e+03 2.298862064780486435e+03 1.397167673535541388e+00
1.714032653808593750e+03 2.298693833707348858e+03 1.397606501538832813e+00
1.714053466796875000e+03 2.300256187883276198e+03 1.400941620649837738e+00
1.714074279785156250e+03 2.297949364061254983e+03 1.399780140370527004e+00
1.714095153808593750e+03 2.298322506196248924e+03 1.409424906521597132e+00
1.714115966796875000e+03 2.298754460280521016e+03 1.405103682496876782e+00
1.714136779785156250e+03 2.300371477870176022e+03 1.406638367324538619e+00
1.714157653808593750e+03 2.298664889827865409e+03 1.406662943927003084e+00
1.714178466796875000e+03 2.300265006711445494e+03 1.410246954454941637e+00
1.714199279785156250e+03 2.297971707466359476e+03 1.406244871342101854e+00
1.714220153808593750e+03 2.301228077221133390e+03 1.405641424100932735e+00
1.714240966796875000e+03 2.298542203235459510e+03 1.403855680256508531e+00
1.714261779785156250e+03 2.301038410276333707e+03 1.402968158749414274e+00
1.714282653808593750e+03 2.298822914353487249e+03 1.401882042495106395e+00
1.714303466796875000e+03 2.299741916356582806e+03 1.402096739880127840e+00
1.714324279785156250e+03 2.298600380753050558e+03 1.400982506884455248e+00
1.714345153808593750e+03 2.298285580033194492e+03 1.401988162381184289e+00
1.714365966796875000e+03 2.299017754985255579e+03 1.402697930198508081e+00
1.714386779785156250e+03 2.296976076578281209e+03 1.402505169347256331e+00
1.714407653808593750e+03 2.297995419177700569e+03 1.405329127265298794e+00
1.714428466796875000e+03 2.294527107520530535e+03 1.405532484321740050e+00
1.714449279785156250e+03 2.298128120453389784e+03 1.408968565333680534e+00
1.714470153808593750e+03 2.297234086791318077e+03 1.409558536733538370e+00
1.714490966796875000e+03 2.297912240398556605e+03 1.411580093405893965e+00
1.714511779785156250e+03 2.296215286451645170e+03 1.416105364882664031e+00
1.714532653808593750e+03 2.298412178081217462e+03 1.415840422216088079e+00
1.714553466796875000e+03 2.294510408385610390e+03 1.417123589972516085e+00
1.714574279785156250e+03 2.296503811972073436e+03 1.418395007249809270e+00
1.714595153808593750e+03 2.296532879948370919e+03 1.419725155222897550e+00
1.714615966796875000e+03 2.296294058471700737e+03 1.424769881557392592e+00
1.714636779785156250e+03 2.295311451155733266e+03 1.420761846420139474e+00
1.714657653808593750e+03 2.295515284533279555e+03 1.420403022525271064e+00
1.714678466796875000e+03 2.296182280610662019e+03 1.422078212427411614e+00
1.714699279785156250e+03 2.296552800254515205e+03 1.422409627822629030e+00
1.714720153808593750e+03 2.297573915587350712e+03 1.422156421352814393e+00
1.714740966796875000e+03 2.299302720491528817e+03 1.423957306034338011e+00
1.714761779785156250e+03 2.297169628242923864e+03 1.431463503842358431e+00
1.714782653808593750e+03 2.295166186709065187e+03 1.425999371291740259e+00
1.714803466796875000e+03 2.295384289130690377e+03 1.428860034059663775e+00
1.714824279785156250e+03 2.297728074631702839e+03 1.431397879344632029e+00
1.714845153808593750e+03 2.295801452118932502e+03 1.432815465227259777e+00
1.714865966796875000e+03 2.295459209611085043e+03 1.434744723671734556e+00
1.714886779785156250e+03 2.295751613512459244e+03 1.435002105525263083e+00
1.714907653808593750e+03 2.296489647313631849e+03 1.435045967163318448e+00
1.714928466796875000e+03 2.296857428468931630e+03 1.433373707195286784e+00
1.714949279785156250e+03 2.295346838738769293e+03 1.430425901411859879e+00
1.714970153808593750e+03 2.296903949316080343e+03 1.427795909802741514e+00
1.714990966796875000e+03 2.296137540851829726e+03 1.428471449350706246e+00
1.715011779785156250e+03 2.296500295992679639e+03 1.425598132772111226e+00
1.715032653808593750e+03 2.296931142447234379e+03 1.425157551672313616e+00
1.715053466796875000e+03 2.295674756211078602e+03 1.426850636391618687e+00
1.715074279785156250e+03 2.296205700708052518e+03 1.428779855918492103e+00
1.715095153808593750e+03 2.297278202815997247e+03 1.432091864319157803e+00
1.715115966796875000e+03 2.296302045076769900e+03 1.434325070644524081e+00
1.715136779785156250e+03 2.297417978720206520e+03 1.437002676476180740e+00
1.715157653808593750e+03 2.299720107441885830e+03 1.437638898026898593e+00
1.715178466796875000e+03 2.297167879304229245e+03 1.437031296322212048e+00
1.715199279785156250e+03 2.297505874580252566e+03 1.435631242206240277e+00
1.715220153808593750e+03 2.296517403064329301e+03 1.434139220695308969e+00
1.715240966796875000e+03 2.294849447964458705e+03 1.430653480256298016e+00
1.715261840820312500e+03 2.291256279577700298e+03 1.429935121198224746e+00
1.715282653808593750e+03 2.289072360310474778e+03 1.423657986662625774e+00
1.715303527832031250e+03 2.295526665275461710e+03 1.423217391280625188e+00
1.715324340820312500e+03 2.293605627160713084e+03 1.422696389852801779e+00
1.715345153808593750e+03 2.292724259893965609e+03 1.422746747410176038e+00
1.715366027832031250e+03 2.293258218035213304e+03 1.423486571821757751e+00
1.715386840820312500e+03 2.296458686804840909e+03 1.424824098137143391e+00
1.715407653808593750e+03 2.293062085154853321e+03 1.426521673380830357e+00
1.715428527832031250e+03 2.295836147393347346e+03 1.429595944334061342e+00
1.715449340820312500e+03 2.297194995129292693e+03 1.433387596005166298e+00
1.715470153808593750e+03 2.293434691476592889e+03 1.436215199712088220e+00
1.715491027832031250e+03 2.297482029590359161e+03 1.439917314857595887e+00
1.715511840820312500e+03 2.294229140668660420e+03 1.443258031608981806e+00
1.715532653808593750e+03 2.299082470984393240e+03 1.448774079327594277e+00
1.715553527832031250e+03 2.294857543684510347e+03 1.446856854121076674e+00
1.715574340820312500e+03 2.294765443326978129e+03 1.448796953784935670e+00
1.715595153808593750e+03 2.296600016033279644e+03 1.451565469629968241e+00
1.715616027832031250e+03 2.295942978834658334e+03 1.449791643365895499e+00
1.715636840820312500e+03 2.297733334465797725e+03 1.451458950065407594e+00
1.715678527832031250e+03 2.297462391682433463e+03 1.450442226980652283e+00
1.715699340820312500e+03 2.300030448462909135e+03 1.453142965882511906e+00
1.715720153808593750e+03 2.294547744428679380e+03 1.451389630128386177e+00
1.715741027832031250e+03 2.300222423258380331e+03 1.454551488825895689e+00
1.715761840820312500e+03 2.297940172636918760e+03 1.454913771391225019e+00
1.715782653808593750e+03 2.298752763886743651e+03 1.459142061059102824e+00
1.715803527832031250e+03 2.297506517939891182e+03 1.460870833074274344e+00
1.715824340820312500e+03 2.297956000009471609e+03 1.462754287783855300e+00
1.715845153808593750e+03 2.297396571463748387e+03 1.465212437326400607e+00
1.715866027832031250e+03 2.301380732091342907e+03 1.468539689610583121e+00
1.715886840820312500e+03 2.299885180621678046e+03 1.471273162322403794e+00
1.715907653808593750e+03 2.299172488406107277e+03 1.468979026307123403e+00
1.715928527832031250e+03 2.299062493783167156e+03 1.466185339423084155e+00
1.715949340820312500e+03 2.298148903303631414e+03 1.462584846839355635e+00
1.715970153808593750e+03 2.297454879672741299e+03 1.459584798170540321e+00
1.715991027832031250e+03 2.299169350860574923e+03 1.459079887399284958e+00
1.716011840820312500e+03 2.298002149959774670e+03 1.454226824692010922e+00
1.716032653808593750e+03 2.298204667593891827e+03 1.455520869748544444e+00
1.716053527832031250e+03 2.297878725892081093e+03 1.456863025434419479e+00
1.716074340820312500e+03 2.294975762483927156e+03 1.458445826233481180e+00
1.716095153808593750e+03 2.298269258836779045e+03 1.460957654518189042e+00
1.716116027832031250e+03 2.296251859894035988e+03 1.464473504641763624e+00
1.716136840820312500e+03 2.298715700002685935e+03 1.468340552864699555e+00
1.716157653808593750e+03 2.299288127693956085e+03 1.471436174746060255e+00
1.716178527832031250e+03 2.297314608873058205e+03 1.471802076732167119e+00
1.716199340820312500e+03 2.299378604932096550e+03 1.471714032031235631e+00
1.716220153808593750e+03 2.294713639705780679e+03 1.468728166783159983e+00
1.716241027832031250e+03 2.295201155463073519e+03 1.466904637509083065e+00
1.716261840820312500e+03 2.299926941351930509e+03 1.463699585708545969e+00
1.716282653808593750e+03 2.301041093474875197e+03 1.460589770380683605e+00
1.716303527832031250e+03 2.299289210174742493e+03 1.455906001378892034e+00
1.716324340820312500e+03 2.298971480521665853e+03 1.454283385889211244e+00
1.716345153808593750e+03 2.299433235196262103e+03 1.458192337122941939e+00
1.716366027832031250e+03 2.297476525033484450e+03 1.451197176028598435e+00
1.716386840820312500e+03 2.303303755867586005e+03 1.454487889543342627e+00
1.716407653808593750e+03 2.298636757667251004e+03 1.455614234422614839e+00
1.716428527832031250e+03 2.298245211465771717e+03 1.462659015324858203e+00
1.716449340820312500e+03 2.298358066645761028e+03 1.462699276642044577e+00
1.716470153808593750e+03 2.298602626603714725e+03 1.468690911585692982e+00
1.716491027832031250e+03 2.297191514927322714e+03 1.473499329969695903e+00
1.716511840820312500e+03 2.298437789772879114e+03 1.479070158841283789e+00
1.716532653808593750e+03 2.299799189011778253e+03 1.483873222267102054e+00
1.716553527832031250e+03 2.296237430450109059e+03 1.490392434073638750e+00
1.716574340820312500e+03 2.298646001223105486e+03 1.493224657324892179e+00
1.716595153808593750e+03 2.299432238046319981e+03 1.495616229071845105e+00
1.716616027832031250e+03 2.300080760570951497e+03 1.497968410540847062e+00
1.716636840820312500e+03 2.299367586728435981e+03 1.504940479913905449e+00
1.716657653808593750e+03 2.297997869959399395e+03 1.498865095591769725e+00
1.716678527832031250e+03 2.298925655516593906e+03 1.505800476109812935e+00
1.716699340820312500e+03 2.298303861162105022e+03 1.500116025887827220e+00
1.716720153808593750e+03 2.300468197326204972e+03 1.503124717664791277e+00
1.716741027832031250e+03 2.298169700437836582e+03 1.503632280239981966e+00
1.716761840820312500e+03 2.298370320824285045e+03 1.507115969098437924e+00
1.716782653808593750e+03 2.299305190923562805e+03 1.510469299802466026e+00
1.716803527832031250e+03 2.299370441365718307e+03 1.513222668350365119e+00
1.716824340820312500e+03 2.298786197590466600e+03 1.514501489511980825e+00
1.716845153808593750e+03 2.298065344975953394e+03 1.518030911604581368e+00
1.716866027832031250e+03 2.299452152313466286e+03 1.521424435572180434e+00
1.716886840820312500e+03 2.299414504679546553e+03 1.520821305667224843e+00
1.716907653808593750e+03 2.298109754041644919e+03 1.523729658233577533e+00
1.716928527832031250e+03 2.302027447042664335e+03 1.518686172337200713e+00
1.716949340820312500e+03 2.296614372002565233e+03 1.514450168483741921e+00
1.716970153808593750e+03 2.299572135268564580e+03 1.509481346538232405e+00
1.716991027832031250e+03 2.301435910292802873e+03 1.506332303406364037e+00
1.717011840820312500e+03 2.298811969720666184e+03 1.502655301692219503e+00
1.717032653808593750e+03 2.300286565311217601e+03 1.503158423038295943e+00
1.717053527832031250e+03 2.295420820037609701e+03 1.503645678648914741e+00
1.717074340820312500e+03 2.298179050161284067e+03 1.506818928254817669e+00
1.717095153808593750e+03 2.298597678593635464e+03 1.509791760138239569e+00
1.717116027832031250e+03 2.301543385461816342e+03 1.514483228241124246e+00
1.717136840820312500e+03 2.297369476165749347e+03 1.518974692595302933e+00
1.717157653808593750e+03 2.298041632800212483e+03 1.523558861226712358e+00
1.717178527832031250e+03 2.301490656720852712e+03 1.524749973000024017e+00
1.717199340820312500e+03 2.298572113377790629e+03 1.524814472482253436e+00
1.717220153808593750e+03 2.302785359237790999e+03 1.524276815195137358e+00
1.717241027832031250e+03 2.299279011963792072e+03 1.519105827186070012e+00
1.717261840820312500e+03 2.298575323902936361e+03 1.514780733589076611e+00
1.717282653808593750e+03 2.296928661297804865e+03 1.509468947620306700e+00
1.717303527832031250e+03 2.300258296955795231e+03 1.505249770846980528e+00
1.717324340820312500e+03 2.296147607064844124e+03 1.498255589554148504e+00
1.717345153808593750e+03 2.298401962157339767e+03 1.495642452050492732e+00
1.717366027832031250e+03 2.298252722627772528e+03 1.494301461931580643e+00
1.717386840820312500e+03 2.299236508315545962e+03 1.497343651788360708e+00
1.717407653808593750e+03 2.301192448869656801e+03 1.499017632190509541e+00
1.717428527832031250e+03 2.302717733418168791e+03 1.502952372260169422e+00
1.717449340820312500e+03 2.300068066955990616e+03 1.508612148937234387e+00
1.717470153808593750e+03 2.301558485300333814e+03 1.515166144372656065e+00
1.717491027832031250e+03 2.298624703332138779e+03 1.524067675026576030e+00
1.717511840820312500e+03 2.300309995803141646e+03 1.531036595635350217e+00
1.717532653808593750e+03 2.299529601149203245e+03 1.538800754655217151e+00
1.717553527832031250e+03 2.299658427180661874e+03 1.548406209157971558e+00
1.717574340820312500e+03 2.299632959863733959e+03 1.553108832353836677e+00
1.717595153808593750e+03 2.298528794463952181e+03 1.556094735608064994e+00
1.717616027832031250e+03 2.299954298158681468e+03 1.559486840772620564e+00
1.717636840820312500e+03 2.298870208568465387e+03 1.559514665178164172e+00
1.717657653808593750e+03 2.299320074100850888e+03 1.562724440667553116e+00
1.717678527832031250e+03 2.301357928606846599e+03 1.562037208685423506e+00
1.717699340820312500e+03 2.300501144159285559e+03 1.562542647733404344e+00
1.717720153808593750e+03 2.301912554986454325e+03 1.564956793508595956e+00
1.717741027832031250e+03 2.302901993825720638e+03 1.568319925878593368e+00
1.717761840820312500e+03 2.300104574373483047e+03 1.572855091363388969e+00
1.717782653808593750e+03 2.300737477228567968e+03 1.575463798898795620e+00
1.717803527832031250e+03 2.302778044704391505e+03 1.582330143326561966e+00
1.717824340820312500e+03 2.300346826856403823e+03 1.585915927082532262e+00
1.717845153808593750e+03 2.297404639678125932e+03 1.586403764106413039e+00
1.717866027832031250e+03 2.300379021873774491e+03 1.589594266094776609e+00
1.717886840820312500e+03 2.301871848173624585e+03 1.591431296090148884e+00
1.717907653808593750e+03 2.298556428622221119e+03 1.589186323924812294e+00
1.717928527832031250e+03 2.300774422763365237e+03 1.588066363492586452e+00
1.717949340820312500e+03 2.298842508582320534e+03 1.583393555884566650e+00
1.717970153808593750e+03 2.299469813461951162e+03 1.577659160486275525e+00
1.717991027832031250e+03 2.303063929977477073e+03 1.571976041485064091e+00
1.718011840820312500e+03 2.301528516504876279e+03 1.569130219967991291e+00
1.718032653808593750e+03 2.301862732625182161e+03 1.565908224410358374e+00
1.718053527832031250e+03 2.300739325487615588e+03 1.569029934288183936e+00
1.718074340820312500e+03 2.299864743141606596e+03 1.570543414546021754e+00
1.718095153808593750e+03 2.302218495757817891e+03 1.575974916539294224e+00
1.718116027832031250e+03 2.302650258905737246e+03 1.584731672420216730e+00
1.718136840820312500e+03 2.303318043901708279e+03 1.593620295015044652e+00
1.718157653808593750e+03 2.301822042354246150e+03 1.596377880258420978e+00
1.718178527832031250e+03 2.301149298548741172e+03 1.602149744066995840e+00
1.718199340820312500e+03 2.303120629695189109e+03 1.606420304587832693e+00
1.718220153808593750e+03 2.300416193801623649e+03 1.603149297875873902e+00
1.718241027832031250e+03 2.303809334447039419e+03 1.601498262931460470e+00
1.718261840820312500e+03 2.299277304933428240e+03 1.594544680070179909e+00
1.718282653808593750e+03 2.302618939961114847e+03 1.588102319548698738e+00
1.718303527832031250e+03 2.303418481182412961e+03 1.582961047056563819e+00
1.718324340820312500e+03 2.303187628417525957e+03 1.578466095273580061e+00
1.718345153808593750e+03 2.300422338523580038e+03 1.574926856022812016e+00
1.718366027832031250e+03 2.300862524639751882e+03 1.574793254059016157e+00
1.718386840820312500e+03 2.301296700325768597e+03 1.576234799704291589e+00
1.718407653808593750e+03 2.301548768962085887e+03 1.579860450642020409e+00
1.718428527832031250e+03 2.299085833845239449e+03 1.585925849157673984e+00
1.718449340820312500e+03 2.301343903789504111e+03 1.596874092236165721e+00
1.718470153808593750e+03 2.301440070114920218e+03 1.608069325390304893e+00
1.718491027832031250e+03 2.302842884468787815e+03 1.620662107796784213e+00
1.718511840820312500e+03 2.300863669975677567e+03 1.631450979779416333e+00
1.718532653808593750e+03 2.300604965091402391e+03 1.643127784886254661e+00
1.718553527832031250e+03 2.301176808520004670e+03 1.656604441018457274e+00
1.718574340820312500e+03 2.304479941955254162e+03 1.664620534252785777e+00
1.718595153808593750e+03 2.301238656959146738e+03 1.672987451952057558e+00
1.718616027832031250e+03 2.303249116099480489e+03 1.673754696031040767e+00
1.718636840820312500e+03 2.301290017662073296e+03 1.675828484000700502e+00
1.718657653808593750e+03 2.303568811695428849e+03 1.676194573495189966e+00
1.718678527832031250e+03 2.302402164812486717e+03 1.676937460231947563e+00
1.718699340820312500e+03 2.305072772331432589e+03 1.676358921457760331e+00
1.718720153808593750e+03 2.300651156146903759e+03 1.678009898751016360e+00
1.718741027832031250e+03 2.302710811697639201e+03 1.680736693121205105e+00
1.718761840820312500e+03 2.301480363106076766e+03 1.687340410951450487e+00
1.718782653808593750e+03 2.301255523358850496e+03 1.695189089172628671e+00
1.718803527832031250e+03 2.303070747430429947e+03 1.700138658590839347e+00
1.718824340820312500e+03 2.300151561771540855e+03 1.706748258060936996e+00
1.718845214843750000e+03 2.302101094361211381e+03 1.715759310997654552e+00
1.718866027832031250e+03 2.303567366510031661e+03 1.721727877941561458e+00
1.718886901855468750e+03 2.301377948229231151e+03 1.724380011335213680e+00
1.718907714843750000e+03 2.304988513808074913e+03 1.730021606266289869e+00
1.718928527832031250e+03 2.302990770998179414e+03 1.725234060026172189e+00
1.718949401855468750e+03 2.302702141377124917e+03 1.721001485532466457e+00
1.718970214843750000e+03 2.305228012344711260e+03 1.716238371496404680e+00
1.718991027832031250e+03 2.302842304106303345e+03 1.710513267003994864e+00
1.719011901855468750e+03 2.299603432040250027e+03 1.704715580975569633e+00
1.719032714843750000e+03 2.300991187449948029e+03 1.703404814805995482e+00
1.719053527832031250e+03 2.304302616745502746e+03 1.706529626534932120e+00
1.719074401855468750e+03 2.299688155220062981e+03 1.708739519289436348e+00
1.719095214843750000e+03 2.302411077141680380e+03 1.717159020393381974e+00
1.719116027832031250e+03 2.304740584101979493e+03 1.723579972189345888e+00
1.719136901855468750e+03 2.300210959038544388e+03 1.731980053493885841e+00
1.719157714843750000e+03 2.302628739615075574e+03 1.743225199164244676e+00
1.719178527832031250e+03 2.304139295450464942e+03 1.750872871149800059e+00
1.719199401855468750e+03 2.303663915990708574e+03 1.754994010480348976e+00
1.719220214843750000e+03 2.303896877959529775e+03 1.754570102585902847e+00
1.719241027832031250e+03 2.300541170901994974e+03 1.750514772180129297e+00
1.719261901855468750e+03 2.303302148878635307e+03 1.745033163941480892e+00
1.719282714843750000e+03 2.301075545501576016e+03 1.737602735816530020e+00
1.719303527832031250e+03 2.301456353399116779e+03 1.731504453282656453e+00
1.719324401855468750e+03 2.302588710968658233e+03 1.725172907691250757e+00
1.719345214843750000e+03 2.300272341994708768e+03 1.722866330993270800e+00
1.719366027832031250e+03 2.304229602066937332e+03 1.722368973287144334e+00
1.719386901855468750e+03 2.302837100440234281e+03 1.725080518640108584e+00
1.719407714843750000e+03 2.302631770995046736e+03 1.729717840877960544e+00
1.719428527832031250e+03 2.302688722795205194e+03 1.735476994315001242e+00
1.719449401855468750e+03 2.304160260609571651e+03 1.744490055566479070e+00
1.719470214843750000e+03 2.302564248944770952e+03 1.755425421838350930e+00
1.719491027832031250e+03 2.303812423765069980e+03 1.765506166493275408e+00
1.719511901855468750e+03 2.301948907056247208e+03 1.776820447408373083e+00
1.719532714843750000e+03 2.302282618493963582e+03 1.788919301528093087e+00
1.719553527832031250e+03 2.301192735665118562e+03 1.800145763217341655e+00
1.719574401855468750e+03 2.302834844246841385e+03 1.814618483975588781e+00
1.719595214843750000e+03 2.301517824148517775e+03 1.820122377347500819e+00
1.719616027832031250e+03 2.299598954258388403e+03 1.827265349847263298e+00
1.719636901855468750e+03 2.301349435232777978e+03 1.832512830868878950e+00
1.719657714843750000e+03 2.304296114435959225e+03 1.837953215778824978e+00
1.719678527832031250e+03 2.303467627271830679e+03 1.838424556413625011e+00
1.719699401855468750e+03 2.306300243792099536e+03 1.841306327792128661e+00
1.719720214843750000e+03 2.304289675630873262e+03 1.844862004523607490e+00
1.719741027832031250e+03 2.304168716824957301e+03 1.851175066495817978e+00
1.719761901855468750e+03 2.303407379446958657e+03 1.858860746161639099e+00
1.719782714843750000e+03 2.301541970107870384e+03 1.867393833395597946e+00
1.719803527832031250e+03 2.301805462120717493e+03 1.876027334420801607e+00
1.719824401855468750e+03 2.297282246770334041e+03 1.888522153046234830e+00
1.719845214843750000e+03 2.301032311910834323e+03 1.893403399888053951e+00
1.719866027832031250e+03 2.301090786004727306e+03 1.899306863539867329e+00
1.719886901855468750e+03 2.304279676915040000e+03 1.902705665329494256e+00
1.719928527832031250e+03 2.301432939432279454e+03 1.903609964752087214e+00
1.719949401855468750e+03 2.302108793270875140e+03 1.900623899219298307e+00
1.719970214843750000e+03 2.302912554820345576e+03 1.893924702558468010e+00
1.719991027832031250e+03 2.299188611466155635e+03 1.885448589019583343e+00
1.720011901855468750e+03 2.300833665528134588e+03 1.877045278837338627e+00
1.720032714843750000e+03 2.301984402042153306e+03 1.871080052080764222e+00
1.720053527832031250e+03 2.304621603085313836e+03 1.868287468766112180e+00
1.720074401855468750e+03 2.298988834708240574e+03 1.866850627054267076e+00
1.720095214843750000e+03 2.294927274795164976e+03 1.869932064923536030e+00
1.720116027832031250e+03 2.300478392595075093e+03 1.875896303206526117e+00
1.720136901855468750e+03 2.302128807907010469e+03 1.884537346016168291e+00
1.720157714843750000e+03 2.299319391160219766e+03 1.899508829375951446e+00
1.720178527832031250e+03 2.296098415679981372e+03 1.904081080020649352e+00
1.720199401855468750e+03 2.299468368738152094e+03 1.910730131412089250e+00
1.720220214843750000e+03 2.294506450278041484e+03 1.913298723071722884e+00
1.720241027832031250e+03 2.300659733397875243e+03 1.914564604005188908e+00
1.720261901855468750e+03 2.299768413766190861e+03 1.909618403377477014e+00
1.720282714843750000e+03 2.299765273670287570e+03 1.904944175843437781e+00
1.720303527832031250e+03 2.299052466047397502e+03 1.893072577449961935e+00
1.720324401855468750e+03 2.302529746023027656e+03 1.885074127722965232e+00
1.720345214843750000e+03 2.301907254070122690e+03 1.877769459411936293e+00
1.720366027832031250e+03 2.300209539083030904e+03 1.873052348426244240e+00
1.720386901855468750e+03 2.300855717589578944e+03 1.873931898432808385e+00
1.720407714843750000e+03 2.300178407900774801e+03 1.876959666737917143e+00
1.720428527832031250e+03 2.303182520935377397e+03 1.884416585434907976e+00
1.720449401855468750e+03 2.297714224248026767e+03 1.892775644362685084e+00
1.720470214843750000e+03 2.303089464569949996e+03 1.905344138111918939e+00
1.720491027832031250e+03 2.300347590746198875e+03 1.919503897012867055e+00
1.720511901855468750e+03 2.297390072153809342e+03 1.936593551251375223e+00
1.720532714843750000e+03 2.300606303517382003e+03 1.961154333033967356e+00
1.720553527832031250e+03 2.295209546534429137e+03 1.977631592646188485e+00
1.720574401855468750e+03 2.303193158881705131e+03 2.001023745783383934e+00
1.720595214843750000e+03 2.302583132923583435e+03 2.025155770232817343e+00
1.720616027832031250e+03 2.299013963706124741e+03 2.042370798046987179e+00
1.720636901855468750e+03 2.297409383955197882e+03 2.057706638124478182e+00
1.720657714843750000e+03 2.300428008798478913e+03 2.064639051540722026e+00
1.720678527832031250e+03 2.301961031452627140e+03 2.070285552227332460e+00
1.720699401855468750e+03 2.298895445861288863e+03 2.074637218152749707e+00
1.720720214843750000e+03 2.299274389906320721e+03 2.080571620230060148e+00
1.720741027832031250e+03 2.300457608402520236e+03 2.086778449800904767e+00
1.720761901855468750e+03 2.298236498864324858e+03 2.095342116178593450e+00
1.720782714843750000e+03 2.298088731207096316e+03 2.103320326102411819e+00
1.720803527832031250e+03 2.298156981094981347e+03 2.115212959047287455e+00
1.720824401855468750e+03 2.297493178458268630e+03 2.125801608413287358e+00
1.720845214843750000e+03 2.295675904237291434e+03 2.134743399822835563e+00
1.720866027832031250e+03 2.299560878806578330e+03 2.141520737402649033e+00
1.720886901855468750e+03 2.297526425199271216e+03 2.143497182991485062e+00
1.720907714843750000e+03 2.294227372499962257e+03 2.141372661473284200e+00
1.720928527832031250e+03 2.297717158574688256e+03 2.135813966093491612e+00
1.720949401855468750e+03 2.300436628897726223e+03 2.128983746439258251e+00
1.720970214843750000e+03 2.298307196849881620e+03 2.118232722420510417e+00
1.720991027832031250e+03 2.301269726375321625e+03 2.108916056120464955e+00
1.721011901855468750e+03 2.297234952171912482e+03 2.099870873068920840e+00
1.721032714843750000e+03 2.299622042420321122e+03 2.094610692089586390e+00
1.721053527832031250e+03 2.298757418806047099e+03 2.088077319142314092e+00
1.721074401855468750e+03 2.298810665892573525e+03 2.088387068990506190e+00
1.721095214843750000e+03 2.296746832699977858e+03 2.089766741608324985e+00
1.721116027832031250e+03 2.302211599355369799e+03 2.097646247939375819e+00
1.721136901855468750e+03 2.298881528700489980e+03 2.107800044085868407e+00
1.721157714843750000e+03 2.300751380735261591e+03 2.118856637797396303e+00
1.721178527832031250e+03 2.300511385653625439e+03 2.131741768491037803e+00
1.721199401855468750e+03 2.299916518899773109e+03 2.139321814591133020e+00
1.721220214843750000e+03 2.298390422523374582e+03 2.146806021169424650e+00
1.721241027832031250e+03 2.299783304718180261e+03 2.150953560441797752e+00
1.721261901855468750e+03 2.298164021016463266e+03 2.149328983188104836e+00
1.721282714843750000e+03 2.297914843585728704e+03 2.142840610167894955e+00
1.721303527832031250e+03 2.298908982750796895e+03 2.131685734838284496e+00
1.721324401855468750e+03 2.296291211011289306e+03 2.118150217689020565e+00
1.721345214843750000e+03 2.297010297017072844e+03 2.104422512803985512e+00
1.721366027832031250e+03 2.303127908665825998e+03 2.091795165331058914e+00
1.721386901855468750e+03 2.298413888127765858e+03 2.079433402137654596e+00
1.721407714843750000e+03 2.297755750886743954e+03 2.072913382318345210e+00
1.721428527832031250e+03 2.296858644426667524e+03 2.072516883624873074e+00
1.721449401855468750e+03 2.298350574831431913e+03 2.076742185420667575e+00
1.721470214843750000e+03 2.295539074747240193e+03 2.086606722002180891e+00
1.721491027832031250e+03 2.298975181082013478e+03 2.107385445917185240e+00
1.721511901855468750e+03 2.297873866764543891e+03 2.127769460681212532e+00
1.721532714843750000e+03 2.299482302347810219e+03 2.155339698481617550e+00
1.721553527832031250e+03 2.297852961605610290e+03 2.180582717218794375e+00
1.721574401855468750e+03 2.295991056642203148e+03 2.211393599087563722e+00
1.721595214843750000e+03 2.295803950887841893e+03 2.241808178014555342e+00
1.721616027832031250e+03 2.297264766489286558e+03 2.269556777469117659e+00
1.721636901855468750e+03 2.299051618102807879e+03 2.294153898263417979e+00
1.721657714843750000e+03 2.296868691054779447e+03 2.311805002060881353e+00
1.721678527832031250e+03 2.296636091145437604e+03 2.324674366122769786e+00
1.721699401855468750e+03 2.292542504064796049e+03 2.333975998612061176e+00
1.721720214843750000e+03 2.294830587555340571e+03 2.341523906206943284e+00
1.721741027832031250e+03 2.296197694450442214e+03 2.346603182761195061e+00
1.721761901855468750e+03 2.292954702363088472e+03 2.348773912406548092e+00
1.721782714843750000e+03 2.297076102752557745e+03 2.354788560223740390e+00
1.721803527832031250e+03 2.295317751016915281e+03 2.359639639254759835e+00
1.721824401855468750e+03 2.291894647796536447e+03 2.367039641241356129e+00
1.721845214843750000e+03 2.296125663153769892e+03 2.378598949710104549e+00
1.721866027832031250e+03 2.293227748132275337e+03 2.384888891834943347e+00
1.721886901855468750e+03 2.295977954508744915e+03 2.389730248650654421e+00
1.721907714843750000e+03 2.296128051688653613e+03 2.388327797588029711e+00
1.721928527832031250e+03 2.296924182590675628e+03 2.386115814320798556e+00
1.721949401855468750e+03 2.295897971915822382e+03 2.377650037297251107e+00
1.721970214843750000e+03 2.293903937700820279e+03 2.369436473567187118e+00
1.721991027832031250e+03 2.296973387179957172e+03 2.359122256453093147e+00
1.722011901855468750e+03 2.292334287190541545e+03 2.347656046887990566e+00
1.722032714843750000e+03 2.295126540638456390e+03 2.339416770633482301e+00
1.722053527832031250e+03 2.294616691785578951e+03 2.336902125798755669e+00
1.722074401855468750e+03 2.294478633093818644e+03 2.330445534836337540e+00
1.722095214843750000e+03 2.295284920574234093e+03 2.330292889273488655e+00
1.722116027832031250e+03 2.295147829372711385e+03 2.332362676995894724e+00
1.722136901855468750e+03 2.299128108894087745e+03 2.342143818127939259e+00
1.722157714843750000e+03 2.299128423307153753e+03 2.344284301890886546e+00
1.722178527832031250e+03 2.301265333851949435e+03 2.351872015065922916e+00
1.722199401855468750e+03 2.296888556484708715e+03 2.355470167067878151e+00
1.722220214843750000e+03 2.298749106678066710e+03 2.358352641733160393e+00
1.722241027832031250e+03 2.294477286935384654e+03 2.355681907915781803e+00
1.722261901855468750e+03 2.296046356481816474e+03 2.347723986875072111e+00
1.722282714843750000e+03 2.299387295410538172e+03 2.334951441421248663e+00
1.722303588867187500e+03 2.299034024350045911e+03 2.318316901957981457e+00
1.722324401855468750e+03 2.293750808211826552e+03 2.294958339969604744e+00
1.722345275878906250e+03 2.299586355692884354e+03 2.273202156391560980e+00
1.722366088867187500e+03 2.297266351425724679e+03 2.242829128000170869e+00
1.722386901855468750e+03 2.297435153363801874e+03 2.218736890297427600e+00
1.722407775878906250e+03 2.295789235800785718e+03 2.195855124532533953e+00
1.722428588867187500e+03 2.300417557373205454e+03 2.177303747186742022e+00
1.722449401855468750e+03 2.297487191656188770e+03 2.162238168024899210e+00
1.722470275878906250e+03 2.297821558152175385e+03 2.156181113206967925e+00
1.722491088867187500e+03 2.297843556558977980e+03 2.156361784317961661e+00
1.722511901855468750e+03 2.300483056557913187e+03 2.166861256395474111e+00
1.722532775878906250e+03 2.300421655299463055e+03 2.183292593345366850e+00
1.722553588867187500e+03 2.301317089672506881e+03 2.201250509839320912e+00
1.722574401855468750e+03 2.296505057841058260e+03 2.220431375777543348e+00
1.722595275878906250e+03 2.296276330634127589e+03 2.238991509834197480e+00
1.722616088867187500e+03 2.297995137850258288e+03 2.260196680946164438e+00
1.722636901855468750e+03 2.300747717066363293e+03 2.278360391812868979e+00
1.722657775878906250e+03 2.297331865277216821e+03 2.291030402432627344e+00
1.722678588867187500e+03 2.301226063475794945e+03 2.295311428041253432e+00
1.722699401855468750e+03 2.297273281078098989e+03 2.291050695230564926e+00
1.722720275878906250e+03 2.294006452991437982e+03 2.281348657434313143e+00
1.722741088867187500e+03 2.298926202145497882e+03 2.268701503435000877e+00
1.722761901855468750e+03 2.298726220581766029e+03 2.250388111973243177e+00
1.722782775878906250e+03 2.298469261281282343e+03 2.230252711427526346e+00
1.722803588867187500e+03 2.300952092314956644e+03 2.208164700481353382e+00
1.722824401855468750e+03 2.297803440371176293e+03 2.184262086408492731e+00
1.722845275878906250e+03 2.300956055895191639e+03 2.164336920460244507e+00
1.722866088867187500e+03 2.299134308768857409e+03 2.144284760531312006e+00
1.722886901855468750e+03 2.304175753877402713e+03 2.127450203587359479e+00
1.722907775878906250e+03 2.298359215929624952e+03 2.109126323593955021e+00
1.722928588867187500e+03 2.301384789135303436e+03 2.091000815969241255e+00
1.722949401855468750e+03 2.301569735873884383e+03 2.071023495064252984e+00
1.722970275878906250e+03 2.303564430462450218e+03 2.053510205321754878e+00
1.722991088867187500e+03 2.299977846092967411e+03 2.030930714088909461e+00
1.723011901855468750e+03 2.301976846293506242e+03 2.009688395359253477e+00
1.723032775878906250e+03 2.302958590884321893e+03 1.986647498637841958e+00
1.723053588867187500e+03 2.303816107484811255e+03 1.964385386823962687e+00
1.723074401855468750e+03 2.302101474430804046e+03 1.940039047752755819e+00
1.723095275878906250e+03 2.304633313857869325e+03 1.915427581421869085e+00
1.723116088867187500e+03 2.302279625078758727e+03 1.890706525573913055e+00
1.723136901855468750e+03 2.303189459651453035e+03 1.861083007556028956e+00
1.723157775878906250e+03 2.308140082827400875e+03 1.831430300016120949e+00
1.723178588867187500e+03 2.306741518717915369e+03 1.802557079982786359e+00
1.723199401855468750e+03 2.306501006760901419e+03 1.776497574477897912e+00
1.723220275878906250e+03 2.305767927598912138e+03 1.751169767427420698e+00
1.723241088867187500e+03 2.307597491801987871e+03 1.732019285195973701e+00
1.723261901855468750e+03 2.307955356779867998e+03 1.711077680027240033e+00
1.723282775878906250e+03 2.306718909296035690e+03 1.695156248424753986e+00
1.723303588867187500e+03 2.307448543891612189e+03 1.671738164418012040e+00
1.723324401855468750e+03 2.308790829120629496e+03 1.649997858566281783e+00
1.723345275878906250e+03 2.307046439539996754e+03 1.626207196715464542e+00
1.723366088867187500e+03 2.308203040250446975e+03 1.605916353002224684e+00
1.723386901855468750e+03 2.307041014365837782e+03 1.580988863163231395e+00
1.723407775878906250e+03 2.308551555914461005e+03 1.558063770717696528e+00
1.723428588867187500e+03 2.308520844879302786e+03 1.537209261565507745e+00
1.723449401855468750e+03 2.306627223784418220e+03 1.519325850463446370e+00
1.723470275878906250e+03 2.309460431063159376e+03 1.503180469909041417e+00
1.723491088867187500e+03 2.311701192677959625e+03 1.494824620680027083e+00
1.723511901855468750e+03 2.307645244946555522e+03 1.479741463890660746e+00
1.723532775878906250e+03 2.309297341784212222e+03 1.470909560104134206e+00
1.723553588867187500e+03 2.308604618528592255e+03 1.463030779125629177e+00
1.723574401855468750e+03 2.309808890316620818e+03 1.458275639437267568e+00
1.723595275878906250e+03 2.307447915899491818e+03 1.452980362451621099e+00
1.723616088867187500e+03 2.309666006649109477e+03 1.451155034785153397e+00
1.723636901855468750e+03 2.310862513015287277e+03 1.445314314557560209e+00
1.723657775878906250e+03 2.307962311130335365e+03 1.435235935713048416e+00
1.723678588867187500e+03 2.309110430327503309e+03 1.428176080971343964e+00
1.723699401855468750e+03 2.306584800433221972e+03 1.408278803174102478e+00
1.723720275878906250e+03 2.310237086409033054e+03 1.394896985560775349e+00
1.723741088867187500e+03 2.310127917555112163e+03 1.380943543972748655e+00
1.723761901855468750e+03 2.309479314225903636e+03 1.368858711071215373e+00
1.723782775878906250e+03 2.308538262105830654e+03 1.356499535593922889e+00
1.723803588867187500e+03 2.310589342149894037e+03 1.354379661633012599e+00
1.723824401855468750e+03 2.308899673416693986e+03 1.355108515557278848e+00
1.723845275878906250e+03 2.308721859129835593e+03 1.353080734691805453e+00
1.724970275878906250e+03 2.294347327818311896e+03 1.348491067363840834e+00
1.724991088867187500e+03 2.292959695583506800e+03 1.351322307081236795e+00
1.725011901855468750e+03 2.293750564348566968e+03 1.348350766112081267e+00
1.725032775878906250e+03 2.287828716766626258e+03 1.347881928496943660e+00
1.725053588867187500e+03 2.290657091556371597e+03 1.347864726430291649e+00
1.725074401855468750e+03 2.284873229490451195e+03 1.347501884133573302e+00
1.725095275878906250e+03 2.289083126150049793e+03 1.347941271730789259e+00
1.725116088867187500e+03 2.286226528131624036e+03 1.346660389806893177e+00
1.725136901855468750e+03 2.292976355015777699e+03 1.349196330791520237e+00
1.725157775878906250e+03 2.287951010782528556e+03 1.347355950110178613e+00
1.725178588867187500e+03 2.285706950491027783e+03 1.346343398896574284e+00
1.725199401855468750e+03 2.289141721133543342e+03 1.349137175302271840e+00
1.725220275878906250e+03 2.287791193464475327e+03 1.347749347511831175e+00
1.725241088867187500e+03 2.292750555082776827e+03 1.348983995151803228e+00
1.725261901855468750e+03 2.292377530627097713e+03 1.349684717308403226e+00
1.725282775878906250e+03 2.289994553292695855e+03 1.348562229085572328e+00
1.725303588867187500e+03 2.287261294650440050e+03 1.347404478576473830e+00
1.725324401855468750e+03 2.293308525230436317e+03 1.348185073370047560e+00
1.725345275878906250e+03 2.291185574303232897e+03 1.351036675100093287e+00
1.725366088867187500e+03 2.288414192245905724e+03 1.348745331707530415e+00
1.725386901855468750e+03 2.291105696157857892e+03 1.348087540319637956e+00
1.725407775878906250e+03 2.287748022698002387e+03 1.346568456403333558e+00
1.725428588867187500e+03 2.291647548767365606e+03 1.350268720443731585e+00
1.725449401855468750e+03 2.288475807664987769e+03 1.347113945248678446e+00
1.725470275878906250e+03 2.289590486372660052e+03 1.348536151623460411e+00
1.725491088867187500e+03 2.287757897315163973e+03 1.349804523232314368e+00
1.725511901855468750e+03 2.290586315309598831e+03 1.349118222024065394e+00
1.725532775878906250e+03 2.287414359554192743e+03 1.347837087688655178e+00
1.725553588867187500e+03 2.288963035728025261e+03 1.348745464285505902e+00
1.725574401855468750e+03 2.287938775145648833e+03 1.349066264819064997e+00
1.725595275878906250e+03 2.292836282053641298e+03 1.349658484883442977e+00
1.725616088867187500e+03 2.289312905981952099e+03 1.350474233690114101e+00
1.725636962890625000e+03 2.290452120176388689e+03 1.347792997194804165e+00
1.725657775878906250e+03 2.288696634661826465e+03 1.350440733986550068e+00
1.725678649902343750e+03 2.291511465383910945e+03 1.351046689783237387e+00
1.725699462890625000e+03 2.289227144617594604e+03 1.348178485911141200e+00
1.725720275878906250e+03 2.287712586794640629e+03 1.347955244869322611e+00
1.725741149902343750e+03 2.288825654416239104e+03 1.347172127717619849e+00
1.725761962890625000e+03 2.291255042081512329e+03 1.347590348111261882e+00
1.725782775878906250e+03 2.292944721455527088e+03 1.349650005606741532e+00
1.725803649902343750e+03 2.291484436156156335e+03 1.348617299492716581e+00
1.725824462890625000e+03 2.288720609006761151e+03 1.350028032435668157e+00
1.725845275878906250e+03 2.291576626731700799e+03 1.348248116818525189e+00
1.725866149902343750e+03 2.288287089682286933e+03 1.348712672935892032e+00
1.725886962890625000e+03 2.289515493572666855e+03 1.349642409542792354e+00
1.725907775878906250e+03 2.289458772316360864e+03 1.347979432206626749e+00
1.725970275878906250e+03 2.290078617638955620e+03 1.349145657802072407e+00
1.725991149902343750e+03 2.289324029921804140e+03 1.350862134163235861e+00
1.726011962890625000e+03 2.289430078619435335e+03 1.350651516704818311e+00
1.726032775878906250e+03 2.292805699148128042e+03 1.351472487787404697e+00
1.726053649902343750e+03 2.290964423585369332e+03 1.351647743668057844e+00
1.726074462890625000e+03 2.288981819042905954e+03 1.354357613036929253e+00
1.726095275878906250e+03 2.293167258789082553e+03 1.354211933650961264e+00
1.726116149902343750e+03 2.292631518679694636e+03 1.353948482640574547e+00
1.726136962890625000e+03 2.290997449280719138e+03 1.353182532869186883e+00
1.726157775878906250e+03 2.290681023543163974e+03 1.354624856558645396e+00
1.726178649902343750e+03 2.290513142092397175e+03 1.355897906961238686e+00
1.726199462890625000e+03 2.289977829724417006e+03 1.354393128263635449e+00
1.726220275878906250e+03 2.291415222434528005e+03 1.355519538389614587e+00
1.726241149902343750e+03 2.289170157413799643e+03 1.355407361665986299e+00
1.726261962890625000e+03 2.294476355281455653e+03 1.357907434794782819e+00
1.726282775878906250e+03 2.293052463775987235e+03 1.357053418546662948e+00
1.726303649902343750e+03 2.291783601939904656e+03 1.357243060951672353e+00
1.726324462890625000e+03 2.291406322167921644e+03 1.360512005832556603e+00
1.726345275878906250e+03 2.289729558739522417e+03 1.357650408271815490e+00
1.726366149902343750e+03 2.293364714235774500e+03 1.360464821158445137e+00
1.726386962890625000e+03 2.292302462177151938e+03 1.360376580987972206e+00
1.726407775878906250e+03 2.292277469634649606e+03 1.360390075883276317e+00
1.726428649902343750e+03 2.291692330544923607e+03 1.360940098020962274e+00
1.726449462890625000e+03 2.294720522024947059e+03 1.361354701741898321e+00
1.726470275878906250e+03 2.291789912195985835e+03 1.361288806232534565e+00
1.726491149902343750e+03 2.293278607927226858e+03 1.362526539885291488e+00
1.726511962890625000e+03 2.293869452658022055e+03 1.363552558375552559e+00
1.726532775878906250e+03 2.294260238408805435e+03 1.367045149885645294e+00
1.726553649902343750e+03 2.291426137992178155e+03 1.365211497539453145e+00
1.726574462890625000e+03 2.291228079261302355e+03 1.368570075554922605e+00
1.726595275878906250e+03 2.292247931259599227e+03 1.368101936797694984e+00
1.726616149902343750e+03 2.290915385962345226e+03 1.366958032152174152e+00
1.726636962890625000e+03 2.294413724763936443e+03 1.366899034858310991e+00
1.726657775878906250e+03 2.293301308495242210e+03 1.368412972679299511e+00
1.726678649902343750e+03 2.290978975455108412e+03 1.367956021792696042e+00
1.726699462890625000e+03 2.291392210011702900e+03 1.364847676927128273e+00
1.726720275878906250e+03 2.290936969216152647e+03 1.364778761907756266e+00
1.726741149902343750e+03 2.292399348311370431e+03 1.366968497038185681e+00
1.726761962890625000e+03 2.294603630570615223e+03 1.367645143481028835e+00
1.726782775878906250e+03 2.293869862794644177e+03 1.368716360575852775e+00
1.726803649902343750e+03 2.292633296967933802e+03 1.373451574815448994e+00
1.726824462890625000e+03 2.292117944596343477e+03 1.370142114674905764e+00
1.726845275878906250e+03 2.292554208810096952e+03 1.371593590725363798e+00
1.726866149902343750e+03 2.293625999236323878e+03 1.370370266435140039e+00
1.726886962890625000e+03 2.294216301088924865e+03 1.370354782026332208e+00
1.726907775878906250e+03 2.293928276688934602e+03 1.369231695827675122e+00
1.726928649902343750e+03 2.290158945889881579e+03 1.367345789874166773e+00
1.726949462890625000e+03 2.291968077285251638e+03 1.368417154192680396e+00
1.726970275878906250e+03 2.294756321267767817e+03 1.368045820835202431e+00
1.726991149902343750e+03 2.294137238659775448e+03 1.368353950997202917e+00
1.727011962890625000e+03 2.289776477598967176e+03 1.369897608654948806e+00
1.727032775878906250e+03 2.292265953479136897e+03 1.368420464548378401e+00
1.727053649902343750e+03 2.294805471499041232e+03 1.370522491476496851e+00
1.727074462890625000e+03 2.296056046121345389e+03 1.376121756999681534e+00
1.727095275878906250e+03 2.293052662192479147e+03 1.374915380475030036e+00
1.727116149902343750e+03 2.295930607696942388e+03 1.375173080994962049e+00
1.727136962890625000e+03 2.296807204463075323e+03 1.375097748142995568e+00
1.727157775878906250e+03 2.294972329112286388e+03 1.375602113497841783e+00
1.727178649902343750e+03 2.290288473492264984e+03 1.374160640457354088e+00
1.727199462890625000e+03 2.292821183062388172e+03 1.373396285027795427e+00
1.727220275878906250e+03 2.293256615607104777e+03 1.372448070287204169e+00
1.727241149902343750e+03 2.297365172836180591e+03 1.372433651638919727e+00
1.727261962890625000e+03 2.293656052891537911e+03 1.371200209611700860e+00
1.727282775878906250e+03 2.295007475514650196e+03 1.371894016003732952e+00
1.727303649902343750e+03 2.294234047710313462e+03 1.374171744492037828e+00
1.727324462890625000e+03 2.295147753060172818e+03 1.374829064928182687e+00
1.727345275878906250e+03 2.295201161003458310e+03 1.373420935694739775e+00
1.727366149902343750e+03 2.296577187793909616e+03 1.374211562128662356e+00
1.727386962890625000e+03 2.296254546281976218e+03 1.374836435126202572e+00
1.727407775878906250e+03 2.294961149125745578e+03 1.378425017070958658e+00
1.727428649902343750e+03 2.296103958519387106e+03 1.375280264988280710e+00
1.727449462890625000e+03 2.293404879884129514e+03 1.375520824281672549e+00
1.727470275878906250e+03 2.296238615692839630e+03 1.376016154643529443e+00
1.727491149902343750e+03 2.294927735481911441e+03 1.376867759709795580e+00
1.727511962890625000e+03 2.295690019560212932e+03 1.378432281560366457e+00
1.727532775878906250e+03 2.291798295501133907e+03 1.378128783551685999e+00
1.727553649902343750e+03 2.295332466901324551e+03 1.382010922624785643e+00
1.727574462890625000e+03 2.295291619381592227e+03 1.383092517841977731e+00
1.727595275878906250e+03 2.297021116483245351e+03 1.385141383573788243e+00
1.727616149902343750e+03 2.294529784211337756e+03 1.384520644885733454e+00
1.727636962890625000e+03 2.294797333029587662e+03 1.388814926827217189e+00
1.727657775878906250e+03 2.294584131712002090e+03 1.385680333720195057e+00
1.727678649902343750e+03 2.295541374840615390e+03 1.387954934603356394e+00
1.727699462890625000e+03 2.293412441313055297e+03 1.386036406797130915e+00
1.727720275878906250e+03 2.296523846571870308e+03 1.384469155237668891e+00
1.727741149902343750e+03 2.297426884478433749e+03 1.385211695181582936e+00
1.727761962890625000e+03 2.297660286363709929e+03 1.386773465648647452e+00
1.727782775878906250e+03 2.294018666267034860e+03 1.386094804543438253e+00
1.727803649902343750e+03 2.295669533815074828e+03 1.392008404070598226e+00
1.727824462890625000e+03 2.294745529077490119e+03 1.390742050559615084e+00
1.727845275878906250e+03 2.295289683195888756e+03 1.392251124785193861e+00
1.727866149902343750e+03 2.293970655131156946e+03 1.391645078815221925e+00
1.727886962890625000e+03 2.295123584296703484e+03 1.391024371459509634e+00
1.727907775878906250e+03 2.294673108585924638e+03 1.389447217086316133e+00
1.727928649902343750e+03 2.295895234671522758e+03 1.388238423405511845e+00
1.727949462890625000e+03 2.297232129748839270e+03 1.387222413484981764e+00
1.727970275878906250e+03 2.296297823144655922e+03 1.386343118001264418e+00
1.727991149902343750e+03 2.298012497965292823e+03 1.386943100524681727e+00
1.728011962890625000e+03 2.296862440373443860e+03 1.386597534039718749e+00
1.728032775878906250e+03 2.294525237389902486e+03 1.388124725671540993e+00
1.728053649902343750e+03 2.295262297126497288e+03 1.388715998167254329e+00
1.728074462890625000e+03 2.297016393469370996e+03 1.391816261192891702e+00
1.728095275878906250e+03 2.293988034069219793e+03 1.397222619891926421e+00
1.728116149902343750e+03 2.294827521855871964e+03 1.399060840311742382e+00
1.728136962890625000e+03 2.294446383857707588e+03 1.399327767287608770e+00
1.728157775878906250e+03 2.294143296520180229e+03 1.398487196737197902e+00
1.728178649902343750e+03 2.296110611569805769e+03 1.395277149739420297e+00
1.728199462890625000e+03 2.295363535992817560e+03 1.398481826505937331e+00
1.728220275878906250e+03 2.294471928718549407e+03 1.392846208746056025e+00
1.728241149902343750e+03 2.297043895310216158e+03 1.391859899266808975e+00
1.728261962890625000e+03 2.296465573388210487e+03 1.391187532638548774e+00
1.728282775878906250e+03 2.295433203005346513e+03 1.390229929836248379e+00
1.728303649902343750e+03 2.294688023726715983e+03 1.390629886232856993e+00
1.728324462890625000e+03 2.297870727976646776e+03 1.391489510291391563e+00
1.728345275878906250e+03 2.294533368552882621e+03 1.390534387272349903e+00
1.728366149902343750e+03 2.297422284303637298e+03 1.392945271977177102e+00
1.728386962890625000e+03 2.298923293359978743e+03 1.393978233638148989e+00
1.728407775878906250e+03 2.295706993664174661e+03 1.396269796465055890e+00
1.728428649902343750e+03 2.295708507917930547e+03 1.396349066734842159e+00
1.728449462890625000e+03 2.294984393589711090e+03 1.397929179120904752e+00
1.728470275878906250e+03 2.295756508798850518e+03 1.398150792913529505e+00
1.728491149902343750e+03 2.295080950560138263e+03 1.399139867249130864e+00
1.728511962890625000e+03 2.296637685122042058e+03 1.404866449246730431e+00
1.728532775878906250e+03 2.294194822988042688e+03 1.403179886388000730e+00
1.728553649902343750e+03 2.293919595753565318e+03 1.409318923680441760e+00
1.728574462890625000e+03 2.296730178160695687e+03 1.411839967304006294e+00
1.728595275878906250e+03 2.296034644101597223e+03 1.409369928388922721e+00
1.728616149902343750e+03 2.294006119128544924e+03 1.412828444382698612e+00
1.728636962890625000e+03 2.294158732479793798e+03 1.411299941781658518e+00
1.728657775878906250e+03 2.297130205749092966e+03 1.410248180150868169e+00
1.728678649902343750e+03 2.296647229136551687e+03 1.408488886141034735e+00
1.728699462890625000e+03 2.299124470035474587e+03 1.411621938234787210e+00
1.728720275878906250e+03 2.296128225179849323e+03 1.404925803740253665e+00
1.728741149902343750e+03 2.295670223746525608e+03 1.409342776858456547e+00
1.728761962890625000e+03 2.295527843760504766e+03 1.405785420288534926e+00
1.728782775878906250e+03 2.297361699470701751e+03 1.407287130435585176e+00
1.728803649902343750e+03 2.294250807958839687e+03 1.408434971785323508e+00
1.728824462890625000e+03 2.294263152073749552e+03 1.412268749650800181e+00
1.728845275878906250e+03 2.293124178303127337e+03 1.412870505360812601e+00
1.728866149902343750e+03 2.297557023245784876e+03 1.414557691668484551e+00
1.728886962890625000e+03 2.295368673585447141e+03 1.413367885888490383e+00
1.728907775878906250e+03 2.296952584370723343e+03 1.413093192524136565e+00
1.728928649902343750e+03 2.297457071803099097e+03 1.413196909988506222e+00
1.728949462890625000e+03 2.296060878302107994e+03 1.409312495095316642e+00
1.728970275878906250e+03 2.293693422994176217e+03 1.409535279221183712e+00
1.728991149902343750e+03 2.293459436794500107e+03 1.406410928630897894e+00
1.729011962890625000e+03 2.296341720715960946e+03 1.405551185756084287e+00
1.729032775878906250e+03 2.298066963634627882e+03 1.408818125190333781e+00
1.729053649902343750e+03 2.297551608153360576e+03 1.409585472681893492e+00
1.729074462890625000e+03 2.298446105687487488e+03 1.412190541827375689e+00
1.729095275878906250e+03 2.295345846902559970e+03 1.413859948251579235e+00
1.729116149902343750e+03 2.295873083060003864e+03 1.415967974683173702e+00
1.729136962890625000e+03 2.297574120042847426e+03 1.417337744843826686e+00
1.729157775878906250e+03 2.293931010317473920e+03 1.417419579459960222e+00
1.729178649902343750e+03 2.294955636163923373e+03 1.419075358050505997e+00
1.729199462890625000e+03 2.295961542231440035e+03 1.416617598338336004e+00
1.729220275878906250e+03 2.296067670768544758e+03 1.412946566317204500e+00
1.729261962890625000e+03 2.297504706837470621e+03 1.412388564246138678e+00
1.729282775878906250e+03 2.297871523070073636e+03 1.406962871001972371e+00
1.729303649902343750e+03 2.298032008807270813e+03 1.407424817491134572e+00
1.729324462890625000e+03 2.295508510266369740e+03 1.409356817902136738e+00
1.729345275878906250e+03 2.298359815355500359e+03 1.407560839583138934e+00
1.729366149902343750e+03 2.296383251631054009e+03 1.406643494547740403e+00
1.729386962890625000e+03 2.297141470060263600e+03 1.412724151380256643e+00
1.729407775878906250e+03 2.297265936624274218e+03 1.410228146228683199e+00
1.729428649902343750e+03 2.294613301783842417e+03 1.412972467449865821e+00
1.729449462890625000e+03 2.295980181857718890e+03 1.420773425288874181e+00
1.729470275878906250e+03 2.295132037544293780e+03 1.417516967429684804e+00
1.729491149902343750e+03 2.295369332179840967e+03 1.420227605550815841e+00
1.729511962890625000e+03 2.294731713942860097e+03 1.423053630233760414e+00
1.729532775878906250e+03 2.299356854142200064e+03 1.426215202448662289e+00
1.729553649902343750e+03 2.297210771531243154e+03 1.429138745330823967e+00
1.729574462890625000e+03 2.297808807024809084e+03 1.430703307775501365e+00
1.729595275878906250e+03 2.295428074662692325e+03 1.431824884357700389e+00
1.729616149902343750e+03 2.296212452593489616e+03 1.436109201752610698e+00
1.729636962890625000e+03 2.299343246422094126e+03 1.434551864723540460e+00
1.729657775878906250e+03 2.295783488681096060e+03 1.433670665538195221e+00
1.729678649902343750e+03 2.296971955041964065e+03 1.432975199040892100e+00
1.729699462890625000e+03 2.297481314739832669e+03 1.432081542352010350e+00
1.729720275878906250e+03 2.299526421810580359e+03 1.432500687577380472e+00
1.729741149902343750e+03 2.297877585972719316e+03 1.435442488631409663e+00
1.729761962890625000e+03 2.295389382471283170e+03 1.431990306246036404e+00
1.729782775878906250e+03 2.298565364261403374e+03 1.434681908179677556e+00
1.729803649902343750e+03 2.298058277279611048e+03 1.437426772533005659e+00
1.729824462890625000e+03 2.301540785087026961e+03 1.441590997698298349e+00
1.729845275878906250e+03 2.298835023692382038e+03 1.440295196978837344e+00
1.729866149902343750e+03 2.297852150794613408e+03 1.441358529311469017e+00
1.729886962890625000e+03 2.298619371161632898e+03 1.444060407024915005e+00
1.729907775878906250e+03 2.298403125456252837e+03 1.441552048832791311e+00
1.729928649902343750e+03 2.297932905891063001e+03 1.436814683840425877e+00
1.729949462890625000e+03 2.297056516023505537e+03 1.433769443982087388e+00
1.729970275878906250e+03 2.299516463147299874e+03 1.433135497316360807e+00
1.729991149902343750e+03 2.297543364767976527e+03 1.435672676646597035e+00
1.730011962890625000e+03 2.298108909519824920e+03 1.434904242719965195e+00
1.730032775878906250e+03 2.297620555541868725e+03 1.436212045617925925e+00
1.730053649902343750e+03 2.297445351540151933e+03 1.438115858756020549e+00
1.730074462890625000e+03 2.300550618864059743e+03 1.442706919461692605e+00
1.730095275878906250e+03 2.300327158578534181e+03 1.449366477161531774e+00
1.730116149902343750e+03 2.298298810535378834e+03 1.449435564875539484e+00
1.730136962890625000e+03 2.299972599327487387e+03 1.451223380200344026e+00
1.730157775878906250e+03 2.299719346041450535e+03 1.451525063745422228e+00
1.730178649902343750e+03 2.301324718405333897e+03 1.454420189313222256e+00
1.730199462890625000e+03 2.298119809853382776e+03 1.447968141294882161e+00
1.730220275878906250e+03 2.300969761195284718e+03 1.448560128067128083e+00
1.730241149902343750e+03 2.298303546182755326e+03 1.438330286154644755e+00
1.730261962890625000e+03 2.300165827361873198e+03 1.435291085842391956e+00
1.730282775878906250e+03 2.299127135717180863e+03 1.434591169835400137e+00
1.730303649902343750e+03 2.298405883595698469e+03 1.431135434558714392e+00
1.730324462890625000e+03 2.296847107045923622e+03 1.430501737271546947e+00
1.730345275878906250e+03 2.300644806651487670e+03 1.434127334123346253e+00
1.730366149902343750e+03 2.296294678791195111e+03 1.434348258639786655e+00
1.730386962890625000e+03 2.299965998824647613e+03 1.436875249025539869e+00
1.730407775878906250e+03 2.297114681731670316e+03 1.438384405992311654e+00
1.730428649902343750e+03 2.299159407576464218e+03 1.442677999055908877e+00
1.730449462890625000e+03 2.298220744754047701e+03 1.447206977345783852e+00
1.730470275878906250e+03 2.301236500363947926e+03 1.453458276082216782e+00
1.730491149902343750e+03 2.301243030139122311e+03 1.456967840783645718e+00
1.730511962890625000e+03 2.299022383575412277e+03 1.461007509237074009e+00
1.730532775878906250e+03 2.302014440680899497e+03 1.462724052286420440e+00
1.730553649902343750e+03 2.298216353209050794e+03 1.466127529899579729e+00
1.730574462890625000e+03 2.300939506401750805e+03 1.470754108330492027e+00
1.730595275878906250e+03 2.297581605975088223e+03 1.473543501891047658e+00
1.730616149902343750e+03 2.297785279996190638e+03 1.474599593174302781e+00
1.730636962890625000e+03 2.299169721766382281e+03 1.475494240537886137e+00
1.730657775878906250e+03 2.299090549252701749e+03 1.475800171100251301e+00
1.730678649902343750e+03 2.297825179633110110e+03 1.474363677922106541e+00
1.730699462890625000e+03 2.297599155829263054e+03 1.476551197150026251e+00
1.730720275878906250e+03 2.299825812177309672e+03 1.476249136799326678e+00
1.730741149902343750e+03 2.298348651210008484e+03 1.473271734595532845e+00
1.730761962890625000e+03 2.298020741469816130e+03 1.474184654662322291e+00
1.730782775878906250e+03 2.300763636560087889e+03 1.478699444691006892e+00
1.730803649902343750e+03 2.298996921577073408e+03 1.481765863268338146e+00
1.730824462890625000e+03 2.299696570488947145e+03 1.485029778872320572e+00
1.730845275878906250e+03 2.296673541587719683e+03 1.486457087251835452e+00
1.730866149902343750e+03 2.300327342675502678e+03 1.489178804897085540e+00
1.730886962890625000e+03 2.299369790443272905e+03 1.490619574642904510e+00
1.730907775878906250e+03 2.301717755281342306e+03 1.489610533921664315e+00
1.730928649902343750e+03 2.297206561602627971e+03 1.486135944067866310e+00
1.730949462890625000e+03 2.300606274315907740e+03 1.484191321000966735e+00
1.730970275878906250e+03 2.299929921585524880e+03 1.481205739192985149e+00
1.730991149902343750e+03 2.299177220551162918e+03 1.480389514906373050e+00
1.731011962890625000e+03 2.302079884561239851e+03 1.481926836629982036e+00
1.731032775878906250e+03 2.299715528137056936e+03 1.483524600923972203e+00
1.731053649902343750e+03 2.296235276905714272e+03 1.484248426963739709e+00
1.731074462890625000e+03 2.294845946288413870e+03 1.487993748246667636e+00
1.731095275878906250e+03 2.298767585207095635e+03 1.491755637742390395e+00
1.731116149902343750e+03 2.300605796375518821e+03 1.495624199630708029e+00
1.731136962890625000e+03 2.299283121021549960e+03 1.497278844713807677e+00
1.731157775878906250e+03 2.301341734273736620e+03 1.497770878360552560e+00
1.731178649902343750e+03 2.301585975552785385e+03 1.496512810007029959e+00
1.731199462890625000e+03 2.299864027911663925e+03 1.493146099134711635e+00
1.731220336914062500e+03 2.300249049127424314e+03 1.487480769313593187e+00
1.731241149902343750e+03 2.297115474053286562e+03 1.481435092998905745e+00
1.731262023925781250e+03 2.302277223114048411e+03 1.477669921243808027e+00
1.731282836914062500e+03 2.298731133349783249e+03 1.473985229174907818e+00
1.731303649902343750e+03 2.299536078810974232e+03 1.474913468489752022e+00
1.731324523925781250e+03 2.297448623722900265e+03 1.475301779570896477e+00
1.731345336914062500e+03 2.300113877363409301e+03 1.475639256461402482e+00
1.731366149902343750e+03 2.300114534293321412e+03 1.479288078304111353e+00
1.731387023925781250e+03 2.298987426803626931e+03 1.481407652887348547e+00
1.731407836914062500e+03 2.298282005302649850e+03 1.486423885353522767e+00
1.731428649902343750e+03 2.299521646896522725e+03 1.490716098904673936e+00
1.731449523925781250e+03 2.298463168786804999e+03 1.497204161829747804e+00
1.731470336914062500e+03 2.298553240811840624e+03 1.499494546924227123e+00
1.731491149902343750e+03 2.300142164527580462e+03 1.505223636043423241e+00
1.731512023925781250e+03 2.299660406469552072e+03 1.507093821601487083e+00
1.731532836914062500e+03 2.298200630688767887e+03 1.511959874836781292e+00
1.731553649902343750e+03 2.299586904888388290e+03 1.515807150680520854e+00
1.731574523925781250e+03 2.298779361524198066e+03 1.518943535675073120e+00
1.731595336914062500e+03 2.298211141270231110e+03 1.523240296731580790e+00
1.731616149902343750e+03 2.297870647501102212e+03 1.525653030156763235e+00
1.731637023925781250e+03 2.299841792492116838e+03 1.525855312317589085e+00
1.731657836914062500e+03 2.297406873829491815e+03 1.524975435653211697e+00
1.731678649902343750e+03 2.299395131506506004e+03 1.527029488079585162e+00
1.731699523925781250e+03 2.297729150306267002e+03 1.523880801137490471e+00
1.731720336914062500e+03 2.298657066291789761e+03 1.527039792774582905e+00
1.731741149902343750e+03 2.296275147953139367e+03 1.528679227274683416e+00
1.731762023925781250e+03 2.298782313776443516e+03 1.536778182881357369e+00
1.731782836914062500e+03 2.299958131427537865e+03 1.539213299019911885e+00
1.731803649902343750e+03 2.298149030244217101e+03 1.544973649846524966e+00
1.731824523925781250e+03 2.299851089978340042e+03 1.555747356208419641e+00
1.731845336914062500e+03 2.296512912835752104e+03 1.564802609387076826e+00
1.731866149902343750e+03 2.300380528408404189e+03 1.566708885124530548e+00
1.731887023925781250e+03 2.299094140072967548e+03 1.570380062338939231e+00
1.731907836914062500e+03 2.298284200338659502e+03 1.571671841728506491e+00
1.731928649902343750e+03 2.297552252870495067e+03 1.572774674362258374e+00
1.731949523925781250e+03 2.300396633909930188e+03 1.572585325731075123e+00
1.731970336914062500e+03 2.301272685997179906e+03 1.567647465974312704e+00
1.731991149902343750e+03 2.296511461770389360e+03 1.562211429651517491e+00
1.732012023925781250e+03 2.298699474314243616e+03 1.561411516617209339e+00
1.732032836914062500e+03 2.300328761735574517e+03 1.562354195467640094e+00
1.732053649902343750e+03 2.300755003365262837e+03 1.564649248152720329e+00
1.732074523925781250e+03 2.300312947285705832e+03 1.567362809573490612e+00
1.732095336914062500e+03 2.298846341320500414e+03 1.572179187744343842e+00
1.732116149902343750e+03 2.298241697709314394e+03 1.575327669603000746e+00
1.732137023925781250e+03 2.299730267836464009e+03 1.580969183190178873e+00
1.732157836914062500e+03 2.298681703232032760e+03 1.581854614946376358e+00
1.732178649902343750e+03 2.300713936955018653e+03 1.583395362776672588e+00
1.732199523925781250e+03 2.300503125025903501e+03 1.576953793256956837e+00
1.732220336914062500e+03 2.302681590402510210e+03 1.573968682885199311e+00
1.732241149902343750e+03 2.299949931653106432e+03 1.566126848449761022e+00
1.732262023925781250e+03 2.298920116931858956e+03 1.559903161271024130e+00
1.732282836914062500e+03 2.301846446547687265e+03 1.556978311131606230e+00
1.732303649902343750e+03 2.298433579218877185e+03 1.556527051049092059e+00
1.732324523925781250e+03 2.299395433975814285e+03 1.557649484138132756e+00
1.732345336914062500e+03 2.298537683354682031e+03 1.562213337351309184e+00
1.732366149902343750e+03 2.299135629683336902e+03 1.564761851658195591e+00
1.732387023925781250e+03 2.299326154513234542e+03 1.570251311822886020e+00
1.732407836914062500e+03 2.299633335992011325e+03 1.577568031452166286e+00
1.732428649902343750e+03 2.300647187109923834e+03 1.582948470606577729e+00
1.732449523925781250e+03 2.298822142883281231e+03 1.588295447440426722e+00
1.732470336914062500e+03 2.301301749476678197e+03 1.595895631867294329e+00
1.732491149902343750e+03 2.300770246677593605e+03 1.602075782959817785e+00
1.732512023925781250e+03 2.299628683474938498e+03 1.611236828616266603e+00
1.732532836914062500e+03 2.300583937358361709e+03 1.617525074689271980e+00
1.732553649902343750e+03 2.299514635308362813e+03 1.623587581390419032e+00
1.732574523925781250e+03 2.299415994021522692e+03 1.628532677861064037e+00
1.732595336914062500e+03 2.300031914990947826e+03 1.633431568240803378e+00
1.732616149902343750e+03 2.299285375767857659e+03 1.636428698055488073e+00
1.732637023925781250e+03 2.302724110135839965e+03 1.638588213234200230e+00
1.732657836914062500e+03 2.297580791466110441e+03 1.637819197898871648e+00
1.732678649902343750e+03 2.300530089464075900e+03 1.639559881421488674e+00
1.732699523925781250e+03 2.300989404427912632e+03 1.641835302156878784e+00
1.732720336914062500e+03 2.299343790569736939e+03 1.643223185661865093e+00
1.732741149902343750e+03 2.300817884652765770e+03 1.648780244747974688e+00
1.732762023925781250e+03 2.298725089969381770e+03 1.655668408468144559e+00
1.732782836914062500e+03 2.300643013121914464e+03 1.667803432303429645e+00
1.732803649902343750e+03 2.301841381569895475e+03 1.676686858073934472e+00
1.732824523925781250e+03 2.298240882127746772e+03 1.687040125032190252e+00
1.732845336914062500e+03 2.297392778976890895e+03 1.698594182428216026e+00
1.732866149902343750e+03 2.300528810458377393e+03 1.707264550369784084e+00
1.732887023925781250e+03 2.300209083501960322e+03 1.714200952966211666e+00
1.732907836914062500e+03 2.298244304054520398e+03 1.716144945745474937e+00
1.732928649902343750e+03 2.299781201419285935e+03 1.715870890688802275e+00
1.732949523925781250e+03 2.299185537410959114e+03 1.711858005334869315e+00
1.732970336914062500e+03 2.303333927694929571e+03 1.708566773755020307e+00
1.732991149902343750e+03 2.300800166455917861e+03 1.702304467443450431e+00
1.733012023925781250e+03 2.298250295244674362e+03 1.698313504827996256e+00
1.733032836914062500e+03 2.301423730073165189e+03 1.697586152217807287e+00
1.733053649902343750e+03 2.299054770911077412e+03 1.698488205588880806e+00
1.733074523925781250e+03 2.301556584237438528e+03 1.703267362751629932e+00
1.733095336914062500e+03 2.296310592202868520e+03 1.708559517502218128e+00
1.733116149902343750e+03 2.301019381335512662e+03 1.719100569605326534e+00
1.733137023925781250e+03 2.298689603061457547e+03 1.725272408689651149e+00
1.733157836914062500e+03 2.298945074434175694e+03 1.732059617212446057e+00
1.733178649902343750e+03 2.300437987977436023e+03 1.735669589378241007e+00
1.733199523925781250e+03 2.298997459463899759e+03 1.734418988743961165e+00
1.733220336914062500e+03 2.303384483818207173e+03 1.731604691951613706e+00
1.733241149902343750e+03 2.302658518421493227e+03 1.729301110368655747e+00
1.733262023925781250e+03 2.302569559459863740e+03 1.722470989342870684e+00
1.733282836914062500e+03 2.301218446189125643e+03 1.713220475384832575e+00
1.733303649902343750e+03 2.301493740720218739e+03 1.706241101811161176e+00
1.733324523925781250e+03 2.303414164213455024e+03 1.701630102518858267e+00
1.733345336914062500e+03 2.298148899173559130e+03 1.699034792709424924e+00
1.733366149902343750e+03 2.301793392211496212e+03 1.701461399462198543e+00
1.733387023925781250e+03 2.303002372024535816e+03 1.706966302888840881e+00
1.733407836914062500e+03 2.301418796505806768e+03 1.712412925232847272e+00
1.733428649902343750e+03 2.300830961439301973e+03 1.719183225652125557e+00
1.733449523925781250e+03 2.297333036757324408e+03 1.728584314048327242e+00
1.733470336914062500e+03 2.301684037280141638e+03 1.739951507835356459e+00
1.733512023925781250e+03 2.300387287941795876e+03 1.761665225008853142e+00
1.733532836914062500e+03 2.302367494917734803e+03 1.772540836267348707e+00
1.733553649902343750e+03 2.301068606497843575e+03 1.783686260108405808e+00
1.733574523925781250e+03 2.303570792047019495e+03 1.793585910004018125e+00
1.733595336914062500e+03 2.301143340928307680e+03 1.802491077607355496e+00
1.733616149902343750e+03 2.300694778280566425e+03 1.807517734720222702e+00
1.733637023925781250e+03 2.298026724971253770e+03 1.811122041635481850e+00
1.733657836914062500e+03 2.300071897527221154e+03 1.815972914329901045e+00
1.733678649902343750e+03 2.297684533273415127e+03 1.820850341973494046e+00
1.733699523925781250e+03 2.299924960224392635e+03 1.828032988490603694e+00
1.733720336914062500e+03 2.300103975651294604e+03 1.837545980799425882e+00
1.733741149902343750e+03 2.299679537504168820e+03 1.848436380419871794e+00
1.733762023925781250e+03 2.299670453498509232e+03 1.861004860377126979e+00
1.733782836914062500e+03 2.301191731059450831e+03 1.878486634028963209e+00
1.733803649902343750e+03 2.298285685713397925e+03 1.895334352774563413e+00
1.733824523925781250e+03 2.300553855451938034e+03 1.912264793244019101e+00
1.733845336914062500e+03 2.298457002415830175e+03 1.924219577679163740e+00
1.733866149902343750e+03 2.296909577149016513e+03 1.933950310401119310e+00
1.733887023925781250e+03 2.297248487877303887e+03 1.939794289507229763e+00
1.733907836914062500e+03 2.298674215906167774e+03 1.940072658888885249e+00
1.733928649902343750e+03 2.292304763612281022e+03 1.936175355008057153e+00
1.733949523925781250e+03 2.298869147696500477e+03 1.928420048277573073e+00
1.733970336914062500e+03 2.298133513390388543e+03 1.920933376473524579e+00
1.733991149902343750e+03 2.292814611296805197e+03 1.911903752150984737e+00
1.734012023925781250e+03 2.301320899817187637e+03 1.905498856935781360e+00
1.734032836914062500e+03 2.299263202061162701e+03 1.902778842056360498e+00
1.734053649902343750e+03 2.299758784792095867e+03 1.901227368904167658e+00
1.734074523925781250e+03 2.301318894294406164e+03 1.909173818125568634e+00
1.734095336914062500e+03 2.303449689364451842e+03 1.919455393005345289e+00
1.734116149902343750e+03 2.298537027758831755e+03 1.931408196053204573e+00
1.734137023925781250e+03 2.296987651724543866e+03 1.945862657814780849e+00
1.734157836914062500e+03 2.297742527649943440e+03 1.959024780708672919e+00
1.734178649902343750e+03 2.296428608045314832e+03 1.968767983490688822e+00
1.734199523925781250e+03 2.298130499964942828e+03 1.973189842649740733e+00
1.734220336914062500e+03 2.296968336248585729e+03 1.971551869270468105e+00
1.734241149902343750e+03 2.297285348053217604e+03 1.964992145978844640e+00
1.734262023925781250e+03 2.295797119759269663e+03 1.956486365325625698e+00
1.734282836914062500e+03 2.294450103892954758e+03 1.941011446255281214e+00
1.734303649902343750e+03 2.300057899054261725e+03 1.928228962226963938e+00
1.734324523925781250e+03 2.300279145311044886e+03 1.918513327549545400e+00
1.734345336914062500e+03 2.299267836509808149e+03 1.911881430329217757e+00
1.734366149902343750e+03 2.302090035448288290e+03 1.910370921922277310e+00
1.734387023925781250e+03 2.296830546478217911e+03 1.913631468527539514e+00
1.734407836914062500e+03 2.294901954676809510e+03 1.923190961170853752e+00
1.734428649902343750e+03 2.299305131943548076e+03 1.937248459761584884e+00
1.734449523925781250e+03 2.299144183014688679e+03 1.952557107380887391e+00
1.734470336914062500e+03 2.296286828502162280e+03 1.968521710435723771e+00
1.734491149902343750e+03 2.297354692707880531e+03 1.986866445747961230e+00
1.734512023925781250e+03 2.299004148314938902e+03 2.003694578892855738e+00
1.734532836914062500e+03 2.298935603683549743e+03 2.019601374281205786e+00
1.734553649902343750e+03 2.293855093358919476e+03 2.035582280002075084e+00
1.734574523925781250e+03 2.296801881601845707e+03 2.049717683658565992e+00
1.734595336914062500e+03 2.297930639911127400e+03 2.062089012119163733e+00
1.734616149902343750e+03 2.296582517962913698e+03 2.072662401819283851e+00
1.734637023925781250e+03 2.292599980714877347e+03 2.079238134568852647e+00
1.734657836914062500e+03 2.292330178993979644e+03 2.084009429580822914e+00
1.734678649902343750e+03 2.294612264954716920e+03 2.092558336618331793e+00
1.734699523925781250e+03 2.294768446160553140e+03 2.098637129547095359e+00
1.734720336914062500e+03 2.298310574532353712e+03 2.113687021500491703e+00
1.734741149902343750e+03 2.293904382477818217e+03 2.122930978034848870e+00
1.734762023925781250e+03 2.295706901415019274e+03 2.138987339390705955e+00
1.734782836914062500e+03 2.292829306727157928e+03 2.159233130557506097e+00
1.734803649902343750e+03 2.298070303868208612e+03 2.185040971908691176e+00
1.734824523925781250e+03 2.292887302096273743e+03 2.208510181855214860e+00
1.734845336914062500e+03 2.297909666591745008e+03 2.230508834024400144e+00
1.734866149902343750e+03 2.290153627967435568e+03 2.242896841737439750e+00
1.734887023925781250e+03 2.292556140463760130e+03 2.253360252426490185e+00
1.734907836914062500e+03 2.290282430744754492e+03 2.257057882213234112e+00
1.734928649902343750e+03 2.289544212769727892e+03 2.254287766772179680e+00
1.734949523925781250e+03 2.294247171501727280e+03 2.247504015485085382e+00
1.734970336914062500e+03 2.293259916263922605e+03 2.235623844307463859e+00
1.734991149902343750e+03 2.296688403603150618e+03 2.223569444399288830e+00
1.735012023925781250e+03 2.291943532360356585e+03 2.207181402179364316e+00
1.735032836914062500e+03 2.290064005009588982e+03 2.197573220657310866e+00
1.735053649902343750e+03 2.295441475864307904e+03 2.194953644769189083e+00
1.735074523925781250e+03 2.289193112514659333e+03 2.194932463525859134e+00
1.735095336914062500e+03 2.296620916061642674e+03 2.203891701905523970e+00
1.735116149902343750e+03 2.293224948764641340e+03 2.215315295957699604e+00
1.735137023925781250e+03 2.295912049589679555e+03 2.231114816711121218e+00
1.735157836914062500e+03 2.291489124340544549e+03 2.243246752053947635e+00
1.735178649902343750e+03 2.291546508957665537e+03 2.254585044896379564e+00
1.735199523925781250e+03 2.292899638950038934e+03 2.261569688592386385e+00
1.735220336914062500e+03 2.292661077231487980e+03 2.259459215127420428e+00
1.735241149902343750e+03 2.294127136108921150e+03 2.252253992870448585e+00
1.735262023925781250e+03 2.289747037763797380e+03 2.234583384793454197e+00
1.735282836914062500e+03 2.291383645551632981e+03 2.214947410458634636e+00
1.735303649902343750e+03 2.295134391363851137e+03 2.193864337951962451e+00
1.735324523925781250e+03 2.294728786556144769e+03 2.171980381885820766e+00
1.735345336914062500e+03 2.292469043291725939e+03 2.154548637225365049e+00
1.735366149902343750e+03 2.292411760999436410e+03 2.142869983362145625e+00
1.735387023925781250e+03 2.292659209053780614e+03 2.139485856621252235e+00
1.735407836914062500e+03 2.294453019759378549e+03 2.142703307397338719e+00
1.735428649902343750e+03 2.292600203004735704e+03 2.150959213437650064e+00
1.735449523925781250e+03 2.293126755853271789e+03 2.166030594797233366e+00
1.735470336914062500e+03 2.291658155182376504e+03 2.181386196835877644e+00
1.735491149902343750e+03 2.291886839389159832e+03 2.202876516627694681e+00
1.735512023925781250e+03 2.294283505501245600e+03 2.226062490972479324e+00
1.735532836914062500e+03 2.292253967477835431e+03 2.250980905127318632e+00
1.735553649902343750e+03 2.296644251524640822e+03 2.275089044190706566e+00
1.735574523925781250e+03 2.293569607097043445e+03 2.297393844028241094e+00
1.735595336914062500e+03 2.290706764472780378e+03 2.318251082631646920e+00
1.735616149902343750e+03 2.289207326856064356e+03 2.336369503224377198e+00
1.735637023925781250e+03 2.290862681402637463e+03 2.349300576685639630e+00
1.735657836914062500e+03 2.292037773098994876e+03 2.358877672743858511e+00
1.735678649902343750e+03 2.290685228578385249e+03 2.363892127917778030e+00
1.735699523925781250e+03 2.289197940271890729e+03 2.370658922624043985e+00
1.735720336914062500e+03 2.287939660713777812e+03 2.379456805583205270e+00
1.735741149902343750e+03 2.292006731568101713e+03 2.392936934989136954e+00
1.735762023925781250e+03 2.289242864693383126e+03 2.408176394126279707e+00
1.735782836914062500e+03 2.289345585575299083e+03 2.426382976113053758e+00
1.735803649902343750e+03 2.287323924018818616e+03 2.448353299638819536e+00
1.735824523925781250e+03 2.286908856392258713e+03 2.473969458839430313e+00
1.735845336914062500e+03 2.285259835643374572e+03 2.495362749352184384e+00
1.735866149902343750e+03 2.291958950491873111e+03 2.514531816167097311e+00
1.735887023925781250e+03 2.283952555312452205e+03 2.526864290820952430e+00
1.735907836914062500e+03 2.286777499207146320e+03 2.533956046700997611e+00
1.735928649902343750e+03 2.288136422311094066e+03 2.534380919123838893e+00
1.735949523925781250e+03 2.290152979649125882e+03 2.528652883900255777e+00
1.735970336914062500e+03 2.289480140598784601e+03 2.517553786581104625e+00
1.735991149902343750e+03 2.285469606521237438e+03 2.502111211066111895e+00
1.736012023925781250e+03 2.287734681000812998e+03 2.486587786544128598e+00
1.736032836914062500e+03 2.286270379012719786e+03 2.474940301194418435e+00
1.736053649902343750e+03 2.291691396966561115e+03 2.461740029889826431e+00
1.736074523925781250e+03 2.288450023492510809e+03 2.454417963120627100e+00
1.736095336914062500e+03 2.289610938507235915e+03 2.451912647184856020e+00
1.736116149902343750e+03 2.287853626293921479e+03 2.449682456477419112e+00
1.736137023925781250e+03 2.292251408173083291e+03 2.448988226791002365e+00
1.736157836914062500e+03 2.289376162228568319e+03 2.447299917457263163e+00
1.736178649902343750e+03 2.288030822726556835e+03 2.441556440692776331e+00
1.736199523925781250e+03 2.289597623326133544e+03 2.433347441575768766e+00
1.736220336914062500e+03 2.286739327721233167e+03 2.420495507923064338e+00
1.736241149902343750e+03 2.291858974859574118e+03 2.401498040926990374e+00
1.736262023925781250e+03 2.292904315941070308e+03 2.378049097842445114e+00
1.736282836914062500e+03 2.294380363502838918e+03 2.351084004636305735e+00
1.736303649902343750e+03 2.292532630206696012e+03 2.319467512715257751e+00
1.736324523925781250e+03 2.290049519736246111e+03 2.285855282538940880e+00
1.736345336914062500e+03 2.290974761331580339e+03 2.250785796383652393e+00
1.736366149902343750e+03 2.291511183848933797e+03 2.217097244415008994e+00
1.736387023925781250e+03 2.293994658610851729e+03 2.187483324259820616e+00
1.736407836914062500e+03 2.293027333672401255e+03 2.162066258497651550e+00
1.736428649902343750e+03 2.293206504756980394e+03 2.140879149559829830e+00
1.736449523925781250e+03 2.295538482147500872e+03 2.124781653462335385e+00
1.736470336914062500e+03 2.296385352664320635e+03 2.112732652121034338e+00
1.736491149902343750e+03 2.295204406647882024e+03 2.103628398171015768e+00
1.736512023925781250e+03 2.293729939610032488e+03 2.098688819815995199e+00
1.736532836914062500e+03 2.293069597588969373e+03 2.095814725920915667e+00
1.736553649902343750e+03 2.296944647700285714e+03 2.091493101885147254e+00
1.736574523925781250e+03 2.291652821687724099e+03 2.089052196582844356e+00
1.736595336914062500e+03 2.296181659139469048e+03 2.086859224390642975e+00
1.736616149902343750e+03 2.297793368588549129e+03 2.083969387869316847e+00
1.736637023925781250e+03 2.294449403215559869e+03 2.080325804099538711e+00
1.736657836914062500e+03 2.295643248094790579e+03 2.074559875139088128e+00
1.736678710937500000e+03 2.294805362871781654e+03 2.064181133964434256e+00
1.736699523925781250e+03 2.296264725564999026e+03 2.052024595191300094e+00
1.736720397949218750e+03 2.294279021608907897e+03 2.038114363833564813e+00
1.736741210937500000e+03 2.297568952890837863e+03 2.020885021164814166e+00
1.736762023925781250e+03 2.296161180804304422e+03 2.001161119058726179e+00
1.736782897949218750e+03 2.294282709175725358e+03 1.974125985010481310e+00
1.736803710937500000e+03 2.298914576847369062e+03 1.948658834090376768e+00
1.736824523925781250e+03 2.294567145386949960e+03 1.915881417616711158e+00
1.736845397949218750e+03 2.297288834126394704e+03 1.888076325401272459e+00
1.736866210937500000e+03 2.302484883480906319e+03 1.865288826512139675e+00
1.736887023925781250e+03 2.299585307777561411e+03 1.844374987176619074e+00
1.736907897949218750e+03 2.300848266536745086e+03 1.825925563581950906e+00
1.736928710937500000e+03 2.300206119424149620e+03 1.807879181129143031e+00
1.736949523925781250e+03 2.299253026701633189e+03 1.790968300496800891e+00
1.736970397949218750e+03 2.301903071693574930e+03 1.772802835912536290e+00
1.736991210937500000e+03 2.298625608097421718e+03 1.750795864604260732e+00
1.737012023925781250e+03 2.303298280906839409e+03 1.730769490788106157e+00
1.737032897949218750e+03 2.301236592050690433e+03 1.707761420684050568e+00
1.737053710937500000e+03 2.303456157205166619e+03 1.685126436736450239e+00
1.737074523925781250e+03 2.301017420360267806e+03 1.660340565940197743e+00
1.737095397949218750e+03 2.301276061545303492e+03 1.637473358054045480e+00
1.737116210937500000e+03 2.298896737133374700e+03 1.612960229297035530e+00
1.737137023925781250e+03 2.300682347271375420e+03 1.591494066889493020e+00
1.737157897949218750e+03 2.300500482437905703e+03 1.570054142133820552e+00
1.737178710937500000e+03 2.299964037541019025e+03 1.551522488572755876e+00
1.737199523925781250e+03 2.303963335091285444e+03 1.534601786027194992e+00
1.737220397949218750e+03 2.299444436950660020e+03 1.517777084996140058e+00
1.737241210937500000e+03 2.301840165753897054e+03 1.500752895867792924e+00
1.737262023925781250e+03 2.303502405993741377e+03 1.483819636805326692e+00
1.737282897949218750e+03 2.302104944805594187e+03 1.463607877091162912e+00
1.737303710937500000e+03 2.303491211266970822e+03 1.441537990597393515e+00
1.737324523925781250e+03 2.303350773373786069e+03 1.414166441411435216e+00
1.737345397949218750e+03 2.301568590896382375e+03 1.392180569307177818e+00
1.737366210937500000e+03 2.303390516482412750e+03 1.372707840585593697e+00
1.737387023925781250e+03 2.305093162292624584e+03 1.362008230022038413e+00
