1.764699035644531250e+03 2.073499601707237161e+03 1.748760601935925640e+00
1.764719909667968750e+03 2.071605691729427690e+03 1.749195799649331473e+00
1.764740722656250000e+03 2.071663992196838990e+03 1.747988907689356441e+00
1.764761535644531250e+03 2.074628963064522395e+03 1.749020847508202303e+00
1.764782409667968750e+03 2.070121171242516539e+03 1.748003092808900760e+00
1.764803222656250000e+03 2.071746017402538200e+03 1.750091414107604271e+00
1.764824035644531250e+03 2.072071225439118280e+03 1.747691130002287263e+00
1.764844909667968750e+03 2.069010922649543772e+03 1.748545655424356804e+00
1.764865722656250000e+03 2.071588041153473114e+03 1.747667188273387184e+00
1.764886535644531250e+03 2.069900537467796312e+03 1.746647689306138229e+00
1.764907409667968750e+03 2.072047341338576189e+03 1.747294446237152243e+00
1.764928222656250000e+03 2.072920036247546705e+03 1.747171295642163891e+00
1.764949035644531250e+03 2.071856935481476285e+03 1.752689270704229418e+00
1.764969909667968750e+03 2.072379519073483607e+03 1.757596829217300094e+00
1.764990722656250000e+03 2.071430491981933756e+03 1.751520245848046331e+00
1.765011535644531250e+03 2.071970725054068680e+03 1.759126909289506102e+00
1.765032409667968750e+03 2.071794873309901050e+03 1.749883647865450031e+00
1.765053222656250000e+03 2.071836613579986079e+03 1.750804648015330311e+00
1.765074035644531250e+03 2.071910001416973500e+03 1.748630191933525868e+00
1.765094909667968750e+03 2.071912480497749129e+03 1.753187682311268869e+00
1.765115722656250000e+03 2.071828579535238532e+03 1.750536904397921534e+00
1.765136535644531250e+03 2.072698149929356077e+03 1.749380138153893149e+00
1.765157409667968750e+03 2.072794364079632942e+03 1.747563027703756156e+00
1.765178222656250000e+03 2.072486962537682757e+03 1.754965073871044945e+00
1.765199035644531250e+03 2.070696110668779966e+03 1.752711919577363053e+00
1.765219909667968750e+03 2.072636928784945667e+03 1.759677287773099730e+00
1.765240722656250000e+03 2.072067792181761433e+03 1.750586002872920766e+00
1.765261535644531250e+03 2.072718998312486747e+03 1.748239039935092443e+00
1.765282409667968750e+03 2.071824307572780526e+03 1.747509341999454513e+00
1.765303222656250000e+03 2.071166242213165788e+03 1.749158725160136152e+00
1.765324035644531250e+03 2.072341052263247548e+03 1.751795188563769035e+00
1.765344909667968750e+03 2.071568807932195341e+03 1.747922686209181675e+00
1.765365722656250000e+03 2.071519619365845756e+03 1.746990886522529429e+00
1.765386535644531250e+03 2.070706200515042838e+03 1.749711489736952341e+00
1.765407409667968750e+03 2.069945753632002379e+03 1.757338532020933153e+00
1.765428222656250000e+03 2.070127238416489490e+03 1.748660119605209395e+00
1.765449035644531250e+03 2.072126381178567499e+03 1.749040953922790687e+00
1.765469909667968750e+03 2.072097975216206578e+03 1.755059489684652529e+00
1.765490722656250000e+03 2.073251111407575081e+03 1.748311249757446006e+00
1.765511535644531250e+03 2.072447996637458346e+03 1.748077494603509363e+00
1.765532409667968750e+03 2.068010425730177758e+03 1.746432687518846727e+00
1.765553222656250000e+03 2.069705295746833144e+03 1.747125990413797902e+00
1.765574035644531250e+03 2.066706798246226754e+03 1.749317308505635937e+00
1.765594909667968750e+03 2.069776347442754286e+03 1.749695410788071115e+00
1.765615722656250000e+03 2.072890199279756871e+03 1.748181965472263455e+00
1.765636535644531250e+03 2.070719077197190472e+03 1.750188136205784728e+00
1.765657409667968750e+03 2.071397945146326038e+03 1.750612764707311531e+00
1.765678222656250000e+03 2.072811662718609568e+03 1.750957159135903218e+00
1.765699035644531250e+03 2.071049892567471943e+03 1.748403774887335116e+00
1.765719909667968750e+03 2.072472598890005429e+03 1.747805377325709841e+00
1.765740722656250000e+03 2.071034586922070048e+03 1.749287596519484289e+00
1.765761535644531250e+03 2.068083755481059598e+03 1.746990545337861356e+00
1.765782409667968750e+03 2.072204188328510554e+03 1.748707566526993551e+00
1.765803222656250000e+03 2.069631178861325225e+03 1.749305110297155519e+00
1.765824035644531250e+03 2.071199113009305620e+03 1.749764426588181321e+00
1.765844909667968750e+03 2.070651626926929566e+03 1.747330809822186248e+00
1.765865722656250000e+03 2.069536994731046889e+03 1.748477205127357603e+00
1.765886535644531250e+03 2.068809295425716300e+03 1.748524452481375224e+00
1.765907409667968750e+03 2.072145180271199024e+03 1.749259246997999284e+00
1.765928222656250000e+03 2.071461160733055749e+03 1.750277497224728585e+00
1.765949035644531250e+03 2.070853691699755473e+03 1.755513293962113419e+00
1.765969909667968750e+03 2.069028542257452045e+03 1.747841116447406362e+00
1.765990722656250000e+03 2.069909974410209088e+03 1.750138754112264605e+00
1.766011535644531250e+03 2.069041072944030020e+03 1.752546637291386711e+00
1.766032409667968750e+03 2.069534617983544649e+03 1.747504839692624490e+00
1.766053222656250000e+03 2.070911313719062036e+03 1.747139909615005982e+00
1.766074035644531250e+03 2.071220370431342417e+03 1.758184775032339386e+00
1.766094909667968750e+03 2.069035736973033636e+03 1.747130493696911868e+00
1.766115722656250000e+03 2.072131678033299067e+03 1.751199107114721931e+00
1.766136535644531250e+03 2.072199781578476177e+03 1.750007288781382231e+00
1.766157409667968750e+03 2.070496883538652583e+03 1.754198691407258037e+00
1.766178222656250000e+03 2.070197994835256395e+03 1.746995936047827991e+00
1.766199035644531250e+03 2.073411949495744011e+03 1.747676464879631242e+00
1.766219909667968750e+03 2.072063696058010009e+03 1.750697133308809494e+00
1.766240722656250000e+03 2.071140028914745926e+03 1.747611664027228562e+00
1.766261535644531250e+03 2.069512165557850494e+03 1.750419157783583923e+00
1.766282409667968750e+03 2.070708165751097113e+03 1.748239517252492270e+00
1.766303222656250000e+03 2.070308566070618781e+03 1.747459065581385307e+00
1.766324035644531250e+03 2.071739470830000755e+03 1.749914507821232812e+00
1.766344909667968750e+03 2.068991099383886194e+03 1.750323401949929414e+00
1.766365722656250000e+03 2.071103521941409326e+03 1.764645465115786571e+00
1.766386535644531250e+03 2.072920496204184474e+03 1.749719869808517236e+00
1.766407409667968750e+03 2.071357187242645978e+03 1.748366206320403071e+00
1.766428222656250000e+03 2.072211253803332511e+03 1.748400297612863419e+00
1.766449035644531250e+03 2.071543420684690773e+03 1.748381342936305316e+00
1.766469909667968750e+03 2.069074740026883774e+03 1.749047428820659666e+00
1.766490722656250000e+03 2.070537016344699623e+03 1.748705180577472706e+00
1.766511535644531250e+03 2.070901607765519657e+03 1.747591882235689287e+00
1.766532409667968750e+03 2.070336821606066223e+03 1.752054302989604739e+00
1.766553222656250000e+03 2.070225771538015124e+03 1.748192534957813571e+00
1.766574035644531250e+03 2.072381296829419625e+03 1.748826723522096005e+00
1.766594909667968750e+03 2.070952811570738959e+03 1.749432335473117384e+00
1.766615722656250000e+03 2.071636344841389473e+03 1.748518725597369317e+00
1.766636535644531250e+03 2.073040268223976000e+03 1.749685667963255975e+00
1.766657409667968750e+03 2.072578523063086323e+03 1.748946554005321730e+00
1.766678222656250000e+03 2.073832043687400528e+03 1.748406433974911911e+00
1.766699035644531250e+03 2.072164129435569521e+03 1.748493090743828526e+00
1.766719909667968750e+03 2.071722687610804769e+03 1.747294923812591438e+00
1.766740722656250000e+03 2.069022492981876439e+03 1.746364837016216143e+00
1.766761535644531250e+03 2.072627836733266122e+03 1.748404593068558777e+00
1.766782409667968750e+03 2.075141458872891690e+03 1.754895311585983109e+00
1.766803222656250000e+03 2.071790385716596575e+03 1.748763669487492622e+00
1.766824035644531250e+03 2.072225334314164684e+03 1.752738104846676359e+00
1.766844909667968750e+03 2.072693216567839045e+03 1.756579903674340137e+00
1.766865722656250000e+03 2.074093013826610331e+03 1.758622792299443738e+00
1.766886535644531250e+03 2.072568878723402122e+03 1.751650440686560506e+00
1.766907409667968750e+03 2.070343948857461783e+03 1.752281200773920800e+00
1.766928222656250000e+03 2.073025639882260293e+03 1.748284793624811817e+00
1.766949035644531250e+03 2.071147781050951380e+03 1.750167838631171424e+00
1.766969909667968750e+03 2.073510077584342071e+03 1.753391521682509335e+00
1.766990722656250000e+03 2.071585906145420722e+03 1.747553955140183524e+00
1.767011535644531250e+03 2.070997904130766074e+03 1.747946147041130383e+00
1.767032348632812500e+03 2.072270764135480022e+03 1.747373449084595576e+00
1.767053161621093750e+03 2.074762025158957385e+03 1.753094933671894617e+00
1.767074035644531250e+03 2.073517087870224714e+03 1.751515481608730607e+00
1.767094848632812500e+03 2.072309194479414145e+03 1.753424631444456372e+00
1.767115661621093750e+03 2.073520597210200322e+03 1.750721442151327079e+00
1.767136535644531250e+03 2.071860243430734045e+03 1.749879356040413114e+00
1.767157348632812500e+03 2.071943277777867934e+03 1.748560176905771257e+00
1.767178161621093750e+03 2.073286850015350865e+03 1.751618046011678143e+00
1.767199035644531250e+03 2.073402384097578306e+03 1.758455150536679001e+00
1.767219848632812500e+03 2.071998422041091999e+03 1.750087599605438138e+00
1.767240661621093750e+03 2.073504028425739307e+03 1.748997060298902895e+00
1.767261535644531250e+03 2.072657428350327791e+03 1.749987602189970737e+00
1.767282348632812500e+03 2.072233843097915269e+03 1.748044624540276315e+00
1.767303161621093750e+03 2.075012359912690044e+03 1.751994699178367032e+00
1.767324035644531250e+03 2.073583799980628100e+03 1.760438102576611374e+00
1.767344848632812500e+03 2.071432607325585650e+03 1.752260179095773251e+00
1.767365661621093750e+03 2.072869798712600186e+03 1.750674390276576675e+00
1.767386535644531250e+03 2.073838968788957573e+03 1.757480980022714689e+00
1.767407348632812500e+03 2.073175122396926781e+03 1.747942464256950545e+00
1.767428161621093750e+03 2.073058287848295549e+03 1.748234403130711545e+00
1.767449035644531250e+03 2.072374384865680895e+03 1.755612637132387244e+00
1.767469848632812500e+03 2.073134769715110451e+03 1.753250985200094592e+00
1.767490661621093750e+03 2.070449208852845004e+03 1.751233687831976082e+00
1.767511535644531250e+03 2.072937909735156154e+03 1.749721028026633540e+00
1.767532348632812500e+03 2.072727393303724511e+03 1.749939781242793035e+00
1.767553161621093750e+03 2.073129667137842716e+03 1.748652007143443043e+00
1.767574035644531250e+03 2.073035139079865075e+03 1.748535019896671594e+00
1.767594848632812500e+03 2.073653451050731746e+03 1.750291731904796588e+00
1.767615661621093750e+03 2.072532607888561870e+03 1.750043868468714070e+00
1.767636535644531250e+03 2.073782333690851374e+03 1.749569158651855583e+00
1.767657348632812500e+03 2.071554787158299405e+03 1.750861024209397598e+00
1.767678161621093750e+03 2.073514042089302620e+03 1.749295365298534133e+00
1.767699035644531250e+03 2.073189948800153161e+03 1.750316591235900887e+00
1.767719848632812500e+03 2.072276824542001577e+03 1.748557586227784677e+00
1.767740661621093750e+03 2.073074857892140244e+03 1.752401203194984269e+00
1.767761535644531250e+03 2.073863757618180898e+03 1.749236485270813102e+00
1.767782348632812500e+03 2.071657498608491096e+03 1.757503160172683154e+00
1.767803161621093750e+03 2.076443214451246149e+03 1.749519009565641436e+00
1.767824035644531250e+03 2.073497202035334340e+03 1.751974354490939856e+00
1.767844848632812500e+03 2.071744048027073404e+03 1.749198184929635858e+00
1.767865661621093750e+03 2.072755381143967952e+03 1.748664005392892573e+00
1.767886535644531250e+03 2.074701940527274928e+03 1.749009942237508941e+00
1.767907348632812500e+03 2.073914297395599078e+03 1.752286098992795305e+00
1.767928161621093750e+03 2.072646029274701959e+03 1.750493184485810705e+00
1.767949035644531250e+03 2.075332276187677053e+03 1.751055467298936019e+00
1.767969848632812500e+03 2.071752405195513347e+03 1.747559685185814615e+00
1.767990661621093750e+03 2.070696530620686644e+03 1.756877531838942241e+00
1.768011535644531250e+03 2.071053582839212595e+03 1.748408547605742047e+00
1.768032348632812500e+03 2.067013806911419124e+03 1.748539315021408802e+00
1.768053161621093750e+03 2.073759581032864844e+03 1.749752027109004571e+00
1.768074035644531250e+03 2.073174886898790646e+03 1.761389860254432449e+00
1.768094848632812500e+03 2.072199181151167068e+03 1.749783843178496889e+00
1.768115661621093750e+03 2.070532553909942180e+03 1.749854899249224438e+00
1.768136535644531250e+03 2.069882723870921382e+03 1.748745332265845498e+00
1.768157348632812500e+03 2.072178212463165437e+03 1.751351107415795472e+00
1.768178161621093750e+03 2.072191498271155069e+03 1.749228852529516320e+00
1.768199035644531250e+03 2.073524987233308821e+03 1.751023402015729369e+00
1.768219848632812500e+03 2.073880694601900359e+03 1.748513135049651890e+00
1.768240661621093750e+03 2.071306236033893128e+03 1.754955903719242594e+00
1.768261535644531250e+03 2.072999212327006717e+03 1.749019416195300325e+00
1.768282348632812500e+03 2.068154662791897408e+03 1.748332114363185807e+00
1.768303161621093750e+03 2.070986388106001868e+03 1.749140869151512456e+00
1.768324035644531250e+03 2.073512516682323167e+03 1.748762237964097688e+00
1.768344848632812500e+03 2.071802727057814991e+03 1.749838208485182678e+00
1.768365661621093750e+03 2.072830535150453670e+03 1.749944072919634053e+00
1.768386535644531250e+03 2.069036846748272637e+03 1.749556417104481287e+00
1.768407348632812500e+03 2.072286903072406858e+03 1.748758693234456985e+00
1.768428161621093750e+03 2.072941242610102108e+03 1.749826695171486257e+00
1.768449035644531250e+03 2.073514625267053816e+03 1.748864554851641717e+00
1.768469848632812500e+03 2.069684381156032487e+03 1.749223127951686996e+00
1.768490661621093750e+03 2.075813827778842096e+03 1.749902245652307675e+00
1.768511535644531250e+03 2.073125442323731477e+03 1.750723689170148090e+00
1.768532348632812500e+03 2.072896885997782647e+03 1.754562153334714658e+00
1.768553161621093750e+03 2.073133466305685033e+03 1.752726542568198598e+00
1.768574035644531250e+03 2.073819352145555968e+03 1.749109177694984973e+00
1.768615661621093750e+03 2.074197677454178120e+03 1.750078948828646119e+00
1.768636535644531250e+03 2.073865297082912093e+03 1.765678134895132256e+00
1.768657348632812500e+03 2.071424523171742294e+03 1.751356348570194399e+00
1.768678161621093750e+03 2.072995275578929068e+03 1.766719310204078131e+00
1.768699035644531250e+03 2.073114544683543500e+03 1.751063704782200858e+00
1.768719848632812500e+03 2.071263258796329865e+03 1.749927655495790546e+00
1.768740661621093750e+03 2.072811463179989914e+03 1.749095546784396271e+00
1.768761535644531250e+03 2.071442963466329729e+03 1.765084175393619947e+00
1.768782348632812500e+03 2.071478057448365689e+03 1.760283365413163548e+00
1.768803161621093750e+03 2.071804607917213616e+03 1.749040272353199477e+00
1.768824035644531250e+03 2.075359439217178988e+03 1.750676841635574688e+00
1.768844848632812500e+03 2.069577702383306132e+03 1.749233691146167224e+00
1.768865661621093750e+03 2.071199955461813715e+03 1.751144988283098725e+00
1.768886535644531250e+03 2.072899885655323487e+03 1.750814929316496737e+00
1.768907348632812500e+03 2.071088441705917376e+03 1.750373732305055441e+00
1.768928161621093750e+03 2.070751809999431316e+03 1.748905316341263116e+00
1.768949035644531250e+03 2.071341028163493320e+03 1.749268038124721425e+00
1.768969848632812500e+03 2.072731458494320123e+03 1.750139230911553323e+00
1.768990661621093750e+03 2.073505800147566333e+03 1.759808640372404254e+00
1.769011535644531250e+03 2.070395986790271763e+03 1.750720829327511829e+00
1.769032348632812500e+03 2.072623543151988997e+03 1.749207248965128469e+00
1.769053161621093750e+03 2.074417272364333257e+03 1.751704680008866699e+00
1.769074035644531250e+03 2.071590270310271535e+03 1.751610491705130501e+00
1.769094848632812500e+03 2.072164352396538561e+03 1.750943406445877759e+00
1.769115661621093750e+03 2.070699063061727429e+03 1.753171431254671564e+00
1.769136535644531250e+03 2.072818829315876883e+03 1.750013487627641640e+00
1.769157348632812500e+03 2.073972491098008959e+03 1.748692500905398850e+00
1.769178161621093750e+03 2.071920309481827644e+03 1.751015572823423350e+00
1.769199035644531250e+03 2.075010942483574581e+03 1.752089275058222650e+00
1.769219848632812500e+03 2.073544922619615591e+03 1.751954349785316056e+00
1.769240661621093750e+03 2.074482061619738033e+03 1.750830997984156534e+00
1.769261535644531250e+03 2.073499227244623398e+03 1.749136302891032058e+00
1.769282348632812500e+03 2.073889256159685829e+03 1.751892565102627808e+00
1.769303161621093750e+03 2.073303303837972180e+03 1.751001684430944394e+00
1.769324035644531250e+03 2.074983116776897077e+03 1.754359333333947557e+00
1.769344848632812500e+03 2.073124789586978750e+03 1.750326534869483419e+00
1.769365661621093750e+03 2.073498259544539906e+03 1.750281243204391490e+00
1.769386535644531250e+03 2.072773305992115183e+03 1.756119586813234879e+00
1.769407348632812500e+03 2.070368541082071715e+03 1.754842665377059241e+00
1.769428161621093750e+03 2.076876699692142211e+03 1.752232762094515062e+00
1.769449035644531250e+03 2.076264122634464002e+03 1.750444083407334039e+00
1.769469848632812500e+03 2.074092435612024474e+03 1.752241742400235891e+00
1.769490661621093750e+03 2.075341277974435343e+03 1.756771678078029142e+00
1.769511535644531250e+03 2.075272910570827207e+03 1.752347257545147974e+00
1.769532348632812500e+03 2.072134134860006725e+03 1.755921631113537718e+00
1.769553161621093750e+03 2.074316260925096230e+03 1.758723044334605801e+00
1.769574035644531250e+03 2.077323178365807962e+03 1.750918760265780971e+00
1.769594848632812500e+03 2.072810214070468646e+03 1.749692889922517258e+00
1.769615661621093750e+03 2.073323791202485609e+03 1.750347511664634093e+00
1.769636535644531250e+03 2.072403105816096286e+03 1.758657701533567375e+00
1.769657348632812500e+03 2.074334589912573847e+03 1.751871198526885776e+00
1.769678161621093750e+03 2.073341403782648285e+03 1.753752499916432006e+00
1.769699035644531250e+03 2.071344339901284002e+03 1.750646335590279490e+00
1.769719848632812500e+03 2.069810339483239204e+03 1.753541836337673132e+00
1.769740661621093750e+03 2.072679128975401909e+03 1.753426399093838350e+00
1.769761535644531250e+03 2.076263455340728797e+03 1.753182038655967334e+00
1.769782348632812500e+03 2.074664478932848397e+03 1.752773743389878458e+00
1.769803161621093750e+03 2.072456208137647081e+03 1.755451702447681894e+00
1.769824035644531250e+03 2.074278023191052853e+03 1.755002840806014985e+00
1.769844848632812500e+03 2.073797712954587041e+03 1.762222387215754971e+00
1.769865661621093750e+03 2.073375021300726530e+03 1.753971362020441349e+00
1.769886535644531250e+03 2.075520057437937794e+03 1.755033746595966226e+00
1.769907348632812500e+03 2.073211310131627215e+03 1.755694253220365209e+00
1.769928161621093750e+03 2.072051287880813561e+03 1.752938120192112370e+00
1.769949035644531250e+03 2.075897025402347936e+03 1.760502092745359626e+00
1.769969848632812500e+03 2.076577486559617228e+03 1.753859147626668724e+00
1.769990661621093750e+03 2.073348830860652470e+03 1.762966483859426559e+00
1.770011535644531250e+03 2.072528289008972024e+03 1.756518688894087576e+00
1.770032348632812500e+03 2.074915031271481439e+03 1.760128276008356751e+00
1.770053161621093750e+03 2.074403055178262548e+03 1.756728520483681999e+00
1.770074035644531250e+03 2.071906475695278914e+03 1.756170022575650025e+00
1.770094848632812500e+03 2.073131554848754149e+03 1.755629680405947690e+00
1.770115661621093750e+03 2.073865599835572084e+03 1.758357866245652490e+00
1.770136535644531250e+03 2.076869465437006056e+03 1.757496852085121519e+00
1.770157348632812500e+03 2.074274826909198055e+03 1.757775675070001098e+00
1.770178161621093750e+03 2.075065169995395081e+03 1.756715423708410384e+00
1.770199035644531250e+03 2.072732274664503166e+03 1.765579493113432541e+00
1.770219848632812500e+03 2.075676905810029439e+03 1.764125693771473546e+00
1.770240661621093750e+03 2.076638993859105994e+03 1.757195597587053237e+00
1.770261535644531250e+03 2.072385692803460643e+03 1.765441885035720082e+00
1.770282348632812500e+03 2.074060876978518536e+03 1.756491406231583285e+00
1.770303161621093750e+03 2.072881511547941955e+03 1.761606690761184257e+00
1.770324035644531250e+03 2.072333986233988071e+03 1.766976708371461813e+00
1.770344848632812500e+03 2.075176044718909907e+03 1.760606774292341026e+00
1.770365661621093750e+03 2.074915972611893721e+03 1.763446780823738846e+00
1.770386535644531250e+03 2.072055184755666232e+03 1.758307086453392287e+00
1.770407348632812500e+03 2.074809719152533944e+03 1.759211411671317560e+00
1.770428161621093750e+03 2.075182735448147923e+03 1.758338679927754500e+00
1.770449035644531250e+03 2.076184991312281909e+03 1.759348761733849242e+00
1.770469848632812500e+03 2.074208038710272831e+03 1.758905638835035257e+00
1.770490661621093750e+03 2.075950232171297102e+03 1.760778814983182228e+00
1.770511535644531250e+03 2.074978572510147387e+03 1.759851112787234273e+00
1.770532348632812500e+03 2.072771902981749008e+03 1.763679377644444823e+00
1.770553161621093750e+03 2.072497837206852637e+03 1.760231828484985828e+00
1.770574035644531250e+03 2.072444986178252293e+03 1.761851912580973512e+00
1.770594848632812500e+03 2.076602995402617580e+03 1.763043973048692870e+00
1.770615661621093750e+03 2.073004705526380803e+03 1.761291655135188705e+00
1.770636474609375000e+03 2.072937630051471388e+03 1.762845645316349241e+00
1.770657287597656250e+03 2.074625748011371343e+03 1.761174086050823373e+00
1.770678161621093750e+03 2.073675377855041006e+03 1.760801901415673942e+00
1.770698974609375000e+03 2.072305674554610960e+03 1.761165963544452762e+00
1.770719787597656250e+03 2.074086939864335818e+03 1.762520888725569002e+00
1.770740661621093750e+03 2.074963146463889188e+03 1.766032484177020079e+00
1.770761474609375000e+03 2.074344527532626671e+03 1.764080283360007995e+00
1.770782287597656250e+03 2.073581533168357510e+03 1.778464565469979775e+00
1.770803161621093750e+03 2.076300597309990280e+03 1.768506627138084264e+00
1.770823974609375000e+03 2.075746891746141500e+03 1.766756286087393990e+00
1.770844787597656250e+03 2.073217917489739193e+03 1.773532881671494366e+00
1.770865661621093750e+03 2.071199205829498624e+03 1.765821597876564564e+00
1.770886474609375000e+03 2.074280818706344235e+03 1.769740481775012197e+00
1.770907287597656250e+03 2.072012233798706347e+03 1.767849558859406756e+00
1.770928161621093750e+03 2.075154362478082930e+03 1.766174703452244588e+00
1.770948974609375000e+03 2.074307724862847863e+03 1.767364590218181375e+00
1.770969787597656250e+03 2.074246119652444577e+03 1.765770762680501482e+00
1.770990661621093750e+03 2.073241640278384693e+03 1.768982791745774996e+00
1.771011474609375000e+03 2.073438909826656527e+03 1.766461739560623245e+00
1.771032287597656250e+03 2.073913136884919368e+03 1.767917865959849788e+00
1.771053161621093750e+03 2.073514998770061084e+03 1.773754746885715772e+00
1.771073974609375000e+03 2.076404736746547769e+03 1.768496246467642807e+00
1.771094787597656250e+03 2.073041617552333719e+03 1.767495371530561687e+00
1.771115661621093750e+03 2.073089913051401254e+03 1.769736507544861892e+00
1.771136474609375000e+03 2.074273315995439589e+03 1.769438482214948261e+00
1.771157287597656250e+03 2.077955017551221772e+03 1.769811746963484644e+00
1.771178161621093750e+03 2.076412407730365430e+03 1.767562410906496018e+00
1.771198974609375000e+03 2.074862057182444460e+03 1.768363921284124451e+00
1.771219787597656250e+03 2.073800230358973749e+03 1.766474224201609156e+00
1.771240661621093750e+03 2.073980909912365860e+03 1.770048019706083942e+00
1.771261474609375000e+03 2.074409528721254446e+03 1.770755302355554894e+00
1.771282287597656250e+03 2.075168157318256362e+03 1.768402210995082102e+00
1.771303161621093750e+03 2.074157572762603650e+03 1.776856877640105026e+00
1.771323974609375000e+03 2.074085593323165540e+03 1.777981754694247352e+00
1.771344787597656250e+03 2.076395776250502877e+03 1.769292145799932880e+00
1.771365661621093750e+03 2.074989241947520895e+03 1.768250328090900991e+00
1.771386474609375000e+03 2.073712190970996744e+03 1.769450878482274891e+00
1.771407287597656250e+03 2.072831373438918035e+03 1.767166882301083985e+00
1.771428161621093750e+03 2.074441624991842673e+03 1.784592754485510691e+00
1.771448974609375000e+03 2.075754042086861773e+03 1.774441338320562611e+00
1.771469787597656250e+03 2.077559308941661129e+03 1.768787758360159001e+00
1.771490661621093750e+03 2.074364378435667277e+03 1.769819762433693322e+00
1.771511474609375000e+03 2.075077008753384234e+03 1.772806265322600217e+00
1.771532287597656250e+03 2.076916010483566424e+03 1.773500550615490390e+00
1.771553161621093750e+03 2.072833862214738929e+03 1.772450310961602327e+00
1.771573974609375000e+03 2.071819395388509747e+03 1.772196869318368506e+00
1.771594787597656250e+03 2.074358999046743520e+03 1.786525943763103363e+00
1.771615661621093750e+03 2.073588891399466320e+03 1.773960120543115249e+00
1.771636474609375000e+03 2.074620517544238282e+03 1.776920947414370788e+00
1.771657287597656250e+03 2.076618717833164737e+03 1.775478583277340983e+00
1.771678161621093750e+03 2.075488869349529523e+03 1.776429865708055722e+00
1.771698974609375000e+03 2.075172218203850662e+03 1.779699420302930601e+00
1.771719787597656250e+03 2.074986165266355329e+03 1.776842855779292352e+00
1.771740661621093750e+03 2.073113634463117251e+03 1.776200079541912835e+00
1.771761474609375000e+03 2.075018882394072989e+03 1.779094797628893998e+00
1.771782287597656250e+03 2.074618033883094085e+03 1.780458910430728681e+00
1.771803161621093750e+03 2.076305681963175630e+03 1.779796475765615504e+00
1.771823974609375000e+03 2.075836965794689604e+03 1.783539154380107572e+00
1.771844787597656250e+03 2.076457721192489316e+03 1.789864173083298038e+00
1.771865661621093750e+03 2.072085678135837952e+03 1.783577920356379742e+00
1.771886474609375000e+03 2.074496644524779185e+03 1.783944350884298702e+00
1.771907287597656250e+03 2.076054682561555637e+03 1.786335962254565812e+00
1.771928161621093750e+03 2.073567125029563158e+03 1.781803513574470532e+00
1.771948974609375000e+03 2.073831689278864815e+03 1.781552406206160510e+00
1.771969787597656250e+03 2.076814630299745659e+03 1.787375441793057407e+00
1.771990661621093750e+03 2.075712881434221799e+03 1.783167091832851714e+00
1.772011474609375000e+03 2.074272477747307221e+03 1.784222581971033339e+00
1.772032287597656250e+03 2.075710465136142375e+03 1.789403091727131523e+00
1.772053161621093750e+03 2.073304899845290038e+03 1.785973159554182343e+00
1.772073974609375000e+03 2.073032350303633393e+03 1.789615528970223357e+00
1.772094787597656250e+03 2.073565280473224448e+03 1.787694816376733886e+00
1.772115661621093750e+03 2.075356729899801394e+03 1.785583712027378089e+00
1.772136474609375000e+03 2.074499935006031592e+03 1.785700408336667211e+00
1.772157287597656250e+03 2.074345733635459510e+03 1.785416932552975178e+00
1.772178161621093750e+03 2.076389987324973390e+03 1.784067168130278214e+00
1.772198974609375000e+03 2.074701264402614470e+03 1.788131004944751412e+00
1.772219787597656250e+03 2.074796174651754882e+03 1.782153987713250620e+00
1.772240661621093750e+03 2.074146575454678896e+03 1.780939710929958730e+00
1.772261474609375000e+03 2.074637601902460574e+03 1.783674029608419254e+00
1.772282287597656250e+03 2.074189659111038964e+03 1.786195748681888684e+00
1.772303161621093750e+03 2.074636742671001230e+03 1.782429823062455343e+00
1.772323974609375000e+03 2.073995292641255674e+03 1.782409892646998228e+00
1.772344787597656250e+03 2.076020877735384602e+03 1.784031018774364430e+00
1.772365661621093750e+03 2.076440971558806268e+03 1.784389940723728252e+00
1.772386474609375000e+03 2.074512076899679414e+03 1.787022122613882491e+00
1.772407287597656250e+03 2.072923283802372225e+03 1.784984555324553135e+00
1.772428161621093750e+03 2.073045825089985556e+03 1.787378042902371567e+00
1.772448974609375000e+03 2.072778108810399317e+03 1.785168203234563933e+00
1.772490661621093750e+03 2.069174078177821229e+03 1.787840980072230801e+00
1.772511474609375000e+03 2.073735529419165687e+03 1.795713696252635216e+00
1.772532287597656250e+03 2.069860048182743412e+03 1.789602073361112655e+00
1.772553161621093750e+03 2.067985624307381386e+03 1.792173055309562502e+00
1.772573974609375000e+03 2.072234785716115766e+03 1.791895260385294897e+00
1.772594787597656250e+03 2.072355159144099616e+03 1.794434191645308596e+00
1.772615661621093750e+03 2.074268991081937202e+03 1.794644571993509352e+00
1.772636474609375000e+03 2.073161251461975098e+03 1.796332368601397667e+00
1.772657287597656250e+03 2.074045764404039346e+03 1.797023667529386470e+00
1.772678161621093750e+03 2.073048500193438031e+03 1.796909365118055879e+00
1.772698974609375000e+03 2.072913613424866071e+03 1.798266195694450786e+00
1.772719787597656250e+03 2.073510756227235561e+03 1.799427508336350900e+00
1.772740661621093750e+03 2.074110020536581487e+03 1.802091109712907535e+00
1.772761474609375000e+03 2.073202353719150778e+03 1.802600000070427866e+00
1.772782287597656250e+03 2.073310566935510906e+03 1.804862009834058201e+00
1.772803161621093750e+03 2.074351384982876880e+03 1.814562183465635359e+00
1.772823974609375000e+03 2.075451433207703758e+03 1.821514731327438685e+00
1.772844787597656250e+03 2.073680137629834917e+03 1.815982367165283051e+00
1.772865661621093750e+03 2.071958416818032674e+03 1.810817463725257204e+00
1.772886474609375000e+03 2.071375979465363343e+03 1.810061228122239907e+00
1.772907287597656250e+03 2.072781911849933294e+03 1.809127695843204764e+00
1.772928161621093750e+03 2.075275593619056963e+03 1.817799417423402897e+00
1.772948974609375000e+03 2.076317712890780967e+03 1.812156907856327548e+00
1.772969787597656250e+03 2.073649604246526451e+03 1.822037432121726308e+00
1.772990661621093750e+03 2.072434872444413486e+03 1.811816579949999673e+00
1.773011474609375000e+03 2.070873243049189114e+03 1.816905488347940301e+00
1.773032287597656250e+03 2.071469972548299211e+03 1.814059605953461052e+00
1.773053161621093750e+03 2.072017780708238661e+03 1.814484266459414519e+00
1.773073974609375000e+03 2.070862765758496607e+03 1.815397642939349465e+00
1.773094787597656250e+03 2.072394908340342226e+03 1.818248249595971311e+00
1.773115661621093750e+03 2.073907940925578714e+03 1.819340458617067613e+00
1.773136474609375000e+03 2.070773000822551239e+03 1.818129642778319344e+00
1.773157287597656250e+03 2.074081754952507708e+03 1.815414453271207096e+00
1.773178161621093750e+03 2.075203650054757873e+03 1.820115827815144360e+00
1.773198974609375000e+03 2.074027565139246235e+03 1.812449224352763455e+00
1.773219787597656250e+03 2.074061902934299724e+03 1.812792392692192944e+00
1.773240661621093750e+03 2.074965323964558593e+03 1.813342786383298488e+00
1.773261474609375000e+03 2.076742201902527995e+03 1.810853210014777837e+00
1.773282287597656250e+03 2.074892220675212684e+03 1.813333648489943384e+00
1.773303161621093750e+03 2.074934205406497767e+03 1.811799538847972624e+00
1.773323974609375000e+03 2.074592109489462018e+03 1.813243516153829171e+00
1.773344787597656250e+03 2.073158585267381113e+03 1.812157368337932173e+00
1.773365661621093750e+03 2.073575848665856029e+03 1.813844708126460370e+00
1.773386474609375000e+03 2.073051608732134355e+03 1.819470779901341206e+00
1.773407287597656250e+03 2.070787002850198405e+03 1.815794088923730731e+00
1.773428161621093750e+03 2.072677164234790325e+03 1.816507119280059923e+00
1.773448974609375000e+03 2.073789320944922565e+03 1.816797161081767698e+00
1.773469787597656250e+03 2.076172377170060372e+03 1.818780213200105855e+00
1.773490661621093750e+03 2.074867565851747713e+03 1.821164500704452793e+00
1.773511474609375000e+03 2.074498375603332079e+03 1.830591087144400886e+00
1.773532287597656250e+03 2.074864236601197717e+03 1.827441226207206615e+00
1.773553161621093750e+03 2.074577980844052490e+03 1.831526501712997579e+00
1.773573974609375000e+03 2.074541085099148859e+03 1.846209033880900297e+00
1.773594787597656250e+03 2.074280710260505657e+03 1.833559614724400211e+00
1.773615661621093750e+03 2.074734517191915529e+03 1.835083848248504124e+00
1.773636474609375000e+03 2.075120594536229419e+03 1.837139953319862462e+00
1.773657287597656250e+03 2.077161783303492484e+03 1.839722518004430762e+00
1.773678161621093750e+03 2.073173324306691939e+03 1.846879469193216439e+00
1.773698974609375000e+03 2.072168479789761022e+03 1.843019114311892803e+00
1.773719787597656250e+03 2.073150341113781906e+03 1.851456071716257368e+00
1.773740661621093750e+03 2.076211526273537402e+03 1.861246593567015495e+00
1.773761474609375000e+03 2.075614351163413176e+03 1.853999984049874206e+00
1.773782287597656250e+03 2.075126092828630135e+03 1.855885476948724522e+00
1.773803161621093750e+03 2.074277133069128922e+03 1.858382849896037969e+00
1.773823974609375000e+03 2.071642692707252081e+03 1.858900442390896135e+00
1.773844787597656250e+03 2.073518370813760157e+03 1.862034666572516484e+00
1.773865661621093750e+03 2.073337822094685635e+03 1.861791627060223053e+00
1.773886474609375000e+03 2.073724089504438780e+03 1.861992732356523073e+00
1.773907287597656250e+03 2.074353100778236239e+03 1.859660279003130690e+00
1.773928161621093750e+03 2.072345888130267667e+03 1.858531728626071855e+00
1.773948974609375000e+03 2.075109359720913289e+03 1.859773993758738531e+00
1.773969787597656250e+03 2.072595281318901016e+03 1.859643548116911793e+00
1.773990661621093750e+03 2.075868167141780305e+03 1.869197131093046194e+00
1.774011474609375000e+03 2.074290531734006890e+03 1.866113776966939142e+00
1.774032287597656250e+03 2.074830704405354936e+03 1.871941806320704060e+00
1.774053161621093750e+03 2.073877538318043662e+03 1.882318265635852139e+00
1.774073974609375000e+03 2.075513548309030284e+03 1.875521905106529053e+00
1.774094787597656250e+03 2.075398487801833198e+03 1.879390598609161689e+00
1.774115661621093750e+03 2.074485870585877819e+03 1.881291388376379548e+00
1.774136474609375000e+03 2.075273963199562786e+03 1.882693654975040376e+00
1.774157287597656250e+03 2.073251814837203710e+03 1.882040158223391213e+00
1.774178161621093750e+03 2.076517678994587186e+03 1.878256766827144375e+00
1.774198974609375000e+03 2.075682012854042114e+03 1.876066667417360945e+00
1.774219787597656250e+03 2.076323552003178520e+03 1.872531537553068670e+00
1.774240661621093750e+03 2.071963436503582670e+03 1.870926628533593483e+00
1.774261474609375000e+03 2.072782583009499376e+03 1.871868379355107415e+00
1.774282287597656250e+03 2.073884198294480939e+03 1.873333699179960954e+00
1.774303161621093750e+03 2.072634893672256112e+03 1.869252232455218543e+00
1.774323974609375000e+03 2.074419987462331392e+03 1.874568953240256297e+00
1.774344787597656250e+03 2.073606854842445046e+03 1.872075661426239490e+00
1.774365661621093750e+03 2.075394374393631097e+03 1.875508684456025366e+00
1.774386474609375000e+03 2.075444332051944457e+03 1.877368448375169141e+00
1.774407287597656250e+03 2.071957956362381083e+03 1.878797627122634095e+00
1.774428161621093750e+03 2.075272372963944690e+03 1.880955456966301620e+00
1.774448974609375000e+03 2.076964267476685563e+03 1.887564396549160195e+00
1.774469787597656250e+03 2.075462468620909476e+03 1.888499112990264184e+00
1.774490661621093750e+03 2.073957696351707000e+03 1.890168189986803249e+00
1.774511474609375000e+03 2.075023236538376750e+03 1.893301842163459980e+00
1.774532287597656250e+03 2.074034826219885872e+03 1.902143463933584133e+00
1.774553100585937500e+03 2.074000443569927938e+03 1.914465538720975690e+00
1.774573913574218750e+03 2.076543455097926653e+03 1.913985519418180070e+00
1.774594787597656250e+03 2.076393294049353699e+03 1.919142975467024392e+00
1.774615600585937500e+03 2.071730179379087076e+03 1.921918480854208910e+00
1.774636413574218750e+03 2.070806950040149331e+03 1.923740009284397257e+00
1.774657287597656250e+03 2.072947268632815849e+03 1.928477290040804482e+00
1.774678100585937500e+03 2.072951378993499020e+03 1.938916457683700356e+00
1.774698913574218750e+03 2.072892991999453443e+03 1.938448458451027978e+00
1.774719787597656250e+03 2.071424463856390048e+03 1.942467075397808829e+00
1.774740600585937500e+03 2.075286671761362868e+03 1.951401583387806227e+00
1.774761413574218750e+03 2.072242117882031835e+03 1.956429577467422076e+00
1.774782287597656250e+03 2.074319086155720015e+03 1.964675805136081310e+00
1.774803100585937500e+03 2.074688259376519909e+03 1.968706705737536256e+00
1.774823913574218750e+03 2.072852522805942954e+03 1.975172979288386754e+00
1.774844787597656250e+03 2.072333587412462748e+03 1.979110944532373129e+00
1.774865600585937500e+03 2.068640651169739613e+03 1.979817962562839817e+00
1.774886413574218750e+03 2.070034161263865826e+03 1.983806859182873028e+00
1.774907287597656250e+03 2.069895278482495996e+03 1.990280016075355096e+00
1.774928100585937500e+03 2.070403855547558578e+03 1.988122959993353644e+00
1.774948913574218750e+03 2.074103480786148339e+03 1.987195631029483156e+00
1.774969787597656250e+03 2.069164554319906983e+03 1.988216256688848382e+00
1.774990600585937500e+03 2.070490416985202955e+03 1.992336851019346877e+00
1.775011413574218750e+03 2.069863961271504650e+03 1.997741079189034874e+00
1.775032287597656250e+03 2.072989514889688053e+03 2.004812054470138882e+00
1.775053100585937500e+03 2.070472366453886480e+03 2.014053560152773592e+00
1.775073913574218750e+03 2.071669635313925482e+03 2.035151915444940229e+00
1.775094787597656250e+03 2.069649693624317933e+03 2.045592743607332675e+00
1.775115600585937500e+03 2.071781280363610222e+03 2.051462870355509338e+00
1.775136413574218750e+03 2.068614891802548755e+03 2.049005695281111983e+00
1.775157287597656250e+03 2.067936257919063792e+03 2.049494225052056251e+00
1.775178100585937500e+03 2.069122109708341213e+03 2.050297213152757259e+00
1.775198913574218750e+03 2.070158468636566340e+03 2.049369864031285626e+00
1.775219787597656250e+03 2.066696229648212011e+03 2.042662851105123689e+00
1.775240600585937500e+03 2.067526332009478210e+03 2.038279298932745398e+00
1.775261413574218750e+03 2.069602847015702082e+03 2.037138517176797947e+00
1.775282287597656250e+03 2.071686165677595000e+03 2.033369982759135830e+00
1.775303100585937500e+03 2.067715479918292203e+03 2.031722967396775381e+00
1.775323913574218750e+03 2.066716074714651313e+03 2.032103725902279834e+00
1.775344787597656250e+03 2.069528957286364857e+03 2.034052163099430821e+00
1.777969787597656250e+03 2.064864326433146744e+03 1.749779959877670432e+00
1.777990600585937500e+03 2.065941292434823026e+03 1.750214904123795101e+00
1.778011413574218750e+03 2.071205922425408517e+03 1.748399479429629588e+00
1.778032287597656250e+03 2.066880130094068136e+03 1.747409674584440076e+00
1.778053100585937500e+03 2.069903993405825986e+03 1.750505783014842942e+00
1.778073913574218750e+03 2.070241043713056115e+03 1.750063281958679662e+00
1.778094787597656250e+03 2.068577973139282221e+03 1.748312204352686416e+00
1.778115600585937500e+03 2.072053089215625278e+03 1.749237439361133628e+00
1.778136413574218750e+03 2.070806258935240294e+03 1.751887461644848987e+00
1.778157287597656250e+03 2.071243222593381688e+03 1.752683489413447981e+00
1.778178100585937500e+03 2.073329218716678952e+03 1.766052734417120185e+00
1.778198913574218750e+03 2.071458708173538525e+03 1.750098498160997940e+00
1.778219787597656250e+03 2.072157050963013717e+03 1.749610925747421941e+00
1.778240600585937500e+03 2.069906674299118094e+03 1.751460419673984692e+00
1.778261413574218750e+03 2.070265348114774952e+03 1.764016287834417218e+00
1.778282287597656250e+03 2.072124626771413659e+03 1.754963375698400219e+00
1.778303100585937500e+03 2.072216717385448192e+03 1.766248812232998455e+00
1.778323913574218750e+03 2.072672115787196162e+03 1.751159692433017279e+00
1.778344787597656250e+03 2.066938745335325166e+03 1.748784801363187036e+00
1.778365600585937500e+03 2.070647994042372375e+03 1.748631214527570421e+00
1.778386413574218750e+03 2.072251209240658682e+03 1.749466882972790183e+00
1.778407287597656250e+03 2.073675110365645651e+03 1.750989770280986457e+00
1.778428100585937500e+03 2.075014910781515027e+03 1.751428702124842030e+00
1.778448913574218750e+03 2.069753848420848499e+03 1.750935100313442128e+00
1.778469787597656250e+03 2.069475523725220683e+03 1.751394397519542734e+00
1.778490600585937500e+03 2.072366011162444465e+03 1.749986307908036443e+00
1.778511413574218750e+03 2.073768933160944016e+03 1.753351544381101412e+00
1.778532287597656250e+03 2.071601919472683676e+03 1.749602817694301038e+00
1.778553100585937500e+03 2.071417115992533127e+03 1.749674221778081851e+00
1.778573913574218750e+03 2.072935478225059796e+03 1.753301231515867808e+00
1.778594787597656250e+03 2.074154620623602113e+03 1.749713329268294926e+00
1.778615600585937500e+03 2.074465762622493003e+03 1.753697984050473613e+00
1.778636413574218750e+03 2.073664374411705012e+03 1.761652367941945574e+00
1.778657226562500000e+03 2.072780238611489494e+03 1.751185084030841166e+00
1.778678039550781250e+03 2.074854277130250921e+03 1.750270754441131782e+00
1.778698913574218750e+03 2.074447199043871024e+03 1.751212381289695141e+00
1.778719726562500000e+03 2.076328165795793666e+03 1.749764903489471779e+00
1.778740539550781250e+03 2.072382525160436671e+03 1.749033184013707665e+00
1.778761413574218750e+03 2.075534335447890498e+03 1.750235337373461819e+00
1.778782226562500000e+03 2.073030520136042014e+03 1.750114096600560165e+00
1.778803039550781250e+03 2.073278426239188320e+03 1.756485230246672691e+00
1.778823913574218750e+03 2.071930694122771001e+03 1.766557362911866935e+00
1.778844726562500000e+03 2.074652650470236949e+03 1.749991416910103847e+00
1.778865539550781250e+03 2.073286080244887671e+03 1.749304292537120054e+00
1.778886413574218750e+03 2.072335288111502450e+03 1.758221998200296676e+00
1.778907226562500000e+03 2.073048788686025091e+03 1.749510424116008656e+00
1.778928039550781250e+03 2.073342377351627874e+03 1.749890596512239993e+00
1.778948913574218750e+03 2.074049762895692766e+03 1.759531359051354826e+00
1.778969726562500000e+03 2.071744757143828792e+03 1.749802101389671405e+00
1.778990539550781250e+03 2.075847359641701132e+03 1.752490315322128067e+00
1.779011413574218750e+03 2.074154003775746787e+03 1.750324968410407411e+00
1.779032226562500000e+03 2.072962234521527080e+03 1.749702905231781846e+00
1.779053039550781250e+03 2.072743397986724176e+03 1.749574882097478579e+00
1.779073913574218750e+03 2.073129993137129077e+03 1.750166885048051402e+00
1.779094726562500000e+03 2.074223350809490967e+03 1.749677764652923129e+00
1.779115539550781250e+03 2.076196990197965988e+03 1.751292024226648758e+00
1.779136413574218750e+03 2.074243088111270026e+03 1.753166535509350421e+00
1.779157226562500000e+03 2.071918644141812365e+03 1.751119119571525662e+00
1.779178039550781250e+03 2.073146584047707165e+03 1.752893304048774192e+00
1.779198913574218750e+03 2.074399250516054053e+03 1.750629448086618023e+00
1.779219726562500000e+03 2.072667002801478247e+03 1.749892844597940922e+00
1.779240539550781250e+03 2.073597820559395132e+03 1.749490118678583395e+00
1.779261413574218750e+03 2.075821027457360742e+03 1.750115663248379194e+00
1.779282226562500000e+03 2.074317042671871150e+03 1.750695975736460852e+00
1.779303039550781250e+03 2.076989079548372956e+03 1.751941829717281074e+00
1.779323913574218750e+03 2.073595864188388532e+03 1.754592183650238946e+00
1.779344726562500000e+03 2.077648886310320449e+03 1.752091792475917842e+00
1.779365539550781250e+03 2.075890888242897290e+03 1.750051497655369159e+00
1.779386413574218750e+03 2.071652146666969202e+03 1.751777767731660829e+00
1.779407226562500000e+03 2.076065179575220554e+03 1.751409984417542365e+00
1.779428039550781250e+03 2.072098970042165547e+03 1.753658625532744653e+00
1.779448913574218750e+03 2.074649318091556779e+03 1.752760072965654947e+00
1.779469726562500000e+03 2.070823208862170759e+03 1.760388127684393123e+00
1.779490539550781250e+03 2.072474543173698294e+03 1.752220244015808115e+00
1.779511413574218750e+03 2.075246583803421345e+03 1.756170769258425413e+00
1.779532226562500000e+03 2.075243383994086798e+03 1.753984955039142424e+00
1.779553039550781250e+03 2.071884728527066272e+03 1.752180444095311707e+00
1.779573913574218750e+03 2.074403883961439988e+03 1.749058265701356696e+00
1.779594726562500000e+03 2.073089840628246748e+03 1.749483713558822595e+00
1.779615539550781250e+03 2.073616000383649862e+03 1.751105640459847512e+00
1.779636413574218750e+03 2.075173834258722309e+03 1.752955461487920141e+00
1.779657226562500000e+03 2.073727289996205400e+03 1.757948874375709236e+00
1.779678039550781250e+03 2.073415936328621228e+03 1.759697340170719881e+00
1.779698913574218750e+03 2.073944994443028008e+03 1.749773351433644653e+00
1.779719726562500000e+03 2.074085710717270103e+03 1.749039863411317342e+00
1.779740539550781250e+03 2.074390479427197988e+03 1.754300215553801445e+00
1.779761413574218750e+03 2.075690265476507648e+03 1.756458286410128133e+00
1.779782226562500000e+03 2.075176282817184529e+03 1.750509051807560557e+00
1.779803039550781250e+03 2.074301518961186503e+03 1.749195118140075556e+00
1.779823913574218750e+03 2.076071381081473191e+03 1.750305762146027622e+00
1.779844726562500000e+03 2.073522132854150186e+03 1.753830464176444837e+00
1.779865539550781250e+03 2.075522419823070322e+03 1.751296040313013558e+00
1.779886413574218750e+03 2.074780182352593783e+03 1.749750051359701075e+00
1.779907226562500000e+03 2.075369310166739979e+03 1.751924138164255185e+00
1.779928039550781250e+03 2.074009251569957087e+03 1.750698903712097465e+00
1.779948913574218750e+03 2.074719903003528543e+03 1.750515248876999497e+00
1.779969726562500000e+03 2.071637288883904148e+03 1.748619216053124648e+00
1.779990539550781250e+03 2.074282050186253400e+03 1.750638232332643041e+00
1.780011413574218750e+03 2.072521895987877542e+03 1.750371484836981573e+00
1.780032226562500000e+03 2.073977236123202147e+03 1.753189790177866358e+00
1.780053039550781250e+03 2.073689312066900129e+03 1.751310811263296241e+00
1.780073913574218750e+03 2.074495205782783614e+03 1.750512933490985024e+00
1.780094726562500000e+03 2.075493351910508864e+03 1.757918969214860905e+00
1.780115539550781250e+03 2.074843092174854064e+03 1.750147200251864099e+00
1.780136413574218750e+03 2.071476511273695905e+03 1.753872401669137826e+00
1.780157226562500000e+03 2.073037055404038711e+03 1.749891890864965882e+00
1.780178039550781250e+03 2.075911073652572668e+03 1.752588265409693369e+00
1.780198913574218750e+03 2.073970759371067743e+03 1.749937396973333392e+00
1.780219726562500000e+03 2.074834802972940452e+03 1.755165446707390053e+00
1.780240539550781250e+03 2.075443147105514527e+03 1.751541480585681265e+00
1.780261413574218750e+03 2.074666602677264109e+03 1.750401518944668888e+00
1.780282226562500000e+03 2.072779754207438145e+03 1.750354322258349526e+00
1.780303039550781250e+03 2.074031610630759587e+03 1.754516155678396361e+00
1.780323913574218750e+03 2.074796265888179278e+03 1.750457499511435033e+00
1.780344726562500000e+03 2.072105395604991827e+03 1.760084997530546591e+00
1.780365539550781250e+03 2.075569161670205631e+03 1.752175817721117079e+00
1.780386413574218750e+03 2.076385077008240842e+03 1.757356033397585726e+00
1.780407226562500000e+03 2.073468945902286578e+03 1.760953275919586725e+00
1.780428039550781250e+03 2.074364619501488050e+03 1.751463618622375984e+00
1.780448913574218750e+03 2.075643326627403439e+03 1.752771975082301203e+00
1.780469726562500000e+03 2.074007162503408381e+03 1.751630772562545957e+00
1.780490539550781250e+03 2.072619405237448063e+03 1.753639591735783876e+00
1.780511413574218750e+03 2.074134445666669762e+03 1.753736729914950221e+00
1.780532226562500000e+03 2.073574505472956844e+03 1.749985694826786009e+00
1.780553039550781250e+03 2.075745712840765918e+03 1.757104620921801086e+00
1.780573913574218750e+03 2.072742406652515911e+03 1.751492953387304041e+00
1.780594726562500000e+03 2.076013746178122346e+03 1.753862614078217641e+00
1.780615539550781250e+03 2.073818258851482369e+03 1.752069135586445281e+00
1.780636413574218750e+03 2.073459163797293058e+03 1.761118919958270634e+00
1.780657226562500000e+03 2.076436047638675973e+03 1.752729195097650017e+00
1.780678039550781250e+03 2.073508649995461838e+03 1.764840145706880081e+00
1.780698913574218750e+03 2.074521483466061454e+03 1.755835544649363200e+00
1.780719726562500000e+03 2.073968074035959035e+03 1.749942914849142328e+00
1.780740539550781250e+03 2.073610713722370747e+03 1.752853859454104546e+00
1.780761413574218750e+03 2.076833326374074204e+03 1.750682697645953745e+00
1.780782226562500000e+03 2.077119873919905785e+03 1.751582383954097821e+00
1.780803039550781250e+03 2.074500555978032480e+03 1.756769981651729262e+00
1.780823913574218750e+03 2.073595976039413472e+03 1.750469349182838030e+00
1.780844726562500000e+03 2.075219427550843648e+03 1.750933874815157054e+00
1.780865539550781250e+03 2.075409869308640282e+03 1.754638654890122718e+00
1.780886413574218750e+03 2.074337734935001208e+03 1.752981915134208535e+00
1.780907226562500000e+03 2.073558914303170241e+03 1.750314479909170995e+00
1.780928039550781250e+03 2.072857942514130173e+03 1.766181250528041646e+00
1.780948913574218750e+03 2.074734818049937076e+03 1.750806826839162333e+00
1.780969726562500000e+03 2.073305149445098323e+03 1.751490503170523461e+00
1.780990539550781250e+03 2.071748794115641886e+03 1.750249027517283062e+00
1.781011413574218750e+03 2.075177690280776005e+03 1.751030414219120868e+00
1.781032226562500000e+03 2.074027621532391549e+03 1.749797196217325768e+00
1.781053039550781250e+03 2.074156370101808079e+03 1.753753519523716164e+00
1.781073913574218750e+03 2.073384769220730959e+03 1.758966906090387861e+00
1.781094726562500000e+03 2.073656826931453452e+03 1.755820064932079205e+00
1.781115539550781250e+03 2.073380593854441486e+03 1.753269343290260185e+00
1.781136413574218750e+03 2.075424252835310199e+03 1.750516747066318102e+00
1.781157226562500000e+03 2.074348809969573267e+03 1.750297657311656652e+00
1.781178039550781250e+03 2.074864421919472989e+03 1.753058757652458777e+00
1.781198913574218750e+03 2.074322744551070627e+03 1.750638572806407778e+00
1.781219726562500000e+03 2.070636551467771369e+03 1.749102703025700478e+00
1.781240539550781250e+03 2.076291684432171223e+03 1.752684237581564552e+00
1.781261413574218750e+03 2.074106991969898445e+03 1.749863755508352936e+00
1.781282226562500000e+03 2.073154206484053702e+03 1.751166227571127276e+00
1.781303039550781250e+03 2.075152429781424871e+03 1.750716675738220651e+00
1.781323913574218750e+03 2.075383932408123655e+03 1.750427874981975940e+00
1.781344726562500000e+03 2.074499923150333416e+03 1.749939713120853613e+00
1.781365539550781250e+03 2.072978557005921630e+03 1.753611652466770199e+00
1.781386413574218750e+03 2.071230611616471833e+03 1.759144054046445360e+00
1.781407226562500000e+03 2.073849370331578939e+03 1.752449297096681624e+00
1.781428039550781250e+03 2.074931228101095257e+03 1.750006471349467407e+00
1.781448913574218750e+03 2.073460738207487339e+03 1.752015451876986818e+00
1.781469726562500000e+03 2.072543960303003587e+03 1.753108533486128717e+00
1.781490539550781250e+03 2.073462034498779303e+03 1.751190393755423180e+00
1.781511413574218750e+03 2.073461339571327699e+03 1.751663915605983002e+00
1.781532226562500000e+03 2.074751316110485732e+03 1.751614234834068640e+00
1.781553039550781250e+03 2.074405747598227663e+03 1.752770682856404916e+00
1.781573913574218750e+03 2.073087135170094825e+03 1.754356887120486874e+00
1.781594726562500000e+03 2.072854981215894441e+03 1.749818656244821247e+00
1.781615539550781250e+03 2.075127713606944781e+03 1.751950131076733808e+00
1.781636352539062500e+03 2.074875374208464109e+03 1.753598668372734481e+00
1.781657165527343750e+03 2.074552336356844989e+03 1.750185956611738813e+00
1.781678039550781250e+03 2.073556106556157829e+03 1.749542721540994661e+00
1.781698852539062500e+03 2.073249732237287844e+03 1.751014960102548645e+00
1.781719665527343750e+03 2.074466194020134935e+03 1.764719367910730474e+00
1.781740539550781250e+03 2.073797461386490340e+03 1.750875935000651085e+00
1.781761352539062500e+03 2.071505695795804058e+03 1.750834606605343957e+00
1.781803039550781250e+03 2.069526393086212920e+03 1.761011358030604157e+00
1.781823852539062500e+03 2.068367801262610101e+03 1.750718105663515045e+00
1.781844665527343750e+03 2.072310562348387066e+03 1.749948296464344688e+00
1.781865539550781250e+03 2.069858324602700577e+03 1.749207044513718001e+00
1.781886352539062500e+03 2.074012496805031333e+03 1.750077995197091507e+00
1.781907165527343750e+03 2.070847160619487568e+03 1.749188303032913394e+00
1.781928039550781250e+03 2.072113473631501620e+03 1.752842161920902697e+00
1.781948852539062500e+03 2.072175259920748886e+03 1.749410734421551039e+00
1.781969665527343750e+03 2.072955580041135818e+03 1.750875730744094527e+00
1.781990539550781250e+03 2.070043683995393167e+03 1.749507426012560707e+00
1.782011352539062500e+03 2.073164123531572386e+03 1.752738580938860924e+00
1.782032165527343750e+03 2.074887597887833635e+03 1.751046072436010848e+00
1.782053039550781250e+03 2.072962726549033050e+03 1.751013870820463891e+00
1.782073852539062500e+03 2.072883902593877337e+03 1.749626051594828979e+00
1.782094665527343750e+03 2.074426061621365534e+03 1.752600100674572392e+00
1.782115539550781250e+03 2.069509989570794005e+03 1.758960264389289652e+00
1.782136352539062500e+03 2.072726796252488839e+03 1.752389094479918308e+00
1.782157165527343750e+03 2.073429271751341730e+03 1.758439558294734528e+00
1.782178039550781250e+03 2.071560181521414961e+03 1.750930538732146102e+00
1.782198852539062500e+03 2.072351517861958655e+03 1.751669972480439652e+00
1.782219665527343750e+03 2.073420911241290014e+03 1.749679536087653364e+00
1.782240539550781250e+03 2.072869675314505002e+03 1.751107206220570589e+00
1.782261352539062500e+03 2.073069216898969444e+03 1.749488687749607196e+00
1.782282165527343750e+03 2.073013429782764433e+03 1.752139826834125724e+00
1.782303039550781250e+03 2.074656696118890522e+03 1.750876071171675541e+00
1.782323852539062500e+03 2.072072544948177892e+03 1.751290186353545941e+00
1.782344665527343750e+03 2.071293360330348150e+03 1.749362352549690636e+00
1.782365539550781250e+03 2.072098571109747354e+03 1.748879687154319740e+00
1.782386352539062500e+03 2.069767895647450132e+03 1.751296176451372810e+00
1.782407165527343750e+03 2.070430693339992558e+03 1.755064380149585546e+00
1.782428039550781250e+03 2.072496347576369772e+03 1.754642391559166015e+00
1.782448852539062500e+03 2.071065817317372421e+03 1.754333987679064455e+00
1.782469665527343750e+03 2.070585147577928183e+03 1.752004837412666216e+00
1.782490539550781250e+03 2.071395985949814076e+03 1.751473419619372640e+00
1.782511352539062500e+03 2.073024265036906399e+03 1.752984295262757453e+00
1.782532165527343750e+03 2.071063965434641432e+03 1.751415974105642537e+00
1.782553039550781250e+03 2.072417651230643514e+03 1.751095088557595325e+00
1.782573852539062500e+03 2.072077748989965130e+03 1.750098838739765572e+00
1.782594665527343750e+03 2.074168548818863201e+03 1.750404583620559285e+00
1.782615539550781250e+03 2.071784823770826733e+03 1.750552158440523698e+00
1.782636352539062500e+03 2.075017762988878530e+03 1.753060253668059953e+00
1.782657165527343750e+03 2.071601942342774691e+03 1.758841048366736270e+00
1.782678039550781250e+03 2.071283429105579671e+03 1.750703942542426006e+00
1.782698852539062500e+03 2.074356918328157462e+03 1.750763862656298686e+00
1.782719665527343750e+03 2.073424569261137094e+03 1.757759669887533294e+00
1.782740539550781250e+03 2.073249200324320555e+03 1.751438979762684589e+00
1.782761352539062500e+03 2.070872490941261276e+03 1.755719647136068096e+00
1.782782165527343750e+03 2.074022745050823687e+03 1.752856035730738782e+00
1.782803039550781250e+03 2.071720828269806589e+03 1.753890617317929834e+00
1.782823852539062500e+03 2.072127173906674670e+03 1.751861603896944342e+00
1.782844665527343750e+03 2.074069266652464648e+03 1.752133975693787482e+00
1.782865539550781250e+03 2.074910009889942557e+03 1.753822239688302309e+00
1.782886352539062500e+03 2.075298153588862533e+03 1.758482673895904513e+00
1.782907165527343750e+03 2.074599255737692602e+03 1.758759239405673913e+00
1.782928039550781250e+03 2.074406027845669541e+03 1.755145410453138766e+00
1.782948852539062500e+03 2.074612953575703159e+03 1.753345969242838143e+00
1.782969665527343750e+03 2.071985164840104972e+03 1.753352020306717440e+00
1.782990539550781250e+03 2.076013216773597378e+03 1.757622466941523687e+00
1.783011352539062500e+03 2.073959059368521594e+03 1.763223550957000452e+00
1.783032165527343750e+03 2.072278210563481480e+03 1.753359567109931794e+00
1.783053039550781250e+03 2.074688200880016666e+03 1.759803153430650857e+00
1.783073852539062500e+03 2.076188817911522165e+03 1.770757523952227297e+00
1.783094665527343750e+03 2.075214056994711882e+03 1.758703455305704377e+00
1.783115539550781250e+03 2.073014017840995621e+03 1.755359548814607873e+00
1.783136352539062500e+03 2.074509702431050300e+03 1.767922383710560208e+00
1.783157165527343750e+03 2.075362334652317713e+03 1.758161518627593400e+00
1.783178039550781250e+03 2.075537172568949700e+03 1.759047417778487388e+00
1.783198852539062500e+03 2.077898071217151028e+03 1.755137531727796185e+00
1.783219665527343750e+03 2.074469938037082102e+03 1.755322468685009074e+00
1.783240539550781250e+03 2.076226905617580087e+03 1.758357052695787015e+00
1.783261352539062500e+03 2.077476294121336650e+03 1.756182648259876355e+00
1.783282165527343750e+03 2.073485355116808478e+03 1.754574043226986069e+00
1.783303039550781250e+03 2.073580940316939177e+03 1.755674223001004508e+00
1.783323852539062500e+03 2.073821241952239234e+03 1.754249318305800998e+00
1.783344665527343750e+03 2.075574759941641787e+03 1.755625266825084241e+00
1.783365539550781250e+03 2.074144640180433726e+03 1.756730216950019852e+00
1.783386352539062500e+03 2.075128750351302187e+03 1.756198056902047888e+00
1.783407165527343750e+03 2.076932651307056858e+03 1.759071814532209732e+00
1.783428039550781250e+03 2.073859213836132767e+03 1.757870211183711229e+00
1.783448852539062500e+03 2.075601242026336877e+03 1.757408400816942384e+00
1.783469665527343750e+03 2.075664175392539164e+03 1.759138971626042380e+00
1.783490539550781250e+03 2.074219373256571544e+03 1.762737850616400426e+00
1.783511352539062500e+03 2.074142136928430773e+03 1.760006768473701744e+00
1.783532165527343750e+03 2.072320390143365785e+03 1.757502346227173273e+00
1.783553039550781250e+03 2.078807155007532401e+03 1.758913297358662309e+00
1.783573852539062500e+03 2.074458258911907706e+03 1.758407695457342879e+00
1.783594665527343750e+03 2.077214162746240618e+03 1.759167094168105905e+00
1.783615539550781250e+03 2.074632216128510208e+03 1.757395241275455655e+00
1.783636352539062500e+03 2.076570612398018056e+03 1.769844280117221835e+00
1.783657165527343750e+03 2.076732964955328953e+03 1.759168381695413563e+00
1.783678039550781250e+03 2.076443928143236917e+03 1.761908747203350334e+00
1.783698852539062500e+03 2.074635197940729995e+03 1.758384103027002432e+00
1.783719665527343750e+03 2.077042131887714731e+03 1.760489972034811723e+00
1.783740539550781250e+03 2.075624242559675167e+03 1.761156893368067022e+00
1.783761352539062500e+03 2.075310280052919097e+03 1.759695511076353913e+00
1.783782165527343750e+03 2.074616295706773599e+03 1.760293388188457708e+00
1.783803039550781250e+03 2.073714042950468865e+03 1.771064548731272170e+00
1.783823852539062500e+03 2.075183676162198026e+03 1.763098132318556166e+00
1.783844665527343750e+03 2.076604743109344781e+03 1.760811311927416023e+00
1.783865539550781250e+03 2.074125259655717855e+03 1.760002839996474000e+00
1.783886352539062500e+03 2.075711211135276244e+03 1.760282485031525956e+00
1.783907165527343750e+03 2.074960946478446658e+03 1.770901450548714839e+00
1.783928039550781250e+03 2.077012586979117259e+03 1.762869380904915406e+00
1.783948852539062500e+03 2.072730132558379864e+03 1.760485976921987605e+00
1.783969665527343750e+03 2.076675848092791966e+03 1.760066168690005428e+00
1.783990539550781250e+03 2.074429154603660663e+03 1.764187793319882624e+00
1.784011352539062500e+03 2.074056728427072812e+03 1.775463610534829817e+00
1.784032165527343750e+03 2.074932480871555072e+03 1.760860056219261560e+00
1.784053039550781250e+03 2.077125880335606780e+03 1.766808172472792871e+00
1.784073852539062500e+03 2.075804478339950947e+03 1.764465086066457022e+00
1.784094665527343750e+03 2.076148410554100792e+03 1.765092752629311867e+00
1.784115539550781250e+03 2.074934579119086266e+03 1.762504791361471312e+00
1.784136352539062500e+03 2.074263678582274679e+03 1.769713739749270376e+00
1.784157165527343750e+03 2.075451319999493535e+03 1.766510395420042512e+00
1.784178039550781250e+03 2.076992183517574631e+03 1.763326854056922022e+00
1.784198852539062500e+03 2.074577591609495357e+03 1.762769229427502360e+00
1.784219665527343750e+03 2.075519293802952234e+03 1.762671439307691879e+00
1.784240539550781250e+03 2.075149076640794647e+03 1.764497380000412452e+00
1.784261352539062500e+03 2.072703280183706738e+03 1.761187285043779083e+00
1.784282165527343750e+03 2.074697613321798144e+03 1.764817382291302250e+00
1.784303039550781250e+03 2.076022745512947040e+03 1.762514328052908974e+00
1.784323852539062500e+03 2.074100478037437824e+03 1.765308250439688642e+00
1.784344665527343750e+03 2.074167203118784983e+03 1.763317794995752141e+00
1.784365539550781250e+03 2.074677251221499773e+03 1.765900581931183488e+00
1.784386352539062500e+03 2.073593745530822162e+03 1.765835167183433141e+00
1.784407165527343750e+03 2.074899098022683120e+03 1.776988033707342263e+00
1.784428039550781250e+03 2.077293311436518707e+03 1.764031560472769433e+00
1.784448852539062500e+03 2.076523794519657713e+03 1.770274766080470519e+00
1.784469665527343750e+03 2.075387964937846391e+03 1.767668967257321366e+00
1.784490539550781250e+03 2.075198775137243501e+03 1.766877801742464449e+00
1.784511352539062500e+03 2.073428763638274177e+03 1.765845766022237306e+00
1.784532165527343750e+03 2.074512156525409864e+03 1.769934871358982864e+00
1.784553039550781250e+03 2.072495430222323648e+03 1.765332830780991236e+00
1.784573852539062500e+03 2.073491543957698923e+03 1.769783389420338082e+00
1.784594665527343750e+03 2.074823438657743282e+03 1.767174572479966121e+00
1.784615539550781250e+03 2.075769904756191409e+03 1.769622328816379930e+00
1.784636352539062500e+03 2.076084461591171021e+03 1.773576705779473572e+00
1.784657165527343750e+03 2.074594934011632631e+03 1.769509422723409386e+00
1.784677978515625000e+03 2.076220623312726275e+03 1.772453808310386902e+00
1.784698791503906250e+03 2.073829690802577716e+03 1.768383133654698014e+00
1.784719665527343750e+03 2.073950150964128625e+03 1.767516144566810166e+00
1.784740478515625000e+03 2.074278772690064216e+03 1.767823597423239912e+00
1.784761291503906250e+03 2.076355268172749675e+03 1.768363921284124451e+00
1.784782165527343750e+03 2.074749077039185977e+03 1.770262712281882145e+00
1.784802978515625000e+03 2.074234706138698584e+03 1.772892132898270301e+00
1.784823791503906250e+03 2.074525374592808930e+03 1.773169409028024335e+00
1.784844665527343750e+03 2.074790334333165902e+03 1.780822167130222677e+00
1.784865478515625000e+03 2.076058210675244482e+03 1.771958595739372422e+00
1.784886291503906250e+03 2.074414105247880798e+03 1.772164850226460642e+00
1.784907165527343750e+03 2.072718798001213599e+03 1.771785756711272475e+00
1.784927978515625000e+03 2.074790401637270406e+03 1.772529470416636999e+00
1.784948791503906250e+03 2.076730376975796844e+03 1.771706967737274763e+00
1.784969665527343750e+03 2.076288322237270222e+03 1.773232133040424818e+00
1.784990478515625000e+03 2.072759203042417994e+03 1.771745925319459625e+00
1.785011291503906250e+03 2.074081445708789033e+03 1.771262292704868013e+00
1.785032165527343750e+03 2.075251817411082357e+03 1.771935923771932320e+00
1.785052978515625000e+03 2.075305180885509344e+03 1.774194497027101525e+00
1.785073791503906250e+03 2.075540454143884745e+03 1.775003758278749899e+00
1.785094665527343750e+03 2.073227270773543296e+03 1.783281472898900599e+00
1.785115478515625000e+03 2.075052483788309928e+03 1.775360610758567104e+00
1.785136291503906250e+03 2.074551390295836882e+03 1.778038610092793403e+00
1.785157165527343750e+03 2.076286624201614359e+03 1.776229878257264971e+00
1.785177978515625000e+03 2.073907065793742277e+03 1.776647544576623883e+00
1.785198791503906250e+03 2.073017897430355788e+03 1.774959432111472113e+00
1.785219665527343750e+03 2.077153125050769177e+03 1.777144334945362170e+00
1.785240478515625000e+03 2.074413924896100980e+03 1.775585268805389250e+00
1.785261291503906250e+03 2.077263871015679342e+03 1.775372965675547032e+00
1.785282165527343750e+03 2.071707725043811934e+03 1.774471032210115373e+00
1.785302978515625000e+03 2.077044326056561204e+03 1.775320389536533927e+00
1.785323791503906250e+03 2.073298991083658620e+03 1.783325458521108464e+00
1.785344665527343750e+03 2.073880465143560741e+03 1.776756374010080464e+00
1.785365478515625000e+03 2.071624546440698396e+03 1.778506726419267547e+00
1.785386291503906250e+03 2.074061745161944145e+03 1.796553475182599113e+00
1.785407165527343750e+03 2.074048310139138266e+03 1.775141095208476516e+00
1.785427978515625000e+03 2.074044616262133786e+03 1.779361459876834362e+00
1.785448791503906250e+03 2.076914013116331716e+03 1.778915414631606406e+00
1.785469665527343750e+03 2.072385473373298282e+03 1.778468520196095914e+00
1.785490478515625000e+03 2.073125864001936861e+03 1.780209689272800766e+00
1.785511291503906250e+03 2.075019040187466089e+03 1.793495316983466870e+00
1.785532165527343750e+03 2.073502223046978543e+03 1.777868641908813885e+00
1.785552978515625000e+03 2.075552483475325516e+03 1.780086739816217900e+00
1.785573791503906250e+03 2.072343627321926760e+03 1.779901295079027390e+00
1.785594665527343750e+03 2.074001394421676650e+03 1.783536681349582542e+00
1.785615478515625000e+03 2.071648810735636289e+03 1.780737552212116048e+00
1.785636291503906250e+03 2.072675684116270986e+03 1.779838337254157299e+00
1.785657165527343750e+03 2.071829800050271842e+03 1.783691539915817525e+00
1.785677978515625000e+03 2.073553170514606336e+03 1.805653961466980872e+00
1.785698791503906250e+03 2.074824102932471305e+03 1.783069484420094497e+00
1.785719665527343750e+03 2.075014744776236057e+03 1.783086666386401564e+00
1.785740478515625000e+03 2.071610802579496067e+03 1.795534977686138012e+00
1.785761291503906250e+03 2.072396058099508991e+03 1.784706376232581881e+00
1.785802978515625000e+03 2.068532567770331752e+03 1.789604071725298340e+00
1.785823791503906250e+03 2.068651261437435551e+03 1.804216529856057738e+00
1.785844665527343750e+03 2.070207964100190566e+03 1.791206507770392253e+00
1.785865478515625000e+03 2.072012891269267584e+03 1.790579939403410314e+00
1.785886291503906250e+03 2.070495246111762754e+03 1.787472947456149042e+00
1.785907165527343750e+03 2.071728163965722615e+03 1.787258121157737856e+00
1.785927978515625000e+03 2.068504571653508265e+03 1.787081692173741576e+00
1.785948791503906250e+03 2.069090548914795363e+03 1.787552575358560158e+00
1.785969665527343750e+03 2.070421466113062252e+03 1.788347726155454787e+00
1.785990478515625000e+03 2.072041501536742089e+03 1.791110270255190873e+00
1.786011291503906250e+03 2.071345551767491543e+03 1.788198337324363729e+00
1.786032165527343750e+03 2.073012467660631501e+03 1.793188675833145673e+00
1.786052978515625000e+03 2.072056281897566350e+03 1.791890137804406091e+00
1.786073791503906250e+03 2.068752172832416818e+03 1.794538155967168480e+00
1.786094665527343750e+03 2.071054824449665830e+03 1.795018904328749221e+00
1.786115478515625000e+03 2.071722538911483298e+03 1.809404228646388724e+00
1.786136291503906250e+03 2.071448539182793411e+03 1.795667292212705490e+00
1.786157165527343750e+03 2.072226564868090463e+03 1.796026012708049402e+00
1.786177978515625000e+03 2.070386723840158993e+03 1.799604780465767773e+00
1.786198791503906250e+03 2.073616728945442446e+03 1.794741616314123878e+00
1.786219665527343750e+03 2.071304739573343795e+03 1.793476240687181145e+00
1.786240478515625000e+03 2.072245507495555103e+03 1.795353518981060104e+00
1.786261291503906250e+03 2.071919286365187418e+03 1.795557949196496805e+00
1.786282165527343750e+03 2.073297659261320860e+03 1.795025014145168019e+00
1.786302978515625000e+03 2.071049375782222796e+03 1.796560508738867634e+00
1.786323791503906250e+03 2.074431992385923877e+03 1.802938827873320493e+00
1.786344665527343750e+03 2.071459743832285767e+03 1.796466681485968664e+00
1.786365478515625000e+03 2.073841731540227556e+03 1.798183462328211357e+00
1.786386291503906250e+03 2.071878689842711992e+03 1.804461972895853972e+00
1.786407165527343750e+03 2.073865528973321943e+03 1.812613713873771459e+00
1.786427978515625000e+03 2.072703454717217937e+03 1.802787672517591977e+00
1.786448791503906250e+03 2.072539001737843591e+03 1.802574274593597980e+00
1.786469665527343750e+03 2.073473788494596192e+03 1.802340876821303839e+00
1.786490478515625000e+03 2.074287600365739763e+03 1.806876436257360607e+00
1.786511291503906250e+03 2.071415425248939300e+03 1.805564502139626937e+00
1.786532165527343750e+03 2.071827854842306806e+03 1.806752530318014305e+00
1.786552978515625000e+03 2.073408267161829372e+03 1.810416438106731585e+00
1.786573791503906250e+03 2.074415984605614995e+03 1.811695117475534911e+00
1.786594665527343750e+03 2.074063338230536374e+03 1.819116223879957639e+00
1.786615478515625000e+03 2.072840282986737748e+03 1.812991240129385950e+00
1.786636291503906250e+03 2.072711039798272850e+03 1.812439226907459622e+00
1.786657165527343750e+03 2.072999235208308164e+03 1.815851795522253509e+00
1.786677978515625000e+03 2.071472024326732480e+03 1.820180863626539747e+00
1.786698791503906250e+03 2.074179587888054357e+03 1.815929522558364040e+00
1.786719665527343750e+03 2.071444091405485779e+03 1.816009872010575954e+00
1.786740478515625000e+03 2.071350788764180834e+03 1.817279236725608094e+00
1.786761291503906250e+03 2.074583316072817524e+03 1.820072993292432662e+00
1.786782165527343750e+03 2.074276057128609864e+03 1.825394180265001554e+00
1.786802978515625000e+03 2.073792549031844374e+03 1.827065380824532737e+00
1.786823791503906250e+03 2.072631711888127484e+03 1.828447688388424641e+00
1.786844665527343750e+03 2.070469553334964075e+03 1.830504279253828193e+00
1.786865478515625000e+03 2.072057769827379161e+03 1.830485002524512073e+00
1.786886291503906250e+03 2.071752814984568431e+03 1.830853830129318238e+00
1.786907165527343750e+03 2.074002190757524204e+03 1.825597531987995126e+00
1.786927978515625000e+03 2.073123033955674600e+03 1.826618780438908018e+00
1.786948791503906250e+03 2.073649813415286644e+03 1.831180594629515213e+00
1.786969665527343750e+03 2.073862561865325006e+03 1.822568028126200668e+00
1.786990478515625000e+03 2.072140923906223179e+03 1.831477620426781305e+00
1.787011291503906250e+03 2.073652895294845621e+03 1.825398229235812853e+00
1.787032165527343750e+03 2.075962469407564640e+03 1.830342179081057230e+00
1.787052978515625000e+03 2.070987687061240649e+03 1.831386949020729737e+00
1.787073791503906250e+03 2.073492318625052121e+03 1.837971441294029340e+00
1.787094665527343750e+03 2.075222887101278502e+03 1.841761858739742630e+00
1.787115478515625000e+03 2.074877813395460635e+03 1.856578358593873324e+00
1.787136291503906250e+03 2.073945178708178901e+03 1.852610617358202427e+00
1.787157165527343750e+03 2.074931210722824289e+03 1.844197364456251043e+00
1.787177978515625000e+03 2.072310676148098082e+03 1.841967480748310404e+00
1.787198791503906250e+03 2.075376934363287091e+03 1.841724058554450316e+00
1.787219665527343750e+03 2.072678370133786757e+03 1.841076027186674846e+00
1.787240478515625000e+03 2.074500044557185902e+03 1.843364933989320109e+00
1.787261291503906250e+03 2.074981095192927114e+03 1.846453285157300783e+00
1.787282165527343750e+03 2.072664746176929839e+03 1.847256768492362200e+00
1.787302978515625000e+03 2.073561783715933871e+03 1.848023263235766489e+00
1.787323791503906250e+03 2.072036048321233011e+03 1.851520908065623416e+00
1.787344665527343750e+03 2.073703887136284720e+03 1.856832159954773465e+00
1.787365478515625000e+03 2.075449758231066426e+03 1.857461666158297442e+00
1.787386291503906250e+03 2.073521087071720103e+03 1.861596967689592041e+00
1.787407165527343750e+03 2.072177405297683890e+03 1.862790792921402927e+00
1.787427978515625000e+03 2.075239279838742732e+03 1.878677005225424246e+00
1.787448791503906250e+03 2.075642774003277736e+03 1.869030860539963701e+00
1.787469665527343750e+03 2.073766632157325148e+03 1.875200769483844621e+00
1.787490478515625000e+03 2.074549815588506135e+03 1.877889250876888072e+00
1.787511291503906250e+03 2.075356451770103831e+03 1.876135609371776702e+00
1.787532165527343750e+03 2.073742325045062444e+03 1.881560102992486216e+00
1.787552978515625000e+03 2.074089686263825570e+03 1.884208193555743316e+00
1.787573791503906250e+03 2.075662184536101904e+03 1.896025078547281417e+00
1.787594665527343750e+03 2.075138463189095091e+03 1.892630089202925747e+00
1.787615478515625000e+03 2.074710233257607342e+03 1.892971505774343033e+00
1.787636291503906250e+03 2.075626686063284978e+03 1.889130245789323537e+00
1.787657165527343750e+03 2.076366431258692501e+03 1.890110986367399271e+00
1.787677978515625000e+03 2.078481807111541912e+03 1.892539828043896533e+00
1.787698791503906250e+03 2.075719679659776830e+03 1.892898327772695843e+00
1.787719665527343750e+03 2.075220056613025463e+03 1.897764424130144345e+00
1.787740478515625000e+03 2.072818844055471800e+03 1.899419397184828551e+00
1.787761291503906250e+03 2.075331466065204950e+03 1.912956821510709338e+00
1.787782165527343750e+03 2.075451343495700257e+03 1.913074596579771969e+00
1.787802978515625000e+03 2.075415086145576879e+03 1.923237201540486607e+00
1.787823791503906250e+03 2.075641781834660378e+03 1.936762207823963022e+00
1.787844665527343750e+03 2.074396203529321156e+03 1.935196768837384340e+00
1.787865478515625000e+03 2.076980507183114696e+03 1.939033639648491736e+00
1.787886291503906250e+03 2.074748083521232275e+03 1.943473958226904719e+00
1.787907104492187500e+03 2.074682628997954907e+03 1.942474746638139571e+00
1.787927917480468750e+03 2.074024501509435595e+03 1.942214152981086350e+00
1.787948791503906250e+03 2.074801679369817975e+03 1.942340464871138428e+00
1.787969604492187500e+03 2.077082825499870069e+03 1.945293993268205623e+00
1.787990417480468750e+03 2.073208703437821441e+03 1.944815882521990780e+00
1.788011291503906250e+03 2.074863855305743073e+03 1.948329317443903141e+00
1.788032104492187500e+03 2.076324872298603623e+03 1.956672924991371021e+00
1.788052917480468750e+03 2.073906701753223388e+03 1.963666195213370491e+00
1.788073791503906250e+03 2.074139149568628000e+03 1.974505051027523495e+00
1.788094604492187500e+03 2.073695960823158657e+03 1.983242162110259610e+00
1.788115417480468750e+03 2.072766634427581721e+03 1.991034619212879164e+00
1.788136291503906250e+03 2.075701055131120484e+03 1.995951787450422898e+00
1.788157104492187500e+03 2.072161999575045684e+03 1.995132662824679715e+00
1.788177917480468750e+03 2.076503882104663717e+03 1.997642498543394041e+00
1.788198791503906250e+03 2.073649023694078551e+03 2.000085352030076091e+00
1.788219604492187500e+03 2.076579636453388503e+03 1.998499844125183778e+00
1.788240417480468750e+03 2.073203166224827328e+03 2.000151866869001260e+00
1.788261291503906250e+03 2.075440605465029421e+03 2.001311587375435241e+00
1.788282104492187500e+03 2.074262934731832502e+03 2.005807194314284114e+00
