1.899801940917968750e+03 1.456817348740003354e+03 1.987310985958231635e+00
1.899822814941406250e+03 1.455187164058979761e+03 1.973011249287820013e+00
1.899843627929687500e+03 1.453420984952248773e+03 1.953819761684294054e+00
1.899864440917968750e+03 1.454727147994249663e+03 1.931047894417763588e+00
1.899885314941406250e+03 1.454825808832278653e+03 1.915693063444684041e+00
1.899906127929687500e+03 1.455937788243920977e+03 1.899154213829217674e+00
1.899926940917968750e+03 1.454568571718272779e+03 1.889622950813265811e+00
1.899947814941406250e+03 1.451980232663003108e+03 1.886006349130179949e+00
1.899968627929687500e+03 1.451972194329250215e+03 1.881000010460504246e+00
1.899989440917968750e+03 1.453177020957247350e+03 1.875689634018558261e+00
1.900010314941406250e+03 1.452724128577654938e+03 1.868836189757502320e+00
1.900031127929687500e+03 1.452773807671101622e+03 1.859328774270292417e+00
1.900051940917968750e+03 1.453924794129895645e+03 1.847698832176464245e+00
1.900072814941406250e+03 1.457844728812408675e+03 1.835898735773443091e+00
1.900093627929687500e+03 1.452564774221039443e+03 1.820666168302684129e+00
1.900114440917968750e+03 1.451969469057826473e+03 1.809097187014788055e+00
1.900135314941406250e+03 1.455868768735230105e+03 1.798416471648382142e+00
1.900156127929687500e+03 1.455056033264331745e+03 1.787543439003842494e+00
1.900176940917968750e+03 1.454898145281774305e+03 1.782606511832727003e+00
1.900197814941406250e+03 1.453353557219098775e+03 1.782557827197439382e+00
1.900218627929687500e+03 1.454266695914113825e+03 1.783569231503925989e+00
1.900239440917968750e+03 1.452942941963434805e+03 1.782491552431866966e+00
1.900260314941406250e+03 1.455435019266441486e+03 1.784620743112335983e+00
1.900281127929687500e+03 1.455479704350799238e+03 1.780049906898968137e+00
1.900301940917968750e+03 1.457169290988118973e+03 1.777460719021946689e+00
1.900322814941406250e+03 1.456661199659569320e+03 1.760713954705533490e+00
1.900343627929687500e+03 1.453150850400096488e+03 1.746618887427389133e+00
1.900364440917968750e+03 1.453107668101674790e+03 1.726093073071529815e+00
1.900385314941406250e+03 1.455903695631153596e+03 1.708542353550813520e+00
1.900406127929687500e+03 1.453454676540889295e+03 1.691606892937530082e+00
1.900426940917968750e+03 1.454975063615813951e+03 1.679659111315331632e+00
1.900447814941406250e+03 1.457211470105872877e+03 1.669670434058146746e+00
1.900468627929687500e+03 1.454097218787695738e+03 1.670378469764869811e+00
1.900489440917968750e+03 1.456033029977159913e+03 1.661978119128869613e+00
1.900510314941406250e+03 1.454601146037922490e+03 1.661895845819738815e+00
1.900531127929687500e+03 1.456589945667941038e+03 1.664093232206863116e+00
1.900551940917968750e+03 1.456728942494554076e+03 1.662429079536485110e+00
1.900572814941406250e+03 1.453831615186642466e+03 1.660650991883198646e+00
1.900593627929687500e+03 1.456019017439884465e+03 1.658730359051004966e+00
1.900614440917968750e+03 1.455669491925969851e+03 1.654946588075006053e+00
1.900635314941406250e+03 1.453576286012214950e+03 1.653700251447330238e+00
1.900656127929687500e+03 1.456415767403987502e+03 1.645818138857208623e+00
1.900676940917968750e+03 1.455155120265650112e+03 1.643947470519553145e+00
1.900697814941406250e+03 1.454290926172992158e+03 1.639763015278993041e+00
1.900718627929687500e+03 1.453396161955974776e+03 1.639330253150365957e+00
1.900739440917968750e+03 1.454719054747674591e+03 1.638199311819154458e+00
1.900760314941406250e+03 1.453592241188074922e+03 1.637742625891165149e+00
1.900781127929687500e+03 1.453151920371214828e+03 1.635956507065032817e+00
1.900801940917968750e+03 1.452352522650196988e+03 1.635028266545739184e+00
1.900822814941406250e+03 1.452532129055911355e+03 1.631230368075861303e+00
1.900843627929687500e+03 1.456981210240831388e+03 1.631600473104877436e+00
1.900864440917968750e+03 1.456894911354463602e+03 1.633005742223563539e+00
1.900885314941406250e+03 1.453072618405191633e+03 1.621505721725263749e+00
1.900906127929687500e+03 1.456178385001402830e+03 1.622045031034168527e+00
1.900926940917968750e+03 1.454321391611051695e+03 1.613165234696177341e+00
1.900947814941406250e+03 1.452226919500933718e+03 1.611145157107173098e+00
1.900968627929687500e+03 1.454674636618603472e+03 1.615056056889212499e+00
1.900989440917968750e+03 1.452994335496406393e+03 1.615392305893809111e+00
1.901010314941406250e+03 1.455737791102973915e+03 1.611605533648866162e+00
1.901031127929687500e+03 1.452745085220443116e+03 1.607645308955724994e+00
1.901051940917968750e+03 1.453093345304948571e+03 1.606819271633214585e+00
1.901072814941406250e+03 1.454401825051687183e+03 1.608776240397868706e+00
1.901093627929687500e+03 1.453593347884895138e+03 1.606947095241061829e+00
1.901114440917968750e+03 1.454758739273000629e+03 1.603736258230110012e+00
1.901135314941406250e+03 1.453513136797483185e+03 1.603985177544769325e+00
1.901156127929687500e+03 1.458247007244034648e+03 1.599105513402153234e+00
1.901176940917968750e+03 1.453686681795064260e+03 1.597375747194510254e+00
1.901197814941406250e+03 1.454575096379933484e+03 1.596290209569207308e+00
1.901218627929687500e+03 1.453037834649245951e+03 1.594563743936812106e+00
1.901239440917968750e+03 1.454154165851862217e+03 1.595516422700058223e+00
1.901260314941406250e+03 1.450866922948159072e+03 1.595316322912404994e+00
1.901281127929687500e+03 1.452408140402164463e+03 1.596495488825588227e+00
1.901301940917968750e+03 1.452940830516859251e+03 1.596371308857500226e+00
1.901322814941406250e+03 1.451969850744340420e+03 1.593508010145103349e+00
1.901343627929687500e+03 1.455595543304229523e+03 1.588696039755632228e+00
1.901364440917968750e+03 1.457792835789604624e+03 1.585722960444696961e+00
1.901385314941406250e+03 1.453662268481469710e+03 1.579347646738302080e+00
1.901406127929687500e+03 1.456623530341691321e+03 1.573924981434384529e+00
1.901426940917968750e+03 1.457998278528001947e+03 1.572376394220133200e+00
1.901447753906250000e+03 1.454942414592907653e+03 1.568562609662396579e+00
1.901468566894531250e+03 1.455576513036238339e+03 1.567927737001374666e+00
1.901489440917968750e+03 1.456929226394530133e+03 1.569755949016099716e+00
1.901510253906250000e+03 1.454532582109567329e+03 1.567959897292405813e+00
1.901531066894531250e+03 1.455482252655339153e+03 1.568690206900400064e+00
1.901551940917968750e+03 1.456509281095484312e+03 1.569704763753082766e+00
1.901572753906250000e+03 1.457946503683385117e+03 1.570639505072701114e+00
1.901593566894531250e+03 1.457419550076527457e+03 1.567367829343299768e+00
1.901614440917968750e+03 1.459314508231298532e+03 1.564507225139413649e+00
1.901635253906250000e+03 1.457750967655417980e+03 1.563487999401876438e+00
1.901656066894531250e+03 1.455498323292729765e+03 1.564151196627699747e+00
1.901676940917968750e+03 1.458081876232928835e+03 1.560485151118187197e+00
1.901697753906250000e+03 1.455834142359300813e+03 1.560458337136588547e+00
1.901718566894531250e+03 1.456407612487185133e+03 1.560350083414776545e+00
1.901739440917968750e+03 1.457994945769740980e+03 1.559212468607974245e+00
1.901760253906250000e+03 1.458183507239095434e+03 1.559737701127846821e+00
1.901781066894531250e+03 1.457110988350760636e+03 1.557176677154098909e+00
1.901801940917968750e+03 1.457047736787543954e+03 1.556990408278010829e+00
1.901822753906250000e+03 1.457360862616248596e+03 1.556284328832752362e+00
1.901843566894531250e+03 1.454896502555076495e+03 1.555454467523932793e+00
1.901864440917968750e+03 1.456366626863101828e+03 1.554096665565836588e+00
1.901885253906250000e+03 1.458596762647076275e+03 1.558580135582377624e+00
1.901906066894531250e+03 1.454641568223026525e+03 1.551154641810041479e+00
1.901926940917968750e+03 1.457356698776971143e+03 1.550694845180267123e+00
1.901947753906250000e+03 1.458039437322052663e+03 1.549295631459360223e+00
1.901968566894531250e+03 1.458437267906393572e+03 1.554821372857783102e+00
1.901989440917968750e+03 1.455828073424694367e+03 1.552306993315227368e+00
1.902010253906250000e+03 1.456450924729927010e+03 1.549359955462637606e+00
1.902031066894531250e+03 1.455648166644395133e+03 1.550139094848880461e+00
1.902051940917968750e+03 1.457399861176231752e+03 1.549083250952232538e+00
1.902072753906250000e+03 1.457372541260109074e+03 1.550145477728129828e+00
1.902093566894531250e+03 1.456670712301794083e+03 1.550365171177895407e+00
1.902114440917968750e+03 1.458050383667432698e+03 1.549577452376713849e+00
1.902135253906250000e+03 1.457899744323959112e+03 1.552173978816922872e+00
1.902156066894531250e+03 1.457961436964098766e+03 1.548087752459722743e+00
1.902176940917968750e+03 1.456589781455450748e+03 1.545699626695955953e+00
1.902197753906250000e+03 1.455406795743453358e+03 1.544764842312591036e+00
1.902218566894531250e+03 1.456958991436404631e+03 1.544822487123887367e+00
1.902239440917968750e+03 1.453542561680792687e+03 1.544625312900843372e+00
1.902260253906250000e+03 1.457195248169714205e+03 1.546164532506622002e+00
1.902281066894531250e+03 1.453923006145322006e+03 1.544110920835318534e+00
1.902301940917968750e+03 1.458152400427353541e+03 1.545421109755810818e+00
1.902322753906250000e+03 1.457949300930136360e+03 1.545941080552290847e+00
1.902343566894531250e+03 1.455993682308916050e+03 1.541777873109406727e+00
1.902364440917968750e+03 1.453521963292337205e+03 1.539850101235276769e+00
1.902385253906250000e+03 1.457015696482684689e+03 1.539574707309920631e+00
1.902406066894531250e+03 1.454687724734150834e+03 1.539007273036534507e+00
1.902426940917968750e+03 1.456188954038224665e+03 1.537819064769131883e+00
1.902447753906250000e+03 1.452874851751103733e+03 1.538291699406445057e+00
1.902468566894531250e+03 1.454614292637267226e+03 1.541361606761522340e+00
1.902489440917968750e+03 1.454446431106022374e+03 1.537947274875586023e+00
1.902510253906250000e+03 1.457149251677174789e+03 1.538153752845263345e+00
1.902531066894531250e+03 1.456354925928669900e+03 1.537370167654624753e+00
1.902551940917968750e+03 1.458320936314262326e+03 1.537089676106699665e+00
1.902572753906250000e+03 1.452738022345948593e+03 1.535905960706073436e+00
1.902593566894531250e+03 1.457052484358123365e+03 1.538788282102586891e+00
1.902614440917968750e+03 1.455054129320175662e+03 1.537463989456378188e+00
1.902635253906250000e+03 1.452743804122563233e+03 1.533857189061069715e+00
1.902656066894531250e+03 1.453623832420930739e+03 1.533790815909318761e+00
1.902676940917968750e+03 1.455563877166561269e+03 1.535461550728994817e+00
1.902697753906250000e+03 1.455216576676810519e+03 1.534879237217836367e+00
1.902718566894531250e+03 1.453057682659910142e+03 1.533243322149214993e+00
1.902739440917968750e+03 1.455103215170546036e+03 1.535250517690546657e+00
1.902760253906250000e+03 1.452546299484516794e+03 1.533497465028959228e+00
1.902781066894531250e+03 1.456402498854339228e+03 1.532849313525257662e+00
1.902801940917968750e+03 1.453254202565882679e+03 1.533735243672686765e+00
1.902822753906250000e+03 1.455040029647696429e+03 1.536301823635070507e+00
1.902843566894531250e+03 1.456618757665617977e+03 1.532561927402959157e+00
1.902864440917968750e+03 1.457838013166588780e+03 1.533454320460457376e+00
1.902885253906250000e+03 1.451848339732665181e+03 1.532500709919352833e+00
1.902906066894531250e+03 1.455452933227879385e+03 1.534215663242857630e+00
1.902926940917968750e+03 1.455645911870046120e+03 1.531094990883651530e+00
1.902947753906250000e+03 1.457273845634941836e+03 1.532297749078306293e+00
1.902968566894531250e+03 1.457030320232509212e+03 1.530936150597941081e+00
1.902989440917968750e+03 1.457245831372495786e+03 1.530466930472055287e+00
1.903010253906250000e+03 1.453878987614026528e+03 1.533292614700244139e+00
1.903031066894531250e+03 1.454163418238189024e+03 1.531570634553731436e+00
1.903051940917968750e+03 1.457047325246499668e+03 1.531779372904750192e+00
1.903072753906250000e+03 1.453951645794195429e+03 1.532361775274052151e+00
1.903093566894531250e+03 1.456176493792089559e+03 1.531332130565068450e+00
1.903114440917968750e+03 1.455245894298290295e+03 1.532417864068602364e+00
1.903135253906250000e+03 1.453590311274601390e+03 1.533419881672433815e+00
1.903156066894531250e+03 1.455432804397472410e+03 1.535128450020630808e+00
1.903176940917968750e+03 1.451896090985800129e+03 1.531703959534387316e+00
1.903197753906250000e+03 1.453804100683665411e+03 1.530639448864841157e+00
1.903218566894531250e+03 1.449118945840878041e+03 1.528599839653137504e+00
1.903239440917968750e+03 1.453873414482230146e+03 1.529056457095949284e+00
1.903260253906250000e+03 1.454284861450086964e+03 1.526924641661423276e+00
1.903281066894531250e+03 1.455272672419253240e+03 1.532009325741104933e+00
1.903301940917968750e+03 1.455010542095394840e+03 1.527661302731212922e+00
1.903322753906250000e+03 1.453848077940701614e+03 1.526129276334320606e+00
1.903343566894531250e+03 1.451387422905669382e+03 1.528687337369335930e+00
1.903364440917968750e+03 1.456004844020788141e+03 1.527069769673742083e+00
1.903385253906250000e+03 1.453999757557964358e+03 1.527147909813943549e+00
1.903406066894531250e+03 1.454503348661593236e+03 1.526761151198257283e+00
1.903426940917968750e+03 1.454028196943473631e+03 1.526883263208403285e+00
1.903447753906250000e+03 1.455285818793819999e+03 1.524987239471579104e+00
1.903468566894531250e+03 1.453573232358662381e+03 1.525487293496815555e+00
1.903489440917968750e+03 1.456743751656498262e+03 1.526942754140841352e+00
1.903510253906250000e+03 1.452109395511017510e+03 1.524820179577778045e+00
1.903531066894531250e+03 1.456071975297668132e+03 1.526406783690463342e+00
1.903551940917968750e+03 1.455296601513166934e+03 1.528887658646985503e+00
1.903572753906250000e+03 1.452889560474932523e+03 1.526823301497980179e+00
1.903593566894531250e+03 1.455021241705673674e+03 1.530012837649074031e+00
1.903614440917968750e+03 1.452100299731809628e+03 1.526523223340445989e+00
1.903635253906250000e+03 1.455124566937392501e+03 1.524023324863029272e+00
1.903656066894531250e+03 1.451951560120839076e+03 1.523834489791004554e+00
1.903676940917968750e+03 1.452835674422572311e+03 1.523826040947610316e+00
1.903697753906250000e+03 1.452718965429256741e+03 1.523503385243975661e+00
1.903718566894531250e+03 1.453918204387613059e+03 1.523950187294552894e+00
1.903739440917968750e+03 1.454663807612635992e+03 1.525764839486481339e+00
1.903760253906250000e+03 1.450609693759575521e+03 1.521761397678638605e+00
1.903781066894531250e+03 1.451304188921230889e+03 1.523342266529581712e+00
1.903801940917968750e+03 1.451307533292189419e+03 1.523233644588935176e+00
1.903822753906250000e+03 1.449763253582839980e+03 1.521946808611121416e+00
1.903843566894531250e+03 1.449679018790518967e+03 1.522565464936230351e+00
1.903864440917968750e+03 1.452836459378333302e+03 1.522887458295039131e+00
1.903885253906250000e+03 1.450714419119379500e+03 1.522463521410772236e+00
1.903906066894531250e+03 1.453132788360833729e+03 1.522618156571178938e+00
1.903926940917968750e+03 1.451140999795811013e+03 1.527884853348429717e+00
1.903947753906250000e+03 1.451799632211710559e+03 1.523279817685956328e+00
1.903968566894531250e+03 1.452923954077315784e+03 1.529817261223518354e+00
1.903989440917968750e+03 1.453239686499816116e+03 1.525080103411988075e+00
1.904010253906250000e+03 1.455598129648289841e+03 1.522842682355954436e+00
1.904031066894531250e+03 1.453454599659253745e+03 1.522384279485451852e+00
1.904051940917968750e+03 1.453619933237504483e+03 1.522399157236520528e+00
1.904072753906250000e+03 1.449462634272189689e+03 1.524718543172731033e+00
1.904093566894531250e+03 1.450687243201465435e+03 1.522830157382109917e+00
1.904114440917968750e+03 1.449912600841128324e+03 1.521103464809717698e+00
1.904135253906250000e+03 1.451423487149008224e+03 1.520520827005557907e+00
1.904156066894531250e+03 1.448896990479580381e+03 1.520072075866624184e+00
1.904176940917968750e+03 1.449435436815314915e+03 1.521767977920907677e+00
1.904197753906250000e+03 1.451121990099933100e+03 1.520183589915688582e+00
1.904218566894531250e+03 1.454377972552761094e+03 1.521643653534050733e+00
1.904239440917968750e+03 1.451937225471779811e+03 1.521303687672429295e+00
1.904260253906250000e+03 1.449312078126232109e+03 1.523485388369924642e+00
1.904281066894531250e+03 1.451851420576131432e+03 1.518790567115302803e+00
1.904301879882812500e+03 1.448478656597169675e+03 1.518735387912362622e+00
1.904322692871093750e+03 1.449219794622368909e+03 1.520310307625643453e+00
1.904343566894531250e+03 1.449685203079007579e+03 1.517920260359246321e+00
1.904364379882812500e+03 1.448919100873411935e+03 1.519795451204199566e+00
1.904385192871093750e+03 1.449145006575322441e+03 1.517900548041843045e+00
1.904406066894531250e+03 1.450279227225081286e+03 1.518378754755365989e+00
1.904426879882812500e+03 1.450874644928361704e+03 1.520909877923654951e+00
1.904447692871093750e+03 1.449826915472455539e+03 1.517482366695109608e+00
1.904468566894531250e+03 1.449331042662789969e+03 1.518456007520234907e+00
1.904489379882812500e+03 1.448275183504130837e+03 1.517702468235863966e+00
1.904510192871093750e+03 1.447533483369141550e+03 1.517161269113406652e+00
1.904531066894531250e+03 1.449432689919074164e+03 1.522809412667573525e+00
1.904551879882812500e+03 1.449537224550894052e+03 1.517047882727555530e+00
1.904572692871093750e+03 1.449128119453084309e+03 1.516269350235029290e+00
1.904593566894531250e+03 1.450294635400020752e+03 1.517837011380086976e+00
1.904614379882812500e+03 1.449766610577851679e+03 1.516863680539139558e+00
1.904635192871093750e+03 1.448211812339880453e+03 1.517180048161129724e+00
1.904656066894531250e+03 1.450309526044736685e+03 1.516953191136872769e+00
1.904676879882812500e+03 1.447214932975477495e+03 1.517531307092335080e+00
1.904697692871093750e+03 1.450024496681717892e+03 1.517609152851043142e+00
1.904718566894531250e+03 1.448878796528823841e+03 1.515703651511106420e+00
1.904739379882812500e+03 1.447061753253525239e+03 1.515583863634121009e+00
1.904760192871093750e+03 1.448741631328085305e+03 1.516812596619084408e+00
1.904781066894531250e+03 1.449060439316653174e+03 1.515008073287956281e+00
1.904801879882812500e+03 1.447943174655828443e+03 1.515459031918413801e+00
1.904822692871093750e+03 1.449008915015787579e+03 1.515594482114628327e+00
1.904843566894531250e+03 1.445629505324665615e+03 1.515441568817001761e+00
1.904864379882812500e+03 1.449627398996286502e+03 1.520347944514921501e+00
1.904885192871093750e+03 1.449401994023154202e+03 1.514769322424603271e+00
1.904906066894531250e+03 1.448629875171428921e+03 1.514719505782545994e+00
1.904926879882812500e+03 1.449781607267322215e+03 1.513931193134944619e+00
1.904947692871093750e+03 1.446599010316084104e+03 1.514188734840950401e+00
1.904968566894531250e+03 1.449842678730139824e+03 1.515480270554339093e+00
1.904989379882812500e+03 1.449162746963462951e+03 1.515612808650428134e+00
1.905010192871093750e+03 1.448346595392103154e+03 1.517798212654487999e+00
1.905031066894531250e+03 1.447363065948652320e+03 1.515237817762829620e+00
1.905051879882812500e+03 1.446318252851783427e+03 1.512808946314945890e+00
1.905072692871093750e+03 1.448426345125762964e+03 1.515130739141842042e+00
1.905093566894531250e+03 1.447903009582245659e+03 1.512502777475376314e+00
1.905114379882812500e+03 1.445930126529456629e+03 1.513161456280669892e+00
1.905135192871093750e+03 1.446015297625407129e+03 1.512612012388293348e+00
1.905156066894531250e+03 1.447894134959975190e+03 1.514850221790262630e+00
1.905176879882812500e+03 1.447390457687555681e+03 1.511657240451638629e+00
1.905197692871093750e+03 1.446664132957104130e+03 1.512028704269866353e+00
1.905218566894531250e+03 1.447255613453492742e+03 1.513639663845778971e+00
1.905239379882812500e+03 1.446827392724785796e+03 1.514608848738149716e+00
1.905260192871093750e+03 1.448463378217405534e+03 1.514637025338817500e+00
1.905281066894531250e+03 1.446896477365013197e+03 1.511804070640157427e+00
1.905301879882812500e+03 1.447982219096200424e+03 1.511757468188565490e+00
1.905322692871093750e+03 1.447830181847222093e+03 1.511954986487544561e+00
1.905343566894531250e+03 1.447835467860490780e+03 1.511878978507968041e+00
1.905364379882812500e+03 1.445294553016367445e+03 1.511812428965159327e+00
1.905385192871093750e+03 1.447204789502949097e+03 1.517688722643049326e+00
1.905406066894531250e+03 1.446264617024529571e+03 1.510503314810445863e+00
1.905426879882812500e+03 1.448756233324923869e+03 1.510664382440153775e+00
1.905447692871093750e+03 1.447327921539214685e+03 1.515134122344093504e+00
1.905468566894531250e+03 1.449980043597071926e+03 1.514001271492992240e+00
1.905489379882812500e+03 1.446504719023117332e+03 1.510166919273897346e+00
1.905510192871093750e+03 1.447553853649993016e+03 1.510990410936528194e+00
1.905531066894531250e+03 1.448779483043748087e+03 1.512651180561855657e+00
1.905551879882812500e+03 1.446508381590905856e+03 1.511221633909958673e+00
1.905572692871093750e+03 1.448487639972777970e+03 1.511577274296836748e+00
1.905593566894531250e+03 1.449238462577068049e+03 1.511471750351893517e+00
1.905614379882812500e+03 1.448339979380971045e+03 1.510268903498119819e+00
1.905635192871093750e+03 1.446537722101295685e+03 1.511902948241832023e+00
1.905656066894531250e+03 1.450392546633230268e+03 1.513135773259177919e+00
1.905676879882812500e+03 1.444715821356792276e+03 1.509940745473175250e+00
1.905697692871093750e+03 1.445198632907133742e+03 1.510597621557564496e+00
1.905718566894531250e+03 1.447899261330111813e+03 1.511034749164821056e+00
1.905739379882812500e+03 1.446835835265687592e+03 1.509995140800489022e+00
1.905760192871093750e+03 1.448455329178472084e+03 1.512230049822789413e+00
1.905781066894531250e+03 1.446981193993575062e+03 1.510151052688046391e+00
1.905801879882812500e+03 1.446485521012718891e+03 1.513019170010605041e+00
1.905822692871093750e+03 1.448558170977746386e+03 1.509948956214187454e+00
1.905843566894531250e+03 1.448516444880023982e+03 1.510450516244714825e+00
1.905864379882812500e+03 1.446977845490967866e+03 1.513799216543733950e+00
1.905885192871093750e+03 1.447834085954760212e+03 1.511566075542985388e+00
1.905906066894531250e+03 1.449916814720676484e+03 1.511362906277858853e+00
1.905926879882812500e+03 1.447769228658221436e+03 1.513304123043412108e+00
1.905947692871093750e+03 1.449701161867762266e+03 1.511483186411872071e+00
1.905989379882812500e+03 1.452746305348674923e+03 1.511977772367673056e+00
1.906010192871093750e+03 1.453852418183595091e+03 1.512711546424752918e+00
1.906031066894531250e+03 1.454851024300024619e+03 1.513941193278835140e+00
1.906051879882812500e+03 1.451364395141163186e+03 1.511286000847633204e+00
1.906072692871093750e+03 1.452094994266394679e+03 1.514237073158231306e+00
1.906093566894531250e+03 1.451544441678784096e+03 1.512492058473025480e+00
1.906114379882812500e+03 1.451508723190137971e+03 1.511835611247397182e+00
1.906135192871093750e+03 1.449271507358998178e+03 1.511438703595740618e+00
1.906156066894531250e+03 1.451776244734487364e+03 1.511910438705731830e+00
1.906176879882812500e+03 1.452091791756532984e+03 1.512334811435173565e+00
1.906197692871093750e+03 1.453150861015008104e+03 1.513147511872169337e+00
1.906218566894531250e+03 1.452461130022398265e+03 1.514513453673499876e+00
1.906239379882812500e+03 1.449594090054406479e+03 1.510585152886083860e+00
1.906260192871093750e+03 1.451256706248432693e+03 1.512231705254587277e+00
1.906281066894531250e+03 1.451384492084744124e+03 1.512759774338668040e+00
1.906301879882812500e+03 1.451505196131925914e+03 1.510844606307332638e+00
1.906322692871093750e+03 1.453246095470635737e+03 1.511489890268872927e+00
1.906343566894531250e+03 1.451703726686375376e+03 1.510996485824083413e+00
1.906364379882812500e+03 1.453975209456064931e+03 1.516102037372758726e+00
1.906385192871093750e+03 1.453712393256734686e+03 1.512748820748072154e+00
1.906406066894531250e+03 1.452862033559977135e+03 1.511583583417398291e+00
1.906426879882812500e+03 1.451969882179404294e+03 1.511831432154755461e+00
1.906447692871093750e+03 1.452350881998828982e+03 1.515742503851553957e+00
1.906468566894531250e+03 1.450598922500408207e+03 1.513207779155905985e+00
1.906489379882812500e+03 1.450209995529335401e+03 1.512038559315997954e+00
1.906510192871093750e+03 1.450626824869409802e+03 1.512478107892960111e+00
1.906531066894531250e+03 1.450250431278252790e+03 1.511729001348074197e+00
1.906551879882812500e+03 1.446315532573353266e+03 1.513201555586763281e+00
1.906572692871093750e+03 1.449085258963986462e+03 1.513697706432813872e+00
1.906593566894531250e+03 1.451982084975053112e+03 1.512901927414291192e+00
1.906614379882812500e+03 1.451439155079599459e+03 1.512305015417115373e+00
1.906635192871093750e+03 1.452149581795737731e+03 1.511956563376121832e+00
1.906656066894531250e+03 1.450010179893356508e+03 1.511481530160267983e+00
1.906676879882812500e+03 1.451089751242458533e+03 1.513243465710089275e+00
1.906697692871093750e+03 1.451699181808901585e+03 1.514057253109055479e+00
1.906718566894531250e+03 1.450398180972870250e+03 1.510989543093455234e+00
1.906739379882812500e+03 1.450179090140458129e+03 1.511822364272503494e+00
1.906760192871093750e+03 1.450112112032738651e+03 1.513203525073437694e+00
1.906781066894531250e+03 1.451884936798081299e+03 1.512738733918239209e+00
1.906801879882812500e+03 1.450595840629807753e+03 1.513754329281450817e+00
1.906822692871093750e+03 1.452549939641944320e+03 1.516391363763630817e+00
1.906843566894531250e+03 1.451652371546102586e+03 1.513203840191067684e+00
1.906864379882812500e+03 1.453581585491464693e+03 1.513193283714739046e+00
1.906885192871093750e+03 1.452891446474048962e+03 1.515286437298422717e+00
1.906906066894531250e+03 1.450022940679724115e+03 1.512034617305253237e+00
1.906926879882812500e+03 1.451444169155578493e+03 1.516997826581591102e+00
1.906947692871093750e+03 1.449301331968931436e+03 1.512820687463925173e+00
1.906968566894531250e+03 1.451120253046431344e+03 1.511982818329286937e+00
1.906989379882812500e+03 1.451741230592622514e+03 1.512312976844492729e+00
1.907010192871093750e+03 1.453000636673183408e+03 1.513174061285116556e+00
1.907031066894531250e+03 1.450206472926064180e+03 1.511745955348104298e+00
1.907051879882812500e+03 1.451141163942547109e+03 1.514946461225692653e+00
1.907072692871093750e+03 1.451964525937967665e+03 1.512219880701987096e+00
1.907093566894531250e+03 1.451195631458921980e+03 1.514712816219264901e+00
1.907114379882812500e+03 1.450866374193853517e+03 1.511116637347594382e+00
1.907135192871093750e+03 1.452533326214115050e+03 1.512103285662669494e+00
1.907156066894531250e+03 1.450090909670382416e+03 1.513282302438569982e+00
1.907176879882812500e+03 1.450314881101010997e+03 1.513526092400160339e+00
1.907197692871093750e+03 1.450707956822090864e+03 1.511412518063454113e+00
1.907218566894531250e+03 1.450288134589039828e+03 1.511904919420140381e+00
1.907239379882812500e+03 1.451274925691108592e+03 1.511232992980525047e+00
1.907260192871093750e+03 1.451056301771934159e+03 1.513583194226847617e+00
1.907281066894531250e+03 1.451927530092520328e+03 1.513146724048644698e+00
1.907301879882812500e+03 1.449967291563251820e+03 1.510939917419456435e+00
1.907322692871093750e+03 1.450587663740239577e+03 1.511352415818903561e+00
1.907343566894531250e+03 1.449306877875809050e+03 1.511569939911084015e+00
1.907364379882812500e+03 1.450891650668806960e+03 1.510973606250218371e+00
1.907385192871093750e+03 1.452051536791501348e+03 1.513476156071494882e+00
1.907406005859375000e+03 1.450087122682313975e+03 1.511094232929315551e+00
1.907426818847656250e+03 1.449953189140564973e+03 1.511580113404348058e+00
1.907447692871093750e+03 1.454112870538428524e+03 1.512566222955842754e+00
1.907468505859375000e+03 1.450802531959848920e+03 1.510987965195681682e+00
1.907489318847656250e+03 1.451785965733470448e+03 1.512227527256564841e+00
1.907510192871093750e+03 1.450936980360419966e+03 1.512059294123316411e+00
1.907531005859375000e+03 1.452396823276709256e+03 1.511757468188565490e+00
1.907551818847656250e+03 1.454035676302898082e+03 1.514776562621685363e+00
1.907572692871093750e+03 1.453185928592310802e+03 1.513456622169704335e+00
1.907593505859375000e+03 1.452616456015170343e+03 1.512838338415754880e+00
1.907614318847656250e+03 1.451066360303446118e+03 1.511787196145086609e+00
1.907635192871093750e+03 1.451015322738201803e+03 1.514081267091949901e+00
1.907656005859375000e+03 1.452737019209629580e+03 1.512723839960588235e+00
1.907676818847656250e+03 1.452387252335332050e+03 1.511396664553852798e+00
1.907697692871093750e+03 1.453159477415970287e+03 1.512675059252529541e+00
1.907718505859375000e+03 1.451334841180932926e+03 1.510948990597667407e+00
1.907739318847656250e+03 1.452763111486975504e+03 1.513206833805279983e+00
1.907760192871093750e+03 1.450595097704524051e+03 1.512650707712689835e+00
1.907781005859375000e+03 1.452091322454076362e+03 1.511735704114998136e+00
1.907801818847656250e+03 1.453458616365301850e+03 1.511501641664108719e+00
1.907822692871093750e+03 1.452602201964448568e+03 1.512831246540215613e+00
1.907843505859375000e+03 1.452056744353844124e+03 1.511940479035466467e+00
1.907864318847656250e+03 1.454126881517099264e+03 1.512089410333237849e+00
1.907885192871093750e+03 1.454383794677459946e+03 1.513504747578005460e+00
1.907906005859375000e+03 1.454343246439091672e+03 1.513232673176516219e+00
1.907926818847656250e+03 1.455559217521346000e+03 1.511759676120552065e+00
1.907947692871093750e+03 1.451555086412517539e+03 1.511366455664778785e+00
1.907968505859375000e+03 1.451182517071623806e+03 1.510937550494440673e+00
1.907989318847656250e+03 1.452604523491250347e+03 1.511212089069371434e+00
1.908010192871093750e+03 1.453519821980594315e+03 1.512436649477544748e+00
1.908031005859375000e+03 1.452688166677952722e+03 1.511222264971674667e+00
1.908051818847656250e+03 1.453057078337741359e+03 1.514136064787382052e+00
1.908072692871093750e+03 1.451324107894583449e+03 1.511622462791711641e+00
1.908093505859375000e+03 1.455570197749383624e+03 1.518886949306484713e+00
1.908114318847656250e+03 1.451174348134508591e+03 1.511191815943490724e+00
1.908135192871093750e+03 1.454168161840728771e+03 1.511581769547933884e+00
1.908156005859375000e+03 1.454639039855186638e+03 1.512939906185637007e+00
1.908176818847656250e+03 1.454329699258022401e+03 1.513021691256973167e+00
1.908197692871093750e+03 1.455560385312400967e+03 1.512017824224335838e+00
1.908218505859375000e+03 1.456139867771495801e+03 1.513108750468391994e+00
1.908239318847656250e+03 1.452376610422691783e+03 1.514104572101338864e+00
1.908260192871093750e+03 1.453895757584788953e+03 1.514250299008752298e+00
1.908281005859375000e+03 1.453881362729606963e+03 1.512192841544258926e+00
1.908301818847656250e+03 1.455477023775377347e+03 1.511850513955411257e+00
1.908322692871093750e+03 1.453781105650369227e+03 1.514443005441187484e+00
1.908343505859375000e+03 1.453700633208337649e+03 1.512165644236077133e+00
1.908364318847656250e+03 1.453125317573609436e+03 1.511802335887668214e+00
1.908385192871093750e+03 1.454729986653643437e+03 1.512387780684510297e+00
1.908406005859375000e+03 1.453806775104991175e+03 1.514740597388648302e+00
1.908426818847656250e+03 1.453686741744680830e+03 1.513251816084707935e+00
1.908447692871093750e+03 1.454116569785324600e+03 1.511928652205232426e+00
1.908468505859375000e+03 1.453601928244516557e+03 1.511328910616436039e+00
1.908489318847656250e+03 1.453157721177071835e+03 1.511937640604647637e+00
1.908510192871093750e+03 1.454689438269314905e+03 1.513151057072953387e+00
1.908531005859375000e+03 1.453508300929994675e+03 1.513364699174498229e+00
1.908551818847656250e+03 1.453102283774952411e+03 1.511925419522202496e+00
1.908572692871093750e+03 1.451838006990783470e+03 1.511721983124974411e+00
1.908593505859375000e+03 1.455053291634526204e+03 1.513113477522014749e+00
1.908614318847656250e+03 1.452692095631780603e+03 1.514290212035889871e+00
1.908635192871093750e+03 1.455851819921684410e+03 1.511931569498619066e+00
1.908656005859375000e+03 1.454379354415548733e+03 1.513071563798184194e+00
1.908676818847656250e+03 1.453588452200200663e+03 1.518243317404527781e+00
1.908697692871093750e+03 1.457880147421513811e+03 1.513625645085363569e+00
1.908718505859375000e+03 1.453834826830761813e+03 1.514475907928482190e+00
1.908739318847656250e+03 1.456376430666471151e+03 1.512466915809147938e+00
1.908760192871093750e+03 1.454262811575056503e+03 1.512520038062157735e+00
1.908781005859375000e+03 1.454497810269784395e+03 1.513660297964800172e+00
1.908801818847656250e+03 1.455271546417584204e+03 1.512535958611407549e+00
1.908822692871093750e+03 1.454073964508355630e+03 1.511867781988909476e+00
1.908843505859375000e+03 1.451987584695415762e+03 1.513266941174244540e+00
1.908864318847656250e+03 1.454933983651188100e+03 1.511595964989951080e+00
1.908885192871093750e+03 1.455041945448532033e+03 1.512267257185836211e+00
1.908906005859375000e+03 1.456469754667263487e+03 1.512627853160109392e+00
1.908926818847656250e+03 1.453550587759564905e+03 1.512143097690918703e+00
1.908947692871093750e+03 1.454705044132450439e+03 1.513834495422752724e+00
1.908968505859375000e+03 1.453106445872807399e+03 1.511809905702103718e+00
1.908989318847656250e+03 1.456756318293149889e+03 1.513423224914892007e+00
1.909010192871093750e+03 1.454758368161778890e+03 1.512621784824339732e+00
1.909031005859375000e+03 1.453374214792992461e+03 1.511625065229334597e+00
1.909051818847656250e+03 1.455835858059872407e+03 1.512472511861406632e+00
1.909072692871093750e+03 1.455135697161691951e+03 1.512329608998131514e+00
1.909093505859375000e+03 1.455450397014107466e+03 1.514182672760670423e+00
1.909114318847656250e+03 1.453817392746955647e+03 1.519223218748650517e+00
1.909135192871093750e+03 1.453677767735934367e+03 1.512857801503360022e+00
1.909156005859375000e+03 1.455771559035764767e+03 1.514042608329245754e+00
1.909176818847656250e+03 1.454214008682889016e+03 1.512169743571806668e+00
1.909197692871093750e+03 1.455776184869462440e+03 1.511985893203887876e+00
1.909218505859375000e+03 1.455968980636928336e+03 1.513025788273360650e+00
1.909239318847656250e+03 1.456312938196572077e+03 1.512166826737908698e+00
1.909260192871093750e+03 1.455726943663031989e+03 1.513807170112796197e+00
1.909281005859375000e+03 1.456279957832891341e+03 1.512697440257339876e+00
1.909301818847656250e+03 1.456249296916685125e+03 1.512770649047995519e+00
1.909322692871093750e+03 1.453982889718251727e+03 1.515890589774415709e+00
1.909343505859375000e+03 1.454851018824580706e+03 1.512318573466373550e+00
1.909364318847656250e+03 1.456442763052577448e+03 1.514927497110896581e+00
1.909385192871093750e+03 1.455736782890948689e+03 1.512154449839591575e+00
1.909406005859375000e+03 1.454436783298305272e+03 1.511970518768350091e+00
1.909426818847656250e+03 1.454644689694770705e+03 1.512224295212440284e+00
1.909489318847656250e+03 1.454386805703245273e+03 1.512268912576904434e+00
1.909510192871093750e+03 1.454523817749796990e+03 1.513594771851791032e+00
1.909531005859375000e+03 1.455787419296623966e+03 1.516981874275930231e+00
1.909551818847656250e+03 1.456029136204084807e+03 1.514423956306025110e+00
1.909572692871093750e+03 1.455103860710863955e+03 1.513213136131631664e+00
1.909593505859375000e+03 1.455790940970916381e+03 1.511721352271863994e+00
1.909614318847656250e+03 1.455833299179139431e+03 1.512663711010895140e+00
1.909635192871093750e+03 1.457919863891529985e+03 1.512859377450912257e+00
1.909656005859375000e+03 1.455519496596967201e+03 1.512243372055868562e+00
1.909676818847656250e+03 1.453853571147101547e+03 1.511887572962824056e+00
1.909697692871093750e+03 1.455404637986234547e+03 1.513671244959546192e+00
1.909718505859375000e+03 1.455346148318303221e+03 1.512317627559904398e+00
1.909739318847656250e+03 1.455262569013367965e+03 1.511646594314188352e+00
1.909760192871093750e+03 1.453941290602381287e+03 1.512587817456420680e+00
1.909781005859375000e+03 1.456563136702339307e+03 1.512024052665778218e+00
1.909801818847656250e+03 1.457684987610888584e+03 1.512568035644751951e+00
1.909822692871093750e+03 1.455951212205407955e+03 1.515660865595292117e+00
1.909843505859375000e+03 1.456723651304597979e+03 1.514306035252484861e+00
1.909864318847656250e+03 1.456304417136664597e+03 1.514515264031812691e+00
1.909885192871093750e+03 1.456788922932990772e+03 1.513380768378419727e+00
1.909906005859375000e+03 1.454864008707953644e+03 1.511448168134344350e+00
1.909926818847656250e+03 1.454018796500313101e+03 1.512746456653364380e+00
1.909947692871093750e+03 1.456728646140597903e+03 1.512256378856593253e+00
1.909968505859375000e+03 1.457379642890145078e+03 1.517500434762304895e+00
1.909989318847656250e+03 1.456098083167944424e+03 1.512750948430150011e+00
1.910010192871093750e+03 1.456703861128893777e+03 1.513741020346104804e+00
1.910031005859375000e+03 1.454910964282540817e+03 1.514064890384263284e+00
1.910051818847656250e+03 1.458357692407955028e+03 1.513067860838192891e+00
1.910072692871093750e+03 1.459238980137112321e+03 1.515653393666261506e+00
1.910093505859375000e+03 1.456392258546504308e+03 1.512545495097784132e+00
1.910114318847656250e+03 1.456716249016436450e+03 1.512130405257116728e+00
1.910135192871093750e+03 1.455504120648821072e+03 1.512493004270406116e+00
1.910156005859375000e+03 1.455277813548394306e+03 1.511366455664778785e+00
1.910176818847656250e+03 1.456350433972660085e+03 1.512460689191453822e+00
1.910197692871093750e+03 1.455575507207266355e+03 1.511515601256499419e+00
1.910218505859375000e+03 1.458405721551943543e+03 1.513297899870492014e+00
1.910239318847656250e+03 1.453377193770844542e+03 1.512081605404479445e+00
1.910260192871093750e+03 1.456545828866029296e+03 1.513097011554689564e+00
1.910281005859375000e+03 1.455471125392099339e+03 1.512442482098977248e+00
1.910301818847656250e+03 1.457858171871971308e+03 1.513725899993548785e+00
1.910322692871093750e+03 1.455560421401820122e+03 1.512522008436250287e+00
1.910343505859375000e+03 1.454619625527890321e+03 1.512953143375660892e+00
1.910364318847656250e+03 1.456826892074846455e+03 1.513026497371224632e+00
1.910385192871093750e+03 1.456393885349182938e+03 1.514408842772124730e+00
1.910406005859375000e+03 1.456379319551260778e+03 1.516304886116216499e+00
1.910426818847656250e+03 1.458053869599673135e+03 1.513766378098330367e+00
1.910447692871093750e+03 1.459733610092413528e+03 1.514300918309983146e+00
1.910468505859375000e+03 1.455778399836364770e+03 1.513572719156541568e+00
1.910489318847656250e+03 1.455054567489766669e+03 1.511788615502394295e+00
1.910510192871093750e+03 1.458490393604141445e+03 1.513268122815498051e+00
1.910531005859375000e+03 1.456858620237564992e+03 1.512502068131979627e+00
1.910551818847656250e+03 1.457567727431726780e+03 1.512117239700791815e+00
1.910572692871093750e+03 1.455623287157930008e+03 1.512753942940597396e+00
1.910593505859375000e+03 1.457004700318839014e+03 1.512643930191734931e+00
1.910614318847656250e+03 1.456619434744657838e+03 1.513763464340948772e+00
1.910635192871093750e+03 1.456559137860202100e+03 1.513064945735654199e+00
1.910656005859375000e+03 1.455490660232466098e+03 1.511811403890050975e+00
1.910676818847656250e+03 1.456386353595740275e+03 1.515851583945932113e+00
1.910697692871093750e+03 1.456273231177333173e+03 1.512485122607494903e+00
1.910718505859375000e+03 1.454120974569997315e+03 1.514385936034763791e+00
1.910739318847656250e+03 1.457503974662411792e+03 1.516960420910716811e+00
1.910760192871093750e+03 1.456252628478511042e+03 1.512066153103456045e+00
1.910781005859375000e+03 1.455092112522318303e+03 1.511710154585342636e+00
1.910801818847656250e+03 1.458165286072492790e+03 1.512364133927437404e+00
1.910822692871093750e+03 1.457517367469386500e+03 1.514433402188120725e+00
1.910843505859375000e+03 1.453674141484237680e+03 1.513625723842807247e+00
1.910864318847656250e+03 1.458453237329947115e+03 1.518596292888648724e+00
1.910885192871093750e+03 1.453112751686073125e+03 1.513480094327607439e+00
1.910906005859375000e+03 1.455353734932121824e+03 1.512283889842301665e+00
1.910926818847656250e+03 1.456029027350035676e+03 1.512374380900896931e+00
1.910947631835937500e+03 1.456617328734090279e+03 1.512949912881635939e+00
1.910968444824218750e+03 1.458466009037556660e+03 1.514130238689844532e+00
1.910989318847656250e+03 1.455663215461578602e+03 1.511789088621200872e+00
1.911010131835937500e+03 1.454499453843890478e+03 1.513575790801211074e+00
1.911030944824218750e+03 1.454627788187822262e+03 1.512706187672737901e+00
1.911051818847656250e+03 1.456917391751390824e+03 1.512270173826026021e+00
1.911072631835937500e+03 1.455641863083703356e+03 1.512857092326425956e+00
1.911093444824218750e+03 1.456572521793656506e+03 1.511990308397507032e+00
1.911114318847656250e+03 1.456176454315480441e+03 1.513006327346712254e+00
1.911135131835937500e+03 1.455349107066907436e+03 1.513976311371093564e+00
1.911155944824218750e+03 1.455414185037803463e+03 1.511716620865143135e+00
1.911176818847656250e+03 1.455571268403614795e+03 1.511648171524467621e+00
1.911197631835937500e+03 1.456118600054332774e+03 1.512294925627153175e+00
1.911218444824218750e+03 1.456831139087287511e+03 1.512729435062405203e+00
1.911239318847656250e+03 1.457069868661827968e+03 1.515729998854710381e+00
1.911260131835937500e+03 1.456881172174739731e+03 1.511638313933223454e+00
1.911280944824218750e+03 1.456648823685010939e+03 1.511964526638314377e+00
1.911301818847656250e+03 1.456669688228395216e+03 1.511981951055832996e+00
1.911322631835937500e+03 1.456910738576588074e+03 1.513264262783987402e+00
1.911343444824218750e+03 1.458467217375359951e+03 1.512531072124015941e+00
1.911364318847656250e+03 1.455016656235705796e+03 1.515730942631656530e+00
1.911385131835937500e+03 1.456502149404887405e+03 1.512189530593760489e+00
1.911405944824218750e+03 1.456901132326058814e+03 1.513725269975581211e+00
1.911426818847656250e+03 1.453423571813270200e+03 1.517461863106102982e+00
1.911447631835937500e+03 1.455729579996066377e+03 1.512408825987351380e+00
1.911468444824218750e+03 1.457403558770908148e+03 1.512157209029519667e+00
1.911489318847656250e+03 1.454685122526419491e+03 1.512002844323404593e+00
1.911510131835937500e+03 1.452328990172627300e+03 1.512107937023018156e+00
1.911530944824218750e+03 1.457102367001986750e+03 1.512061501614572867e+00
1.911551818847656250e+03 1.452593085995180218e+03 1.512972604986399405e+00
1.911572631835937500e+03 1.451964879775677673e+03 1.513050764075614119e+00
1.911593444824218750e+03 1.455926335904050120e+03 1.520154967188404260e+00
1.911614318847656250e+03 1.453725590984058726e+03 1.516460306500237998e+00
1.911635131835937500e+03 1.452496642933737121e+03 1.517981673189086722e+00
1.911655944824218750e+03 1.454373024782215907e+03 1.517827115443082242e+00
1.911676818847656250e+03 1.452280086175148654e+03 1.515548310846729807e+00
1.911697631835937500e+03 1.453956091053989212e+03 1.517087722153127149e+00
1.911718444824218750e+03 1.453258110558577528e+03 1.513763070589521087e+00
1.911739318847656250e+03 1.456064478058182885e+03 1.513296403154199776e+00
1.911760131835937500e+03 1.454984636137095322e+03 1.512613036920841481e+00
1.911780944824218750e+03 1.455061251947107394e+03 1.512173212231820996e+00
1.911801818847656250e+03 1.456004621542283758e+03 1.513555313052332929e+00
1.911822631835937500e+03 1.454143717125593412e+03 1.512993799735183664e+00
1.911843444824218750e+03 1.454655744893622796e+03 1.514519829273601736e+00
1.911864318847656250e+03 1.451779446254752202e+03 1.515498126510524290e+00
1.911885131835937500e+03 1.452451883499095402e+03 1.511320707372474592e+00
1.911905944824218750e+03 1.451951038992573785e+03 1.511656136411239526e+00
1.911947631835937500e+03 1.453594597584517714e+03 1.512444294936191813e+00
1.911968444824218750e+03 1.452488772676814506e+03 1.513315072614650703e+00
1.911989318847656250e+03 1.452109447518042316e+03 1.511750450097621545e+00
1.912010131835937500e+03 1.449653650404063455e+03 1.511100386288550368e+00
1.912030944824218750e+03 1.451991654544101721e+03 1.513515616934651309e+00
1.912051818847656250e+03 1.451154867884262330e+03 1.512720608976873882e+00
1.912072631835937500e+03 1.452488009553228494e+03 1.514692983458021835e+00
1.912093444824218750e+03 1.451019662899637979e+03 1.510654834078658748e+00
1.912114318847656250e+03 1.450576839442338951e+03 1.512162569726987149e+00
1.912135131835937500e+03 1.450884955680606936e+03 1.511311794181928070e+00
1.912155944824218750e+03 1.451910464486792534e+03 1.512688613985128550e+00
1.912176818847656250e+03 1.452410323102574921e+03 1.514729028521666354e+00
1.912197631835937500e+03 1.452881973991680525e+03 1.511414016645311609e+00
1.912218444824218750e+03 1.454591891343093039e+03 1.512908073421199928e+00
1.912239318847656250e+03 1.452144403720886430e+03 1.511282214633069554e+00
1.912260131835937500e+03 1.450744724387300494e+03 1.511286474123786583e+00
1.912280944824218750e+03 1.452014596899711250e+03 1.511934723322975183e+00
1.912301818847656250e+03 1.451565472867428525e+03 1.512570163581134386e+00
1.912322631835937500e+03 1.452579465225726608e+03 1.510877587157220203e+00
1.912343444824218750e+03 1.455617330675475387e+03 1.512010570817154509e+00
1.914426818847656250e+03 1.451933990083289700e+03 2.034036690845224093e+00
1.914447631835937500e+03 1.454873076716187597e+03 2.015842159904257080e+00
1.914468444824218750e+03 1.453020769658189693e+03 2.002592552227441036e+00
1.914489318847656250e+03 1.456125783016474998e+03 1.997526785392830906e+00
1.914510131835937500e+03 1.451747770084247122e+03 1.988718640495604983e+00
1.914530944824218750e+03 1.453695987127035096e+03 1.983951553460792550e+00
1.914551818847656250e+03 1.452966003706996617e+03 1.980036520958291080e+00
1.914572631835937500e+03 1.448773058389726884e+03 1.976950626187044646e+00
1.914593444824218750e+03 1.451858999806527208e+03 1.978574128712252245e+00
1.914614318847656250e+03 1.450579104384639095e+03 1.977252221673809096e+00
1.914635131835937500e+03 1.451052511373554125e+03 1.977473836694379816e+00
1.914655944824218750e+03 1.448547343436784331e+03 1.977571855437978865e+00
1.914676818847656250e+03 1.447438185541580424e+03 1.971970663757783626e+00
1.914697631835937500e+03 1.449220713050104223e+03 1.966273551649510898e+00
1.914718444824218750e+03 1.451007812101132913e+03 1.958121173269244508e+00
1.914739257812500000e+03 1.445956912740186681e+03 1.946392877683923883e+00
1.914760070800781250e+03 1.447230598513266159e+03 1.932988544116384766e+00
1.914780944824218750e+03 1.449221049905221889e+03 1.922446995414972104e+00
1.914801757812500000e+03 1.450560587748663693e+03 1.909616218476287486e+00
1.914822570800781250e+03 1.451151837108491463e+03 1.899090627085670002e+00
1.914843444824218750e+03 1.445615400826152154e+03 1.888205438117111834e+00
1.914864257812500000e+03 1.451541497542867546e+03 1.875360835640698998e+00
1.914885070800781250e+03 1.453422396755941691e+03 1.867353423978260984e+00
1.914905944824218750e+03 1.443279787377559614e+03 1.854507422120974525e+00
1.914926757812500000e+03 1.448639219742598470e+03 1.849312682963129006e+00
1.914947570800781250e+03 1.451724016087080599e+03 1.845352317128538200e+00
1.914968444824218750e+03 1.449806334124529030e+03 1.841028823983292373e+00
1.914989257812500000e+03 1.451459663477521872e+03 1.837484933181545710e+00
1.915010070800781250e+03 1.445279515245092171e+03 1.832904469295615790e+00
1.915030944824218750e+03 1.447560672480384937e+03 1.827786080007561820e+00
1.915051757812500000e+03 1.448374348557865460e+03 1.820648162411596882e+00
1.915072570800781250e+03 1.448149495656909721e+03 1.815123665119744434e+00
1.915093444824218750e+03 1.452691772600648392e+03 1.805457805367627788e+00
1.915114257812500000e+03 1.447217185307964883e+03 1.792989959258917798e+00
1.915135070800781250e+03 1.449615176863349234e+03 1.784797081406078068e+00
1.915155944824218750e+03 1.448760008803641995e+03 1.776796562725831974e+00
1.915176757812500000e+03 1.446927469534853117e+03 1.771828278425121139e+00
1.915197570800781250e+03 1.452627527469008783e+03 1.767658581667677087e+00
1.915218444824218750e+03 1.449949734026175520e+03 1.764235363203720652e+00
1.915239257812500000e+03 1.449334655421422212e+03 1.763930934328130640e+00
1.915260070800781250e+03 1.445100402885908807e+03 1.758268983696966048e+00
1.915280944824218750e+03 1.449527688701431771e+03 1.756964313594093552e+00
1.915301757812500000e+03 1.446514549439670645e+03 1.748756511858799323e+00
1.915322570800781250e+03 1.447636246151156001e+03 1.741998294426557070e+00
1.915343444824218750e+03 1.448449945725419411e+03 1.733762959581054863e+00
1.915364257812500000e+03 1.450080659039430202e+03 1.726858950749861288e+00
1.915385070800781250e+03 1.448027513210492771e+03 1.716266016208184864e+00
1.915405944824218750e+03 1.450576363944777768e+03 1.707868567102201585e+00
1.915426757812500000e+03 1.452348376949889371e+03 1.697698505014427761e+00
1.915447570800781250e+03 1.452689965782548597e+03 1.691971541244301047e+00
1.915468444824218750e+03 1.449977435481612247e+03 1.688590297983127986e+00
1.915489257812500000e+03 1.455680401137005447e+03 1.692243478963930681e+00
1.915510070800781250e+03 1.450021237250097329e+03 1.686326289844199300e+00
1.915530944824218750e+03 1.451879049501139434e+03 1.685757266956038558e+00
1.915551757812500000e+03 1.450776101388940788e+03 1.685095097719278234e+00
1.915572570800781250e+03 1.452142612244893598e+03 1.684725776906922601e+00
1.915593444824218750e+03 1.453283366007890891e+03 1.684488647250572679e+00
1.915614257812500000e+03 1.455076075625012436e+03 1.686187233516672546e+00
1.915635070800781250e+03 1.452489033709583737e+03 1.686013732827077005e+00
1.915655944824218750e+03 1.451803941397050266e+03 1.686681054221044196e+00
1.915676757812500000e+03 1.453503252549611034e+03 1.688814146008103645e+00
1.915697570800781250e+03 1.449979782214377792e+03 1.684499970225206145e+00
1.915718444824218750e+03 1.450821367680075809e+03 1.680638101965754139e+00
1.915739257812500000e+03 1.453126055505738123e+03 1.677545787794689325e+00
1.915760070800781250e+03 1.452558702471535753e+03 1.674482931920906026e+00
1.915780944824218750e+03 1.454378735661424798e+03 1.671663288722835983e+00
1.915801757812500000e+03 1.454626577766349101e+03 1.667866831039805708e+00
1.915822570800781250e+03 1.452086344128934343e+03 1.662660823299864088e+00
1.915843444824218750e+03 1.450538724358618992e+03 1.658541407862045958e+00
1.915864257812500000e+03 1.451555672232674169e+03 1.652612903218019236e+00
1.915885070800781250e+03 1.450644392675499830e+03 1.649192239538341820e+00
1.915905944824218750e+03 1.447953528040483889e+03 1.644384527117201067e+00
1.915926757812500000e+03 1.448903763681613327e+03 1.643009451209181293e+00
1.915947570800781250e+03 1.449045637514434020e+03 1.641925913613427435e+00
1.915968444824218750e+03 1.450179936448058697e+03 1.643485998847818985e+00
1.915989257812500000e+03 1.451277414632524142e+03 1.643166090958237735e+00
1.916010070800781250e+03 1.451572384626368375e+03 1.642994287050220770e+00
1.916030944824218750e+03 1.453326492006379340e+03 1.642535668367582469e+00
1.916051757812500000e+03 1.450496126730494098e+03 1.645092576155428477e+00
1.916072570800781250e+03 1.450214133923506552e+03 1.638838312837785693e+00
1.916093444824218750e+03 1.448916258533766268e+03 1.637202735301364953e+00
1.916114257812500000e+03 1.448286584558996310e+03 1.631492263518405483e+00
1.916135070800781250e+03 1.447246990689487120e+03 1.629833442392816023e+00
1.916155944824218750e+03 1.450741083197098305e+03 1.623170409568051031e+00
1.916176757812500000e+03 1.451196578507206141e+03 1.619186051011030747e+00
1.916197570800781250e+03 1.445540345972727891e+03 1.617347377669473119e+00
1.916218444824218750e+03 1.446331956796062059e+03 1.614929465652098495e+00
1.916239257812500000e+03 1.445368314617276155e+03 1.613798414194063335e+00
1.916260070800781250e+03 1.447947240632317062e+03 1.614769127113087732e+00
1.916280944824218750e+03 1.450031195943563489e+03 1.615223304498413670e+00
1.916301757812500000e+03 1.449541274328295003e+03 1.613275412486601335e+00
1.916322570800781250e+03 1.451147632628984411e+03 1.611749027650118737e+00
1.916343444824218750e+03 1.451957034261674607e+03 1.609449292292192357e+00
1.916364257812500000e+03 1.451892398523725660e+03 1.607632777305650906e+00
1.916385070800781250e+03 1.449290432094526523e+03 1.605290683793398454e+00
1.916405944824218750e+03 1.450618914728560185e+03 1.604909089267816835e+00
1.916426757812500000e+03 1.450916470202328810e+03 1.598783584969711846e+00
1.916447570800781250e+03 1.449760592726170671e+03 1.595312213057026085e+00
1.916468444824218750e+03 1.451515897487786788e+03 1.598145500949713416e+00
1.916489257812500000e+03 1.452001837305296704e+03 1.592612964210693871e+00
1.916510070800781250e+03 1.454544254409330733e+03 1.595306533966715401e+00
1.916530944824218750e+03 1.453377245483941124e+03 1.591332041265386410e+00
1.916551757812500000e+03 1.453870017758761833e+03 1.590444690249912751e+00
1.916572570800781250e+03 1.453158819305679117e+03 1.588201551037376813e+00
1.916593444824218750e+03 1.453712909409567601e+03 1.587410003634241118e+00
1.916614257812500000e+03 1.452857985547900853e+03 1.586476427034762882e+00
1.916635070800781250e+03 1.452348154357555586e+03 1.588592561834106132e+00
1.916655944824218750e+03 1.452841381397732221e+03 1.587522719813890815e+00
1.916676757812500000e+03 1.452377081131075329e+03 1.587845354736944214e+00
1.916697570800781250e+03 1.452046788814258662e+03 1.586622494248320248e+00
1.916718444824218750e+03 1.454725057366523288e+03 1.587836420651944636e+00
1.916739257812500000e+03 1.454798352156530655e+03 1.586598601457409163e+00
1.916760070800781250e+03 1.454221427645604763e+03 1.587357960751998753e+00
1.916780944824218750e+03 1.453074006795726064e+03 1.584408027259544882e+00
1.916801757812500000e+03 1.454158002853943572e+03 1.583914909297728046e+00
1.916822570800781250e+03 1.455828739764451029e+03 1.582752807335118028e+00
1.916843444824218750e+03 1.452960168725503536e+03 1.579227326904750761e+00
1.916864257812500000e+03 1.453247715324605224e+03 1.576549763623332767e+00
1.916885070800781250e+03 1.455477057444534239e+03 1.574622393558770872e+00
1.916905944824218750e+03 1.453197680023033854e+03 1.572334164849237270e+00
1.916926757812500000e+03 1.454316342260774036e+03 1.570801995501939663e+00
1.916947570800781250e+03 1.452704070809886161e+03 1.569685322028868013e+00
1.916968444824218750e+03 1.456576402909794524e+03 1.570296026494554020e+00
1.916989257812500000e+03 1.456211639047993003e+03 1.571549796407514688e+00
1.917010070800781250e+03 1.456285871202822136e+03 1.574674933054644566e+00
1.917030944824218750e+03 1.454347071866190845e+03 1.570125663612018441e+00
1.917051757812500000e+03 1.455970337701886137e+03 1.569444406935129654e+00
1.917072570800781250e+03 1.457034321867229437e+03 1.571241644789301839e+00
1.917093444824218750e+03 1.457019446399528988e+03 1.570717678652498783e+00
1.917114257812500000e+03 1.454968405765325770e+03 1.566447497654784415e+00
1.917135070800781250e+03 1.457476697238953875e+03 1.563567140470401684e+00
1.917155944824218750e+03 1.457323035285340438e+03 1.561674968340510006e+00
1.917176757812500000e+03 1.457168666372107282e+03 1.561580769033328542e+00
1.917197570800781250e+03 1.454610952618907277e+03 1.558982399117468054e+00
1.917218444824218750e+03 1.456512987759447014e+03 1.561296915367996974e+00
1.917239257812500000e+03 1.456596688125334140e+03 1.558361906241873429e+00
1.917260070800781250e+03 1.455822237178712385e+03 1.557116886737280881e+00
1.917280944824218750e+03 1.456301383235505682e+03 1.558416753293874635e+00
1.917301757812500000e+03 1.455719950108785724e+03 1.557371037564593941e+00
1.917322570800781250e+03 1.459147732040082701e+03 1.555954230211499922e+00
1.917343444824218750e+03 1.455307014168798332e+03 1.555763140897991059e+00
1.917364257812500000e+03 1.458960423734745063e+03 1.557125078389776096e+00
1.917385070800781250e+03 1.457418552086672662e+03 1.556173946253414542e+00
1.917405944824218750e+03 1.455555635370011714e+03 1.554203667426086843e+00
1.917426757812500000e+03 1.456179019903198878e+03 1.555390472205166574e+00
1.917447570800781250e+03 1.457470055835976837e+03 1.551893628024368477e+00
1.917468444824218750e+03 1.456046035150239504e+03 1.552588958648689621e+00
1.917489257812500000e+03 1.450101810411222459e+03 1.550149784234220895e+00
1.917510070800781250e+03 1.449086185495325026e+03 1.548748230767644340e+00
1.917530944824218750e+03 1.451762834559202929e+03 1.550528556164656901e+00
1.917551757812500000e+03 1.452093588116565343e+03 1.547104327224381626e+00
1.917572570800781250e+03 1.455297321746069883e+03 1.548085442331405215e+00
1.917593444824218750e+03 1.454330786503586751e+03 1.546656814754832299e+00
1.917614257812500000e+03 1.453422849458823748e+03 1.548888312345300555e+00
1.917635070800781250e+03 1.455988534638647934e+03 1.546556382166196508e+00
1.917655944824218750e+03 1.455128496669723518e+03 1.546898273331471785e+00
1.917676757812500000e+03 1.457000129906386064e+03 1.548295880875198760e+00
1.917697570800781250e+03 1.454421416974489375e+03 1.551762498640855359e+00
1.917718444824218750e+03 1.455303842565775767e+03 1.546808260624275899e+00
1.917739257812500000e+03 1.456948078252265532e+03 1.547452799457767814e+00
1.917760070800781250e+03 1.456742354436337564e+03 1.546827065081548991e+00
1.917780944824218750e+03 1.455035001724126914e+03 1.545844997077528538e+00
1.917801757812500000e+03 1.458821747490024791e+03 1.545189758301599658e+00
1.917822570800781250e+03 1.459236892668047631e+03 1.547873819955312591e+00
1.917843444824218750e+03 1.455660624224578441e+03 1.543470006717445830e+00
1.917864257812500000e+03 1.455892941735022305e+03 1.542998571952707731e+00
1.917885070800781250e+03 1.452525226114677707e+03 1.541790398796016648e+00
1.917905944824218750e+03 1.455089628015202379e+03 1.540860437815334105e+00
1.917926757812500000e+03 1.457032603661001531e+03 1.542116262844826169e+00
1.917947570800781250e+03 1.457917283539269420e+03 1.539778489617458890e+00
1.917968444824218750e+03 1.455228846380459345e+03 1.541029704021157798e+00
1.917989257812500000e+03 1.457511894292206080e+03 1.540348193698687806e+00
1.918010070800781250e+03 1.456370922078924195e+03 1.540196267415303799e+00
1.918030944824218750e+03 1.456603421110129148e+03 1.543044926175371145e+00
1.918051757812500000e+03 1.459710062672711274e+03 1.540804656349704427e+00
1.918072570800781250e+03 1.456606133650093625e+03 1.540454293285834275e+00
1.918093383789062500e+03 1.458850450160061655e+03 1.542270086950695340e+00
1.918114196777343750e+03 1.458349965940349648e+03 1.541445286638825074e+00
1.918135070800781250e+03 1.453470182175123682e+03 1.538786422831424749e+00
1.918155883789062500e+03 1.457951135722270692e+03 1.538359893136966194e+00
1.918176696777343750e+03 1.456620715998675678e+03 1.537762010160606208e+00
1.918197570800781250e+03 1.456721275667245436e+03 1.541533215219668351e+00
1.918218383789062500e+03 1.458195151314035456e+03 1.536158887056198408e+00
1.918239196777343750e+03 1.459688671356543637e+03 1.537865962692380961e+00
1.918260070800781250e+03 1.453104229361161515e+03 1.538542064063197934e+00
1.918280883789062500e+03 1.454769079734138813e+03 1.536092147725425683e+00
1.918301696777343750e+03 1.453205082789121661e+03 1.535227145433789575e+00
1.918322570800781250e+03 1.456119712984274429e+03 1.537134269696952105e+00
1.918343383789062500e+03 1.456451411347048634e+03 1.535480105962788056e+00
1.918364196777343750e+03 1.456990439308880013e+03 1.537816661696528531e+00
1.918385070800781250e+03 1.456011698641826570e+03 1.534379835567895922e+00
1.918405883789062500e+03 1.456533864684712171e+03 1.533706407494885848e+00
1.918426696777343750e+03 1.452293146794403583e+03 1.533493189495275688e+00
1.918447570800781250e+03 1.457750679467933878e+03 1.532937424106077362e+00
1.918468383789062500e+03 1.457028275476867975e+03 1.532432877780408376e+00
1.918489196777343750e+03 1.455877836798008730e+03 1.531882175038100868e+00
1.918510070800781250e+03 1.456291487929936011e+03 1.531526657335786190e+00
1.918530883789062500e+03 1.456034641446452952e+03 1.530975550754703374e+00
1.918551696777343750e+03 1.453458974363553580e+03 1.530778150455069930e+00
1.918572570800781250e+03 1.456815566801406476e+03 1.530340820075380970e+00
1.918593383789062500e+03 1.456549848307019147e+03 1.532802728744299792e+00
1.918614196777343750e+03 1.454434625757022332e+03 1.533167358758781740e+00
1.918635070800781250e+03 1.454526932771925885e+03 1.532053366914314152e+00
1.918655883789062500e+03 1.458629979899592627e+03 1.531684658095687546e+00
1.918676696777343750e+03 1.454067583017121251e+03 1.531779762024999769e+00
1.918697570800781250e+03 1.452493833300394044e+03 1.530068077617317890e+00
1.918718383789062500e+03 1.457506721341631646e+03 1.535754293573318163e+00
1.918739196777343750e+03 1.455112547818479925e+03 1.533164870641395616e+00
1.918760070800781250e+03 1.458173067823347537e+03 1.530355698371328899e+00
1.918780883789062500e+03 1.454476787858124908e+03 1.531913535708474994e+00
1.918801696777343750e+03 1.455299624563957877e+03 1.528602569158467039e+00
1.918822570800781250e+03 1.456829314471465523e+03 1.528850777798522298e+00
1.918843383789062500e+03 1.453079210758534145e+03 1.527278810959626254e+00
1.918864196777343750e+03 1.452884080892491966e+03 1.527367086793222084e+00
1.918885070800781250e+03 1.453785539437324132e+03 1.530272268989861795e+00
1.918905883789062500e+03 1.456116086918849305e+03 1.533238035156897050e+00
1.918926696777343750e+03 1.454801833197086353e+03 1.528445497693508015e+00
1.918947570800781250e+03 1.455153880136444286e+03 1.527073126425292582e+00
1.918968383789062500e+03 1.456227556810186115e+03 1.527798089942382420e+00
1.918989196777343750e+03 1.457048741391195335e+03 1.527839209544897825e+00
1.919010070800781250e+03 1.454893546915530806e+03 1.526525175639819709e+00
1.919030883789062500e+03 1.454802415997960907e+03 1.529171447677137197e+00
1.919051696777343750e+03 1.455723667747789705e+03 1.526059598676329010e+00
1.919072570800781250e+03 1.453930292628016332e+03 1.526024368066573045e+00
1.919093383789062500e+03 1.455497513980765689e+03 1.526943222564183023e+00
1.919114196777343750e+03 1.453890017491241906e+03 1.525180230668804926e+00
1.919135070800781250e+03 1.454002478299919858e+03 1.528078570762466448e+00
1.919155883789062500e+03 1.452545876543870463e+03 1.528531054509796316e+00
1.919176696777343750e+03 1.455633538497143718e+03 1.525191329460399814e+00
1.919197570800781250e+03 1.454182987512605223e+03 1.524813377968341932e+00
1.919218383789062500e+03 1.456677110101537892e+03 1.524057350236030839e+00
1.919239196777343750e+03 1.456698946976412799e+03 1.525806404527550120e+00
1.919260070800781250e+03 1.453213703552897641e+03 1.523867580643269548e+00
1.919280883789062500e+03 1.454896907066653057e+03 1.523594461815849455e+00
1.919301696777343750e+03 1.458720850369999198e+03 1.525333887038986314e+00
1.919322570800781250e+03 1.453385760023976900e+03 1.524706268163758871e+00
1.919343383789062500e+03 1.454190717988276219e+03 1.522615338045485212e+00
1.919364196777343750e+03 1.456378593931504611e+03 1.523128536879260642e+00
1.919385070800781250e+03 1.456733995366306772e+03 1.522400253486110966e+00
1.919405883789062500e+03 1.455579068327841696e+03 1.522259222325032635e+00
1.919426696777343750e+03 1.456890714796326165e+03 1.522884405431922161e+00
1.919447570800781250e+03 1.454027349273258096e+03 1.525656546298207017e+00
1.919468383789062500e+03 1.453526950581652954e+03 1.520947421597846239e+00
1.919489196777343750e+03 1.456701464376498734e+03 1.521248913077324350e+00
1.919510070800781250e+03 1.457407767282245004e+03 1.520652925773482433e+00
1.919530883789062500e+03 1.455744267144172909e+03 1.520578371737125067e+00
1.919551696777343750e+03 1.455765511310883085e+03 1.520307876877846853e+00
1.919572570800781250e+03 1.454108165513651329e+03 1.520634503191796938e+00
1.919593383789062500e+03 1.455449426897192552e+03 1.521004088060853077e+00
1.919614196777343750e+03 1.454581027983758986e+03 1.522240662559756430e+00
1.919635070800781250e+03 1.455924800953831436e+03 1.520563946559358559e+00
1.919655883789062500e+03 1.454897598024604349e+03 1.521262156329016291e+00
1.919676696777343750e+03 1.456253976171518161e+03 1.520635757502311503e+00
1.919697570800781250e+03 1.456823168923471258e+03 1.520801395795082334e+00
1.919718383789062500e+03 1.453477780567236096e+03 1.519913416956355956e+00
1.919739196777343750e+03 1.454801429279331387e+03 1.519328125858686374e+00
1.919760070800781250e+03 1.453429689506898967e+03 1.518682718552738731e+00
1.919780883789062500e+03 1.455261457698673894e+03 1.519497280182433130e+00
1.919801696777343750e+03 1.454572059008022961e+03 1.520708584132612229e+00
1.919822570800781250e+03 1.454728311807645241e+03 1.517780697925104949e+00
1.919843383789062500e+03 1.457151420811387425e+03 1.521095549391831891e+00
1.919864196777343750e+03 1.456335646100279519e+03 1.521334561181694411e+00
1.919885070800781250e+03 1.453754279586820985e+03 1.516915234258867873e+00
1.919905883789062500e+03 1.455706564497968884e+03 1.517497528174710952e+00
1.919926696777343750e+03 1.455789114545422763e+03 1.522781465567604187e+00
1.919947570800781250e+03 1.454875793881422396e+03 1.518801241665669988e+00
1.919968383789062500e+03 1.454165451281249261e+03 1.517562178794318095e+00
1.919989196777343750e+03 1.454909621292388010e+03 1.516781788254105257e+00
1.920010070800781250e+03 1.456213814659107584e+03 1.516974801771471260e+00
1.920030883789062500e+03 1.452376806608825063e+03 1.516606200064343879e+00
1.920051696777343750e+03 1.455413629861324807e+03 1.518954130669280866e+00
1.920072570800781250e+03 1.454994011095669521e+03 1.517921831050816683e+00
1.920093383789062500e+03 1.454046975980041680e+03 1.519811295540981044e+00
1.920114196777343750e+03 1.455480910585167067e+03 1.517061476968663891e+00
1.920135070800781250e+03 1.455206287285939879e+03 1.518177832056750498e+00
1.920155883789062500e+03 1.454512404893968551e+03 1.515052766038402776e+00
1.920176696777343750e+03 1.455756855538708351e+03 1.516122559351642751e+00
1.920197570800781250e+03 1.453566822970642079e+03 1.514291077987343304e+00
1.920218383789062500e+03 1.454239024056651715e+03 1.515146632258899118e+00
1.920239196777343750e+03 1.456973165648813165e+03 1.514413959349968364e+00
1.920260070800781250e+03 1.454733296978776252e+03 1.514147795645492955e+00
1.920280883789062500e+03 1.452413649648939099e+03 1.514012137285006609e+00
1.920301696777343750e+03 1.453599502362980502e+03 1.514638678139899719e+00
1.920322570800781250e+03 1.458422251805997348e+03 1.514575398182535171e+00
1.920343383789062500e+03 1.457832482778211443e+03 1.514439935555435435e+00
1.920385070800781250e+03 1.454755834833297968e+03 1.514646076370258276e+00
1.920405883789062500e+03 1.456273701300635366e+03 1.515074875872919558e+00
1.920426696777343750e+03 1.455517368127171494e+03 1.515362510367251447e+00
1.920447570800781250e+03 1.455276471858788000e+03 1.513909539053686082e+00
1.920468383789062500e+03 1.453631170387019893e+03 1.515195726775535379e+00
1.920489196777343750e+03 1.455724295753957449e+03 1.515011928876489611e+00
1.920510070800781250e+03 1.454977277903916956e+03 1.515772782819091224e+00
1.920530883789062500e+03 1.455713064206126546e+03 1.513557754644631048e+00
1.920551696777343750e+03 1.456365637701727337e+03 1.513556258185302594e+00
1.920572570800781250e+03 1.457038281162291241e+03 1.515160164880626992e+00
1.920593383789062500e+03 1.456965988879825545e+03 1.514214478729682734e+00
1.920614196777343750e+03 1.453669226895095562e+03 1.515846629504749243e+00
1.920635070800781250e+03 1.454822256418450024e+03 1.512568114457264024e+00
1.920655883789062500e+03 1.456512006246296096e+03 1.513448824291723449e+00
1.920676696777343750e+03 1.455201930652740884e+03 1.515510240123137731e+00
1.920697570800781250e+03 1.453220648137782291e+03 1.511931884881350774e+00
1.920718383789062500e+03 1.459158351909237354e+03 1.513636434816967524e+00
1.920739196777343750e+03 1.455214617778428419e+03 1.513466231620640201e+00
1.920760070800781250e+03 1.454405481306033835e+03 1.513890955667902771e+00
1.920780883789062500e+03 1.453783639670191178e+03 1.512053460023768059e+00
1.920801696777343750e+03 1.452602159543701646e+03 1.515075111919234274e+00
1.920822570800781250e+03 1.452299685714261614e+03 1.512438856418029332e+00
1.920843383789062500e+03 1.455883261510079819e+03 1.514487951004696242e+00
1.920864196777343750e+03 1.456224638576910820e+03 1.513424485202039316e+00
1.920885070800781250e+03 1.454473324777962262e+03 1.513021612468087751e+00
1.920905883789062500e+03 1.454085125437949728e+03 1.513535465123632795e+00
1.920926696777343750e+03 1.453964541929423604e+03 1.512855437578953577e+00
1.920947570800781250e+03 1.455330960096494664e+03 1.513215578276036810e+00
1.920968383789062500e+03 1.455407707933802840e+03 1.515640966586928151e+00
1.920989196777343750e+03 1.454915444189304026e+03 1.516004062717600132e+00
1.921010070800781250e+03 1.456340824374525027e+03 1.513733066429473695e+00
1.921030883789062500e+03 1.455639956862588861e+03 1.512101078232412910e+00
1.921072570800781250e+03 1.454733909550534463e+03 1.513589494986099293e+00
1.921093383789062500e+03 1.452571491271661898e+03 1.516789411810846699e+00
1.921114196777343750e+03 1.456099944819929533e+03 1.512334102012994341e+00
1.921135070800781250e+03 1.457229103295533832e+03 1.514983680561663437e+00
1.921155883789062500e+03 1.456767870094314731e+03 1.512353650413509332e+00
1.921176696777343750e+03 1.456075886103590619e+03 1.512701774568589341e+00
1.921197570800781250e+03 1.456146203649696872e+03 1.512532963669394936e+00
1.921218383789062500e+03 1.458197712905481012e+03 1.512767418164256528e+00
1.921239196777343750e+03 1.455409503153689002e+03 1.511961372876125420e+00
1.921260070800781250e+03 1.452501249808421562e+03 1.512386598355437650e+00
1.921280883789062500e+03 1.455699656496578655e+03 1.515760749951168718e+00
1.921301696777343750e+03 1.457285000317148615e+03 1.512925014208421848e+00
1.921322570800781250e+03 1.456704865110498304e+03 1.513276473054056881e+00
1.921343383789062500e+03 1.456248476860501796e+03 1.516056274718320829e+00
1.921364196777343750e+03 1.455828864733321552e+03 1.518611050752633584e+00
1.921385070800781250e+03 1.456355966308874031e+03 1.515238919193527600e+00
1.921405883789062500e+03 1.456179794355213289e+03 1.513661243032217163e+00
1.921426696777343750e+03 1.455990041620747661e+03 1.515031442725093713e+00
1.921447570800781250e+03 1.454169949396717129e+03 1.513421413250279235e+00
1.921468383789062500e+03 1.453879771925507384e+03 1.514388769876723329e+00
1.921489196777343750e+03 1.455601638569594115e+03 1.516359682070697268e+00
1.921510070800781250e+03 1.456953493459651327e+03 1.515557985692268295e+00
1.921530883789062500e+03 1.454546599605220308e+03 1.511885365217616073e+00
1.921551696777343750e+03 1.454055428123760294e+03 1.513201319248190124e+00
1.921572570800781250e+03 1.453726346559142939e+03 1.513664393252678986e+00
1.921593383789062500e+03 1.454626536506647881e+03 1.514016152884059441e+00
1.921614196777343750e+03 1.453566043670340150e+03 1.513741256600415142e+00
1.921635070800781250e+03 1.456192695030092864e+03 1.512883095263302780e+00
1.921655883789062500e+03 1.455929692286668796e+03 1.512909806905814003e+00
1.921676696777343750e+03 1.454360616782289071e+03 1.513007666770737503e+00
1.921697570800781250e+03 1.457956663671918250e+03 1.513717788492171978e+00
1.921718383789062500e+03 1.453528109827157095e+03 1.516387904752422910e+00
1.921739196777343750e+03 1.454293480751972766e+03 1.512268991405005369e+00
1.921760070800781250e+03 1.454092256371799067e+03 1.512671670550401526e+00
1.921780883789062500e+03 1.452409548559647192e+03 1.511988258487787284e+00
1.921801696777343750e+03 1.451377304956803300e+03 1.515152611804334137e+00
1.921822570800781250e+03 1.455535824056033334e+03 1.518571957799703664e+00
1.921843383789062500e+03 1.455026477194323661e+03 1.511721273415206568e+00
1.921864196777343750e+03 1.453948768321946545e+03 1.511405261751339157e+00
1.921885070800781250e+03 1.454501447847909731e+03 1.512608308303291293e+00
1.921905883789062500e+03 1.453009092585747112e+03 1.515337730004147065e+00
1.921926696777343750e+03 1.454147027141515991e+03 1.512864972051464418e+00
1.921947570800781250e+03 1.454082277243885073e+03 1.512327401898222012e+00
1.921968383789062500e+03 1.452121249838769472e+03 1.511809905702103718e+00
1.921989196777343750e+03 1.453099154071511293e+03 1.511548488600111817e+00
1.922010009765625000e+03 1.450718245097697718e+03 1.511791138800984591e+00
1.922030822753906250e+03 1.454027942190849444e+03 1.511982660643241383e+00
1.922051696777343750e+03 1.455632137255787484e+03 1.513543813887261225e+00
1.922072509765625000e+03 1.455531370662882637e+03 1.511942292474588889e+00
1.922093322753906250e+03 1.452471570789629368e+03 1.512350655110467956e+00
1.922114196777343750e+03 1.453845243243637469e+03 1.512786251755268818e+00
1.922135009765625000e+03 1.449032569459815477e+03 1.510213176129968637e+00
1.922155822753906250e+03 1.454069829028871936e+03 1.512541790849886825e+00
1.922176696777343750e+03 1.454903194533176247e+03 1.512504826687764314e+00
1.922197509765625000e+03 1.455448840810816137e+03 1.513235351622686187e+00
1.922218322753906250e+03 1.453439857515824087e+03 1.512645348745145224e+00
1.922239196777343750e+03 1.452682548527040353e+03 1.512633290998753433e+00
1.922260009765625000e+03 1.450412557167645673e+03 1.512772067482579308e+00
1.922280822753906250e+03 1.453411619818913550e+03 1.514336500382993389e+00
1.922301696777343750e+03 1.454258803346307332e+03 1.512019952935056422e+00
1.922322509765625000e+03 1.452798996725303823e+03 1.513013260822966943e+00
1.922343322753906250e+03 1.452877828617467912e+03 1.512235725581409396e+00
1.922364196777343750e+03 1.452747938174745741e+03 1.511317710022227923e+00
1.922385009765625000e+03 1.453133583796766061e+03 1.510979207833088145e+00
1.922405822753906250e+03 1.452060549580197858e+03 1.511834743889497013e+00
1.922426696777343750e+03 1.453052200386053983e+03 1.512646294446679862e+00
1.922447509765625000e+03 1.453085875817220312e+03 1.511223527094315733e+00
1.922468322753906250e+03 1.449836268178561340e+03 1.512208371381994265e+00
1.922489196777343750e+03 1.454021933184358204e+03 1.512022475847585312e+00
1.922510009765625000e+03 1.450155156345188971e+03 1.510248301976952368e+00
1.922530822753906250e+03 1.452557120253029098e+03 1.511293178853372110e+00
1.922551696777343750e+03 1.451622986088334073e+03 1.510502209926631423e+00
1.922572509765625000e+03 1.451367542526706075e+03 1.512855910364130363e+00
1.922593322753906250e+03 1.453947130940051011e+03 1.510706205130638580e+00
1.922614196777343750e+03 1.454954186433690666e+03 1.512237459836738740e+00
1.922635009765625000e+03 1.451555612064613342e+03 1.511312819595905799e+00
1.922655822753906250e+03 1.451325495336128824e+03 1.510780536187082523e+00
1.922676696777343750e+03 1.452085871940809056e+03 1.511307613640818781e+00
1.922697509765625000e+03 1.452747976422914235e+03 1.512674901638645375e+00
1.922718322753906250e+03 1.449320727579096001e+03 1.511836163202165517e+00
1.922739196777343750e+03 1.451459995835344216e+03 1.510962008540804424e+00
1.922760009765625000e+03 1.453646068241320563e+03 1.512344033893219919e+00
1.922780822753906250e+03 1.454238774976469358e+03 1.510989069724296252e+00
1.922801696777343750e+03 1.454306266651677788e+03 1.512221299653180973e+00
1.922822509765625000e+03 1.450885246489511246e+03 1.512389672409103936e+00
1.922843322753906250e+03 1.453145619017403078e+03 1.512186377300831941e+00
1.922864196777343750e+03 1.455476889697128399e+03 1.512797205074841056e+00
1.922885009765625000e+03 1.454807729401899451e+03 1.513156177903866473e+00
1.922905822753906250e+03 1.451223485338578939e+03 1.511450770872070137e+00
1.922926696777343750e+03 1.452998010080721997e+03 1.514073393696902192e+00
1.922947509765625000e+03 1.451672831378373303e+03 1.512841569148033916e+00
1.922968322753906250e+03 1.450077613250884951e+03 1.511381126375616946e+00
1.922989196777343750e+03 1.450100117690524712e+03 1.510788821269383853e+00
1.923010009765625000e+03 1.450447424124986810e+03 1.511875430324283398e+00
1.923030822753906250e+03 1.450455171788449888e+03 1.511977535837809361e+00
1.923051696777343750e+03 1.447808769704687393e+03 1.509850108557561077e+00
1.923072509765625000e+03 1.450674438350929222e+03 1.510034297907277168e+00
1.923093322753906250e+03 1.451014204341158120e+03 1.511167913815376407e+00
1.923114196777343750e+03 1.450303661212778024e+03 1.513321768356587604e+00
1.923135009765625000e+03 1.451672418709363001e+03 1.512156578357980008e+00
1.923155822753906250e+03 1.452028148496022368e+03 1.510789847038317424e+00
1.923176696777343750e+03 1.452256231236293615e+03 1.512064339812881242e+00
1.923197509765625000e+03 1.450969522993985265e+03 1.513415190559657342e+00
1.923218322753906250e+03 1.451048409083618026e+03 1.510857782953335837e+00
1.923239196777343750e+03 1.451274594412456963e+03 1.510918141569450368e+00
1.923260009765625000e+03 1.451570551684353859e+03 1.510231646901917246e+00
1.923280822753906250e+03 1.450856045810190608e+03 1.511838765271930507e+00
1.923301696777343750e+03 1.451107959142344271e+03 1.510278454299565309e+00
1.923322509765625000e+03 1.452725797228651345e+03 1.511720642561799721e+00
1.923343322753906250e+03 1.449060447325693758e+03 1.512207898394367200e+00
1.923364196777343750e+03 1.449882118376942344e+03 1.511573409947488456e+00
1.923385009765625000e+03 1.452943090291965973e+03 1.511518992550440421e+00
1.923405822753906250e+03 1.450903803976111476e+03 1.510729877838505431e+00
1.923426696777343750e+03 1.448912921797749505e+03 1.510649073467741355e+00
1.923447509765625000e+03 1.448876454038978864e+03 1.510686477590714283e+00
1.923468322753906250e+03 1.451289375689243343e+03 1.510355963528519307e+00
1.923489196777343750e+03 1.449107954190231794e+03 1.510776511987856674e+00
1.923510009765625000e+03 1.451271849751535456e+03 1.511965630453526277e+00
1.923530822753906250e+03 1.452429574421758844e+03 1.515078180517977380e+00
1.923551696777343750e+03 1.448746455064533166e+03 1.514674567090057433e+00
1.923572509765625000e+03 1.448732424182584737e+03 1.511328121844913053e+00
1.923593322753906250e+03 1.448459835248398122e+03 1.509852793004327509e+00
1.923614196777343750e+03 1.451925902904453551e+03 1.511962082473191415e+00
1.923635009765625000e+03 1.450663469915109772e+03 1.510502604528086490e+00
1.923655822753906250e+03 1.447553087998409183e+03 1.510970923794730192e+00
1.923676696777343750e+03 1.450844402350401197e+03 1.516313298249367669e+00
1.923697509765625000e+03 1.450270639734820861e+03 1.510754260339810529e+00
1.923718322753906250e+03 1.449904146300974617e+03 1.512139234787561293e+00
1.923739196777343750e+03 1.451910288918484639e+03 1.510606775706552662e+00
1.923760009765625000e+03 1.451753431014386251e+03 1.511611737546954215e+00
1.923780822753906250e+03 1.449225985313913498e+03 1.510475376785845869e+00
1.923801696777343750e+03 1.450777175105327160e+03 1.511901134755518461e+00
1.923822509765625000e+03 1.449292262938965223e+03 1.510356516024019990e+00
1.923843322753906250e+03 1.451343104573498749e+03 1.511604403328418833e+00
1.923864196777343750e+03 1.452785773628629613e+03 1.512232099404748453e+00
1.923885009765625000e+03 1.454018543785602105e+03 1.510884372601631664e+00
1.923905822753906250e+03 1.450978263197336219e+03 1.512170768404002663e+00
1.923926696777343750e+03 1.452533557602645487e+03 1.512339619732283369e+00
1.923947509765625000e+03 1.451183776902164709e+03 1.510229357801417871e+00
1.923968322753906250e+03 1.452331874585358037e+03 1.512366892734813950e+00
1.923989196777343750e+03 1.451482782193552566e+03 1.511530664852819061e+00
1.924010009765625000e+03 1.452438096346736756e+03 1.513159723084346764e+00
1.924030822753906250e+03 1.451954312479759665e+03 1.510266535521475495e+00
1.924051696777343750e+03 1.450163475337589489e+03 1.511373791037998737e+00
1.924072509765625000e+03 1.448036570438019226e+03 1.512535800983028311e+00
1.924093322753906250e+03 1.450952795308296345e+03 1.512202301362880696e+00
1.924114196777343750e+03 1.450372227753910920e+03 1.511550065912758312e+00
1.924135009765625000e+03 1.453967038304648213e+03 1.512224216382009434e+00
1.924155822753906250e+03 1.450001770827231212e+03 1.509730487922907427e+00
1.924176696777343750e+03 1.449320745381890447e+03 1.510138975025878905e+00
1.924197509765625000e+03 1.449394739955639807e+03 1.511068672553503633e+00
1.924218322753906250e+03 1.450792917878207163e+03 1.513299554134145186e+00
1.924239196777343750e+03 1.448899077015468720e+03 1.510596595658100449e+00
1.924260009765625000e+03 1.451705900026082190e+03 1.510521860953834006e+00
1.924280822753906250e+03 1.452038578112219056e+03 1.512551169672714302e+00
1.924301696777343750e+03 1.450856456056509614e+03 1.511042559500864968e+00
1.924322509765625000e+03 1.452284669905988267e+03 1.511681292560204115e+00
1.924343322753906250e+03 1.445230359419314482e+03 1.509808656935457849e+00
1.924364196777343750e+03 1.449500406291862873e+03 1.510343808576371849e+00
1.924385009765625000e+03 1.449761179449845713e+03 1.510404503433536938e+00
1.924405822753906250e+03 1.448450085081504540e+03 1.511378917890617402e+00
1.924426696777343750e+03 1.449896416740560198e+03 1.511181560951331049e+00
1.924447509765625000e+03 1.448427568136495211e+03 1.510759704922277180e+00
1.924468322753906250e+03 1.449099077867247161e+03 1.520564573743846237e+00
1.924489196777343750e+03 1.449768552905942670e+03 1.511799970312884156e+00
1.924510009765625000e+03 1.452844259010922542e+03 1.514913175505873344e+00
1.924530822753906250e+03 1.447447407204886986e+03 1.512092327316472362e+00
1.924551696777343750e+03 1.449159524107956486e+03 1.511366692290277092e+00
1.924572509765625000e+03 1.450976553709821019e+03 1.510522018792374910e+00
1.924593322753906250e+03 1.448893916676016033e+03 1.511561501380223049e+00
1.924614196777343750e+03 1.448719937912826936e+03 1.512144910887050608e+00
1.924635009765625000e+03 1.451001107713151441e+03 1.513857567994934206e+00
1.924655822753906250e+03 1.449622454537888643e+03 1.510494475717301333e+00
1.924676696777343750e+03 1.450213379741101335e+03 1.510536303112046674e+00
1.924697509765625000e+03 1.447856870754482998e+03 1.510264956868316633e+00
1.924718322753906250e+03 1.450009718369288748e+03 1.510509154897181849e+00
1.924739196777343750e+03 1.449503266338283538e+03 1.510017719417461546e+00
1.924760009765625000e+03 1.449019111696799200e+03 1.510252959050381927e+00
1.924780822753906250e+03 1.450886039719480777e+03 1.510094531554954544e+00
1.924801696777343750e+03 1.449516196725757936e+03 1.513545074073997299e+00
1.924822509765625000e+03 1.451708694367312091e+03 1.510484689518128310e+00
1.924843322753906250e+03 1.452783502623400182e+03 1.511077429397609473e+00
1.924864196777343750e+03 1.451446125998298385e+03 1.514133702858649899e+00
1.924885009765625000e+03 1.452593849137591860e+03 1.511949861588309796e+00
1.924905822753906250e+03 1.451516807013475500e+03 1.511947969313432116e+00
1.924926696777343750e+03 1.448815071485190629e+03 1.512055194488147292e+00
1.924947509765625000e+03 1.452001549700636588e+03 1.510941021983194688e+00
1.924968322753906250e+03 1.453277518089156956e+03 1.512892629561510827e+00
1.924989196777343750e+03 1.450435051521509877e+03 1.514855651651326740e+00
1.925010009765625000e+03 1.453626956358709322e+03 1.511270855932464796e+00
1.925030822753906250e+03 1.450913899129992842e+03 1.511301618882443520e+00
1.925051696777343750e+03 1.450487921458334085e+03 1.509796497577096996e+00
1.925072509765625000e+03 1.450774119892333601e+03 1.510367250182210963e+00
1.925093322753906250e+03 1.448834507738444472e+03 1.511458894539783104e+00
1.925114196777343750e+03 1.449210127043921602e+03 1.511555113302166964e+00
1.925135009765625000e+03 1.451620084509881053e+03 1.513095278284547485e+00
1.925155822753906250e+03 1.450136568298775501e+03 1.512019006841772928e+00
1.925176696777343750e+03 1.449941121513756570e+03 1.509765230205923459e+00
1.925197509765625000e+03 1.452320545293313216e+03 1.511125236138230576e+00
1.925218322753906250e+03 1.449355799992429411e+03 1.510741319514335324e+00
1.925239196777343750e+03 1.453226365848691785e+03 1.511996142740728688e+00
1.925260009765625000e+03 1.451725109822382365e+03 1.510860781216017523e+00
1.925280822753906250e+03 1.453215719554380257e+03 1.510796632876796330e+00
1.925301696777343750e+03 1.450373242542372054e+03 1.514128900258865373e+00
1.925322509765625000e+03 1.448567902919003018e+03 1.512611303096122795e+00
1.925343322753906250e+03 1.451687274581690417e+03 1.511835453545997687e+00
1.925364196777343750e+03 1.453147204753442566e+03 1.510797658640426144e+00
1.925385009765625000e+03 1.450082145421715722e+03 1.510466853217838690e+00
1.925405822753906250e+03 1.453778041083284052e+03 1.512141915170530648e+00
1.925426696777343750e+03 1.450428446673410690e+03 1.510883583598033209e+00
1.925447509765625000e+03 1.448533080858276435e+03 1.509954245802539008e+00
1.925468322753906250e+03 1.453189404243595163e+03 1.511507635629177893e+00
1.925489196777343750e+03 1.451536223902123993e+03 1.510676376990556680e+00
1.925510009765625000e+03 1.452340733475353545e+03 1.512923201947221852e+00
1.925530822753906250e+03 1.450696307915840634e+03 1.511712283729306883e+00
1.925551696777343750e+03 1.452914259588560071e+03 1.511912331027582157e+00
1.925572509765625000e+03 1.451901365690850298e+03 1.511520885362354738e+00
1.925593322753906250e+03 1.453234045246809728e+03 1.512923595917232689e+00
1.925614196777343750e+03 1.451679550420371697e+03 1.510251775050023948e+00
1.925635009765625000e+03 1.452150165836768338e+03 1.512927299230319100e+00
1.925655822753906250e+03 1.451177141752396437e+03 1.510451936858087985e+00
1.925676696777343750e+03 1.453260215063183978e+03 1.510392269945972865e+00
1.925697509765625000e+03 1.453159456272738680e+03 1.510886108408097783e+00
1.925718322753906250e+03 1.451282065382894643e+03 1.510092952721982407e+00
1.925739196777343750e+03 1.451237367597491584e+03 1.510830403805708766e+00
1.925760009765625000e+03 1.449693165977622584e+03 1.510133054567967203e+00
1.925780822753906250e+03 1.454170424786294234e+03 1.513243938374033926e+00
1.925801696777343750e+03 1.450396887463770327e+03 1.513839456449178389e+00
1.925822509765625000e+03 1.452624920776782801e+03 1.511703767135457399e+00
1.925843322753906250e+03 1.452590917928378985e+03 1.511545176238196397e+00
1.925864196777343750e+03 1.451841011352734540e+03 1.510884767103276349e+00
1.925885009765625000e+03 1.452074937659428542e+03 1.511645411405398987e+00
1.925905822753906250e+03 1.452352796759746525e+03 1.512013566793903863e+00
1.925926696777343750e+03 1.451887815434390632e+03 1.510875220134558328e+00
1.925947509765625000e+03 1.452930276996808971e+03 1.511383019360190927e+00
1.925968322753906250e+03 1.452307265097123718e+03 1.510819278419516021e+00
1.925989196777343750e+03 1.451836892182712972e+03 1.510651914319706135e+00
1.926010009765625000e+03 1.453414281498719220e+03 1.510752997825131505e+00
1.926030822753906250e+03 1.453423409268263640e+03 1.510833481025723568e+00
1.926051696777343750e+03 1.453066273096635086e+03 1.510939917419456435e+00
1.926072509765625000e+03 1.450891202785393034e+03 1.512175340723799666e+00
1.926093322753906250e+03 1.454501142337914871e+03 1.511608740773787707e+00
1.926114196777343750e+03 1.453795022524481965e+03 1.511307140371285218e+00
1.926135009765625000e+03 1.449600372884809076e+03 1.512326850122741373e+00
1.926155822753906250e+03 1.450468160371198337e+03 1.510701312724759049e+00
1.926176696777343750e+03 1.452119079959373039e+03 1.509820974107721980e+00
1.926197509765625000e+03 1.450577429556733023e+03 1.510842475940600282e+00
1.926218322753906250e+03 1.449824586685942677e+03 1.511500379773697000e+00
1.926239196777343750e+03 1.452394120869283597e+03 1.510724196422447596e+00
1.926260009765625000e+03 1.452011283110877685e+03 1.513705345522084578e+00
1.926280822753906250e+03 1.451211712604277182e+03 1.511741539440827342e+00
1.926301696777343750e+03 1.451856017963343447e+03 1.510941653162111376e+00
1.926322509765625000e+03 1.450589769195149529e+03 1.509956456371285283e+00
1.926343322753906250e+03 1.448928623262841256e+03 1.510334494975416497e+00
1.926364196777343750e+03 1.449802301828702639e+03 1.509825316676548956e+00
1.926385009765625000e+03 1.447140281816652532e+03 1.509298590390527828e+00
1.926405822753906250e+03 1.447578367512994419e+03 1.510136448966675538e+00
1.926426696777343750e+03 1.451440129149708810e+03 1.511460156464830007e+00
1.926447509765625000e+03 1.449667732582643339e+03 1.510713543709750084e+00
1.926468322753906250e+03 1.453467113696089882e+03 1.510336547129712770e+00
