1.842531188964843750e+03 2.112936839839074310e+03 1.625976782446494129e+00
1.842552001953125000e+03 2.116297688300165191e+03 1.632654209769097919e+00
1.842572814941406250e+03 2.106534804375491149e+03 1.623940856265346566e+00
1.842593688964843750e+03 2.111180343892584915e+03 1.627442211994437393e+00
1.842614501953125000e+03 2.106212929748501665e+03 1.629403603276737611e+00
1.842635314941406250e+03 2.112694690145118784e+03 1.626518933448390269e+00
1.842656188964843750e+03 2.106076678947824348e+03 1.622651016307723237e+00
1.842677001953125000e+03 2.116561418126570516e+03 1.631845945627785399e+00
1.842697814941406250e+03 2.110358636983091856e+03 1.627886922053756180e+00
1.842718688964843750e+03 2.112900734079706581e+03 1.623828171984002200e+00
1.842739501953125000e+03 2.108728679918895978e+03 1.626403715828189211e+00
1.842760314941406250e+03 2.108851695128415940e+03 1.624990683308816353e+00
1.842781188964843750e+03 2.110007103494673174e+03 1.624532925897606894e+00
1.842802001953125000e+03 2.115254035490805563e+03 1.630533846043267898e+00
1.842822814941406250e+03 2.111827765478832134e+03 1.626654736105103582e+00
1.842843688964843750e+03 2.115093585881623767e+03 1.627987243330555556e+00
1.842864501953125000e+03 2.112170329565835345e+03 1.625271774453605378e+00
1.842885314941406250e+03 2.119543249786498109e+03 1.627490262941452492e+00
1.842906188964843750e+03 2.117945417513263237e+03 1.625139083778978089e+00
1.842927001953125000e+03 2.116400292631938555e+03 1.626697533945189011e+00
1.842947814941406250e+03 2.115956083258088711e+03 1.626967779233223110e+00
1.842968627929687500e+03 2.118886284849786534e+03 1.627640339767301825e+00
1.842989440917968750e+03 2.119262520360217422e+03 1.629951928137808981e+00
1.843010314941406250e+03 2.117395252729795175e+03 1.626282332712481127e+00
1.843031127929687500e+03 2.113929967383293388e+03 1.625211628558172805e+00
1.843051940917968750e+03 2.113701642641343369e+03 1.627773632128184600e+00
1.843072814941406250e+03 2.116002620726005262e+03 1.627808418173605443e+00
1.843093627929687500e+03 2.115887576832543800e+03 1.626015272624793617e+00
1.843114440917968750e+03 2.116363256216882291e+03 1.625674254577982980e+00
1.843135314941406250e+03 2.117939141159748488e+03 1.625595203846704528e+00
1.843156127929687500e+03 2.118093664938098300e+03 1.628007380068123178e+00
1.843176940917968750e+03 2.114675999618746118e+03 1.626114756350523605e+00
1.843197814941406250e+03 2.115900664969660738e+03 1.634135827968745902e+00
1.843218627929687500e+03 2.117785084868744434e+03 1.627373722293034897e+00
1.843239440917968750e+03 2.116244361164109250e+03 1.629525631759487503e+00
1.843260314941406250e+03 2.115339355022761993e+03 1.625196958489920185e+00
1.843281127929687500e+03 2.117655161821943238e+03 1.629778365530710094e+00
1.843301940917968750e+03 2.115605623546849984e+03 1.626231753740274621e+00
1.843322814941406250e+03 2.116443910693988073e+03 1.627808784338550918e+00
1.843343627929687500e+03 2.117082097864671141e+03 1.628291757430929465e+00
1.843364440917968750e+03 2.117052777715127377e+03 1.626177434570426739e+00
1.843385314941406250e+03 2.113722738391445546e+03 1.626012193444059006e+00
1.843406127929687500e+03 2.114889490709297206e+03 1.627242887963444851e+00
1.843426940917968750e+03 2.114855733137647348e+03 1.626363548988476904e+00
1.843447814941406250e+03 2.114679714353952022e+03 1.626581156364399261e+00
1.843468627929687500e+03 2.114452696152022327e+03 1.629930937772505528e+00
1.843489440917968750e+03 2.119430672833300832e+03 1.628203535473893737e+00
1.843510314941406250e+03 2.113553845608991196e+03 1.629892247505832614e+00
1.843531127929687500e+03 2.115576737812110423e+03 1.636573876135058336e+00
1.843551940917968750e+03 2.116243439147383469e+03 1.626752495273231736e+00
1.843572814941406250e+03 2.118726436036538871e+03 1.633099763414658900e+00
1.843593627929687500e+03 2.118182643884378194e+03 1.626463304585919811e+00
1.843614440917968750e+03 2.115327990304813738e+03 1.625967251404458747e+00
1.843635314941406250e+03 2.116340306428398435e+03 1.630142803723531486e+00
1.843656127929687500e+03 2.114569668686152909e+03 1.627078194636567554e+00
1.843676940917968750e+03 2.116624489058566724e+03 1.626496945983102238e+00
1.843697814941406250e+03 2.120572094004267910e+03 1.627491581392561892e+00
1.843718627929687500e+03 2.115006602938575725e+03 1.625946282915320396e+00
1.843739440917968750e+03 2.112291746579200662e+03 1.625934332221862455e+00
1.843760314941406250e+03 2.115134356882612337e+03 1.626761288913397330e+00
1.843781127929687500e+03 2.116472203162908045e+03 1.626482947142007474e+00
1.843801940917968750e+03 2.114995297887564902e+03 1.624592803408283714e+00
1.843822814941406250e+03 2.117689743677456590e+03 1.624759803039212747e+00
1.843843627929687500e+03 2.113964910436491209e+03 1.624384616824807059e+00
1.843864440917968750e+03 2.118427211350736798e+03 1.627695415736402973e+00
1.843885314941406250e+03 2.115307060649263349e+03 1.624899054106179408e+00
1.843906127929687500e+03 2.115310741059061002e+03 1.633103121214227960e+00
1.843926940917968750e+03 2.118673513727199861e+03 1.635026662533312969e+00
1.843947814941406250e+03 2.116841426600868090e+03 1.626673716792999436e+00
1.843968627929687500e+03 2.115638561855354965e+03 1.626628426600023047e+00
1.843989440917968750e+03 2.116002691328912078e+03 1.632396955407165340e+00
1.844010314941406250e+03 2.116796307563559367e+03 1.628536118277560840e+00
1.844031127929687500e+03 2.117594518259073993e+03 1.626029715370898465e+00
1.844051940917968750e+03 2.113427284496947777e+03 1.625565870501029186e+00
1.844072814941406250e+03 2.116573209749013586e+03 1.625972236879569044e+00
1.844093627929687500e+03 2.117927813044926097e+03 1.626447106627992856e+00
1.844114440917968750e+03 2.117595085627946901e+03 1.626397705524775583e+00
1.844135314941406250e+03 2.115931213753586690e+03 1.625696179841987554e+00
1.844156127929687500e+03 2.117743612706545264e+03 1.625520109424798632e+00
1.844176940917968750e+03 2.114090310558617148e+03 1.633228522785023396e+00
1.844197814941406250e+03 2.116668309176950515e+03 1.631831627411460817e+00
1.844218627929687500e+03 2.115369376388012824e+03 1.624860317388971964e+00
1.844239440917968750e+03 2.117506256681555897e+03 1.627751734846758058e+00
1.844260314941406250e+03 2.118300473748663080e+03 1.625646609258408093e+00
1.844281127929687500e+03 2.117590789136399508e+03 1.627427562033262110e+00
1.844301940917968750e+03 2.114271633684403696e+03 1.626399757825999437e+00
1.844322814941406250e+03 2.117023828513839817e+03 1.629037243449533490e+00
1.844343627929687500e+03 2.116788798936315288e+03 1.625690240251175478e+00
1.844364440917968750e+03 2.118869693010965420e+03 1.634334894858904708e+00
1.844385314941406250e+03 2.115218424710997169e+03 1.627343541958887529e+00
1.844406127929687500e+03 2.114553437192907495e+03 1.626668953320714817e+00
1.844426940917968750e+03 2.117292357730115782e+03 1.625978688648197057e+00
1.844447814941406250e+03 2.117366179210324390e+03 1.635463843505473580e+00
1.844468627929687500e+03 2.115083278325287665e+03 1.624682909032135747e+00
1.844489440917968750e+03 2.115909820566610961e+03 1.626993277284394024e+00
1.844510314941406250e+03 2.116543223027449130e+03 1.629418967077782332e+00
1.844531127929687500e+03 2.117316803250838348e+03 1.627064860194699092e+00
1.844551940917968750e+03 2.115328410893915134e+03 1.629215348370861571e+00
1.844572814941406250e+03 2.116410937597664997e+03 1.627083762832695735e+00
1.844593627929687500e+03 2.114557287504761462e+03 1.626953125000000000e+00
1.844614440917968750e+03 2.116568181247791927e+03 1.631459821163637747e+00
1.844635314941406250e+03 2.114886899711612841e+03 1.631297599711862389e+00
1.844656127929687500e+03 2.116015262008254467e+03 1.626510944703713601e+00
1.844676940917968750e+03 2.114345461884327051e+03 1.624646515179806405e+00
1.844697814941406250e+03 2.115397388631946342e+03 1.627377384916861569e+00
1.844718627929687500e+03 2.113515174580428265e+03 1.625661275268984074e+00
1.844739440917968750e+03 2.115402517463514869e+03 1.626352920735356200e+00
1.844760314941406250e+03 2.116734431814689742e+03 1.626708233229274603e+00
1.844781127929687500e+03 2.116644387179105252e+03 1.626482214215070554e+00
1.844801940917968750e+03 2.114244770955913737e+03 1.629496442324467109e+00
1.844822814941406250e+03 2.112930644936983299e+03 1.626119961300530603e+00
1.844843627929687500e+03 2.116970252083415289e+03 1.625911383711454050e+00
1.844864440917968750e+03 2.112658979883096890e+03 1.627904570259330663e+00
1.844885314941406250e+03 2.116750566787274238e+03 1.625856247308171687e+00
1.844906127929687500e+03 2.117676796401299725e+03 1.629295320951406056e+00
1.844926940917968750e+03 2.115801805439590225e+03 1.628620369613217100e+00
1.844947814941406250e+03 2.113726552339147929e+03 1.631926665874342541e+00
1.844968627929687500e+03 2.117700459244112153e+03 1.627384636887719171e+00
1.844989440917968750e+03 2.116955965228692548e+03 1.626397998710823245e+00
1.845010314941406250e+03 2.114258909379684610e+03 1.627963884402933603e+00
1.845031127929687500e+03 2.115410800120557724e+03 1.629777634085755267e+00
1.845051940917968750e+03 2.115538703240285940e+03 1.627238126157315223e+00
1.845072814941406250e+03 2.115183147640273091e+03 1.626172303111056427e+00
1.845093627929687500e+03 2.116830756947925693e+03 1.626614355603712037e+00
1.845114440917968750e+03 2.116098298959723707e+03 1.633955632922974299e+00
1.845135314941406250e+03 2.114898345225679350e+03 1.626039172734122351e+00
1.845156127929687500e+03 2.117514325222430216e+03 1.629161275023817801e+00
1.845176940917968750e+03 2.117291926782440896e+03 1.637083682070479940e+00
1.845197814941406250e+03 2.114141213947964388e+03 1.630542619290321849e+00
1.845218627929687500e+03 2.112553024869710498e+03 1.624608065950196911e+00
1.845239440917968750e+03 2.116644927418109091e+03 1.628141374560584831e+00
1.845260314941406250e+03 2.115917215150953325e+03 1.630103021537161911e+00
1.845281127929687500e+03 2.115359296165724572e+03 1.640803954037570955e+00
1.845301940917968750e+03 2.116739354215142157e+03 1.625787397498588804e+00
1.845322814941406250e+03 2.115849544275841708e+03 1.631784654013505032e+00
1.845343627929687500e+03 2.115374333860230308e+03 1.627083982629520253e+00
1.845364440917968750e+03 2.117402625407530195e+03 1.628994141181165700e+00
1.845385314941406250e+03 2.115670290454717360e+03 1.631203913128973504e+00
1.845406127929687500e+03 2.118020405774347182e+03 1.626236591796959230e+00
1.845426940917968750e+03 2.117665962512577607e+03 1.626472832721110651e+00
1.845447814941406250e+03 2.117774964676194941e+03 1.632120962493944116e+00
1.845468627929687500e+03 2.118173761565861696e+03 1.626500024246135823e+00
1.845489440917968750e+03 2.115486535184556942e+03 1.629141079375693524e+00
1.845510314941406250e+03 2.117921649353359044e+03 1.629240884415590118e+00
1.845531127929687500e+03 2.117888700049977160e+03 1.630254832164223178e+00
1.845551940917968750e+03 2.115186760407378642e+03 1.626421306832496416e+00
1.845572814941406250e+03 2.116620483805232197e+03 1.632431058727756401e+00
1.845593627929687500e+03 2.117312192068916374e+03 1.630136149050415373e+00
1.845614440917968750e+03 2.116478035773184729e+03 1.627771142151160255e+00
1.845635253906250000e+03 2.116653064556650406e+03 1.626902713429676295e+00
1.845656066894531250e+03 2.116536930499316441e+03 1.627729031668695647e+00
1.845676940917968750e+03 2.114774782257766674e+03 1.625629156533412223e+00
1.845697753906250000e+03 2.114967513502946531e+03 1.626473785531559857e+00
1.845718566894531250e+03 2.119389996447775502e+03 1.631065273421857809e+00
1.845739440917968750e+03 2.114677203850960268e+03 1.630457736143996694e+00
1.845760253906250000e+03 2.115722149670446015e+03 1.627014891698735477e+00
1.845781066894531250e+03 2.115369878392564260e+03 1.626357538536624237e+00
1.845801940917968750e+03 2.116571054054225442e+03 1.627515899299273761e+00
1.845822753906250000e+03 2.115057688786322615e+03 1.627175415533389735e+00
1.845843566894531250e+03 2.115524448211960134e+03 1.630213590213315022e+00
1.845864440917968750e+03 2.117908447190782681e+03 1.627463307706852325e+00
1.845885253906250000e+03 2.114555924150881765e+03 1.625151187025849708e+00
1.845906066894531250e+03 2.114719768268932967e+03 1.629822763624765303e+00
1.845926940917968750e+03 2.117303762247739542e+03 1.629968530081981948e+00
1.845947753906250000e+03 2.118060603439962506e+03 1.626966973253826110e+00
1.845968566894531250e+03 2.116434063591101221e+03 1.630189531926782509e+00
1.845989440917968750e+03 2.114896570905693352e+03 1.633127355562913552e+00
1.846010253906250000e+03 2.115229275281069022e+03 1.627162008626149126e+00
1.846031066894531250e+03 2.116146582701432180e+03 1.630090150621941181e+00
1.846051940917968750e+03 2.114383800264832189e+03 1.625703659295844927e+00
1.846072753906250000e+03 2.115851878343069075e+03 1.628472213184796846e+00
1.846093566894531250e+03 2.116593702914214646e+03 1.627391229560456010e+00
1.846114440917968750e+03 2.115299789811027040e+03 1.627106401749666142e+00
1.846135253906250000e+03 2.118453814172364673e+03 1.627571492185047486e+00
1.846156066894531250e+03 2.115317297900372978e+03 1.627648249728534058e+00
1.846176940917968750e+03 2.116927112840796326e+03 1.632130238483346041e+00
1.846197753906250000e+03 2.118785379496865971e+03 1.632321224500880685e+00
1.846218566894531250e+03 2.118437470680173647e+03 1.634646029638194831e+00
1.846239440917968750e+03 2.118053577105615659e+03 1.626757111940245748e+00
1.846260253906250000e+03 2.116924738489203264e+03 1.628111135237045648e+00
1.846281066894531250e+03 2.118721298966773702e+03 1.627190141025522285e+00
1.846301940917968750e+03 2.117836057659475046e+03 1.626762901075604839e+00
1.846322753906250000e+03 2.117188757322169295e+03 1.626625275293718476e+00
1.846343566894531250e+03 2.118771649022236943e+03 1.629523510239224260e+00
1.846364440917968750e+03 2.115654959763252009e+03 1.626912605358082020e+00
1.846385253906250000e+03 2.116763179230103106e+03 1.631733149744684308e+00
1.846406066894531250e+03 2.117123182036560138e+03 1.627098196094472593e+00
1.846426940917968750e+03 2.116440033931065955e+03 1.633987223207534312e+00
1.846447753906250000e+03 2.116476791984095144e+03 1.628038133877550475e+00
1.846468566894531250e+03 2.118297093123851482e+03 1.635941350398592231e+00
1.846489440917968750e+03 2.116187264451888950e+03 1.628291391374593333e+00
1.846510253906250000e+03 2.118611896656272165e+03 1.628206098004781444e+00
1.846531066894531250e+03 2.116364769286711635e+03 1.627236587724664396e+00
1.846551940917968750e+03 2.116847709574322835e+03 1.628099566533743436e+00
1.846572753906250000e+03 2.117720206722161493e+03 1.628448934417912941e+00
1.846593566894531250e+03 2.116387451376176159e+03 1.635364636931941007e+00
1.846614440917968750e+03 2.117093401926047136e+03 1.628524186589241918e+00
1.846635253906250000e+03 2.116505391204135776e+03 1.627863195533956198e+00
1.846656066894531250e+03 2.116771793943883040e+03 1.627369546891817453e+00
1.846676940917968750e+03 2.118223434833706960e+03 1.627284644743414388e+00
1.846697753906250000e+03 2.118889691882643092e+03 1.631968521950583728e+00
1.846718566894531250e+03 2.117565425586983565e+03 1.631145447636106471e+00
1.846739440917968750e+03 2.116870303030185823e+03 1.626051562529841066e+00
1.846760253906250000e+03 2.116386959426545218e+03 1.630327222427482514e+00
1.846781066894531250e+03 2.118324386423380020e+03 1.632632962080038164e+00
1.846801940917968750e+03 2.116596525993176783e+03 1.628033960180342188e+00
1.846822753906250000e+03 2.115586368864680480e+03 1.627112849021144836e+00
1.846843566894531250e+03 2.116710023773501234e+03 1.629524827045230051e+00
1.846864440917968750e+03 2.116854577444022652e+03 1.626794704312516604e+00
1.846885253906250000e+03 2.115696578995683922e+03 1.626252498639450206e+00
1.846906066894531250e+03 2.118160774466934981e+03 1.628388393425204583e+00
1.846926940917968750e+03 2.118686108360231174e+03 1.629946077192074849e+00
1.846947753906250000e+03 2.118204371979061307e+03 1.634888201166400989e+00
1.846968566894531250e+03 2.119917974831172614e+03 1.628332755219829675e+00
1.846989440917968750e+03 2.117311061642275490e+03 1.633150129683304641e+00
1.847010253906250000e+03 2.118277594025701092e+03 1.627857703234711684e+00
1.847031066894531250e+03 2.117501998336294946e+03 1.627902739541505328e+00
1.847051940917968750e+03 2.117779539933678734e+03 1.631669369865155206e+00
1.847072753906250000e+03 2.117792408402474393e+03 1.627122739672052454e+00
1.847093566894531250e+03 2.116060669022325328e+03 1.627518682650964221e+00
1.847114440917968750e+03 2.117166973720874466e+03 1.629600980515669706e+00
1.847135253906250000e+03 2.119986252884972146e+03 1.628339563681254543e+00
1.847156066894531250e+03 2.115904647859824763e+03 1.630037568952412030e+00
1.847176940917968750e+03 2.118151901250996616e+03 1.628112526404690508e+00
1.847197753906250000e+03 2.116918509791206361e+03 1.635266153330146022e+00
1.847218566894531250e+03 2.117336096967610956e+03 1.635785913594669072e+00
1.847239440917968750e+03 2.115006441292915042e+03 1.627790842159357654e+00
1.847260253906250000e+03 2.118603721842298455e+03 1.627803658021818700e+00
1.847281066894531250e+03 2.119385516721192289e+03 1.626634802480153574e+00
1.847301940917968750e+03 2.116239939755439536e+03 1.635784237449250833e+00
1.847322753906250000e+03 2.121006872915537770e+03 1.630864710998942702e+00
1.847343566894531250e+03 2.120718372886111865e+03 1.630411381208023869e+00
1.847364440917968750e+03 2.115170606018230956e+03 1.634090452788613979e+00
1.847385253906250000e+03 2.117615455063209993e+03 1.628762218227507441e+00
1.847406066894531250e+03 2.118593868592277431e+03 1.627963445046851643e+00
1.847426940917968750e+03 2.117027718426818865e+03 1.626468801593803581e+00
1.847447753906250000e+03 2.116541398835169275e+03 1.626548029737207690e+00
1.847468566894531250e+03 2.117934509916702609e+03 1.638615858464120834e+00
1.847489440917968750e+03 2.120701250581445038e+03 1.631502127620000575e+00
1.847510253906250000e+03 2.118383709067086784e+03 1.629020485657267647e+00
1.847531066894531250e+03 2.117438994654823091e+03 1.628395933719918975e+00
1.847551940917968750e+03 2.119590649351493539e+03 1.630427612897063616e+00
1.847572753906250000e+03 2.118477989165148756e+03 1.627763379257165965e+00
1.847593566894531250e+03 2.116475120915889875e+03 1.632415504196671918e+00
1.847614440917968750e+03 2.117791770639480092e+03 1.626220318276348831e+00
1.847635253906250000e+03 2.117052925323613181e+03 1.626564006823044251e+00
1.847656066894531250e+03 2.117195396938196609e+03 1.631673461203736686e+00
1.847676940917968750e+03 2.116711216007324310e+03 1.627035406809451246e+00
1.847697753906250000e+03 2.119255184378486319e+03 1.631727232128826310e+00
1.847718566894531250e+03 2.116175246330665232e+03 1.626152510187516276e+00
1.847739440917968750e+03 2.116542233333103013e+03 1.630656594101579371e+00
1.847760253906250000e+03 2.117699711008031954e+03 1.627119516059101656e+00
1.847781066894531250e+03 2.116072718897608411e+03 1.628406621844837421e+00
1.847801940917968750e+03 2.117415586876115867e+03 1.630968942216700857e+00
1.847822753906250000e+03 2.117423802164679728e+03 1.628174688419372629e+00
1.847843566894531250e+03 2.117012170739481917e+03 1.628987042735573931e+00
1.847864440917968750e+03 2.114920656093981052e+03 1.626476790545474005e+00
1.847885253906250000e+03 2.116183382234606597e+03 1.627238126157315223e+00
1.847906066894531250e+03 2.115973680473440709e+03 1.627482864945972052e+00
1.847947753906250000e+03 2.116027738724902065e+03 1.626340240039038987e+00
1.847968566894531250e+03 2.117301679088109267e+03 1.628406548638740903e+00
1.847989440917968750e+03 2.118953307512835636e+03 1.628103373964158607e+00
1.848010253906250000e+03 2.116371657842621971e+03 1.626277348187992855e+00
1.848031066894531250e+03 2.114176254891565804e+03 1.633492798059874129e+00
1.848051940917968750e+03 2.116025092786596360e+03 1.627895489878698365e+00
1.848072753906250000e+03 2.115728463873661440e+03 1.631754774430006716e+00
1.848093566894531250e+03 2.118382416363123866e+03 1.627322664458482171e+00
1.848114440917968750e+03 2.118250148207164784e+03 1.628917959340407950e+00
1.848135253906250000e+03 2.114913198443093279e+03 1.631386531217065672e+00
1.848156066894531250e+03 2.116131179469687140e+03 1.630850676553337264e+00
1.848176940917968750e+03 2.117407389579614573e+03 1.626661185166758949e+00
1.848197753906250000e+03 2.117324573016644081e+03 1.628936255016289580e+00
1.848218566894531250e+03 2.114788306337244649e+03 1.628850702669684347e+00
1.848239440917968750e+03 2.115792676951657540e+03 1.627454298113129694e+00
1.848260253906250000e+03 2.119300795667773855e+03 1.627089624071191620e+00
1.848281066894531250e+03 2.117157736290471803e+03 1.636780876491882752e+00
1.848301940917968750e+03 2.115120725832695371e+03 1.629228372535375335e+00
1.848322753906250000e+03 2.116977281728215075e+03 1.627679962427845073e+00
1.848343566894531250e+03 2.118038582798340030e+03 1.628180033216780398e+00
1.848364440917968750e+03 2.118962967379861766e+03 1.634179451150148843e+00
1.848385253906250000e+03 2.116646775605226139e+03 1.632268641669961662e+00
1.848406066894531250e+03 2.116435673531994780e+03 1.629582619149540834e+00
1.848426940917968750e+03 2.120336022496118858e+03 1.628072987492621415e+00
1.848447753906250000e+03 2.115836669760714358e+03 1.626374103874561827e+00
1.848468566894531250e+03 2.116655394009175325e+03 1.638961093554854198e+00
1.848489440917968750e+03 2.116005706318139346e+03 1.627065446326308118e+00
1.848510253906250000e+03 2.114289729716936563e+03 1.627791135094483588e+00
1.848531066894531250e+03 2.116363488956609217e+03 1.630437044750247644e+00
1.848551879882812500e+03 2.116633303200847422e+03 1.627403242806547246e+00
1.848572692871093750e+03 2.116640395250669826e+03 1.627331967798764767e+00
1.848593566894531250e+03 2.123964682135248040e+03 1.629713265644160192e+00
1.848614379882812500e+03 2.117974542066692266e+03 1.631042470190779525e+00
1.848635192871093750e+03 2.114517088948782202e+03 1.631327999194088996e+00
1.848656066894531250e+03 2.117948097404172131e+03 1.627111896584920947e+00
1.848676879882812500e+03 2.118514649764923433e+03 1.641290802052599584e+00
1.848697692871093750e+03 2.118880908235597417e+03 1.631785603722346600e+00
1.848718566894531250e+03 2.119575073106608215e+03 1.627988122029755624e+00
1.848739379882812500e+03 2.116732440561147541e+03 1.630621941922918205e+00
1.848760192871093750e+03 2.115877938828250535e+03 1.628455962005245450e+00
1.848781066894531250e+03 2.117351038872327990e+03 1.629907387284777132e+00
1.848801879882812500e+03 2.121715119958078049e+03 1.634379898559931599e+00
1.848822692871093750e+03 2.117858641474651904e+03 1.628912909697679545e+00
1.848843566894531250e+03 2.119055163252295188e+03 1.632156459302110507e+00
1.848864379882812500e+03 2.117851283180493738e+03 1.634483468010336393e+00
1.848885192871093750e+03 2.121121788861667483e+03 1.632025862301871744e+00
1.848906066894531250e+03 2.119026342090729486e+03 1.630219805822334500e+00
1.848926879882812500e+03 2.119233026220637839e+03 1.627544538295758070e+00
1.848947692871093750e+03 2.120621507011720951e+03 1.630254612794904023e+00
1.848968566894531250e+03 2.118060772568169341e+03 1.635921092711680735e+00
1.848989379882812500e+03 2.118456958399336145e+03 1.628420677354381452e+00
1.849010192871093750e+03 2.120947442173023774e+03 1.634935012482420902e+00
1.849031066894531250e+03 2.119927728746370576e+03 1.629709096236976906e+00
1.849051879882812500e+03 2.116977294969720333e+03 1.628490074654522113e+00
1.849072692871093750e+03 2.120217424974429832e+03 1.631118333552519228e+00
1.849093566894531250e+03 2.119410446114947263e+03 1.628544902286712448e+00
1.849114379882812500e+03 2.117616888777286022e+03 1.627476931875792232e+00
1.849135192871093750e+03 2.121141432445538157e+03 1.631802333118235637e+00
1.849156066894531250e+03 2.121153265416189242e+03 1.628910933746263723e+00
1.849176879882812500e+03 2.119172141493891559e+03 1.636069157502736404e+00
1.849197692871093750e+03 2.120535574141491907e+03 1.629161933573346044e+00
1.849218566894531250e+03 2.119197263920813839e+03 1.627148894659190326e+00
1.849239379882812500e+03 2.118819117477389227e+03 1.629630241229363286e+00
1.849260192871093750e+03 2.120511996183113297e+03 1.629224567734035345e+00
1.849281066894531250e+03 2.118918264236921004e+03 1.628179813567917522e+00
1.849301879882812500e+03 2.119649623585998143e+03 1.630401583623819040e+00
1.849322692871093750e+03 2.118342220186866143e+03 1.627893805608980005e+00
1.849343566894531250e+03 2.117465113763443696e+03 1.629236786968322859e+00
1.849364379882812500e+03 2.122344193545426151e+03 1.628623809844467862e+00
1.849385192871093750e+03 2.119824558613419867e+03 1.628212540921767149e+00
1.849406066894531250e+03 2.116972821005198966e+03 1.627833976289032369e+00
1.849426879882812500e+03 2.120119392262416568e+03 1.632909452489419877e+00
1.849447692871093750e+03 2.118896262653956001e+03 1.629314636704350061e+00
1.849468566894531250e+03 2.119986511630188943e+03 1.632971650904782690e+00
1.849489379882812500e+03 2.119958639400879292e+03 1.631342029533284999e+00
1.849510192871093750e+03 2.118347490048578038e+03 1.629930352671342231e+00
1.849531066894531250e+03 2.120060902561194325e+03 1.635217456063973396e+00
1.849551879882812500e+03 2.119647182270392477e+03 1.629830004714847291e+00
1.849572692871093750e+03 2.120073252330547803e+03 1.628514304449909744e+00
1.849593566894531250e+03 2.119209403353481321e+03 1.628937938208148362e+00
1.849614379882812500e+03 2.121324397420959485e+03 1.629444719409858022e+00
1.849635192871093750e+03 2.121284401477381834e+03 1.634084616661135358e+00
1.849656066894531250e+03 2.122774415215632416e+03 1.629115907637694205e+00
1.849676879882812500e+03 2.122507436159196914e+03 1.629257420437350889e+00
1.849697692871093750e+03 2.120887502275317274e+03 1.631513379929741880e+00
1.849718566894531250e+03 2.120344229262498629e+03 1.638953238191980910e+00
1.849739379882812500e+03 2.120961457733414591e+03 1.629590958600438233e+00
1.849760192871093750e+03 2.119765329800766722e+03 1.629108517024479674e+00
1.849781066894531250e+03 2.120492708854006651e+03 1.629633313573821907e+00
1.849801879882812500e+03 2.119730642083884504e+03 1.631837252439999775e+00
1.849822692871093750e+03 2.121295352044387528e+03 1.630666390153596934e+00
1.849843566894531250e+03 2.120142053123749065e+03 1.636976635993978135e+00
1.849864379882812500e+03 2.122278643431262026e+03 1.632302017357618373e+00
1.849885192871093750e+03 2.120044806645634253e+03 1.637987105159283807e+00
1.849906066894531250e+03 2.120751013998190956e+03 1.631964431351720313e+00
1.849926879882812500e+03 2.120908427304088491e+03 1.632709116605968624e+00
1.849947692871093750e+03 2.121689746644671231e+03 1.628471993575343335e+00
1.849968566894531250e+03 2.120339731645948632e+03 1.628750215004872270e+00
1.849989379882812500e+03 2.121493386168875077e+03 1.632913248704722209e+00
1.850010192871093750e+03 2.121324126718451225e+03 1.637262440695789856e+00
1.850031066894531250e+03 2.118676995660585817e+03 1.627784104636912144e+00
1.850051879882812500e+03 2.121570749287428498e+03 1.631287661296721092e+00
1.850072692871093750e+03 2.118392700014327147e+03 1.628663774551549093e+00
1.850093566894531250e+03 2.116229581204226179e+03 1.627114021249578046e+00
1.850114379882812500e+03 2.121887354315359062e+03 1.631882909421771721e+00
1.850135192871093750e+03 2.116361901032847072e+03 1.627101639544101808e+00
1.850156066894531250e+03 2.120285831566276556e+03 1.635818124403415785e+00
1.850176879882812500e+03 2.121316439152233670e+03 1.628302226607307723e+00
1.850197692871093750e+03 2.120829102426275767e+03 1.631468077950263718e+00
1.850218566894531250e+03 2.119702670644881437e+03 1.636170871415372652e+00
1.850239379882812500e+03 2.118664433053320863e+03 1.628981846946513601e+00
1.850260192871093750e+03 2.118315506276628184e+03 1.628329387583225873e+00
1.850281066894531250e+03 2.116466828494761558e+03 1.629759055273837243e+00
1.850301879882812500e+03 2.116618713798533008e+03 1.627774803880760457e+00
1.850322692871093750e+03 2.119970895588672647e+03 1.629951562454315939e+00
1.850343566894531250e+03 2.119350780355200186e+03 1.629184982639129364e+00
1.850364379882812500e+03 2.119348448320541138e+03 1.635160956669871490e+00
1.850385192871093750e+03 2.122149610501704046e+03 1.630334753755116939e+00
1.850406066894531250e+03 2.118637674908429744e+03 1.630361442160335850e+00
1.850426879882812500e+03 2.117949894345545545e+03 1.629021510156065222e+00
1.850447692871093750e+03 2.118939105302532425e+03 1.637660372502950823e+00
1.850468566894531250e+03 2.120659417493741785e+03 1.629583350682028975e+00
1.850489379882812500e+03 2.121999319155684589e+03 1.630229092629301713e+00
1.850510192871093750e+03 2.120321419140772832e+03 1.630700602769123320e+00
1.850531066894531250e+03 2.119590936665338631e+03 1.640307223107485113e+00
1.850551879882812500e+03 2.120929559876443818e+03 1.629679105449938659e+00
1.850572692871093750e+03 2.121809083877291869e+03 1.630148288323810313e+00
1.850593566894531250e+03 2.120374930211609353e+03 1.630212639588669798e+00
1.850614379882812500e+03 2.120454709642156558e+03 1.628434147103854368e+00
1.850635192871093750e+03 2.121086974504330101e+03 1.629825981890995701e+00
1.850656066894531250e+03 2.120121497989794079e+03 1.629339951700502942e+00
1.850676879882812500e+03 2.121363820185579243e+03 1.633325085651567754e+00
1.850697692871093750e+03 2.120186519350658273e+03 1.627909696258288408e+00
1.850718566894531250e+03 2.120667244185148775e+03 1.629220397076204474e+00
1.850739379882812500e+03 2.117734174213673668e+03 1.629296272111267596e+00
1.850760192871093750e+03 2.120973687401473853e+03 1.629507196387675938e+00
1.850781066894531250e+03 2.120388558831108185e+03 1.628949866865830431e+00
1.850801879882812500e+03 2.122023634003712687e+03 1.629859773302750447e+00
1.850822692871093750e+03 2.122425340873756340e+03 1.629087003563481684e+00
1.850843566894531250e+03 2.123469195660595688e+03 1.631311995691126615e+00
1.850864379882812500e+03 2.119507881093648848e+03 1.629139689086358311e+00
1.850885192871093750e+03 2.117574739406343269e+03 1.627952607559294496e+00
1.850906066894531250e+03 2.118588926548736254e+03 1.638883120136920057e+00
1.850926879882812500e+03 2.122813263337999160e+03 1.629533532569275023e+00
1.850947692871093750e+03 2.121251850206709150e+03 1.631134119704518159e+00
1.850968566894531250e+03 2.120811137218706335e+03 1.628853410554476966e+00
1.850989379882812500e+03 2.120397408903750602e+03 1.628892271864672558e+00
1.851010192871093750e+03 2.120113716300419583e+03 1.629143933123769372e+00
1.851031066894531250e+03 2.123442710809426899e+03 1.636282705704323215e+00
1.851051879882812500e+03 2.122675179142297566e+03 1.629480347675507756e+00
1.851072692871093750e+03 2.123253447829159995e+03 1.631456752258841458e+00
1.851093566894531250e+03 2.122371017217780263e+03 1.629942859162968549e+00
1.851114379882812500e+03 2.122342032280037984e+03 1.637138513166037423e+00
1.851135192871093750e+03 2.121920455091309577e+03 1.633063776129247691e+00
1.851156066894531250e+03 2.122589662580877757e+03 1.634530290917509898e+00
1.851176879882812500e+03 2.122059713815791838e+03 1.631233437406563347e+00
1.851197692871093750e+03 2.121811850989772665e+03 1.630398732077055879e+00
1.851218566894531250e+03 2.120610003404117833e+03 1.632059900334552394e+00
1.851239379882812500e+03 2.120734764314922813e+03 1.629797821846008743e+00
1.851260192871093750e+03 2.121917208126921196e+03 1.629387361386682498e+00
1.851281066894531250e+03 2.121979604813258902e+03 1.630685543458421316e+00
1.851301879882812500e+03 2.123598607011249896e+03 1.631649935866793522e+00
1.851322692871093750e+03 2.123318460251826309e+03 1.635724040827513548e+00
1.851343566894531250e+03 2.121387203784406665e+03 1.632801986733498412e+00
1.851364379882812500e+03 2.122634014638216740e+03 1.629272492948145912e+00
1.851385192871093750e+03 2.124303608645430359e+03 1.630214467712495674e+00
1.851406066894531250e+03 2.122492441214957580e+03 1.629682909190074858e+00
1.851426879882812500e+03 2.120604211074198247e+03 1.635558816680789951e+00
1.851447692871093750e+03 2.123155491114679990e+03 1.632872584939452754e+00
1.851468566894531250e+03 2.120880480063465711e+03 1.635334749863191606e+00
1.851489379882812500e+03 2.123506474040103512e+03 1.630968722943431093e+00
1.851510192871093750e+03 2.121010876902387736e+03 1.629845876486627709e+00
1.851531066894531250e+03 2.121160028363099627e+03 1.629934155825148556e+00
1.851551879882812500e+03 2.121344273706551576e+03 1.631421240226301306e+00
1.851572692871093750e+03 2.121288702870437646e+03 1.635280004084071814e+00
1.851593566894531250e+03 2.121037834187276076e+03 1.636655601430393014e+00
1.851614379882812500e+03 2.124078086664182592e+03 1.635901417739657804e+00
1.851635192871093750e+03 2.121532764501643214e+03 1.630383231274077582e+00
1.851656066894531250e+03 2.121045038524751362e+03 1.632968803845960215e+00
1.851676879882812500e+03 2.123559874163196127e+03 1.630821730127837599e+00
1.851697692871093750e+03 2.122895312731604463e+03 1.629733819934187977e+00
1.851718566894531250e+03 2.121052595993809064e+03 1.635044452401256621e+00
1.851739379882812500e+03 2.122492639558840892e+03 1.630295122495275306e+00
1.851760192871093750e+03 2.122134202922057284e+03 1.631729862182968116e+00
1.851781066894531250e+03 2.122106807611475688e+03 1.629804258470616274e+00
1.851801879882812500e+03 2.123521641283942245e+03 1.631192220198042442e+00
1.851822692871093750e+03 2.123256611090517708e+03 1.632282736956091274e+00
1.851843505859375000e+03 2.123033837475635664e+03 1.634157566756544666e+00
1.851864318847656250e+03 2.122250673086678944e+03 1.631512283928957752e+00
1.851885192871093750e+03 2.122482926815614974e+03 1.629490004483959531e+00
1.851906005859375000e+03 2.122146664274190698e+03 1.630830648020757501e+00
1.851926818847656250e+03 2.122723147602835070e+03 1.630705573773193695e+00
1.851947692871093750e+03 2.123193336832066052e+03 1.630054974477276764e+00
1.851968505859375000e+03 2.123135407030850729e+03 1.630956151226672590e+00
1.851989318847656250e+03 2.122996711588389644e+03 1.631525362823619485e+00
1.852010192871093750e+03 2.123979257309682453e+03 1.633691213611083048e+00
1.852031005859375000e+03 2.122315690211115452e+03 1.631269903536568089e+00
1.852051818847656250e+03 2.124000650665419926e+03 1.631546259610914706e+00
1.852072692871093750e+03 2.124685849165902255e+03 1.630772827044813855e+00
1.852093505859375000e+03 2.124260114445524323e+03 1.631055845201511145e+00
1.852114318847656250e+03 2.121865935869150235e+03 1.633345959413474713e+00
1.852135192871093750e+03 2.123799906758950783e+03 1.641244172015450697e+00
1.852156005859375000e+03 2.124326462075977815e+03 1.630377893699318959e+00
1.852176818847656250e+03 2.124603410023115885e+03 1.630546713456125785e+00
1.852197692871093750e+03 2.120572827149152999e+03 1.629125347085021769e+00
1.852218505859375000e+03 2.123295758668456074e+03 1.630736349799305485e+00
1.852239318847656250e+03 2.124135440371427649e+03 1.640633719284865899e+00
1.852260192871093750e+03 2.123403951947940641e+03 1.631035088307284386e+00
1.852281005859375000e+03 2.125331512638922959e+03 1.637169459520798176e+00
1.852301818847656250e+03 2.124918751167841947e+03 1.631612090047795949e+00
1.852322692871093750e+03 2.122978045799522079e+03 1.629932985624922503e+00
1.852343505859375000e+03 2.123338814066492432e+03 1.631728912441683832e+00
1.852364318847656250e+03 2.124100584777312179e+03 1.632133452199661550e+00
1.852385192871093750e+03 2.123047492677001173e+03 1.630141048647544944e+00
1.852406005859375000e+03 2.120165049708998140e+03 1.636150689429836325e+00
1.852426818847656250e+03 2.122228616502407021e+03 1.629784070790091910e+00
1.852447692871093750e+03 2.122206303616165769e+03 1.638987932427268257e+00
1.852468505859375000e+03 2.121682339346618846e+03 1.628882026034844444e+00
1.852489318847656250e+03 2.123962932809477934e+03 1.632283467278480726e+00
1.852510192871093750e+03 2.123442506087863421e+03 1.636382585112359678e+00
1.852531005859375000e+03 2.123043031739664912e+03 1.629125566606401954e+00
1.852551818847656250e+03 2.120968336944627936e+03 1.631409256567631028e+00
1.852572692871093750e+03 2.121643163373972129e+03 1.632936390826349671e+00
1.852593505859375000e+03 2.120877396432882506e+03 1.628996336570446735e+00
1.852614318847656250e+03 2.121842491578971021e+03 1.631111609774717364e+00
1.852635192871093750e+03 2.120739288415673400e+03 1.632211894131132546e+00
1.852656005859375000e+03 2.123197657139670355e+03 1.630497071002387166e+00
1.852676818847656250e+03 2.122556910543713457e+03 1.630686640014866073e+00
1.852697692871093750e+03 2.121271366049149037e+03 1.635058888299374624e+00
1.852718505859375000e+03 2.122541501909153340e+03 1.630588897387295066e+00
1.852739318847656250e+03 2.123414709930961635e+03 1.631694575270121517e+00
1.852760192871093750e+03 2.120180506880084522e+03 1.633011728206082980e+00
1.852781005859375000e+03 2.121778477956554980e+03 1.631337864288930461e+00
1.852801818847656250e+03 2.122366561520460436e+03 1.631030410660846197e+00
1.852822692871093750e+03 2.120548338813084683e+03 1.631221525447981158e+00
1.852843505859375000e+03 2.122223948246629789e+03 1.629988057262456547e+00
1.852864318847656250e+03 2.122156400273728195e+03 1.632371103593046602e+00
1.852885192871093750e+03 2.121436754086243582e+03 1.638557220921915691e+00
1.852906005859375000e+03 2.122777189336095944e+03 1.630223242678323414e+00
1.852926818847656250e+03 2.122952774100869192e+03 1.637194361809762189e+00
1.852947692871093750e+03 2.120821211548419342e+03 1.630134686481253814e+00
1.852968505859375000e+03 2.121787466711890374e+03 1.635292615457975662e+00
1.852989318847656250e+03 2.120086930357014353e+03 1.634788886739928282e+00
1.853010192871093750e+03 2.120465942424795230e+03 1.631857122515461889e+00
1.853031005859375000e+03 2.122166764720770971e+03 1.631728985498725359e+00
1.853051818847656250e+03 2.118699679681978978e+03 1.628976358418943393e+00
1.853072692871093750e+03 2.120950475265917248e+03 1.631846164783181452e+00
1.853093505859375000e+03 2.121089848314409664e+03 1.629288443317422619e+00
1.853114318847656250e+03 2.122453918444329247e+03 1.630603226515947579e+00
1.853135192871093750e+03 2.122280281950352673e+03 1.636072363481882785e+00
1.853156005859375000e+03 2.120639431839224471e+03 1.632928360474299678e+00
1.853176818847656250e+03 2.121909321043040563e+03 1.631112194452148279e+00
1.853197692871093750e+03 2.119852418637864048e+03 1.630900527526257360e+00
1.853218505859375000e+03 2.120599414407964105e+03 1.640860695030387228e+00
1.853239318847656250e+03 2.121040074962619201e+03 1.628921179394263730e+00
1.853260192871093750e+03 2.120082677779467303e+03 1.634693504210165127e+00
1.853281005859375000e+03 2.119727618177315890e+03 1.629763224553210765e+00
1.853322692871093750e+03 2.120151994101331184e+03 1.629242201450023186e+00
1.853343505859375000e+03 2.119144054658742789e+03 1.635592562536400729e+00
1.853364318847656250e+03 2.118173186699391863e+03 1.630005024510227996e+00
1.853385192871093750e+03 2.117487262014397402e+03 1.632164566489507473e+00
1.853406005859375000e+03 2.119736314893059443e+03 1.631810515118399474e+00
1.853426818847656250e+03 2.121676754902801349e+03 1.630864345520120162e+00
1.853447692871093750e+03 2.121757203468941498e+03 1.635043504585305119e+00
1.853468505859375000e+03 2.119768631596857176e+03 1.632502768311190788e+00
1.853489318847656250e+03 2.117315538909979750e+03 1.630447061464817438e+00
1.853510192871093750e+03 2.119414862670676939e+03 1.629576181649485367e+00
1.853531005859375000e+03 2.117700335129454288e+03 1.630110992678016180e+00
1.853551818847656250e+03 2.118812958603565676e+03 1.631204132370627891e+00
1.853572692871093750e+03 2.120721627442557747e+03 1.631092680729664401e+00
1.853593505859375000e+03 2.116439175964917922e+03 1.631153559848451007e+00
1.853614318847656250e+03 2.121106892959920515e+03 1.631104959054190395e+00
1.853635192871093750e+03 2.116694244367554802e+03 1.635640519811562443e+00
1.853656005859375000e+03 2.121620263722214986e+03 1.631482691629472237e+00
1.853676818847656250e+03 2.120264508074223613e+03 1.633688586714495683e+00
1.853697692871093750e+03 2.118168304231464845e+03 1.636361094434285901e+00
1.853718505859375000e+03 2.116319295668587074e+03 1.629504416432560054e+00
1.853739318847656250e+03 2.119108099186111758e+03 1.633567307056167595e+00
1.853760192871093750e+03 2.117935261039544457e+03 1.629478299254236262e+00
1.853781005859375000e+03 2.120326964875390331e+03 1.631241183786940052e+00
1.853801818847656250e+03 2.120049944235934618e+03 1.631535080593661036e+00
1.853822692871093750e+03 2.116188620839927808e+03 1.635492707770664689e+00
1.853843505859375000e+03 2.117310610728979555e+03 1.629639604546783582e+00
1.853864318847656250e+03 2.119450508700484079e+03 1.635478494370407709e+00
1.853885192871093750e+03 2.118022579460463476e+03 1.634813752371764073e+00
1.853906005859375000e+03 2.117679458732398871e+03 1.630504382209772896e+00
1.853926818847656250e+03 2.118965274724974279e+03 1.632125344857711768e+00
1.853947692871093750e+03 2.117271962969951346e+03 1.632232416956564292e+00
1.853968505859375000e+03 2.116918712159183542e+03 1.630131030052609287e+00
1.853989318847656250e+03 2.118018763588171169e+03 1.628971235776526694e+00
1.854010192871093750e+03 2.120723794595749041e+03 1.632162667512287335e+00
1.854031005859375000e+03 2.116993204802977743e+03 1.630561481611641605e+00
1.854051818847656250e+03 2.117821976982666456e+03 1.634418993151747213e+00
1.854072692871093750e+03 2.117531459457449728e+03 1.632898355809470958e+00
1.854093505859375000e+03 2.117711109637059963e+03 1.630894679983688089e+00
1.854114318847656250e+03 2.118796216014590300e+03 1.629545456867065756e+00
1.854135192871093750e+03 2.117865599519853731e+03 1.631563210654346063e+00
1.854156005859375000e+03 2.117842984381914448e+03 1.631501177746145670e+00
1.854176818847656250e+03 2.117683658388039021e+03 1.629363876205301098e+00
1.854197692871093750e+03 2.118417290697688259e+03 1.630219732697660406e+00
1.854218505859375000e+03 2.117613009839014012e+03 1.631311630312513694e+00
1.854239318847656250e+03 2.119034698137973919e+03 1.632737883546654389e+00
1.854260192871093750e+03 2.119124246540186505e+03 1.640542600469825807e+00
1.854281005859375000e+03 2.120583239582444094e+03 1.631310022645643842e+00
1.854301818847656250e+03 2.118220973296704869e+03 1.630410650047056542e+00
1.854322692871093750e+03 2.120805858653082396e+03 1.632172965785329444e+00
1.854343505859375000e+03 2.117903172818600524e+03 1.629536605096069124e+00
1.854364318847656250e+03 2.120281146464784342e+03 1.630491514462848013e+00
1.854385192871093750e+03 2.119058899313257371e+03 1.630637074926957197e+00
1.854406005859375000e+03 2.118839120145573361e+03 1.630971573493637417e+00
1.854426818847656250e+03 2.115355166021091009e+03 1.632232343922055851e+00
1.854447692871093750e+03 2.117650644730453223e+03 1.630877868182011747e+00
1.854468505859375000e+03 2.117398950394146141e+03 1.630324224510685260e+00
1.854489318847656250e+03 2.119403940761073045e+03 1.631185862131669273e+00
1.854510192871093750e+03 2.117934377547726854e+03 1.636719842514365419e+00
1.854531005859375000e+03 2.113971035925700107e+03 1.632908211417118283e+00
1.854551818847656250e+03 2.117368936786757331e+03 1.629426941565024434e+00
1.854572692871093750e+03 2.117685627118032244e+03 1.636328967165462833e+00
1.854593505859375000e+03 2.119745564725483291e+03 1.632611787131986736e+00
1.854614318847656250e+03 2.118863538807014720e+03 1.632440332955103601e+00
1.854635192871093750e+03 2.119483901819618495e+03 1.629965677777612587e+00
1.854656005859375000e+03 2.117907832352578680e+03 1.630935685433969828e+00
1.854676818847656250e+03 2.119625494176557368e+03 1.631442211417163834e+00
1.854697692871093750e+03 2.118197908016503789e+03 1.637693055981040757e+00
1.854718505859375000e+03 2.120879745906449898e+03 1.632200135385334594e+00
1.854739318847656250e+03 2.121977484573085349e+03 1.632329549960445991e+00
1.854760192871093750e+03 2.120387073396636424e+03 1.630328319224933598e+00
1.854781005859375000e+03 2.121445055667039924e+03 1.631922502122187035e+00
1.854801818847656250e+03 2.120017190281865169e+03 1.636570234092864728e+00
1.854822692871093750e+03 2.119521038993329057e+03 1.634204034269453931e+00
1.854843505859375000e+03 2.121774621306607060e+03 1.633595694016732436e+00
1.856405944824218750e+03 2.102006978210098168e+03 1.638427861702097976e+00
1.856426818847656250e+03 2.107438442393679907e+03 1.637998240142733986e+00
1.856447631835937500e+03 2.112268261439566686e+03 1.641614778863737634e+00
1.856468444824218750e+03 2.104687515081024685e+03 1.638990550830315085e+00
1.856489318847656250e+03 2.107781460443985907e+03 1.647545451114708959e+00
1.856510131835937500e+03 2.111916845704697153e+03 1.639677300804062154e+00
1.856530944824218750e+03 2.113909090752783868e+03 1.639511093558158494e+00
1.856551818847656250e+03 2.116218219842360213e+03 1.641964683334123487e+00
1.856572631835937500e+03 2.112443593586729094e+03 1.641175168750897306e+00
1.856593444824218750e+03 2.111250117901828162e+03 1.642232634035748262e+00
1.856614318847656250e+03 2.110686002244859083e+03 1.640785064155192874e+00
1.856635131835937500e+03 2.111779303627060926e+03 1.642110969074081162e+00
1.856655944824218750e+03 2.108430456811455315e+03 1.648283241611412597e+00
1.856676818847656250e+03 2.110580888163386589e+03 1.647173862737350225e+00
1.856697631835937500e+03 2.115307621582263891e+03 1.643486288985438915e+00
1.856718444824218750e+03 2.107334171316402262e+03 1.645863987440024712e+00
1.856739318847656250e+03 2.105185473114402612e+03 1.644432083003232847e+00
1.856760131835937500e+03 2.112004614184611910e+03 1.646620413340388778e+00
1.856780944824218750e+03 2.109348541796499376e+03 1.651824508859475626e+00
1.856801818847656250e+03 2.108989769061079187e+03 1.645644293765078148e+00
1.856822631835937500e+03 2.109442776904739731e+03 1.646336233187588816e+00
1.856843444824218750e+03 2.109040652908970515e+03 1.647031066564476065e+00
1.856864318847656250e+03 2.112582311701677554e+03 1.657381067396233032e+00
1.856885131835937500e+03 2.109131138891820228e+03 1.656074298679987677e+00
1.856905944824218750e+03 2.110551551242721871e+03 1.652692464911557524e+00
1.856926818847656250e+03 2.109719593511873882e+03 1.654152531727598907e+00
1.856947631835937500e+03 2.109652436154918178e+03 1.653717984605422853e+00
1.856968444824218750e+03 2.109044019729780302e+03 1.654572266914954515e+00
1.856989318847656250e+03 2.111994683979720321e+03 1.655179523515778017e+00
1.857010131835937500e+03 2.115376525759425022e+03 1.666643603483208391e+00
1.857030944824218750e+03 2.110775459759871410e+03 1.657393438673835817e+00
1.857051818847656250e+03 2.116594666012413199e+03 1.663586758946167921e+00
1.857072631835937500e+03 2.113278580661843534e+03 1.659297011674603972e+00
1.857093444824218750e+03 2.111495613751686506e+03 1.667216790325419362e+00
1.857114318847656250e+03 2.108414658693767706e+03 1.658197301847659677e+00
1.857135131835937500e+03 2.112835683214866094e+03 1.660989780984823083e+00
1.857155944824218750e+03 2.113476200642771346e+03 1.660524574261053710e+00
1.857176818847656250e+03 2.111443728966235540e+03 1.662232157994277371e+00
1.857197631835937500e+03 2.115503404900502574e+03 1.662446647877881656e+00
1.857218444824218750e+03 2.110832673064435312e+03 1.660147633249696941e+00
1.857239318847656250e+03 2.111756547976011007e+03 1.660357151217288108e+00
1.857260131835937500e+03 2.115599080299932666e+03 1.664968754243214333e+00
1.857280944824218750e+03 2.114971997278964409e+03 1.668789235200295096e+00
1.857301818847656250e+03 2.110057667850647704e+03 1.666027645948718883e+00
1.857322631835937500e+03 2.112700909114732440e+03 1.663450029875285896e+00
1.857343444824218750e+03 2.114497670055704930e+03 1.663676042410473732e+00
1.857364318847656250e+03 2.112427590776418128e+03 1.664602487554940780e+00
1.857385131835937500e+03 2.116834706165082025e+03 1.669733976088203287e+00
1.857405944824218750e+03 2.114172636788828640e+03 1.665957594081100668e+00
1.857426818847656250e+03 2.112049206393563964e+03 1.667161732897286974e+00
1.857447631835937500e+03 2.113528209901864557e+03 1.668593421476624483e+00
1.857468444824218750e+03 2.114396302864611698e+03 1.665101063041033891e+00
1.857489318847656250e+03 2.116101116983713382e+03 1.672266263723307222e+00
1.857510131835937500e+03 2.114981209651024528e+03 1.671021002728223515e+00
1.857530944824218750e+03 2.113787920840096831e+03 1.670909424505446772e+00
1.857551818847656250e+03 2.117719138827416828e+03 1.668263179334262380e+00
1.857572631835937500e+03 2.116231577934013785e+03 1.669562549859961775e+00
1.857593444824218750e+03 2.115809718794233504e+03 1.671368459812988538e+00
1.857614318847656250e+03 2.114164322257701770e+03 1.670893158004151946e+00
1.857635131835937500e+03 2.117501772856238404e+03 1.670090694705856693e+00
1.857655944824218750e+03 2.115986397773509452e+03 1.669866192876487965e+00
1.857676818847656250e+03 2.117006590621970190e+03 1.672302120231986544e+00
1.857697631835937500e+03 2.116434240582851544e+03 1.671419527276224670e+00
1.857718444824218750e+03 2.114832601536418679e+03 1.671459681182980939e+00
1.857739318847656250e+03 2.116409641330557406e+03 1.674888034893109001e+00
1.857760131835937500e+03 2.115561857952189257e+03 1.674342891987582238e+00
1.857780944824218750e+03 2.116136026341082925e+03 1.672507763489636368e+00
1.857801818847656250e+03 2.117876826762209021e+03 1.674962552918846548e+00
1.857822631835937500e+03 2.116360284390928427e+03 1.673213458624436267e+00
1.857843444824218750e+03 2.116103234256037467e+03 1.677223420857489877e+00
1.857864318847656250e+03 2.118719421045763738e+03 1.674144879597001756e+00
1.857885131835937500e+03 2.117450582884732739e+03 1.676972506002609498e+00
1.857905944824218750e+03 2.116704122041677238e+03 1.675289055095071644e+00
1.857926818847656250e+03 2.119196300050923583e+03 1.677100029461445097e+00
1.857947631835937500e+03 2.115460941120632469e+03 1.678604983658189109e+00
1.857968444824218750e+03 2.117306334665795021e+03 1.677946314897500013e+00
1.857989318847656250e+03 2.118380051286385878e+03 1.680312851999255619e+00
1.858010131835937500e+03 2.117959865471576450e+03 1.682729335419433481e+00
1.858030944824218750e+03 2.118948854896960256e+03 1.677224842364458457e+00
1.858051818847656250e+03 2.119087374866026948e+03 1.679475566889573113e+00
1.858072631835937500e+03 2.118530682070405874e+03 1.680008755502138129e+00
1.858093444824218750e+03 2.120064805467244241e+03 1.679303147454447753e+00
1.858114318847656250e+03 2.121759006245593355e+03 1.683120129872502924e+00
1.858135131835937500e+03 2.116924378524005533e+03 1.680057076892392587e+00
1.858155944824218750e+03 2.119371245960955093e+03 1.680088297022217736e+00
1.858176818847656250e+03 2.116834778296248714e+03 1.687834953691295992e+00
1.858197631835937500e+03 2.118295564577674213e+03 1.683526128486285245e+00
1.858218444824218750e+03 2.118089875993604437e+03 1.682820578496415642e+00
1.858239318847656250e+03 2.119751760961016771e+03 1.680869604705028886e+00
1.858260131835937500e+03 2.121274153632662546e+03 1.686893071420212387e+00
1.858280944824218750e+03 2.122233934514174507e+03 1.682374375458633997e+00
1.858301818847656250e+03 2.120566023657943788e+03 1.679387549299138582e+00
1.858322631835937500e+03 2.119574729074136485e+03 1.687270184162033448e+00
1.858343444824218750e+03 2.120265135095446567e+03 1.683508780120894111e+00
1.858364318847656250e+03 2.120464600437393528e+03 1.681080723859275539e+00
1.858385131835937500e+03 2.119236193938599172e+03 1.680228496634704749e+00
1.858405944824218750e+03 2.120491065353543945e+03 1.682926196097871419e+00
1.858426818847656250e+03 2.117383633305993953e+03 1.680332148846586771e+00
1.858447631835937500e+03 2.123288441615148258e+03 1.681188436182238677e+00
1.858468444824218750e+03 2.119859190191941707e+03 1.680315264117290930e+00
1.858489318847656250e+03 2.120503844041666525e+03 1.682896941181866390e+00
1.858510131835937500e+03 2.121947828652074350e+03 1.680945134086173409e+00
1.858530944824218750e+03 2.119215553542790531e+03 1.679159178926166396e+00
1.858551818847656250e+03 2.119064753595873299e+03 1.679729727280795393e+00
1.858572631835937500e+03 2.120464050190935268e+03 1.685525303920305973e+00
1.858593444824218750e+03 2.117906088722230834e+03 1.686698228606093863e+00
1.858614318847656250e+03 2.119395561984795677e+03 1.681772260132679886e+00
1.858635131835937500e+03 2.117916690072336678e+03 1.680860881374782512e+00
1.858655944824218750e+03 2.122082764243468318e+03 1.678353280962555205e+00
1.858676818847656250e+03 2.120487395432686299e+03 1.679876698328819140e+00
1.858697631835937500e+03 2.122995351146171288e+03 1.683107947692727757e+00
1.858718444824218750e+03 2.120522245376373576e+03 1.680148748897076105e+00
1.858739318847656250e+03 2.122666344353028762e+03 1.683021395016344846e+00
1.858760131835937500e+03 2.119299435475283644e+03 1.681342582564257615e+00
1.858780944824218750e+03 2.120011295136563604e+03 1.688610700372382922e+00
1.858801818847656250e+03 2.120018210593885669e+03 1.679744488836105276e+00
1.858822631835937500e+03 2.119752917884037288e+03 1.678436523164483773e+00
1.858843444824218750e+03 2.121291455414248958e+03 1.677158812093981988e+00
1.858864318847656250e+03 2.119042702584679773e+03 1.681374416923804738e+00
1.858885131835937500e+03 2.119769397323266276e+03 1.679222077937603030e+00
1.858905944824218750e+03 2.122011102017911526e+03 1.678135141239033956e+00
1.858926818847656250e+03 2.118904531884129938e+03 1.677219724933733058e+00
1.858947631835937500e+03 2.120713413106190274e+03 1.676078574384926245e+00
1.858968444824218750e+03 2.117971542112592033e+03 1.684186012550818567e+00
1.858989318847656250e+03 2.120606681438450323e+03 1.675046461798949782e+00
1.859010131835937500e+03 2.120269436262970430e+03 1.682771203004548966e+00
1.859030944824218750e+03 2.120472843683415249e+03 1.676468145980867019e+00
1.859051818847656250e+03 2.120015227406015129e+03 1.679630154362660832e+00
1.859072631835937500e+03 2.119838884271011921e+03 1.674590143191629021e+00
1.859093444824218750e+03 2.121498911707926254e+03 1.675299372892889105e+00
1.859114318847656250e+03 2.119176990575173932e+03 1.672935577260359574e+00
1.859135131835937500e+03 2.119706038033475124e+03 1.673261548791115327e+00
1.859155944824218750e+03 2.119799898797579772e+03 1.672682736368376499e+00
1.859176757812500000e+03 2.119135832589807251e+03 1.672380673951528118e+00
1.859197570800781250e+03 2.119746910500647118e+03 1.670689956081560457e+00
1.859218444824218750e+03 2.121542353332242328e+03 1.671967405813736374e+00
1.859239257812500000e+03 2.121463074752883585e+03 1.668867811409099344e+00
1.859260070800781250e+03 2.118726009055963004e+03 1.666292442588240386e+00
1.859280944824218750e+03 2.119877672653497484e+03 1.655887132156883768e+00
1.859301757812500000e+03 2.121977878815513122e+03 1.652874728261288784e+00
1.859322570800781250e+03 2.120065602733064679e+03 1.668232595404671281e+00
1.859343444824218750e+03 2.120460293833955802e+03 1.661944837304304645e+00
1.859364257812500000e+03 2.120288433938213075e+03 1.672135377377046872e+00
1.859385070800781250e+03 2.120761950679167057e+03 1.665225629897647774e+00
1.859405944824218750e+03 2.117131415033227768e+03 1.663096546042941215e+00
1.859426757812500000e+03 2.115506274220469095e+03 1.664379036039357107e+00
1.859447570800781250e+03 2.117825979763972555e+03 1.663152669843450449e+00
1.859468444824218750e+03 2.119914598693370863e+03 1.661745204096221284e+00
1.859489257812500000e+03 2.121027564229730160e+03 1.661378011485932227e+00
1.859510070800781250e+03 2.121426814697419559e+03 1.660617252743832539e+00
1.859530944824218750e+03 2.116929678619990682e+03 1.665203008103522953e+00
1.859551757812500000e+03 2.121614913603043988e+03 1.661275759942861141e+00
1.859572570800781250e+03 2.120151479070339519e+03 1.659531204141742489e+00
1.859593444824218750e+03 2.115163969984395408e+03 1.658306141092053654e+00
1.859614257812500000e+03 2.118654636011052389e+03 1.657306406214122285e+00
1.859635070800781250e+03 2.122751405839628660e+03 1.657377327224359931e+00
1.859655944824218750e+03 2.120542035760853196e+03 1.658202549874753018e+00
1.859676757812500000e+03 2.119694223999574660e+03 1.655643136028466023e+00
1.859697570800781250e+03 2.121396789531644117e+03 1.654820094861130464e+00
1.859718444824218750e+03 2.117660896729322303e+03 1.656428561391873222e+00
1.859739257812500000e+03 2.117388721526017434e+03 1.654094372890341003e+00
1.859760070800781250e+03 2.116539140367666732e+03 1.659348378803055413e+00
1.859780944824218750e+03 2.114494624264748381e+03 1.656684170802546152e+00
1.859801757812500000e+03 2.114453748696987986e+03 1.650660602224628182e+00
1.859822570800781250e+03 2.116819972467970729e+03 1.658737761417133472e+00
1.859843444824218750e+03 2.119195806237070428e+03 1.653124685593919452e+00
1.859864257812500000e+03 2.118793017790646445e+03 1.655776477996553142e+00
1.859885070800781250e+03 2.119320793421540657e+03 1.650507346094442163e+00
1.859905944824218750e+03 2.120586772261449369e+03 1.652902567272603207e+00
1.859926757812500000e+03 2.120597686567476558e+03 1.655314415168482434e+00
1.859947570800781250e+03 2.119113816102602868e+03 1.648718859629359157e+00
1.859968444824218750e+03 2.122084890012007236e+03 1.654693015632406006e+00
1.859989257812500000e+03 2.117015857035589306e+03 1.647300147060521303e+00
1.860010070800781250e+03 2.116958289585903458e+03 1.649155952851876883e+00
1.860030944824218750e+03 2.120855603313380016e+03 1.648297995499346413e+00
1.860051757812500000e+03 2.119069212478914778e+03 1.646450997191891696e+00
1.860072570800781250e+03 2.116883189327170840e+03 1.646613028897258468e+00
1.860093444824218750e+03 2.115698789192330423e+03 1.649146049772865164e+00
1.860114257812500000e+03 2.120056848687458569e+03 1.648424482972153493e+00
1.860135070800781250e+03 2.121748546941185396e+03 1.648496364609166598e+00
1.860155944824218750e+03 2.117797822200807786e+03 1.648198042557642573e+00
1.860176757812500000e+03 2.121689419545883993e+03 1.645267928661812151e+00
1.860197570800781250e+03 2.118142966703825550e+03 1.645629153885689533e+00
1.860218444824218750e+03 2.121558124763945671e+03 1.645792570293408419e+00
1.860239257812500000e+03 2.119082607983501475e+03 1.644775010117821790e+00
1.860260070800781250e+03 2.120074857297355265e+03 1.643865382565158129e+00
1.860280944824218750e+03 2.119171995633080314e+03 1.643164422341129027e+00
1.860301757812500000e+03 2.118998379155465500e+03 1.644021650719374783e+00
1.860322570800781250e+03 2.120234087473442742e+03 1.643165438021310099e+00
1.860343444824218750e+03 2.119675747673984006e+03 1.642677041067972965e+00
1.860364257812500000e+03 2.119615605594602584e+03 1.647362959955174899e+00
1.860385070800781250e+03 2.116352197104539755e+03 1.642377589409468985e+00
1.860405944824218750e+03 2.118183946444551111e+03 1.641270973553840440e+00
1.860426757812500000e+03 2.116887182503617623e+03 1.642636401291391657e+00
1.860447570800781250e+03 2.117971781609253867e+03 1.641993142920985527e+00
1.860468444824218750e+03 2.118774334745407486e+03 1.642130860024283212e+00
1.860489257812500000e+03 2.121395927007200044e+03 1.644751454740160046e+00
1.860510070800781250e+03 2.119485177924069376e+03 1.642098337469670044e+00
1.860530944824218750e+03 2.119521571800554284e+03 1.640380405176721235e+00
1.860551757812500000e+03 2.119993298747639074e+03 1.648375017328856051e+00
1.860572570800781250e+03 2.121117084941513895e+03 1.646586314311677901e+00
1.860593444824218750e+03 2.121904032985890353e+03 1.639947515206085837e+00
1.860614257812500000e+03 2.119555130678018031e+03 1.647988425459538275e+00
1.860635070800781250e+03 2.120752932475693797e+03 1.641501564915190281e+00
1.860655944824218750e+03 2.119636577918317016e+03 1.640306932407551654e+00
1.860676757812500000e+03 2.119686245756054632e+03 1.639940754936823453e+00
1.860697570800781250e+03 2.119808119663652633e+03 1.640737620530049012e+00
1.860718444824218750e+03 2.119552690558019094e+03 1.641889538941995408e+00
1.860739257812500000e+03 2.119288445789301022e+03 1.639022553196222587e+00
1.860760070800781250e+03 2.118545669155891119e+03 1.637816577623164793e+00
1.860780944824218750e+03 2.120903831363033987e+03 1.637557003980069092e+00
1.860801757812500000e+03 2.120645264532728561e+03 1.643943337213490397e+00
1.860822570800781250e+03 2.118464768006264876e+03 1.638103036278426350e+00
1.860843444824218750e+03 2.120234428565796861e+03 1.641899122765950958e+00
1.860864257812500000e+03 2.120398300779660985e+03 1.637536547886321969e+00
1.860885070800781250e+03 2.120109432043525885e+03 1.637495125333795709e+00
1.860905944824218750e+03 2.117019419455112711e+03 1.636497027325982456e+00
1.860926757812500000e+03 2.115886849902599351e+03 1.636690053028182934e+00
1.860947570800781250e+03 2.118370435878072840e+03 1.637464913145199708e+00
1.860968444824218750e+03 2.120525068330623981e+03 1.639698966124168544e+00
1.860989257812500000e+03 2.116333229208934881e+03 1.636566300678192087e+00
1.861010070800781250e+03 2.118255340792944480e+03 1.637015013181414735e+00
1.861030944824218750e+03 2.124031370726008845e+03 1.642649536757719853e+00
1.861051757812500000e+03 2.119895002590768854e+03 1.642631321248622989e+00
1.861072570800781250e+03 2.121878403519065159e+03 1.639502731856117279e+00
1.861093444824218750e+03 2.120255708329296795e+03 1.635385047299163563e+00
1.861114257812500000e+03 2.119685789483830831e+03 1.639315491271428726e+00
1.861135070800781250e+03 2.120457580448149656e+03 1.636378068450901946e+00
1.861155944824218750e+03 2.120994038217979323e+03 1.638504474441709657e+00
1.861176757812500000e+03 2.121055122648790530e+03 1.636580140428672170e+00
1.861197570800781250e+03 2.118400111217012636e+03 1.634014362640945350e+00
1.861218444824218750e+03 2.119615576375706496e+03 1.638402250566650453e+00
1.861239257812500000e+03 2.120247338419027983e+03 1.636674611809759483e+00
1.861260070800781250e+03 2.120279050836388706e+03 1.637729378279418890e+00
1.861280944824218750e+03 2.120751030789235756e+03 1.634935377051273342e+00
1.861301757812500000e+03 2.121880226734964253e+03 1.636924712484743916e+00
1.861322570800781250e+03 2.120049243546359321e+03 1.636448148148972104e+00
1.861343444824218750e+03 2.119216995929920813e+03 1.642751351202254018e+00
1.861364257812500000e+03 2.121052444673498940e+03 1.635719449468827857e+00
1.861385070800781250e+03 2.118940362646275389e+03 1.635419234093596685e+00
1.861405944824218750e+03 2.119182165922255081e+03 1.636386154723079134e+00
1.861426757812500000e+03 2.118942063887419408e+03 1.635340435737854925e+00
1.861447570800781250e+03 2.122602971110238286e+03 1.635518072916513965e+00
1.861468444824218750e+03 2.122360679021917349e+03 1.634483686812087555e+00
1.861489257812500000e+03 2.119415304480493887e+03 1.634428766653588605e+00
1.861510070800781250e+03 2.120840049171175451e+03 1.642490234926595738e+00
1.861530944824218750e+03 2.121011835791820886e+03 1.634693358361057003e+00
1.861551757812500000e+03 2.118961684336675717e+03 1.633926595586911779e+00
1.861572570800781250e+03 2.119953173071793117e+03 1.634732007919547314e+00
1.861593444824218750e+03 2.119073677277955539e+03 1.634360569731572621e+00
1.861614257812500000e+03 2.120566193012629356e+03 1.633900184295417946e+00
1.861635070800781250e+03 2.120367188813602752e+03 1.635022142126191458e+00
1.861655944824218750e+03 2.118933744865883000e+03 1.636913570198701429e+00
1.861676757812500000e+03 2.118897491778789117e+03 1.634245248461732913e+00
1.861697570800781250e+03 2.120105327686732380e+03 1.636413837154111706e+00
1.861718444824218750e+03 2.121520232554410995e+03 1.635270745961553640e+00
1.861739257812500000e+03 2.118425876457321465e+03 1.633555412116266536e+00
1.861760070800781250e+03 2.120242825029112282e+03 1.637812283273357483e+00
1.861780944824218750e+03 2.118587815133437289e+03 1.633809419586078393e+00
1.861801757812500000e+03 2.117562942850317540e+03 1.633052315508783270e+00
1.861822570800781250e+03 2.116770995832519475e+03 1.637292001341315473e+00
1.861843444824218750e+03 2.119472156775737858e+03 1.632795707944829422e+00
1.861864257812500000e+03 2.120268723618562490e+03 1.633596204831556209e+00
1.861885070800781250e+03 2.120642666139130142e+03 1.634546992221849182e+00
1.861905944824218750e+03 2.119101693863442961e+03 1.634213954948774861e+00
1.861926757812500000e+03 2.120485384061068544e+03 1.634188861349294974e+00
1.861968444824218750e+03 2.115451469677597743e+03 1.639627135037876382e+00
1.861989257812500000e+03 2.117808810047834413e+03 1.632989317158821452e+00
1.862010070800781250e+03 2.118045857392171001e+03 1.636806512996994423e+00
1.862030944824218750e+03 2.115116602983972371e+03 1.632488455855721332e+00
1.862051757812500000e+03 2.116318488895698465e+03 1.637448824017298854e+00
1.862072570800781250e+03 2.118007080829160714e+03 1.634749873916053975e+00
1.862093444824218750e+03 2.116471813758692861e+03 1.632297051215363837e+00
1.862114257812500000e+03 2.115886175643011939e+03 1.635273953505997913e+00
1.862135070800781250e+03 2.114482064164392796e+03 1.631662283057979890e+00
1.862155944824218750e+03 2.113493834044526920e+03 1.633805844345594949e+00
1.862176757812500000e+03 2.113832125828212156e+03 1.632571919070676225e+00
1.862197570800781250e+03 2.117295192352237791e+03 1.632472901871528270e+00
1.862218444824218750e+03 2.114733629977856708e+03 1.632946246204437735e+00
1.862239257812500000e+03 2.114802638775273863e+03 1.637176012791459412e+00
1.862260070800781250e+03 2.114020630076188354e+03 1.632513064438797734e+00
1.862280944824218750e+03 2.109504880158475316e+03 1.631325149266695140e+00
1.862301757812500000e+03 2.114313967790820243e+03 1.632486119116381973e+00
1.862322570800781250e+03 2.115412599799184136e+03 1.631836741074570218e+00
1.862343444824218750e+03 2.112974097835776320e+03 1.632667425546175055e+00
1.862364257812500000e+03 2.111556926715449663e+03 1.632269298965802751e+00
1.862385070800781250e+03 2.116249860770103624e+03 1.631884662624403903e+00
1.862405944824218750e+03 2.113393946192664316e+03 1.633654801529099698e+00
1.862426757812500000e+03 2.113051314189724962e+03 1.631842512189403349e+00
1.862447570800781250e+03 2.114019732062736239e+03 1.639842255379484914e+00
1.862468444824218750e+03 2.115073245653380582e+03 1.633331508375951868e+00
1.862489257812500000e+03 2.111034035186156416e+03 1.633374788121535026e+00
1.862510070800781250e+03 2.110611789890885120e+03 1.636668347877731744e+00
1.862530944824218750e+03 2.112536162646447337e+03 1.632584843438959377e+00
1.862551757812500000e+03 2.116358873070256323e+03 1.632801767706393070e+00
1.862572570800781250e+03 2.114231237117576256e+03 1.632347734369202552e+00
1.862593444824218750e+03 2.116040989963474658e+03 1.633019539150276644e+00
1.862614257812500000e+03 2.116722920194857124e+03 1.633393909667473221e+00
1.862635070800781250e+03 2.114897292156650110e+03 1.631369359118394646e+00
1.862655944824218750e+03 2.116759199812029692e+03 1.634654270330993420e+00
1.862676757812500000e+03 2.114381883004712563e+03 1.635609763179792786e+00
1.862697570800781250e+03 2.114425919026914016e+03 1.632791254370788092e+00
1.862718444824218750e+03 2.113641253962067367e+03 1.631749149117146303e+00
1.862739257812500000e+03 2.115712011126227480e+03 1.632271197818968567e+00
1.862760070800781250e+03 2.114927262701235577e+03 1.633895004130156536e+00
1.862780883789062500e+03 2.114589177538131935e+03 1.633699750995821320e+00
1.862801696777343750e+03 2.113938581892512502e+03 1.635030891289951160e+00
1.862822570800781250e+03 2.115548306561265235e+03 1.635161248284659363e+00
1.862843383789062500e+03 2.114378592384132844e+03 1.631218894574235634e+00
1.862864196777343750e+03 2.112951101233557438e+03 1.632882586713505058e+00
1.862885070800781250e+03 2.113657313359665750e+03 1.631521855644277430e+00
1.862905883789062500e+03 2.112648408148624640e+03 1.631003952470641227e+00
1.862926696777343750e+03 2.115454889063218616e+03 1.631763541112686511e+00
1.862947570800781250e+03 2.115560396113299248e+03 1.630989773042893054e+00
1.862968383789062500e+03 2.114556936716713608e+03 1.632331229653280813e+00
1.862989196777343750e+03 2.115634257360536594e+03 1.635597810209491909e+00
1.863010070800781250e+03 2.113996977595360931e+03 1.635541542614866950e+00
1.863030883789062500e+03 2.110547021215718814e+03 1.632407033122100559e+00
1.863051696777343750e+03 2.111576754939987040e+03 1.631013965703602020e+00
1.863072570800781250e+03 2.115430688248585284e+03 1.632864335254895716e+00
1.863093383789062500e+03 2.113758367498834559e+03 1.631314772565911841e+00
1.863114196777343750e+03 2.113541837438675429e+03 1.635011205605654050e+00
1.863135070800781250e+03 2.114428239085498262e+03 1.633532497693421348e+00
1.863155883789062500e+03 2.116791312090088013e+03 1.631901975399261406e+00
1.863176696777343750e+03 2.116605638315273609e+03 1.639945043713028072e+00
1.863197570800781250e+03 2.115451643376466109e+03 1.632297270310193671e+00
1.863218383789062500e+03 2.115120105997043538e+03 1.632478816784388220e+00
1.863239196777343750e+03 2.117323397000899149e+03 1.632110006533044055e+00
1.863260070800781250e+03 2.116226290981607690e+03 1.632546800231742035e+00
1.863280883789062500e+03 2.115126066112753506e+03 1.632732188608786661e+00
1.863301696777343750e+03 2.115076973351490778e+03 1.634145165470076488e+00
1.863322570800781250e+03 2.117773907770343158e+03 1.632577322491331140e+00
1.863343383789062500e+03 2.115283693520134420e+03 1.633480099811660757e+00
1.863364196777343750e+03 2.115906554721544126e+03 1.633762940849531775e+00
1.863385070800781250e+03 2.116620290530746843e+03 1.631622318734090804e+00
1.863405883789062500e+03 2.118551010508957916e+03 1.632305011641970616e+00
1.863426696777343750e+03 2.116239110653898024e+03 1.635477692585174170e+00
1.863447570800781250e+03 2.115099403594267642e+03 1.630839200380453935e+00
1.863468383789062500e+03 2.116843082634583880e+03 1.632244613673629940e+00
1.863489196777343750e+03 2.117471125959632900e+03 1.633387195256996272e+00
1.863510070800781250e+03 2.114351364930686032e+03 1.638528483394965818e+00
1.863530883789062500e+03 2.115758180445656762e+03 1.632302017357618373e+00
1.863551696777343750e+03 2.117084625922841951e+03 1.633062608171607089e+00
1.863572570800781250e+03 2.117212075820158134e+03 1.633236259702782522e+00
1.863593383789062500e+03 2.117663818359375000e+03 1.640001450979940101e+00
1.863614196777343750e+03 2.114664809755943679e+03 1.639205900161349261e+00
1.863635070800781250e+03 2.112793478029604557e+03 1.634218550537167136e+00
1.863655883789062500e+03 2.117073613377565380e+03 1.631220794650144246e+00
1.863676696777343750e+03 2.113674513087092237e+03 1.631386311999923899e+00
1.863697570800781250e+03 2.116793365439647005e+03 1.632291938994319347e+00
1.863718383789062500e+03 2.115460023528257807e+03 1.633281804588936792e+00
1.863739196777343750e+03 2.116249924844410543e+03 1.635442267863431054e+00
1.863760070800781250e+03 2.116511994496448551e+03 1.632572065109307413e+00
1.863780883789062500e+03 2.117818763829712225e+03 1.634576674904908877e+00
1.863801696777343750e+03 2.114470669837359310e+03 1.636592013384498223e+00
1.863822570800781250e+03 2.115300848825796947e+03 1.634026910828735302e+00
1.863843383789062500e+03 2.118923591049200695e+03 1.632494443735011291e+00
1.863864196777343750e+03 2.119200260894672738e+03 1.632747156031194580e+00
1.863885070800781250e+03 2.117994727764328218e+03 1.631523097771156561e+00
1.863905883789062500e+03 2.115664951536472472e+03 1.630517615411771981e+00
1.863926696777343750e+03 2.116892971116770696e+03 1.641939780790969250e+00
1.863947570800781250e+03 2.117618389926838972e+03 1.633984888611561548e+00
1.863968383789062500e+03 2.118697504123005274e+03 1.633427043419358293e+00
1.863989196777343750e+03 2.119137697971216312e+03 1.634942085103648690e+00
1.864010070800781250e+03 2.117347030329426161e+03 1.631584618401507925e+00
1.864030883789062500e+03 2.115755102140638428e+03 1.630715150223613685e+00
1.864051696777343750e+03 2.118767196561214405e+03 1.633486959797092686e+00
1.864072570800781250e+03 2.118609461388840828e+03 1.634736383283684313e+00
1.864093383789062500e+03 2.119090848216606446e+03 1.637253630646474889e+00
1.864114196777343750e+03 2.118215566010364910e+03 1.637772323444611766e+00
1.864135070800781250e+03 2.117255259659101739e+03 1.631760618890359948e+00
1.864155883789062500e+03 2.118840203057562121e+03 1.633196333894111563e+00
1.864176696777343750e+03 2.117692426969772896e+03 1.632555927761522918e+00
1.864197570800781250e+03 2.119168530865967568e+03 1.631252145583104607e+00
1.864218383789062500e+03 2.116699616898843487e+03 1.631915927755048346e+00
1.864239196777343750e+03 2.117140576386658267e+03 1.633594307518548838e+00
1.864260070800781250e+03 2.117109952142661768e+03 1.634204180162233122e+00
1.864280883789062500e+03 2.119698445048977646e+03 1.632054787370660565e+00
1.864301696777343750e+03 2.118426049982301720e+03 1.631935212490221110e+00
1.864322570800781250e+03 2.114999679241397644e+03 1.632547019293054458e+00
1.864343383789062500e+03 2.118215346808364757e+03 1.633225895144239326e+00
1.864364196777343750e+03 2.115584065516520695e+03 1.631045612962721991e+00
1.864385070800781250e+03 2.116412306353138774e+03 1.632617628524397624e+00
1.864405883789062500e+03 2.117504072034994351e+03 1.632715833804988748e+00
1.864426696777343750e+03 2.120100233907691290e+03 1.631817016857134206e+00
1.864447570800781250e+03 2.118360426799342349e+03 1.634644279397207356e+00
1.864468383789062500e+03 2.117252542993026054e+03 1.632707510315151822e+00
1.864489196777343750e+03 2.117541106037889676e+03 1.640542891127999559e+00
1.864510070800781250e+03 2.117958014223370810e+03 1.632074143506646591e+00
1.864530883789062500e+03 2.115325574699763365e+03 1.630674870270508059e+00
1.864551696777343750e+03 2.121130662217676218e+03 1.635213592296627327e+00
1.864572570800781250e+03 2.118455910887607843e+03 1.631959171995257973e+00
1.864593383789062500e+03 2.116482270101976610e+03 1.632498021847518022e+00
1.864614196777343750e+03 2.118086497089054774e+03 1.636209704643876162e+00
1.864635070800781250e+03 2.106702947056163794e+03 1.629584447980145345e+00
1.864655883789062500e+03 2.112637102870173294e+03 1.631421313297120923e+00
1.864676696777343750e+03 2.118287787151877637e+03 1.632157335756743377e+00
1.864697570800781250e+03 2.117640964291995715e+03 1.638626916425496516e+00
1.864718383789062500e+03 2.117561507789117059e+03 1.632951721388785193e+00
1.864739196777343750e+03 2.117908439576809997e+03 1.634026910828735302e+00
1.864760070800781250e+03 2.118182035795792672e+03 1.632492691187248601e+00
1.864780883789062500e+03 2.117066091295363549e+03 1.636311919787080349e+00
1.864801696777343750e+03 2.119298470408978574e+03 1.633965992852651095e+00
1.864822570800781250e+03 2.116077171814222311e+03 1.634083011722424539e+00
1.864843383789062500e+03 2.113274041819729518e+03 1.631854419615002438e+00
1.864864196777343750e+03 2.116626828413602652e+03 1.632669469966223863e+00
1.864885070800781250e+03 2.115928643332108095e+03 1.632692542529298851e+00
1.864905883789062500e+03 2.114170486143473681e+03 1.631001321245941105e+00
1.864926696777343750e+03 2.120398630328621039e+03 1.632200500565049950e+00
1.864947570800781250e+03 2.117771826338641404e+03 1.641326318435077924e+00
1.864968383789062500e+03 2.118146305128610493e+03 1.635899304487848926e+00
1.864989196777343750e+03 2.114978002334862595e+03 1.632784464472232466e+00
1.865010070800781250e+03 2.115528078144996925e+03 1.631526604947828529e+00
1.865030883789062500e+03 2.118197231330134855e+03 1.633406024729590955e+00
1.865051696777343750e+03 2.118093766893651264e+03 1.637885431253689905e+00
1.865072570800781250e+03 2.117599401078181472e+03 1.635672077555336168e+00
1.865093383789062500e+03 2.117032284133310441e+03 1.635296843526879318e+00
1.865114196777343750e+03 2.115795521918687427e+03 1.635903093765013194e+00
1.865135070800781250e+03 2.116592119192257087e+03 1.634362830851602055e+00
1.865155883789062500e+03 2.116195894440796110e+03 1.634547502739381430e+00
1.865176696777343750e+03 2.115134529399043913e+03 1.635393648734769112e+00
1.865197570800781250e+03 2.115965091766965543e+03 1.632061215094106954e+00
1.865218383789062500e+03 2.119121143237415708e+03 1.634157056117194973e+00
1.865239196777343750e+03 2.115994573221136761e+03 1.633303992663135862e+00
1.865260070800781250e+03 2.116783821573470959e+03 1.631951429022954647e+00
1.865280883789062500e+03 2.116210692207512693e+03 1.632751463702948547e+00
1.865301696777343750e+03 2.115907717648507059e+03 1.632700793081887536e+00
1.865322570800781250e+03 2.117805137392054348e+03 1.633323042052149177e+00
1.865343383789062500e+03 2.116874346689560298e+03 1.635829784268328257e+00
1.865364196777343750e+03 2.117023425509866229e+03 1.632996909209279757e+00
1.865385070800781250e+03 2.113833689978494476e+03 1.640354533835165718e+00
1.865405883789062500e+03 2.117771605629437545e+03 1.635871904837932655e+00
1.865426696777343750e+03 2.117675715186801881e+03 1.636649483100409253e+00
1.865447570800781250e+03 2.116176527744597934e+03 1.635366459296514030e+00
1.865468383789062500e+03 2.116371314189827899e+03 1.632140244806505880e+00
1.865510070800781250e+03 2.115629030332026105e+03 1.632997858213105280e+00
1.865530883789062500e+03 2.117566752372405972e+03 1.634002689821604459e+00
1.865551696777343750e+03 2.116583342194412580e+03 1.631090780504514504e+00
1.865572570800781250e+03 2.116978625466642370e+03 1.639718304725146458e+00
1.865593383789062500e+03 2.118459512848807663e+03 1.631780489898983166e+00
1.865614196777343750e+03 2.115989186793972749e+03 1.631658556992376718e+00
1.865635070800781250e+03 2.118340760204252547e+03 1.636584656532449777e+00
1.865655883789062500e+03 2.114345315525593378e+03 1.631418682745559012e+00
1.865676696777343750e+03 2.118212538850727015e+03 1.632298950036245255e+00
1.865697570800781250e+03 2.117410150114993939e+03 1.631085956846114682e+00
1.865718383789062500e+03 2.117322213219832975e+03 1.637656004950904798e+00
1.865739196777343750e+03 2.116887957079421540e+03 1.637884266734319860e+00
1.865760070800781250e+03 2.116194552967868276e+03 1.638095977304879103e+00
1.865780883789062500e+03 2.115666179079449194e+03 1.634288941665038797e+00
1.865801696777343750e+03 2.115789814477685468e+03 1.631133096532630056e+00
1.865822570800781250e+03 2.118122289481656026e+03 1.636006493921612348e+00
1.865843383789062500e+03 2.118637709090184671e+03 1.632663701774508480e+00
1.865864196777343750e+03 2.115345305494472086e+03 1.633513304792527210e+00
1.865885070800781250e+03 2.117664392928567395e+03 1.631505123372382293e+00
1.865905883789062500e+03 2.114968499966233594e+03 1.637709652241372105e+00
1.865926696777343750e+03 2.116133236470443990e+03 1.636386956063190734e+00
1.865947570800781250e+03 2.116621829322869417e+03 1.631705168729912447e+00
1.865968383789062500e+03 2.116879191248634015e+03 1.631256968750081082e+00
1.865989196777343750e+03 2.117544032994100235e+03 1.634146843296691909e+00
1.866010070800781250e+03 2.115585923145576089e+03 1.634115474948918401e+00
1.866030883789062500e+03 2.119257581811839373e+03 1.632848346809521844e+00
1.866051696777343750e+03 2.118413888161655450e+03 1.635080323185696960e+00
1.866072570800781250e+03 2.118835783717686809e+03 1.632140975192655441e+00
1.866093383789062500e+03 2.117044875145556944e+03 1.640920412624459646e+00
1.866114196777343750e+03 2.119918492064169186e+03 1.642952203962058100e+00
1.866135070800781250e+03 2.120626191262940210e+03 1.633962855697781436e+00
1.866155883789062500e+03 2.120328024396562796e+03 1.632933835718617388e+00
1.866176696777343750e+03 2.116193817291805772e+03 1.632838709862718618e+00
1.866197570800781250e+03 2.117318391989649172e+03 1.632816880507730550e+00
1.866218383789062500e+03 2.117846586762822426e+03 1.637571199339773687e+00
1.866239196777343750e+03 2.119285557736076498e+03 1.632913102696604613e+00
1.866260070800781250e+03 2.113949551395531671e+03 1.632084880584978137e+00
1.866280883789062500e+03 2.119397195802600891e+03 1.632337072049679261e+00
1.866301696777343750e+03 2.116042059048698775e+03 1.637200623729259785e+00
1.866322570800781250e+03 2.117484040867267140e+03 1.634316805501873748e+00
1.866343383789062500e+03 2.118940644740535845e+03 1.633526221712619186e+00
1.866364196777343750e+03 2.116238619130415373e+03 1.637228510824091821e+00
1.866385070800781250e+03 2.117749500629609429e+03 1.634381867899423302e+00
1.866405883789062500e+03 2.118091151954432917e+03 1.637212783434757846e+00
1.866426696777343750e+03 2.120016178679370114e+03 1.636225368818521764e+00
1.866447570800781250e+03 2.119126325446283772e+03 1.634086878163006906e+00
1.866468383789062500e+03 2.120125737533618121e+03 1.633624810206759648e+00
1.866489196777343750e+03 2.117340229098568670e+03 1.633812411107817830e+00
1.866510070800781250e+03 2.115843454578281126e+03 1.638191816647581511e+00
1.866530883789062500e+03 2.118654170101250656e+03 1.637633439079770437e+00
1.866551696777343750e+03 2.118386137244405290e+03 1.636016695133261978e+00
1.866572570800781250e+03 2.116514105991293036e+03 1.631905043466786331e+00
1.866593383789062500e+03 2.118316863305738934e+03 1.635281316254675987e+00
1.866614196777343750e+03 2.119336126250020243e+03 1.634824981887978534e+00
1.866635070800781250e+03 2.117803361115505140e+03 1.633148888793899856e+00
1.866655883789062500e+03 2.117943578537747271e+03 1.634302363048890427e+00
1.866676696777343750e+03 2.117681003437174695e+03 1.632063114189371555e+00
1.866697570800781250e+03 2.118444350237443814e+03 1.637357091127640052e+00
1.866718383789062500e+03 2.115894201412661459e+03 1.632209922173463612e+00
1.866739196777343750e+03 2.117134589472085281e+03 1.636413472914638456e+00
1.866760070800781250e+03 2.120248423418132006e+03 1.633930535356233227e+00
1.866780883789062500e+03 2.119483303055807482e+03 1.634745863199140947e+00
1.866801696777343750e+03 2.119321059233217511e+03 1.632715687779216829e+00
1.866822570800781250e+03 2.118478933279993726e+03 1.633187209943421703e+00
1.866843383789062500e+03 2.117852874824068294e+03 1.632363289546054919e+00
1.866864196777343750e+03 2.117664401523097695e+03 1.639368866106571510e+00
1.866885070800781250e+03 2.118017877325394693e+03 1.633144874145248560e+00
1.866905883789062500e+03 2.117096850452435319e+03 1.634996550553442285e+00
1.866926696777343750e+03 2.119662929518202873e+03 1.638714795465545881e+00
1.866947570800781250e+03 2.119177718523049407e+03 1.633715877045268217e+00
1.866968383789062500e+03 2.117993956206133589e+03 1.633041292797936084e+00
1.866989196777343750e+03 2.116848528280429946e+03 1.635451525014981256e+00
1.867010070800781250e+03 2.117260589000872642e+03 1.634413377008576695e+00
1.867030883789062500e+03 2.118441669296191776e+03 1.632412583141440665e+00
1.867051696777343750e+03 2.116032665820265265e+03 1.632861049970680378e+00
1.867072570800781250e+03 2.120029749343928870e+03 1.637516164335883317e+00
1.867093383789062500e+03 2.118429387645137922e+03 1.633109179835114055e+00
1.867114196777343750e+03 2.116164737456461353e+03 1.635141637074313925e+00
1.867135070800781250e+03 2.118272212523733742e+03 1.631844411539188355e+00
1.867155883789062500e+03 2.120750164147352280e+03 1.633903248610799164e+00
1.867176696777343750e+03 2.121046200069843962e+03 1.633791908129432979e+00
1.867197570800781250e+03 2.119912653761747151e+03 1.633965992852651095e+00
1.867218383789062500e+03 2.115973405513111175e+03 1.634313596078907027e+00
1.867239196777343750e+03 2.121000240385327288e+03 1.634152168561060714e+00
1.867260070800781250e+03 2.115925481925431995e+03 1.633914703262640211e+00
1.867280883789062500e+03 2.118471496903044226e+03 1.632671806443144691e+00
1.867301696777343750e+03 2.121183808241246425e+03 1.634340875973232521e+00
1.867322509765625000e+03 2.120052652234317065e+03 1.636022087176580264e+00
1.867343322753906250e+03 2.117150921757622655e+03 1.634321911389058801e+00
1.867364196777343750e+03 2.119781843236485656e+03 1.635694378965518947e+00
1.867385009765625000e+03 2.117316610616490379e+03 1.632672682621127969e+00
1.867405822753906250e+03 2.118553888425822151e+03 1.639912623194494046e+00
1.867426696777343750e+03 2.119488165560182097e+03 1.643490568509383687e+00
1.867468322753906250e+03 2.118973929146974569e+03 1.633081879365861688e+00
1.867489196777343750e+03 2.115760742145075710e+03 1.640910968380778323e+00
1.867510009765625000e+03 2.115204455993919964e+03 1.634775542271292403e+00
1.867530822753906250e+03 2.117385973187157560e+03 1.631772307748267536e+00
1.867551696777343750e+03 2.116560750422732781e+03 1.633186844984333863e+00
1.867572509765625000e+03 2.114692727853230281e+03 1.631450541362422957e+00
1.867593322753906250e+03 2.113529926298890587e+03 1.633890626512906508e+00
1.867614196777343750e+03 2.112412551958921085e+03 1.631575485437926964e+00
1.867635009765625000e+03 2.112677161223221447e+03 1.631812195345498706e+00
1.867655822753906250e+03 2.115762524519800991e+03 1.633637872188549167e+00
1.867676696777343750e+03 2.115425871603425094e+03 1.636182820199231891e+00
1.867697509765625000e+03 2.113701616772631496e+03 1.632789502141605897e+00
1.867718322753906250e+03 2.115237660431600034e+03 1.635487095314551720e+00
1.867739196777343750e+03 2.114761797924531493e+03 1.633204727883728280e+00
1.867760009765625000e+03 2.117274177862435863e+03 1.635636584161092699e+00
1.867780822753906250e+03 2.115490523405884232e+03 1.632907481374147318e+00
1.867801696777343750e+03 2.114067663993293991e+03 1.635627473822746536e+00
1.867822509765625000e+03 2.112740309250429164e+03 1.632329549960445991e+00
1.867843322753906250e+03 2.111890553864524463e+03 1.632424851538287536e+00
1.867864196777343750e+03 2.116097570031869964e+03 1.632351604920018628e+00
1.867885009765625000e+03 2.115346625740464333e+03 1.633568985476297142e+00
1.867905822753906250e+03 2.116247567483272178e+03 1.633332457185367570e+00
1.867926696777343750e+03 2.115573125162257838e+03 1.640975478747499716e+00
1.867947509765625000e+03 2.116096409685790150e+03 1.634248968629714360e+00
1.867968322753906250e+03 2.114344956249302868e+03 1.631083106495809565e+00
1.867989196777343750e+03 2.110101564297121968e+03 1.631030776102457169e+00
1.868010009765625000e+03 2.110353849125719989e+03 1.633788478780529241e+00
1.868030822753906250e+03 2.115148761181518239e+03 1.632158431324372883e+00
1.868051696777343750e+03 2.117348528400152190e+03 1.633353111899896515e+00
1.868072509765625000e+03 2.116947801975140464e+03 1.632620914298444026e+00
1.868093322753906250e+03 2.114487298041164649e+03 1.633004282224498560e+00
1.868114196777343750e+03 2.113711403903471364e+03 1.631606464243000598e+00
1.868135009765625000e+03 2.114464460452111780e+03 1.632376288594237446e+00
1.868155822753906250e+03 2.114268565237059647e+03 1.633393763702321699e+00
1.868176696777343750e+03 2.112705299080596433e+03 1.632711306999989898e+00
1.868197509765625000e+03 2.116317781308146550e+03 1.642138627592705902e+00
1.868218322753906250e+03 2.113193426258724685e+03 1.631289634369250008e+00
1.868239196777343750e+03 2.111741369389426836e+03 1.631148590209639870e+00
1.868260009765625000e+03 2.113597513993863686e+03 1.633017933164802038e+00
1.868280822753906250e+03 2.114235297842523778e+03 1.633251076527884038e+00
1.868301696777343750e+03 2.116684944625522803e+03 1.633307714975005931e+00
1.868322509765625000e+03 2.112782497725558642e+03 1.632628581078835905e+00
1.868343322753906250e+03 2.112997080914730759e+03 1.633583434413045321e+00
1.868364196777343750e+03 2.114546693989360847e+03 1.632414846959700627e+00
1.868385009765625000e+03 2.115194495151934916e+03 1.633394128615176299e+00
1.868405822753906250e+03 2.115284939229296469e+03 1.634015311053853781e+00
1.868426696777343750e+03 2.115531842878501266e+03 1.631957272779036794e+00
1.868447509765625000e+03 2.117382123984833925e+03 1.632734305959800736e+00
1.868468322753906250e+03 2.115142732188862283e+03 1.641831381355983721e+00
1.868489196777343750e+03 2.115104780785214643e+03 1.635489792211451299e+00
1.868510009765625000e+03 2.113389914658878297e+03 1.632924929311836637e+00
1.868530822753906250e+03 2.114842524525926819e+03 1.633871218935169622e+00
1.868551696777343750e+03 2.113247757923550125e+03 1.631523097771156561e+00
1.868572509765625000e+03 2.112577984283913338e+03 1.633204362928555087e+00
1.868593322753906250e+03 2.111877689761336569e+03 1.633048154626675297e+00
1.868614196777343750e+03 2.113995907880004779e+03 1.642648811044089330e+00
1.868635009765625000e+03 2.114858386964454439e+03 1.635580099245329988e+00
1.868655822753906250e+03 2.118391300392213452e+03 1.633547676710098706e+00
1.868676696777343750e+03 2.115360185739074950e+03 1.634006629407454225e+00
1.868697509765625000e+03 2.118948013760217236e+03 1.632693199654484451e+00
1.868718322753906250e+03 2.118013887408686514e+03 1.633183268380957509e+00
1.868739196777343750e+03 2.118834986096451757e+03 1.639426238480541365e+00
1.868760009765625000e+03 2.120474128845607538e+03 1.633500679681529677e+00
1.868780822753906250e+03 2.119074608315363093e+03 1.641429522211828029e+00
1.868801696777343750e+03 2.116667787695359493e+03 1.633490681692026936e+00
