1.764699035644531250e+03 1.606962700271942140e+03 1.748760601935925640e+00
1.764719909667968750e+03 1.605462854769721616e+03 1.749195799649331473e+00
1.764740722656250000e+03 1.605116846153050801e+03 1.747988907689356441e+00
1.764761535644531250e+03 1.608156167431870472e+03 1.749020847508202303e+00
1.764782409667968750e+03 1.604135651156441099e+03 1.748003092808900760e+00
1.764803222656250000e+03 1.605956043787776935e+03 1.750091414107604271e+00
1.764824035644531250e+03 1.606367086955040349e+03 1.747691130002287263e+00
1.764844909667968750e+03 1.604405939103841774e+03 1.748545655424356804e+00
1.764865722656250000e+03 1.605810150221240747e+03 1.747667188273387184e+00
1.764886535644531250e+03 1.605109165015304825e+03 1.746647689306138229e+00
1.764907409667968750e+03 1.605478638719255059e+03 1.747294446237152243e+00
1.764928222656250000e+03 1.607077130874628438e+03 1.747171295642163891e+00
1.764949035644531250e+03 1.605150823569741760e+03 1.752689270704229418e+00
1.764969909667968750e+03 1.605583463942484968e+03 1.757596829217300094e+00
1.764990722656250000e+03 1.605071687744083647e+03 1.751520245848046331e+00
1.765011535644531250e+03 1.605263901820877663e+03 1.759126909289506102e+00
1.765032409667968750e+03 1.605680933737899977e+03 1.749883647865450031e+00
1.765053222656250000e+03 1.606921868325746118e+03 1.750804648015330311e+00
1.765074035644531250e+03 1.606987968412433247e+03 1.748630191933525868e+00
1.765094909667968750e+03 1.606438511570658193e+03 1.753187682311268869e+00
1.765115722656250000e+03 1.605834328598885577e+03 1.750536904397921534e+00
1.765136535644531250e+03 1.605871796159361793e+03 1.749380138153893149e+00
1.765157409667968750e+03 1.606302092560139727e+03 1.747563027703756156e+00
1.765178222656250000e+03 1.606282437454493675e+03 1.754965073871044945e+00
1.765199035644531250e+03 1.605427103497394455e+03 1.752711919577363053e+00
1.765219909667968750e+03 1.606619574101765920e+03 1.759677287773099730e+00
1.765240722656250000e+03 1.605723306568069802e+03 1.750586002872920766e+00
1.765261535644531250e+03 1.606144380903337833e+03 1.748239039935092443e+00
1.765282409667968750e+03 1.605708356185861248e+03 1.747509341999454513e+00
1.765303222656250000e+03 1.604159859353318325e+03 1.749158725160136152e+00
1.765324035644531250e+03 1.606057266730950460e+03 1.751795188563769035e+00
1.765344909667968750e+03 1.605762602829582192e+03 1.747922686209181675e+00
1.765365722656250000e+03 1.605017850759293424e+03 1.746990886522529429e+00
1.765386535644531250e+03 1.604406689970373918e+03 1.749711489736952341e+00
1.765407409667968750e+03 1.604839792733522700e+03 1.757338532020933153e+00
1.765428222656250000e+03 1.603426235834254157e+03 1.748660119605209395e+00
1.765449035644531250e+03 1.607078134748785715e+03 1.749040953922790687e+00
1.765469909667968750e+03 1.606529405806084242e+03 1.755059489684652529e+00
1.765490722656250000e+03 1.607016226364280101e+03 1.748311249757446006e+00
1.765511535644531250e+03 1.606263762933293719e+03 1.748077494603509363e+00
1.765532409667968750e+03 1.602809475750973206e+03 1.746432687518846727e+00
1.765553222656250000e+03 1.604067798663682652e+03 1.747125990413797902e+00
1.765574035644531250e+03 1.601739951484908033e+03 1.749317308505635937e+00
1.765594909667968750e+03 1.603363729900150929e+03 1.749695410788071115e+00
1.765615722656250000e+03 1.606519484292211928e+03 1.748181965472263455e+00
1.765636535644531250e+03 1.605936134582673048e+03 1.750188136205784728e+00
1.765657409667968750e+03 1.605909203357387923e+03 1.750612764707311531e+00
1.765678222656250000e+03 1.606911930623710759e+03 1.750957159135903218e+00
1.765699035644531250e+03 1.604460029455236736e+03 1.748403774887335116e+00
1.765719909667968750e+03 1.606733159968930522e+03 1.747805377325709841e+00
1.765740722656250000e+03 1.605100849338078888e+03 1.749287596519484289e+00
1.765761535644531250e+03 1.602845166586262849e+03 1.746990545337861356e+00
1.765782409667968750e+03 1.606748408159534392e+03 1.748707566526993551e+00
1.765803222656250000e+03 1.603363908659637445e+03 1.749305110297155519e+00
1.765824035644531250e+03 1.606063769150729286e+03 1.749764426588181321e+00
1.765844909667968750e+03 1.604620774404090298e+03 1.747330809822186248e+00
1.765865722656250000e+03 1.604350460367877986e+03 1.748477205127357603e+00
1.765886535644531250e+03 1.603353047900854108e+03 1.748524452481375224e+00
1.765907409667968750e+03 1.606477931527512965e+03 1.749259246997999284e+00
1.765928222656250000e+03 1.605219475557123815e+03 1.750277497224728585e+00
1.765949035644531250e+03 1.605097584047311329e+03 1.755513293962113419e+00
1.765969909667968750e+03 1.603648306978846676e+03 1.747841116447406362e+00
1.765990722656250000e+03 1.604790868851430560e+03 1.750138754112264605e+00
1.766011535644531250e+03 1.603796808568755068e+03 1.752546637291386711e+00
1.766032409667968750e+03 1.604796214404703733e+03 1.747504839692624490e+00
1.766053222656250000e+03 1.605260450013511445e+03 1.747139909615005982e+00
1.766074035644531250e+03 1.605549728946733694e+03 1.758184775032339386e+00
1.766094909667968750e+03 1.602982766986517618e+03 1.747130493696911868e+00
1.766115722656250000e+03 1.605601436145174603e+03 1.751199107114721931e+00
1.766136535644531250e+03 1.605764274548020012e+03 1.750007288781382231e+00
1.766157409667968750e+03 1.604425798902358565e+03 1.754198691407258037e+00
1.766178222656250000e+03 1.603804074775800473e+03 1.746995936047827991e+00
1.766199035644531250e+03 1.606460341112931019e+03 1.747676464879631242e+00
1.766219909667968750e+03 1.606337036227131875e+03 1.750697133308809494e+00
1.766240722656250000e+03 1.604922381541539835e+03 1.747611664027228562e+00
1.766261535644531250e+03 1.603335833220314271e+03 1.750419157783583923e+00
1.766282409667968750e+03 1.604134310948407119e+03 1.748239517252492270e+00
1.766303222656250000e+03 1.603703036791912155e+03 1.747459065581385307e+00
1.766324035644531250e+03 1.604086554119604216e+03 1.749914507821232812e+00
1.766344909667968750e+03 1.602836851812594432e+03 1.750323401949929414e+00
1.766365722656250000e+03 1.605014412324660725e+03 1.764645465115786571e+00
1.766386535644531250e+03 1.606371921919657552e+03 1.749719869808517236e+00
1.766407409667968750e+03 1.605250074498062986e+03 1.748366206320403071e+00
1.766428222656250000e+03 1.605560656919798021e+03 1.748400297612863419e+00
1.766449035644531250e+03 1.606085614806235526e+03 1.748381342936305316e+00
1.766469909667968750e+03 1.604201379720336263e+03 1.749047428820659666e+00
1.766490722656250000e+03 1.603971320081946715e+03 1.748705180577472706e+00
1.766511535644531250e+03 1.605144550775161861e+03 1.747591882235689287e+00
1.766532409667968750e+03 1.603959224423278101e+03 1.752054302989604739e+00
1.766553222656250000e+03 1.603947249369968858e+03 1.748192534957813571e+00
1.766574035644531250e+03 1.606081247596829598e+03 1.748826723522096005e+00
1.766594909667968750e+03 1.603812317062857574e+03 1.749432335473117384e+00
1.766615722656250000e+03 1.604710618091426795e+03 1.748518725597369317e+00
1.766636535644531250e+03 1.605950087500412565e+03 1.749685667963255975e+00
1.766657409667968750e+03 1.605656036097066362e+03 1.748946554005321730e+00
1.766678222656250000e+03 1.607811064136244340e+03 1.748406433974911911e+00
1.766699035644531250e+03 1.604707471895212166e+03 1.748493090743828526e+00
1.766719909667968750e+03 1.605289181373497286e+03 1.747294923812591438e+00
1.766740722656250000e+03 1.602461093952034616e+03 1.746364837016216143e+00
1.766761535644531250e+03 1.605703230201494762e+03 1.748404593068558777e+00
1.766782409667968750e+03 1.607836996165374785e+03 1.754895311585983109e+00
1.766803222656250000e+03 1.604963057009053045e+03 1.748763669487492622e+00
1.766824035644531250e+03 1.606147496113398802e+03 1.752738104846676359e+00
1.766844909667968750e+03 1.605229945675578165e+03 1.756579903674340137e+00
1.766865722656250000e+03 1.607011724220335964e+03 1.758622792299443738e+00
1.766886535644531250e+03 1.605810738022824125e+03 1.751650440686560506e+00
1.766907409667968750e+03 1.603418859279119033e+03 1.752281200773920800e+00
1.766928222656250000e+03 1.606010819122407611e+03 1.748284793624811817e+00
1.766949035644531250e+03 1.604126772494709712e+03 1.750167838631171424e+00
1.766969909667968750e+03 1.606640156800763407e+03 1.753391521682509335e+00
1.766990722656250000e+03 1.605190204807278633e+03 1.747553955140183524e+00
1.767011535644531250e+03 1.604179904795346374e+03 1.747946147041130383e+00
1.767032348632812500e+03 1.605415485528116051e+03 1.747373449084595576e+00
1.767053161621093750e+03 1.608212175947972582e+03 1.753094933671894617e+00
1.767074035644531250e+03 1.607003466401199148e+03 1.751515481608730607e+00
1.767094848632812500e+03 1.605175718491125281e+03 1.753424631444456372e+00
1.767115661621093750e+03 1.607451502592415864e+03 1.750721442151327079e+00
1.767136535644531250e+03 1.604775117091780658e+03 1.749879356040413114e+00
1.767157348632812500e+03 1.605596567788582206e+03 1.748560176905771257e+00
1.767178161621093750e+03 1.606176718110019692e+03 1.751618046011678143e+00
1.767199035644531250e+03 1.605640236387470395e+03 1.758455150536679001e+00
1.767219848632812500e+03 1.605600900271237833e+03 1.750087599605438138e+00
1.767240661621093750e+03 1.606797353209789890e+03 1.748997060298902895e+00
1.767261535644531250e+03 1.606253468585762448e+03 1.749987602189970737e+00
1.767282348632812500e+03 1.605546056272086389e+03 1.748044624540276315e+00
1.767303161621093750e+03 1.607841275702064195e+03 1.751994699178367032e+00
1.767324035644531250e+03 1.606920368746132453e+03 1.760438102576611374e+00
1.767344848632812500e+03 1.604714518623008189e+03 1.752260179095773251e+00
1.767365661621093750e+03 1.606890430555091143e+03 1.750674390276576675e+00
1.767386535644531250e+03 1.608009095618368519e+03 1.757480980022714689e+00
1.767407348632812500e+03 1.606726523220037961e+03 1.747942464256950545e+00
1.767428161621093750e+03 1.606778525820123377e+03 1.748234403130711545e+00
1.767449035644531250e+03 1.605034599976768732e+03 1.755612637132387244e+00
1.767469848632812500e+03 1.606941709103231915e+03 1.753250985200094592e+00
1.767490661621093750e+03 1.603997040924158910e+03 1.751233687831976082e+00
1.767511535644531250e+03 1.606417481871614655e+03 1.749721028026633540e+00
1.767532348632812500e+03 1.606993643312194763e+03 1.749939781242793035e+00
1.767553161621093750e+03 1.607458335718171156e+03 1.748652007143443043e+00
1.767574035644531250e+03 1.606944819191740407e+03 1.748535019896671594e+00
1.767594848632812500e+03 1.607107591903352386e+03 1.750291731904796588e+00
1.767615661621093750e+03 1.607333422391439854e+03 1.750043868468714070e+00
1.767636535644531250e+03 1.609122775054920112e+03 1.749569158651855583e+00
1.767657348632812500e+03 1.605189267897314039e+03 1.750861024209397598e+00
1.767678161621093750e+03 1.608299618879104855e+03 1.749295365298534133e+00
1.767699035644531250e+03 1.607795236634776074e+03 1.750316591235900887e+00
1.767719848632812500e+03 1.605831146613219744e+03 1.748557586227784677e+00
1.767740661621093750e+03 1.607525413949082576e+03 1.752401203194984269e+00
1.767761535644531250e+03 1.607597676456469571e+03 1.749236485270813102e+00
1.767782348632812500e+03 1.605945035605129078e+03 1.757503160172683154e+00
1.767803161621093750e+03 1.609644447543364549e+03 1.749519009565641436e+00
1.767824035644531250e+03 1.608006777324513905e+03 1.751974354490939856e+00
1.767844848632812500e+03 1.606203572465941079e+03 1.749198184929635858e+00
1.767865661621093750e+03 1.606341116430325201e+03 1.748664005392892573e+00
1.767886535644531250e+03 1.608840442862985583e+03 1.749009942237508941e+00
1.767907348632812500e+03 1.608023460728319378e+03 1.752286098992795305e+00
1.767928161621093750e+03 1.607674192124736464e+03 1.750493184485810705e+00
1.767949035644531250e+03 1.610952849210733802e+03 1.751055467298936019e+00
1.767969848632812500e+03 1.607906706221991044e+03 1.747559685185814615e+00
1.767990661621093750e+03 1.606808204845476439e+03 1.756877531838942241e+00
1.768011535644531250e+03 1.606232198336304918e+03 1.748408547605742047e+00
1.768032348632812500e+03 1.602885474173495140e+03 1.748539315021408802e+00
1.768053161621093750e+03 1.609235994017153189e+03 1.749752027109004571e+00
1.768074035644531250e+03 1.609036173495433104e+03 1.761389860254432449e+00
1.768094848632812500e+03 1.606464182150715942e+03 1.749783843178496889e+00
1.768115661621093750e+03 1.606978814159360581e+03 1.749854899249224438e+00
1.768136535644531250e+03 1.604899818149711109e+03 1.748745332265845498e+00
1.768157348632812500e+03 1.608646083203169383e+03 1.751351107415795472e+00
1.768178161621093750e+03 1.608037900200722106e+03 1.749228852529516320e+00
1.768199035644531250e+03 1.609576894759429251e+03 1.751023402015729369e+00
1.768219848632812500e+03 1.610125460316661702e+03 1.748513135049651890e+00
1.768240661621093750e+03 1.607033525728199720e+03 1.754955903719242594e+00
1.768261535644531250e+03 1.608450325493543914e+03 1.749019416195300325e+00
1.768282348632812500e+03 1.604248295729785696e+03 1.748332114363185807e+00
1.768303161621093750e+03 1.606695570238432310e+03 1.749140869151512456e+00
1.768324035644531250e+03 1.609037696874117046e+03 1.748762237964097688e+00
1.768344848632812500e+03 1.607249931833048777e+03 1.749838208485182678e+00
1.768365661621093750e+03 1.607799865875514115e+03 1.749944072919634053e+00
1.768386535644531250e+03 1.604726093293596932e+03 1.749556417104481287e+00
1.768407348632812500e+03 1.608360820696297651e+03 1.748758693234456985e+00
1.768428161621093750e+03 1.608428442249317641e+03 1.749826695171486257e+00
1.768449035644531250e+03 1.608683782473656720e+03 1.748864554851641717e+00
1.768469848632812500e+03 1.605522071842563491e+03 1.749223127951686996e+00
1.768490661621093750e+03 1.611560175535386634e+03 1.749902245652307675e+00
1.768511535644531250e+03 1.608349982270556438e+03 1.750723689170148090e+00
1.768532348632812500e+03 1.607327949334615141e+03 1.754562153334714658e+00
1.768553161621093750e+03 1.608769516609422681e+03 1.752726542568198598e+00
1.768574035644531250e+03 1.609260863229236975e+03 1.749109177694984973e+00
1.768615661621093750e+03 1.610014299628500112e+03 1.750078948828646119e+00
1.768636535644531250e+03 1.609566860909509160e+03 1.765678134895132256e+00
1.768657348632812500e+03 1.606057213810932808e+03 1.751356348570194399e+00
1.768678161621093750e+03 1.607721694988242916e+03 1.766719310204078131e+00
1.768699035644531250e+03 1.608265525262132996e+03 1.751063704782200858e+00
1.768719848632812500e+03 1.608227922711000474e+03 1.749927655495790546e+00
1.768740661621093750e+03 1.608420535058956148e+03 1.749095546784396271e+00
1.768761535644531250e+03 1.608400334800239989e+03 1.765084175393619947e+00
1.768782348632812500e+03 1.605633806413594357e+03 1.760283365413163548e+00
1.768803161621093750e+03 1.606570378854979708e+03 1.749040272353199477e+00
1.768824035644531250e+03 1.610047489305000227e+03 1.750676841635574688e+00
1.768844848632812500e+03 1.606607246215287205e+03 1.749233691146167224e+00
1.768865661621093750e+03 1.607435826248329477e+03 1.751144988283098725e+00
1.768886535644531250e+03 1.607926156133481072e+03 1.750814929316496737e+00
1.768907348632812500e+03 1.606000036310129872e+03 1.750373732305055441e+00
1.768928161621093750e+03 1.605930653815537426e+03 1.748905316341263116e+00
1.768949035644531250e+03 1.608272416478574314e+03 1.749268038124721425e+00
1.768969848632812500e+03 1.607459770098588024e+03 1.750139230911553323e+00
1.768990661621093750e+03 1.607267381837539233e+03 1.759808640372404254e+00
1.769011535644531250e+03 1.605350204905456167e+03 1.750720829327511829e+00
1.769032348632812500e+03 1.608044632893059998e+03 1.749207248965128469e+00
1.769053161621093750e+03 1.609035186858688121e+03 1.751704680008866699e+00
1.769074035644531250e+03 1.605810542158631961e+03 1.751610491705130501e+00
1.769094848632812500e+03 1.608124487444681563e+03 1.750943406445877759e+00
1.769115661621093750e+03 1.605932711345177268e+03 1.753171431254671564e+00
1.769136535644531250e+03 1.607935360188761024e+03 1.750013487627641640e+00
1.769157348632812500e+03 1.608665923628830114e+03 1.748692500905398850e+00
1.769178161621093750e+03 1.606077510917272321e+03 1.751015572823423350e+00
1.769199035644531250e+03 1.609420050545454615e+03 1.752089275058222650e+00
1.769219848632812500e+03 1.607867718977372988e+03 1.751954349785316056e+00
1.769240661621093750e+03 1.609183468719246775e+03 1.750830997984156534e+00
1.769261535644531250e+03 1.608972913217026417e+03 1.749136302891032058e+00
1.769282348632812500e+03 1.608444396526517494e+03 1.751892565102627808e+00
1.769303161621093750e+03 1.608810748886326337e+03 1.751001684430944394e+00
1.769324035644531250e+03 1.610218076478329976e+03 1.754359333333947557e+00
1.769344848632812500e+03 1.607702545631673729e+03 1.750326534869483419e+00
1.769365661621093750e+03 1.607887638112607192e+03 1.750281243204391490e+00
1.769386535644531250e+03 1.607580950498830362e+03 1.756119586813234879e+00
1.769407348632812500e+03 1.605820281351320091e+03 1.754842665377059241e+00
1.769428161621093750e+03 1.609970397228451020e+03 1.752232762094515062e+00
1.769449035644531250e+03 1.609426817602480014e+03 1.750444083407334039e+00
1.769469848632812500e+03 1.607887465860338352e+03 1.752241742400235891e+00
1.769490661621093750e+03 1.608586960309625056e+03 1.756771678078029142e+00
1.769511535644531250e+03 1.608019361350989584e+03 1.752347257545147974e+00
1.769532348632812500e+03 1.606525186914305323e+03 1.755921631113537718e+00
1.769553161621093750e+03 1.608731440454871063e+03 1.758723044334605801e+00
1.769574035644531250e+03 1.611751519313269910e+03 1.750918760265780971e+00
1.769594848632812500e+03 1.606695672602171044e+03 1.749692889922517258e+00
1.769615661621093750e+03 1.607355503338372728e+03 1.750347511664634093e+00
1.769636535644531250e+03 1.606257082339948283e+03 1.758657701533567375e+00
1.769657348632812500e+03 1.607372601540701680e+03 1.751871198526885776e+00
1.769678161621093750e+03 1.607792671146068187e+03 1.753752499916432006e+00
1.769699035644531250e+03 1.606334681136569998e+03 1.750646335590279490e+00
1.769719848632812500e+03 1.606012980662082100e+03 1.753541836337673132e+00
1.769740661621093750e+03 1.606941518581402306e+03 1.753426399093838350e+00
1.769761535644531250e+03 1.610191967016944773e+03 1.753182038655967334e+00
1.769782348632812500e+03 1.608343015836605900e+03 1.752773743389878458e+00
1.769803161621093750e+03 1.606892989925191614e+03 1.755451702447681894e+00
1.769824035644531250e+03 1.608833703873078775e+03 1.755002840806014985e+00
1.769844848632812500e+03 1.608697284554879616e+03 1.762222387215754971e+00
1.769865661621093750e+03 1.607334114345448825e+03 1.753971362020441349e+00
1.769886535644531250e+03 1.608763817941588741e+03 1.755033746595966226e+00
1.769907348632812500e+03 1.607043004714185145e+03 1.755694253220365209e+00
1.769928161621093750e+03 1.605888466909904992e+03 1.752938120192112370e+00
1.769949035644531250e+03 1.609325576903509273e+03 1.760502092745359626e+00
1.769969848632812500e+03 1.609994700873835882e+03 1.753859147626668724e+00
1.769990661621093750e+03 1.607276944376398433e+03 1.762966483859426559e+00
1.770011535644531250e+03 1.606287370981876620e+03 1.756518688894087576e+00
1.770032348632812500e+03 1.608857598695731895e+03 1.760128276008356751e+00
1.770053161621093750e+03 1.608058484532887633e+03 1.756728520483681999e+00
1.770074035644531250e+03 1.606954040540883852e+03 1.756170022575650025e+00
1.770094848632812500e+03 1.606774845076357678e+03 1.755629680405947690e+00
1.770115661621093750e+03 1.609145802368335353e+03 1.758357866245652490e+00
1.770136535644531250e+03 1.610436949499825459e+03 1.757496852085121519e+00
1.770157348632812500e+03 1.607793950330151119e+03 1.757775675070001098e+00
1.770178161621093750e+03 1.609168955771403716e+03 1.756715423708410384e+00
1.770199035644531250e+03 1.607534409207695717e+03 1.765579493113432541e+00
1.770219848632812500e+03 1.609066111642856413e+03 1.764125693771473546e+00
1.770240661621093750e+03 1.610953128592918574e+03 1.757195597587053237e+00
1.770261535644531250e+03 1.607298839548709793e+03 1.765441885035720082e+00
1.770282348632812500e+03 1.607647392769192493e+03 1.756491406231583285e+00
1.770303161621093750e+03 1.606962014985157566e+03 1.761606690761184257e+00
1.770324035644531250e+03 1.605747078124796190e+03 1.766976708371461813e+00
1.770344848632812500e+03 1.608607188549904777e+03 1.760606774292341026e+00
1.770365661621093750e+03 1.607782560408183826e+03 1.763446780823738846e+00
1.770386535644531250e+03 1.606399778233919278e+03 1.758307086453392287e+00
1.770407348632812500e+03 1.608903813590468644e+03 1.759211411671317560e+00
1.770428161621093750e+03 1.607928783273136332e+03 1.758338679927754500e+00
1.770449035644531250e+03 1.609730969923958810e+03 1.759348761733849242e+00
1.770469848632812500e+03 1.607477589374974059e+03 1.758905638835035257e+00
1.770490661621093750e+03 1.609346626688526158e+03 1.760778814983182228e+00
1.770511535644531250e+03 1.609183459872222102e+03 1.759851112787234273e+00
1.770532348632812500e+03 1.606549323177839142e+03 1.763679377644444823e+00
1.770553161621093750e+03 1.606665152995760536e+03 1.760231828484985828e+00
1.770574035644531250e+03 1.607291962408562540e+03 1.761851912580973512e+00
1.770594848632812500e+03 1.609792313058573882e+03 1.763043973048692870e+00
1.770615661621093750e+03 1.606926700417707934e+03 1.761291655135188705e+00
1.770636474609375000e+03 1.608570302720657310e+03 1.762845645316349241e+00
1.770657287597656250e+03 1.607619872369261657e+03 1.761174086050823373e+00
1.770678161621093750e+03 1.608328239535593639e+03 1.760801901415673942e+00
1.770698974609375000e+03 1.606258868458710140e+03 1.761165963544452762e+00
1.770719787597656250e+03 1.608417103741763185e+03 1.762520888725569002e+00
1.770740661621093750e+03 1.608568090479483772e+03 1.766032484177020079e+00
1.770761474609375000e+03 1.608082088053265807e+03 1.764080283360007995e+00
1.770782287597656250e+03 1.607795782537473542e+03 1.778464565469979775e+00
1.770803161621093750e+03 1.609821579237697506e+03 1.768506627138084264e+00
1.770823974609375000e+03 1.610192681451485669e+03 1.766756286087393990e+00
1.770844787597656250e+03 1.606985766644859495e+03 1.773532881671494366e+00
1.770865661621093750e+03 1.605721987390617869e+03 1.765821597876564564e+00
1.770886474609375000e+03 1.609119995705653309e+03 1.769740481775012197e+00
1.770907287597656250e+03 1.606927501128830045e+03 1.767849558859406756e+00
1.770928161621093750e+03 1.609196499946913036e+03 1.766174703452244588e+00
1.770948974609375000e+03 1.607383067670982655e+03 1.767364590218181375e+00
1.770969787597656250e+03 1.608237180865101891e+03 1.765770762680501482e+00
1.770990661621093750e+03 1.607609412313232269e+03 1.768982791745774996e+00
1.771011474609375000e+03 1.607458088423389199e+03 1.766461739560623245e+00
1.771032287597656250e+03 1.607688545027307555e+03 1.767917865959849788e+00
1.771053161621093750e+03 1.608752437329966597e+03 1.773754746885715772e+00
1.771073974609375000e+03 1.610760553060034908e+03 1.768496246467642807e+00
1.771094787597656250e+03 1.607597952035516300e+03 1.767495371530561687e+00
1.771115661621093750e+03 1.607050381558567096e+03 1.769736507544861892e+00
1.771136474609375000e+03 1.607150397504362900e+03 1.769438482214948261e+00
1.771157287597656250e+03 1.611983088960010491e+03 1.769811746963484644e+00
1.771178161621093750e+03 1.610512313854392687e+03 1.767562410906496018e+00
1.771198974609375000e+03 1.609784830020427989e+03 1.768363921284124451e+00
1.771219787597656250e+03 1.607764320309020377e+03 1.766474224201609156e+00
1.771240661621093750e+03 1.608426537705551027e+03 1.770048019706083942e+00
1.771261474609375000e+03 1.609409047566411346e+03 1.770755302355554894e+00
1.771282287597656250e+03 1.608792218284770570e+03 1.768402210995082102e+00
1.771303161621093750e+03 1.608440541754503329e+03 1.776856877640105026e+00
1.771323974609375000e+03 1.608013193359915704e+03 1.777981754694247352e+00
1.771344787597656250e+03 1.609880942098175638e+03 1.769292145799932880e+00
1.771365661621093750e+03 1.608855613073066024e+03 1.768250328090900991e+00
1.771386474609375000e+03 1.607960076162516089e+03 1.769450878482274891e+00
1.771407287597656250e+03 1.606533479739190170e+03 1.767166882301083985e+00
1.771428161621093750e+03 1.608912427827343436e+03 1.784592754485510691e+00
1.771448974609375000e+03 1.609035209799913900e+03 1.774441338320562611e+00
1.771469787597656250e+03 1.610886934265196487e+03 1.768787758360159001e+00
1.771490661621093750e+03 1.608353942977642419e+03 1.769819762433693322e+00
1.771511474609375000e+03 1.609933378474503797e+03 1.772806265322600217e+00
1.771532287597656250e+03 1.611602807451401304e+03 1.773500550615490390e+00
1.771553161621093750e+03 1.607390125832781223e+03 1.772450310961602327e+00
1.771573974609375000e+03 1.606478215403970808e+03 1.772196869318368506e+00
1.771594787597656250e+03 1.608731222357067281e+03 1.786525943763103363e+00
1.771615661621093750e+03 1.608197569409167954e+03 1.773960120543115249e+00
1.771636474609375000e+03 1.608535924582824464e+03 1.776920947414370788e+00
1.771657287597656250e+03 1.611281549155818084e+03 1.775478583277340983e+00
1.771678161621093750e+03 1.609420068374072571e+03 1.776429865708055722e+00
1.771698974609375000e+03 1.609295363155009682e+03 1.779699420302930601e+00
1.771719787597656250e+03 1.608722469565763731e+03 1.776842855779292352e+00
1.771740661621093750e+03 1.607248261901735759e+03 1.776200079541912835e+00
1.771761474609375000e+03 1.609565237076310495e+03 1.779094797628893998e+00
1.771782287597656250e+03 1.609360855209138435e+03 1.780458910430728681e+00
1.771803161621093750e+03 1.610973765854871772e+03 1.779796475765615504e+00
1.771823974609375000e+03 1.610579523815694529e+03 1.783539154380107572e+00
1.771844787597656250e+03 1.611135170839703278e+03 1.789864173083298038e+00
1.771865661621093750e+03 1.606484201970970844e+03 1.783577920356379742e+00
1.771886474609375000e+03 1.609452056294644080e+03 1.783944350884298702e+00
1.771907287597656250e+03 1.610557109180418593e+03 1.786335962254565812e+00
1.771928161621093750e+03 1.607936481801819127e+03 1.781803513574470532e+00
1.771948974609375000e+03 1.607975250443872710e+03 1.781552406206160510e+00
1.771969787597656250e+03 1.612062253156910856e+03 1.787375441793057407e+00
1.771990661621093750e+03 1.610517011040495163e+03 1.783167091832851714e+00
1.772011474609375000e+03 1.609926589986867157e+03 1.784222581971033339e+00
1.772032287597656250e+03 1.610588937972263466e+03 1.789403091727131523e+00
1.772053161621093750e+03 1.607849361105522803e+03 1.785973159554182343e+00
1.772073974609375000e+03 1.607070878497577269e+03 1.789615528970223357e+00
1.772094787597656250e+03 1.608514991129783311e+03 1.787694816376733886e+00
1.772115661621093750e+03 1.609884661216592349e+03 1.785583712027378089e+00
1.772136474609375000e+03 1.608852439858889966e+03 1.785700408336667211e+00
1.772157287597656250e+03 1.608486576823667292e+03 1.785416932552975178e+00
1.772178161621093750e+03 1.610991369494072615e+03 1.784067168130278214e+00
1.772198974609375000e+03 1.610232366807476865e+03 1.788131004944751412e+00
1.772219787597656250e+03 1.609488737311226259e+03 1.782153987713250620e+00
1.772240661621093750e+03 1.608975899181438763e+03 1.780939710929958730e+00
1.772261474609375000e+03 1.609551833525937809e+03 1.783674029608419254e+00
1.772282287597656250e+03 1.609275924969453627e+03 1.786195748681888684e+00
1.772303161621093750e+03 1.610178479875760331e+03 1.782429823062455343e+00
1.772323974609375000e+03 1.608337657636694530e+03 1.782409892646998228e+00
1.772344787597656250e+03 1.610955587944046783e+03 1.784031018774364430e+00
1.772365661621093750e+03 1.611653339148818759e+03 1.784389940723728252e+00
1.772386474609375000e+03 1.608613846028107673e+03 1.787022122613882491e+00
1.772407287597656250e+03 1.607100253983917128e+03 1.784984555324553135e+00
1.772428161621093750e+03 1.608500132357590701e+03 1.787378042902371567e+00
1.772448974609375000e+03 1.607677965071927019e+03 1.785168203234563933e+00
1.772490661621093750e+03 1.606509512796177887e+03 1.787840980072230801e+00
1.772511474609375000e+03 1.610080876631016508e+03 1.795713696252635216e+00
1.772532287597656250e+03 1.607347050541137833e+03 1.789602073361112655e+00
1.772553161621093750e+03 1.605539244507773446e+03 1.792173055309562502e+00
1.772573974609375000e+03 1.608810667149441315e+03 1.791895260385294897e+00
1.772594787597656250e+03 1.608172200025818483e+03 1.794434191645308596e+00
1.772615661621093750e+03 1.610124045456027716e+03 1.794644571993509352e+00
1.772636474609375000e+03 1.609096252612048602e+03 1.796332368601397667e+00
1.772657287597656250e+03 1.609456819482610854e+03 1.797023667529386470e+00
1.772678161621093750e+03 1.608754099861621398e+03 1.796909365118055879e+00
1.772698974609375000e+03 1.608169477977357928e+03 1.798266195694450786e+00
1.772719787597656250e+03 1.608756863442735721e+03 1.799427508336350900e+00
1.772740661621093750e+03 1.610344556242412636e+03 1.802091109712907535e+00
1.772761474609375000e+03 1.609286451257275303e+03 1.802600000070427866e+00
1.772782287597656250e+03 1.609390277724283578e+03 1.804862009834058201e+00
1.772803161621093750e+03 1.609759443852260802e+03 1.814562183465635359e+00
1.772823974609375000e+03 1.610935907014041732e+03 1.821514731327438685e+00
1.772844787597656250e+03 1.608971763023452240e+03 1.815982367165283051e+00
1.772865661621093750e+03 1.607905626794013415e+03 1.810817463725257204e+00
1.772886474609375000e+03 1.607616494971716975e+03 1.810061228122239907e+00
1.772907287597656250e+03 1.608034158683349688e+03 1.809127695843204764e+00
1.772928161621093750e+03 1.610175831632430345e+03 1.817799417423402897e+00
1.772948974609375000e+03 1.611166358997059433e+03 1.812156907856327548e+00
1.772969787597656250e+03 1.609916750885920464e+03 1.822037432121726308e+00
1.772990661621093750e+03 1.608408110345552814e+03 1.811816579949999673e+00
1.773011474609375000e+03 1.607498902605015701e+03 1.816905488347940301e+00
1.773032287597656250e+03 1.607649714406092926e+03 1.814059605953461052e+00
1.773053161621093750e+03 1.607420612230288725e+03 1.814484266459414519e+00
1.773073974609375000e+03 1.606464690264287128e+03 1.815397642939349465e+00
1.773094787597656250e+03 1.608233085991366124e+03 1.818248249595971311e+00
1.773115661621093750e+03 1.609164428498144161e+03 1.819340458617067613e+00
1.773136474609375000e+03 1.606705414274606255e+03 1.818129642778319344e+00
1.773157287597656250e+03 1.609268384263811186e+03 1.815414453271207096e+00
1.773178161621093750e+03 1.610247529813006622e+03 1.820115827815144360e+00
1.773198974609375000e+03 1.609567210249333584e+03 1.812449224352763455e+00
1.773219787597656250e+03 1.608703136884863625e+03 1.812792392692192944e+00
1.773240661621093750e+03 1.609630278691139438e+03 1.813342786383298488e+00
1.773261474609375000e+03 1.610633075078777210e+03 1.810853210014777837e+00
1.773282287597656250e+03 1.609548101894207548e+03 1.813333648489943384e+00
1.773303161621093750e+03 1.609603900598926202e+03 1.811799538847972624e+00
1.773323974609375000e+03 1.610062048330319385e+03 1.813243516153829171e+00
1.773344787597656250e+03 1.609223200265881133e+03 1.812157368337932173e+00
1.773365661621093750e+03 1.607624625635904522e+03 1.813844708126460370e+00
1.773386474609375000e+03 1.607774375990665021e+03 1.819470779901341206e+00
1.773407287597656250e+03 1.607410840144054191e+03 1.815794088923730731e+00
1.773428161621093750e+03 1.610018080662825923e+03 1.816507119280059923e+00
1.773448974609375000e+03 1.609229996743431457e+03 1.816797161081767698e+00
1.773469787597656250e+03 1.611261016787613698e+03 1.818780213200105855e+00
1.773490661621093750e+03 1.610038770428584712e+03 1.821164500704452793e+00
1.773511474609375000e+03 1.610573154398189217e+03 1.830591087144400886e+00
1.773532287597656250e+03 1.610436975379153182e+03 1.827441226207206615e+00
1.773553161621093750e+03 1.610281786363972060e+03 1.831526501712997579e+00
1.773573974609375000e+03 1.610020723837180867e+03 1.846209033880900297e+00
1.773594787597656250e+03 1.610233125359669657e+03 1.833559614724400211e+00
1.773615661621093750e+03 1.609898027614755620e+03 1.835083848248504124e+00
1.773636474609375000e+03 1.610834292149840849e+03 1.837139953319862462e+00
1.773657287597656250e+03 1.612989704430885467e+03 1.839722518004430762e+00
1.773678161621093750e+03 1.608573870279937637e+03 1.846879469193216439e+00
1.773698974609375000e+03 1.608191471705618596e+03 1.843019114311892803e+00
1.773719787597656250e+03 1.609729270157343535e+03 1.851456071716257368e+00
1.773740661621093750e+03 1.612548393862342209e+03 1.861246593567015495e+00
1.773761474609375000e+03 1.611070791937175272e+03 1.853999984049874206e+00
1.773782287597656250e+03 1.610173325504942113e+03 1.855885476948724522e+00
1.773803161621093750e+03 1.609698693789602885e+03 1.858382849896037969e+00
1.773823974609375000e+03 1.608805661006003675e+03 1.858900442390896135e+00
1.773844787597656250e+03 1.609102433651817819e+03 1.862034666572516484e+00
1.773865661621093750e+03 1.609013727143678807e+03 1.861791627060223053e+00
1.773886474609375000e+03 1.609461588209893534e+03 1.861992732356523073e+00
1.773907287597656250e+03 1.610530559341967546e+03 1.859660279003130690e+00
1.773928161621093750e+03 1.608427985965274274e+03 1.858531728626071855e+00
1.773948974609375000e+03 1.610784063961492393e+03 1.859773993758738531e+00
1.773969787597656250e+03 1.608523408295479612e+03 1.859643548116911793e+00
1.773990661621093750e+03 1.610499596735081013e+03 1.869197131093046194e+00
1.774011474609375000e+03 1.611068246433061859e+03 1.866113776966939142e+00
1.774032287597656250e+03 1.610218131538058515e+03 1.871941806320704060e+00
1.774053161621093750e+03 1.610060374056923592e+03 1.882318265635852139e+00
1.774073974609375000e+03 1.613315129469394151e+03 1.875521905106529053e+00
1.774094787597656250e+03 1.611111610548088947e+03 1.879390598609161689e+00
1.774115661621093750e+03 1.611910531620298570e+03 1.881291388376379548e+00
1.774136474609375000e+03 1.611196526473094991e+03 1.882693654975040376e+00
1.774157287597656250e+03 1.610529140051590048e+03 1.882040158223391213e+00
1.774178161621093750e+03 1.612634384880938342e+03 1.878256766827144375e+00
1.774198974609375000e+03 1.612106835114389241e+03 1.876066667417360945e+00
1.774219787597656250e+03 1.613072305645597226e+03 1.872531537553068670e+00
1.774240661621093750e+03 1.609617350714890563e+03 1.870926628533593483e+00
1.774261474609375000e+03 1.608748617582585439e+03 1.871868379355107415e+00
1.774282287597656250e+03 1.610078750774203399e+03 1.873333699179960954e+00
1.774303161621093750e+03 1.608095535479548289e+03 1.869252232455218543e+00
1.774323974609375000e+03 1.611299011621436421e+03 1.874568953240256297e+00
1.774344787597656250e+03 1.611751247651465746e+03 1.872075661426239490e+00
1.774365661621093750e+03 1.612853191560210689e+03 1.875508684456025366e+00
1.774386474609375000e+03 1.611993463266197296e+03 1.877368448375169141e+00
1.774407287597656250e+03 1.607902854290148298e+03 1.878797627122634095e+00
1.774428161621093750e+03 1.612964526400130126e+03 1.880955456966301620e+00
1.774448974609375000e+03 1.613233426852473031e+03 1.887564396549160195e+00
1.774469787597656250e+03 1.611446187169972973e+03 1.888499112990264184e+00
1.774490661621093750e+03 1.610862110833281577e+03 1.890168189986803249e+00
1.774511474609375000e+03 1.611651371899302831e+03 1.893301842163459980e+00
1.774532287597656250e+03 1.610505186965532175e+03 1.902143463933584133e+00
1.774553100585937500e+03 1.610830937294067098e+03 1.914465538720975690e+00
1.774573913574218750e+03 1.611729145053584034e+03 1.913985519418180070e+00
1.774594787597656250e+03 1.612924758525236939e+03 1.919142975467024392e+00
1.774615600585937500e+03 1.607479917567059147e+03 1.921918480854208910e+00
1.774636413574218750e+03 1.608033638774043993e+03 1.923740009284397257e+00
1.774657287597656250e+03 1.609264628088137442e+03 1.928477290040804482e+00
1.774678100585937500e+03 1.609985285246710646e+03 1.938916457683700356e+00
1.774698913574218750e+03 1.609475964144640784e+03 1.938448458451027978e+00
1.774719787597656250e+03 1.607354522324958680e+03 1.942467075397808829e+00
1.774740600585937500e+03 1.611479282340209465e+03 1.951401583387806227e+00
1.774761413574218750e+03 1.610702710710895417e+03 1.956429577467422076e+00
1.774782287597656250e+03 1.612159733226751541e+03 1.964675805136081310e+00
1.774803100585937500e+03 1.612205716101694179e+03 1.968706705737536256e+00
1.774823913574218750e+03 1.610980134577161380e+03 1.975172979288386754e+00
1.774844787597656250e+03 1.610136289203573142e+03 1.979110944532373129e+00
1.774865600585937500e+03 1.607485659324780954e+03 1.979817962562839817e+00
1.774886413574218750e+03 1.608686036723620646e+03 1.983806859182873028e+00
1.774907287597656250e+03 1.608209039714638720e+03 1.990280016075355096e+00
1.774928100585937500e+03 1.609161549837190933e+03 1.988122959993353644e+00
1.774948913574218750e+03 1.612289555489598797e+03 1.987195631029483156e+00
1.774969787597656250e+03 1.607093198999156584e+03 1.988216256688848382e+00
1.774990600585937500e+03 1.608372050198405077e+03 1.992336851019346877e+00
1.775011413574218750e+03 1.608063842534011428e+03 1.997741079189034874e+00
1.775032287597656250e+03 1.610385829308488383e+03 2.004812054470138882e+00
1.775053100585937500e+03 1.609643933853379622e+03 2.014053560152773592e+00
1.775073913574218750e+03 1.610110540818833215e+03 2.035151915444940229e+00
1.775094787597656250e+03 1.608300884725918195e+03 2.045592743607332675e+00
1.775115600585937500e+03 1.610312273029951712e+03 2.051462870355509338e+00
1.775136413574218750e+03 1.608727561394357735e+03 2.049005695281111983e+00
1.775157287597656250e+03 1.607371461880041124e+03 2.049494225052056251e+00
1.775178100585937500e+03 1.606951248717280578e+03 2.050297213152757259e+00
1.775198913574218750e+03 1.609917110497469594e+03 2.049369864031285626e+00
1.775219787597656250e+03 1.604397339494342987e+03 2.042662851105123689e+00
1.775240600585937500e+03 1.605588058120758660e+03 2.038279298932745398e+00
1.775261413574218750e+03 1.607521019242764396e+03 2.037138517176797947e+00
1.775282287597656250e+03 1.609555111142647547e+03 2.033369982759135830e+00
1.775303100585937500e+03 1.606729100633958296e+03 2.031722967396775381e+00
1.775323913574218750e+03 1.605452895850090727e+03 2.032103725902279834e+00
1.775344787597656250e+03 1.608300365711786299e+03 2.034052163099430821e+00
1.777969787597656250e+03 1.601861622273297144e+03 1.749779959877670432e+00
1.777990600585937500e+03 1.604065243624033656e+03 1.750214904123795101e+00
1.778011413574218750e+03 1.606289505038259676e+03 1.748399479429629588e+00
1.778032287597656250e+03 1.605129401107804142e+03 1.747409674584440076e+00
1.778053100585937500e+03 1.605408080958075288e+03 1.750505783014842942e+00
1.778073913574218750e+03 1.605970076812854586e+03 1.750063281958679662e+00
1.778094787597656250e+03 1.603653427199784346e+03 1.748312204352686416e+00
1.778115600585937500e+03 1.606369231887094656e+03 1.749237439361133628e+00
1.778136413574218750e+03 1.605746160431684075e+03 1.751887461644848987e+00
1.778157287597656250e+03 1.607276674225561237e+03 1.752683489413447981e+00
1.778178100585937500e+03 1.607602883953142282e+03 1.766052734417120185e+00
1.778198913574218750e+03 1.606113437701633529e+03 1.750098498160997940e+00
1.778219787597656250e+03 1.607305559255214803e+03 1.749610925747421941e+00
1.778240600585937500e+03 1.605233992874598016e+03 1.751460419673984692e+00
1.778261413574218750e+03 1.604950230509802623e+03 1.764016287834417218e+00
1.778282287597656250e+03 1.606341208764505609e+03 1.754963375698400219e+00
1.778303100585937500e+03 1.606313083216769883e+03 1.766248812232998455e+00
1.778323913574218750e+03 1.607419916014818909e+03 1.751159692433017279e+00
1.778344787597656250e+03 1.604640849367497140e+03 1.748784801363187036e+00
1.778365600585937500e+03 1.606203285582299259e+03 1.748631214527570421e+00
1.778386413574218750e+03 1.606054800197989152e+03 1.749466882972790183e+00
1.778407287597656250e+03 1.606982952078495828e+03 1.750989770280986457e+00
1.778428100585937500e+03 1.608594179485407494e+03 1.751428702124842030e+00
1.778448913574218750e+03 1.604711243555451802e+03 1.750935100313442128e+00
1.778469787597656250e+03 1.605537823006446160e+03 1.751394397519542734e+00
1.778490600585937500e+03 1.606088309715204105e+03 1.749986307908036443e+00
1.778511413574218750e+03 1.607825203446072010e+03 1.753351544381101412e+00
1.778532287597656250e+03 1.605630604267842500e+03 1.749602817694301038e+00
1.778553100585937500e+03 1.605182183009853361e+03 1.749674221778081851e+00
1.778573913574218750e+03 1.606327295488592654e+03 1.753301231515867808e+00
1.778594787597656250e+03 1.607933558131818472e+03 1.749713329268294926e+00
1.778615600585937500e+03 1.608610417337886474e+03 1.753697984050473613e+00
1.778636413574218750e+03 1.608303933801728817e+03 1.761652367941945574e+00
1.778657226562500000e+03 1.607830869408459648e+03 1.751185084030841166e+00
1.778678039550781250e+03 1.608857734160730615e+03 1.750270754441131782e+00
1.778698913574218750e+03 1.608366636937491648e+03 1.751212381289695141e+00
1.778719726562500000e+03 1.609305790379542486e+03 1.749764903489471779e+00
1.778740539550781250e+03 1.606210216230394963e+03 1.749033184013707665e+00
1.778761413574218750e+03 1.608873408046658142e+03 1.750235337373461819e+00
1.778782226562500000e+03 1.606652431615216528e+03 1.750114096600560165e+00
1.778803039550781250e+03 1.607200594814895339e+03 1.756485230246672691e+00
1.778823913574218750e+03 1.605901586830693986e+03 1.766557362911866935e+00
1.778844726562500000e+03 1.606994068641708736e+03 1.749991416910103847e+00
1.778865539550781250e+03 1.606486365216223021e+03 1.749304292537120054e+00
1.778886413574218750e+03 1.606910723517605220e+03 1.758221998200296676e+00
1.778907226562500000e+03 1.606059610050802576e+03 1.749510424116008656e+00
1.778928039550781250e+03 1.606909168900509712e+03 1.749890596512239993e+00
1.778948913574218750e+03 1.607597276622097979e+03 1.759531359051354826e+00
1.778969726562500000e+03 1.606301030889155754e+03 1.749802101389671405e+00
1.778990539550781250e+03 1.608031837465010312e+03 1.752490315322128067e+00
1.779011413574218750e+03 1.607727975516028209e+03 1.750324968410407411e+00
1.779032226562500000e+03 1.606274518943760540e+03 1.749702905231781846e+00
1.779053039550781250e+03 1.606139890820460550e+03 1.749574882097478579e+00
1.779073913574218750e+03 1.605814611340370448e+03 1.750166885048051402e+00
1.779094726562500000e+03 1.607238065094336662e+03 1.749677764652923129e+00
1.779115539550781250e+03 1.609443678552172514e+03 1.751292024226648758e+00
1.779136413574218750e+03 1.608385801376572545e+03 1.753166535509350421e+00
1.779157226562500000e+03 1.606857812926898077e+03 1.751119119571525662e+00
1.779178039550781250e+03 1.606139014890448607e+03 1.752893304048774192e+00
1.779198913574218750e+03 1.607708571264314969e+03 1.750629448086618023e+00
1.779219726562500000e+03 1.606089675503242688e+03 1.749892844597940922e+00
1.779240539550781250e+03 1.607582085768051684e+03 1.749490118678583395e+00
1.779261413574218750e+03 1.609071581132571964e+03 1.750115663248379194e+00
1.779282226562500000e+03 1.607595708209154054e+03 1.750695975736460852e+00
1.779303039550781250e+03 1.609940236073608503e+03 1.751941829717281074e+00
1.779323913574218750e+03 1.606339129047346432e+03 1.754592183650238946e+00
1.779344726562500000e+03 1.610677873975780130e+03 1.752091792475917842e+00
1.779365539550781250e+03 1.608581490013067196e+03 1.750051497655369159e+00
1.779386413574218750e+03 1.604255804447102946e+03 1.751777767731660829e+00
1.779407226562500000e+03 1.609338189595645872e+03 1.751409984417542365e+00
1.779428039550781250e+03 1.605372559946563115e+03 1.753658625532744653e+00
1.779448913574218750e+03 1.608970458228590360e+03 1.752760072965654947e+00
1.779469726562500000e+03 1.605579476199885676e+03 1.760388127684393123e+00
1.779490539550781250e+03 1.605811569182775656e+03 1.752220244015808115e+00
1.779511413574218750e+03 1.608610216590422397e+03 1.756170769258425413e+00
1.779532226562500000e+03 1.608002750819299081e+03 1.753984955039142424e+00
1.779553039550781250e+03 1.605402575024908629e+03 1.752180444095311707e+00
1.779573913574218750e+03 1.607488845717074355e+03 1.749058265701356696e+00
1.779594726562500000e+03 1.606801498813651961e+03 1.749483713558822595e+00
1.779615539550781250e+03 1.606116518883354502e+03 1.751105640459847512e+00
1.779636413574218750e+03 1.608584675589381959e+03 1.752955461487920141e+00
1.779657226562500000e+03 1.606255575121952461e+03 1.757948874375709236e+00
1.779678039550781250e+03 1.606005869781000911e+03 1.759697340170719881e+00
1.779698913574218750e+03 1.607096121698215029e+03 1.749773351433644653e+00
1.779719726562500000e+03 1.607261187196681021e+03 1.749039863411317342e+00
1.779740539550781250e+03 1.607563360909849962e+03 1.754300215553801445e+00
1.779761413574218750e+03 1.608160077340515500e+03 1.756458286410128133e+00
1.779782226562500000e+03 1.607877127404998419e+03 1.750509051807560557e+00
1.779803039550781250e+03 1.607687367533152837e+03 1.749195118140075556e+00
1.779823913574218750e+03 1.609055114830268849e+03 1.750305762146027622e+00
1.779844726562500000e+03 1.606493680362869554e+03 1.753830464176444837e+00
1.779865539550781250e+03 1.607714166534667356e+03 1.751296040313013558e+00
1.779886413574218750e+03 1.607544810461194174e+03 1.749750051359701075e+00
1.779907226562500000e+03 1.607704016642680699e+03 1.751924138164255185e+00
1.779928039550781250e+03 1.606480955126203753e+03 1.750698903712097465e+00
1.779948913574218750e+03 1.608510737079140654e+03 1.750515248876999497e+00
1.779969726562500000e+03 1.604816198777980389e+03 1.748619216053124648e+00
1.779990539550781250e+03 1.608230715264812943e+03 1.750638232332643041e+00
1.780011413574218750e+03 1.605793632494251369e+03 1.750371484836981573e+00
1.780032226562500000e+03 1.607224498683203592e+03 1.753189790177866358e+00
1.780053039550781250e+03 1.606012931963937262e+03 1.751310811263296241e+00
1.780073913574218750e+03 1.607806966561236550e+03 1.750512933490985024e+00
1.780094726562500000e+03 1.608332173207783853e+03 1.757918969214860905e+00
1.780115539550781250e+03 1.607247599424436885e+03 1.750147200251864099e+00
1.780136413574218750e+03 1.604322132540100483e+03 1.753872401669137826e+00
1.780157226562500000e+03 1.606008770298100217e+03 1.749891890864965882e+00
1.780178039550781250e+03 1.608383373534100656e+03 1.752588265409693369e+00
1.780198913574218750e+03 1.606168646103418951e+03 1.749937396973333392e+00
1.780219726562500000e+03 1.606999557160610493e+03 1.755165446707390053e+00
1.780240539550781250e+03 1.607809596652656865e+03 1.751541480585681265e+00
1.780261413574218750e+03 1.607671808232267267e+03 1.750401518944668888e+00
1.780282226562500000e+03 1.605014000631077351e+03 1.750354322258349526e+00
1.780303039550781250e+03 1.607020765864370333e+03 1.754516155678396361e+00
1.780323913574218750e+03 1.607630477878600232e+03 1.750457499511435033e+00
1.780344726562500000e+03 1.604789439163978386e+03 1.760084997530546591e+00
1.780365539550781250e+03 1.608241187669334522e+03 1.752175817721117079e+00
1.780386413574218750e+03 1.609288162930189401e+03 1.757356033397585726e+00
1.780407226562500000e+03 1.606682366259993614e+03 1.760953275919586725e+00
1.780428039550781250e+03 1.606360243568867418e+03 1.751463618622375984e+00
1.780448913574218750e+03 1.608224600351237086e+03 1.752771975082301203e+00
1.780469726562500000e+03 1.606217397006884767e+03 1.751630772562545957e+00
1.780490539550781250e+03 1.605383710699291441e+03 1.753639591735783876e+00
1.780511413574218750e+03 1.608439108520547734e+03 1.753736729914950221e+00
1.780532226562500000e+03 1.606515858990788047e+03 1.749985694826786009e+00
1.780553039550781250e+03 1.607780661545322118e+03 1.757104620921801086e+00
1.780573913574218750e+03 1.605241602069021610e+03 1.751492953387304041e+00
1.780594726562500000e+03 1.608062393821967817e+03 1.753862614078217641e+00
1.780615539550781250e+03 1.606777340597659759e+03 1.752069135586445281e+00
1.780636413574218750e+03 1.606360949617047254e+03 1.761118919958270634e+00
1.780657226562500000e+03 1.608513718339855814e+03 1.752729195097650017e+00
1.780678039550781250e+03 1.605202149061299224e+03 1.764840145706880081e+00
1.780698913574218750e+03 1.607400595023197411e+03 1.755835544649363200e+00
1.780719726562500000e+03 1.606271375457279873e+03 1.749942914849142328e+00
1.780740539550781250e+03 1.605926356564810249e+03 1.752853859454104546e+00
1.780761413574218750e+03 1.609330997204415780e+03 1.750682697645953745e+00
1.780782226562500000e+03 1.609070685062006305e+03 1.751582383954097821e+00
1.780803039550781250e+03 1.606543070569270185e+03 1.756769981651729262e+00
1.780823913574218750e+03 1.605934445797510307e+03 1.750469349182838030e+00
1.780844726562500000e+03 1.608184311261603170e+03 1.750933874815157054e+00
1.780865539550781250e+03 1.607082061587480212e+03 1.754638654890122718e+00
1.780886413574218750e+03 1.606316861328693221e+03 1.752981915134208535e+00
1.780907226562500000e+03 1.605811913594228827e+03 1.750314479909170995e+00
1.780928039550781250e+03 1.604808316497069882e+03 1.766181250528041646e+00
1.780948913574218750e+03 1.607287675033345295e+03 1.750806826839162333e+00
1.780969726562500000e+03 1.606783308070752582e+03 1.751490503170523461e+00
1.780990539550781250e+03 1.604516279406685499e+03 1.750249027517283062e+00
1.781011413574218750e+03 1.607598759832426822e+03 1.751030414219120868e+00
1.781032226562500000e+03 1.607208476580942488e+03 1.749797196217325768e+00
1.781053039550781250e+03 1.606112967626163254e+03 1.753753519523716164e+00
1.781073913574218750e+03 1.606028707759781582e+03 1.758966906090387861e+00
1.781094726562500000e+03 1.606090995361194700e+03 1.755820064932079205e+00
1.781115539550781250e+03 1.606148203131449918e+03 1.753269343290260185e+00
1.781136413574218750e+03 1.607217464172393420e+03 1.750516747066318102e+00
1.781157226562500000e+03 1.606892623643988372e+03 1.750297657311656652e+00
1.781178039550781250e+03 1.607352422190771904e+03 1.753058757652458777e+00
1.781198913574218750e+03 1.607350225281457142e+03 1.750638572806407778e+00
1.781219726562500000e+03 1.603563551907387591e+03 1.749102703025700478e+00
1.781240539550781250e+03 1.608406736316697561e+03 1.752684237581564552e+00
1.781261413574218750e+03 1.607418594119820227e+03 1.749863755508352936e+00
1.781282226562500000e+03 1.605781501080188491e+03 1.751166227571127276e+00
1.781303039550781250e+03 1.607518090160270731e+03 1.750716675738220651e+00
1.781323913574218750e+03 1.607544673077682546e+03 1.750427874981975940e+00
1.781344726562500000e+03 1.607363587759258962e+03 1.749939713120853613e+00
1.781365539550781250e+03 1.606068414240407492e+03 1.753611652466770199e+00
1.781386413574218750e+03 1.603846388284678596e+03 1.759144054046445360e+00
1.781407226562500000e+03 1.606043658746279334e+03 1.752449297096681624e+00
1.781428039550781250e+03 1.607924575739290958e+03 1.750006471349467407e+00
1.781448913574218750e+03 1.605853547128395803e+03 1.752015451876986818e+00
1.781469726562500000e+03 1.605149887247313472e+03 1.753108533486128717e+00
1.781490539550781250e+03 1.606265551006702708e+03 1.751190393755423180e+00
1.781511413574218750e+03 1.607144108386846710e+03 1.751663915605983002e+00
1.781532226562500000e+03 1.607875844331895678e+03 1.751614234834068640e+00
1.781553039550781250e+03 1.606842991356191533e+03 1.752770682856404916e+00
1.781573913574218750e+03 1.605254895891447177e+03 1.754356887120486874e+00
1.781594726562500000e+03 1.605158696051789320e+03 1.749818656244821247e+00
1.781615539550781250e+03 1.607451965313619894e+03 1.751950131076733808e+00
1.781636352539062500e+03 1.607618400799982965e+03 1.753598668372734481e+00
1.781657165527343750e+03 1.607114617024287099e+03 1.750185956611738813e+00
1.781678039550781250e+03 1.606915454480296148e+03 1.749542721540994661e+00
1.781698852539062500e+03 1.605568316188251174e+03 1.751014960102548645e+00
1.781719665527343750e+03 1.606600996019383956e+03 1.764719367910730474e+00
1.781740539550781250e+03 1.606565699170770131e+03 1.750875935000651085e+00
1.781761352539062500e+03 1.605091613406017586e+03 1.750834606605343957e+00
1.781803039550781250e+03 1.603886532186953673e+03 1.761011358030604157e+00
1.781823852539062500e+03 1.603425044087174001e+03 1.750718105663515045e+00
1.781844665527343750e+03 1.606676226518704425e+03 1.749948296464344688e+00
1.781865539550781250e+03 1.605107259627050098e+03 1.749207044513718001e+00
1.781886352539062500e+03 1.609222629914566141e+03 1.750077995197091507e+00
1.781907165527343750e+03 1.605200287864435950e+03 1.749188303032913394e+00
1.781928039550781250e+03 1.606612300072673406e+03 1.752842161920902697e+00
1.781948852539062500e+03 1.606357679081290371e+03 1.749410734421551039e+00
1.781969665527343750e+03 1.607605779823138391e+03 1.750875730744094527e+00
1.781990539550781250e+03 1.604321734878078360e+03 1.749507426012560707e+00
1.782011352539062500e+03 1.607849122421657967e+03 1.752738580938860924e+00
1.782032165527343750e+03 1.607914202432317325e+03 1.751046072436010848e+00
1.782053039550781250e+03 1.607030814055033034e+03 1.751013870820463891e+00
1.782073852539062500e+03 1.607590186996757666e+03 1.749626051594828979e+00
1.782094665527343750e+03 1.608481081432590145e+03 1.752600100674572392e+00
1.782115539550781250e+03 1.605563625931349407e+03 1.758960264389289652e+00
1.782136352539062500e+03 1.607724065126195683e+03 1.752389094479918308e+00
1.782157165527343750e+03 1.607175846329556634e+03 1.758439558294734528e+00
1.782178039550781250e+03 1.604781182935402740e+03 1.750930538732146102e+00
1.782198852539062500e+03 1.605755987223695683e+03 1.751669972480439652e+00
1.782219665527343750e+03 1.607520276640622569e+03 1.749679536087653364e+00
1.782240539550781250e+03 1.606833927315501796e+03 1.751107206220570589e+00
1.782261352539062500e+03 1.606230117634688668e+03 1.749488687749607196e+00
1.782282165527343750e+03 1.606306855348232375e+03 1.752139826834125724e+00
1.782303039550781250e+03 1.607961134058201196e+03 1.750876071171675541e+00
1.782323852539062500e+03 1.605914613683545667e+03 1.751290186353545941e+00
1.782344665527343750e+03 1.605928418237086817e+03 1.749362352549690636e+00
1.782365539550781250e+03 1.606526077823375090e+03 1.748879687154319740e+00
1.782386352539062500e+03 1.603945437609871078e+03 1.751296176451372810e+00
1.782407165527343750e+03 1.603675039941994328e+03 1.755064380149585546e+00
1.782428039550781250e+03 1.606368118480257408e+03 1.754642391559166015e+00
1.782448852539062500e+03 1.604934598620174484e+03 1.754333987679064455e+00
1.782469665527343750e+03 1.604881663195237024e+03 1.752004837412666216e+00
1.782490539550781250e+03 1.605769770326452999e+03 1.751473419619372640e+00
1.782511352539062500e+03 1.606944180204970053e+03 1.752984295262757453e+00
1.782532165527343750e+03 1.606324012563125507e+03 1.751415974105642537e+00
1.782553039550781250e+03 1.606484930427911195e+03 1.751095088557595325e+00
1.782573852539062500e+03 1.606423221677510355e+03 1.750098838739765572e+00
1.782594665527343750e+03 1.607859384321276366e+03 1.750404583620559285e+00
1.782615539550781250e+03 1.605837551164769820e+03 1.750552158440523698e+00
1.782636352539062500e+03 1.608224476505069561e+03 1.753060253668059953e+00
1.782657165527343750e+03 1.606017686502829747e+03 1.758841048366736270e+00
1.782678039550781250e+03 1.606161572779529706e+03 1.750703942542426006e+00
1.782698852539062500e+03 1.607916293452441323e+03 1.750763862656298686e+00
1.782719665527343750e+03 1.608101232545978974e+03 1.757759669887533294e+00
1.782740539550781250e+03 1.606775303847536861e+03 1.751438979762684589e+00
1.782761352539062500e+03 1.606101667657083681e+03 1.755719647136068096e+00
1.782782165527343750e+03 1.608263991531337297e+03 1.752856035730738782e+00
1.782803039550781250e+03 1.605147704487814508e+03 1.753890617317929834e+00
1.782823852539062500e+03 1.606603495043269959e+03 1.751861603896944342e+00
1.782844665527343750e+03 1.608057983643952866e+03 1.752133975693787482e+00
1.782865539550781250e+03 1.608436959203958850e+03 1.753822239688302309e+00
1.782886352539062500e+03 1.609340586560118254e+03 1.758482673895904513e+00
1.782907165527343750e+03 1.608292710898765336e+03 1.758759239405673913e+00
1.782928039550781250e+03 1.607937852174230102e+03 1.755145410453138766e+00
1.782948852539062500e+03 1.608106917658765269e+03 1.753345969242838143e+00
1.782969665527343750e+03 1.604738697915226794e+03 1.753352020306717440e+00
1.782990539550781250e+03 1.609837429278254604e+03 1.757622466941523687e+00
1.783011352539062500e+03 1.607991283009940389e+03 1.763223550957000452e+00
1.783032165527343750e+03 1.606503023755167533e+03 1.753359567109931794e+00
1.783053039550781250e+03 1.607304207594616173e+03 1.759803153430650857e+00
1.783073852539062500e+03 1.609011713609559365e+03 1.770757523952227297e+00
1.783094665527343750e+03 1.608338463523847395e+03 1.758703455305704377e+00
1.783115539550781250e+03 1.606211615132971474e+03 1.755359548814607873e+00
1.783136352539062500e+03 1.606931814305103899e+03 1.767922383710560208e+00
1.783157165527343750e+03 1.608377072749980925e+03 1.758161518627593400e+00
1.783178039550781250e+03 1.608473932224203509e+03 1.759047417778487388e+00
1.783198852539062500e+03 1.610394538988425438e+03 1.755137531727796185e+00
1.783219665527343750e+03 1.606935130127006914e+03 1.755322468685009074e+00
1.783240539550781250e+03 1.609614926509437282e+03 1.758357052695787015e+00
1.783261352539062500e+03 1.609961477593416930e+03 1.756182648259876355e+00
1.783282165527343750e+03 1.607275779947458432e+03 1.754574043226986069e+00
1.783303039550781250e+03 1.607544010369590296e+03 1.755674223001004508e+00
1.783323852539062500e+03 1.607641799995631800e+03 1.754249318305800998e+00
1.783344665527343750e+03 1.609284778191232135e+03 1.755625266825084241e+00
1.783365539550781250e+03 1.607128918749491049e+03 1.756730216950019852e+00
1.783386352539062500e+03 1.608483209323497704e+03 1.756198056902047888e+00
1.783407165527343750e+03 1.609696376615645477e+03 1.759071814532209732e+00
1.783428039550781250e+03 1.608036384803394412e+03 1.757870211183711229e+00
1.783448852539062500e+03 1.608692447054180548e+03 1.757408400816942384e+00
1.783469665527343750e+03 1.609058510981810059e+03 1.759138971626042380e+00
1.783490539550781250e+03 1.607081243807087503e+03 1.762737850616400426e+00
1.783511352539062500e+03 1.607821016299606072e+03 1.760006768473701744e+00
1.783532165527343750e+03 1.606923283263809708e+03 1.757502346227173273e+00
1.783553039550781250e+03 1.612051791903797266e+03 1.758913297358662309e+00
1.783573852539062500e+03 1.608264186709775458e+03 1.758407695457342879e+00
1.783594665527343750e+03 1.610957994263788805e+03 1.759167094168105905e+00
1.783615539550781250e+03 1.607506129680067488e+03 1.757395241275455655e+00
1.783636352539062500e+03 1.610287585332215031e+03 1.769844280117221835e+00
1.783657165527343750e+03 1.610056914515307199e+03 1.759168381695413563e+00
1.783678039550781250e+03 1.609955069069928641e+03 1.761908747203350334e+00
1.783698852539062500e+03 1.607343733619418344e+03 1.758384103027002432e+00
1.783719665527343750e+03 1.610329188375258809e+03 1.760489972034811723e+00
1.783740539550781250e+03 1.609929317451216093e+03 1.761156893368067022e+00
1.783761352539062500e+03 1.607561565107532488e+03 1.759695511076353913e+00
1.783782165527343750e+03 1.607746337067707373e+03 1.760293388188457708e+00
1.783803039550781250e+03 1.607004983157604784e+03 1.771064548731272170e+00
1.783823852539062500e+03 1.609335412944180916e+03 1.763098132318556166e+00
1.783844665527343750e+03 1.609273488036898470e+03 1.760811311927416023e+00
1.783865539550781250e+03 1.607264465269901848e+03 1.760002839996474000e+00
1.783886352539062500e+03 1.607422540738882617e+03 1.760282485031525956e+00
1.783907165527343750e+03 1.606918716357869926e+03 1.770901450548714839e+00
1.783928039550781250e+03 1.609789299829888250e+03 1.762869380904915406e+00
1.783948852539062500e+03 1.606194825020003691e+03 1.760485976921987605e+00
1.783969665527343750e+03 1.609690040323125231e+03 1.760066168690005428e+00
1.783990539550781250e+03 1.608591783543506608e+03 1.764187793319882624e+00
1.784011352539062500e+03 1.607850431071362209e+03 1.775463610534829817e+00
1.784032165527343750e+03 1.608048104930637692e+03 1.760860056219261560e+00
1.784053039550781250e+03 1.610148215115328412e+03 1.766808172472792871e+00
1.784073852539062500e+03 1.609840567480815253e+03 1.764465086066457022e+00
1.784094665527343750e+03 1.609101362625308639e+03 1.765092752629311867e+00
1.784115539550781250e+03 1.609102326280854641e+03 1.762504791361471312e+00
1.784136352539062500e+03 1.608433822182245876e+03 1.769713739749270376e+00
1.784157165527343750e+03 1.608536305816277718e+03 1.766510395420042512e+00
1.784178039550781250e+03 1.609443901069393860e+03 1.763326854056922022e+00
1.784198852539062500e+03 1.608305066872313319e+03 1.762769229427502360e+00
1.784219665527343750e+03 1.609430832884666870e+03 1.762671439307691879e+00
1.784240539550781250e+03 1.607630981687005942e+03 1.764497380000412452e+00
1.784261352539062500e+03 1.606885579818189399e+03 1.761187285043779083e+00
1.784282165527343750e+03 1.608633309723488082e+03 1.764817382291302250e+00
1.784303039550781250e+03 1.609217470266276678e+03 1.762514328052908974e+00
1.784323852539062500e+03 1.606744396790723613e+03 1.765308250439688642e+00
1.784344665527343750e+03 1.607219481185725726e+03 1.763317794995752141e+00
1.784365539550781250e+03 1.607426024945884137e+03 1.765900581931183488e+00
1.784386352539062500e+03 1.606583122481541977e+03 1.765835167183433141e+00
1.784407165527343750e+03 1.607692706201088185e+03 1.776988033707342263e+00
1.784428039550781250e+03 1.610537734849560366e+03 1.764031560472769433e+00
1.784448852539062500e+03 1.609272972238695047e+03 1.770274766080470519e+00
1.784469665527343750e+03 1.608594650667977476e+03 1.767668967257321366e+00
1.784490539550781250e+03 1.608513102030777873e+03 1.766877801742464449e+00
1.784511352539062500e+03 1.606633751516822940e+03 1.765845766022237306e+00
1.784532165527343750e+03 1.608000833479417679e+03 1.769934871358982864e+00
1.784553039550781250e+03 1.605291721823675971e+03 1.765332830780991236e+00
1.784573852539062500e+03 1.606591409859095393e+03 1.769783389420338082e+00
1.784594665527343750e+03 1.607672151806762486e+03 1.767174572479966121e+00
1.784615539550781250e+03 1.609504728136499125e+03 1.769622328816379930e+00
1.784636352539062500e+03 1.609071198661778908e+03 1.773576705779473572e+00
1.784657165527343750e+03 1.607218535978741556e+03 1.769509422723409386e+00
1.784677978515625000e+03 1.609232078918077605e+03 1.772453808310386902e+00
1.784698791503906250e+03 1.606314980088616721e+03 1.768383133654698014e+00
1.784719665527343750e+03 1.607506206496255118e+03 1.767516144566810166e+00
1.784740478515625000e+03 1.607673334627165104e+03 1.767823597423239912e+00
1.784761291503906250e+03 1.608667008058101601e+03 1.768363921284124451e+00
1.784782165527343750e+03 1.607209939449042622e+03 1.770262712281882145e+00
1.784802978515625000e+03 1.606557643405187946e+03 1.772892132898270301e+00
1.784823791503906250e+03 1.607952580999332667e+03 1.773169409028024335e+00
1.784844665527343750e+03 1.607742114513149090e+03 1.780822167130222677e+00
1.784865478515625000e+03 1.609453046767410569e+03 1.771958595739372422e+00
1.784886291503906250e+03 1.607576498880363943e+03 1.772164850226460642e+00
1.784907165527343750e+03 1.606232617361364191e+03 1.771785756711272475e+00
1.784927978515625000e+03 1.607427160495946737e+03 1.772529470416636999e+00
1.784948791503906250e+03 1.609836941930563626e+03 1.771706967737274763e+00
1.784969665527343750e+03 1.608818961049877544e+03 1.773232133040424818e+00
1.784990478515625000e+03 1.606253068226191317e+03 1.771745925319459625e+00
1.785011291503906250e+03 1.606611467124153023e+03 1.771262292704868013e+00
1.785032165527343750e+03 1.608433686854580401e+03 1.771935923771932320e+00
1.785052978515625000e+03 1.608677036661013744e+03 1.774194497027101525e+00
1.785073791503906250e+03 1.609172906687152135e+03 1.775003758278749899e+00
1.785094665527343750e+03 1.605570422173932229e+03 1.783281472898900599e+00
1.785115478515625000e+03 1.608535256928177205e+03 1.775360610758567104e+00
1.785136291503906250e+03 1.608118251864218564e+03 1.778038610092793403e+00
1.785157165527343750e+03 1.610042401648471468e+03 1.776229878257264971e+00
1.785177978515625000e+03 1.607437490894697703e+03 1.776647544576623883e+00
1.785198791503906250e+03 1.607112765160262597e+03 1.774959432111472113e+00
1.785219665527343750e+03 1.610122125347204928e+03 1.777144334945362170e+00
1.785240478515625000e+03 1.608544391089524652e+03 1.775585268805389250e+00
1.785261291503906250e+03 1.610805820814984827e+03 1.775372965675547032e+00
1.785282165527343750e+03 1.604797826498828044e+03 1.774471032210115373e+00
1.785302978515625000e+03 1.610200515933869838e+03 1.775320389536533927e+00
1.785323791503906250e+03 1.606674346886627063e+03 1.783325458521108464e+00
1.785344665527343750e+03 1.607801501214996733e+03 1.776756374010080464e+00
1.785365478515625000e+03 1.606172288526809780e+03 1.778506726419267547e+00
1.785386291503906250e+03 1.607838835401289543e+03 1.796553475182599113e+00
1.785407165527343750e+03 1.607049815928053476e+03 1.775141095208476516e+00
1.785427978515625000e+03 1.606709994305384726e+03 1.779361459876834362e+00
1.785448791503906250e+03 1.610916338112200265e+03 1.778915414631606406e+00
1.785469665527343750e+03 1.605006279794476995e+03 1.778468520196095914e+00
1.785490478515625000e+03 1.607047013180069371e+03 1.780209689272800766e+00
1.785511291503906250e+03 1.608674821802542738e+03 1.793495316983466870e+00
1.785532165527343750e+03 1.607496456036946029e+03 1.777868641908813885e+00
1.785552978515625000e+03 1.608700927734023253e+03 1.780086739816217900e+00
1.785573791503906250e+03 1.605661335943380891e+03 1.779901295079027390e+00
1.785594665527343750e+03 1.607804200809449412e+03 1.783536681349582542e+00
1.785615478515625000e+03 1.605394249821631092e+03 1.780737552212116048e+00
1.785636291503906250e+03 1.606601100467827791e+03 1.779838337254157299e+00
1.785657165527343750e+03 1.605518130591329964e+03 1.783691539915817525e+00
1.785677978515625000e+03 1.606684965613448185e+03 1.805653961466980872e+00
1.785698791503906250e+03 1.607934447446662489e+03 1.783069484420094497e+00
1.785719665527343750e+03 1.608678603762592502e+03 1.783086666386401564e+00
1.785740478515625000e+03 1.605043190806760322e+03 1.795534977686138012e+00
1.785761291503906250e+03 1.606353299150845942e+03 1.784706376232581881e+00
1.785802978515625000e+03 1.604670729009972774e+03 1.789604071725298340e+00
1.785823791503906250e+03 1.606548602139689820e+03 1.804216529856057738e+00
1.785844665527343750e+03 1.606790487304483349e+03 1.791206507770392253e+00
1.785865478515625000e+03 1.607656101433223967e+03 1.790579939403410314e+00
1.785886291503906250e+03 1.606658318824137496e+03 1.787472947456149042e+00
1.785907165527343750e+03 1.605986491961610454e+03 1.787258121157737856e+00
1.785927978515625000e+03 1.604942911079120222e+03 1.787081692173741576e+00
1.785948791503906250e+03 1.605246892446758238e+03 1.787552575358560158e+00
1.785969665527343750e+03 1.606471021889702797e+03 1.788347726155454787e+00
1.785990478515625000e+03 1.606538305065643954e+03 1.791110270255190873e+00
1.786011291503906250e+03 1.606466199106413796e+03 1.788198337324363729e+00
1.786032165527343750e+03 1.608080636997219699e+03 1.793188675833145673e+00
1.786052978515625000e+03 1.607194836047627632e+03 1.791890137804406091e+00
1.786073791503906250e+03 1.604638855091988944e+03 1.794538155967168480e+00
1.786094665527343750e+03 1.605630474252032627e+03 1.795018904328749221e+00
1.786115478515625000e+03 1.607285452007751019e+03 1.809404228646388724e+00
1.786136291503906250e+03 1.606367438672264825e+03 1.795667292212705490e+00
1.786157165527343750e+03 1.607669897228200171e+03 1.796026012708049402e+00
1.786177978515625000e+03 1.605087117495619168e+03 1.799604780465767773e+00
1.786198791503906250e+03 1.609097203591062907e+03 1.794741616314123878e+00
1.786219665527343750e+03 1.606939796447577464e+03 1.793476240687181145e+00
1.786240478515625000e+03 1.607516212602840369e+03 1.795353518981060104e+00
1.786261291503906250e+03 1.607035617988130980e+03 1.795557949196496805e+00
1.786282165527343750e+03 1.609221102518263024e+03 1.795025014145168019e+00
1.786302978515625000e+03 1.606488862911774959e+03 1.796560508738867634e+00
1.786323791503906250e+03 1.609480515183511216e+03 1.802938827873320493e+00
1.786344665527343750e+03 1.606794131984863498e+03 1.796466681485968664e+00
1.786365478515625000e+03 1.608169131067173566e+03 1.798183462328211357e+00
1.786386291503906250e+03 1.606159890277812337e+03 1.804461972895853972e+00
1.786407165527343750e+03 1.608615019448420526e+03 1.812613713873771459e+00
1.786427978515625000e+03 1.607841032385531207e+03 1.802787672517591977e+00
1.786448791503906250e+03 1.607038499570590602e+03 1.802574274593597980e+00
1.786469665527343750e+03 1.607795843607479128e+03 1.802340876821303839e+00
1.786490478515625000e+03 1.609084851805337394e+03 1.806876436257360607e+00
1.786511291503906250e+03 1.605178268377525455e+03 1.805564502139626937e+00
1.786532165527343750e+03 1.606154397051279602e+03 1.806752530318014305e+00
1.786552978515625000e+03 1.608074357397280437e+03 1.810416438106731585e+00
1.786573791503906250e+03 1.609451673707514828e+03 1.811695117475534911e+00
1.786594665527343750e+03 1.608522183829778214e+03 1.819116223879957639e+00
1.786615478515625000e+03 1.607815884048944554e+03 1.812991240129385950e+00
1.786636291503906250e+03 1.606610715266667057e+03 1.812439226907459622e+00
1.786657165527343750e+03 1.607256671911706917e+03 1.815851795522253509e+00
1.786677978515625000e+03 1.606135858471191796e+03 1.820180863626539747e+00
1.786698791503906250e+03 1.607667630489938119e+03 1.815929522558364040e+00
1.786719665527343750e+03 1.606138226111913355e+03 1.816009872010575954e+00
1.786740478515625000e+03 1.605883937789389847e+03 1.817279236725608094e+00
1.786761291503906250e+03 1.609403158971022322e+03 1.820072993292432662e+00
1.786782165527343750e+03 1.608092993916302476e+03 1.825394180265001554e+00
1.786802978515625000e+03 1.607500213137192986e+03 1.827065380824532737e+00
1.786823791503906250e+03 1.606902485377113862e+03 1.828447688388424641e+00
1.786844665527343750e+03 1.604677106483055240e+03 1.830504279253828193e+00
1.786865478515625000e+03 1.607731896856353387e+03 1.830485002524512073e+00
1.786886291503906250e+03 1.606614266244731425e+03 1.830853830129318238e+00
1.786907165527343750e+03 1.608821326462768184e+03 1.825597531987995126e+00
1.786927978515625000e+03 1.607699059443399165e+03 1.826618780438908018e+00
1.786948791503906250e+03 1.607283690273097363e+03 1.831180594629515213e+00
1.786969665527343750e+03 1.606967622306936846e+03 1.822568028126200668e+00
1.786990478515625000e+03 1.606611889424930496e+03 1.831477620426781305e+00
1.787011291503906250e+03 1.608549648706175276e+03 1.825398229235812853e+00
1.787032165527343750e+03 1.610815189530330372e+03 1.830342179081057230e+00
1.787052978515625000e+03 1.606183957862969919e+03 1.831386949020729737e+00
1.787073791503906250e+03 1.608421129677250519e+03 1.837971441294029340e+00
1.787094665527343750e+03 1.610703222977992937e+03 1.841761858739742630e+00
1.787115478515625000e+03 1.610079052155542740e+03 1.856578358593873324e+00
1.787136291503906250e+03 1.608869351636355987e+03 1.852610617358202427e+00
1.787157165527343750e+03 1.609400713677903241e+03 1.844197364456251043e+00
1.787177978515625000e+03 1.607099182172961946e+03 1.841967480748310404e+00
1.787198791503906250e+03 1.610359079032298268e+03 1.841724058554450316e+00
1.787219665527343750e+03 1.606442231076570351e+03 1.841076027186674846e+00
1.787240478515625000e+03 1.608730230384174320e+03 1.843364933989320109e+00
1.787261291503906250e+03 1.609476868838934934e+03 1.846453285157300783e+00
1.787282165527343750e+03 1.607267604749325073e+03 1.847256768492362200e+00
1.787302978515625000e+03 1.607099306505101822e+03 1.848023263235766489e+00
1.787323791503906250e+03 1.607614187782558929e+03 1.851520908065623416e+00
1.787344665527343750e+03 1.609786194180354869e+03 1.856832159954773465e+00
1.787365478515625000e+03 1.611398976223949148e+03 1.857461666158297442e+00
1.787386291503906250e+03 1.607596421692306876e+03 1.861596967689592041e+00
1.787407165527343750e+03 1.606079714735070866e+03 1.862790792921402927e+00
1.787427978515625000e+03 1.610233149491016775e+03 1.878677005225424246e+00
1.787448791503906250e+03 1.609770557132194881e+03 1.869030860539963701e+00
1.787469665527343750e+03 1.607879989461356217e+03 1.875200769483844621e+00
1.787490478515625000e+03 1.609314939783206000e+03 1.877889250876888072e+00
1.787511291503906250e+03 1.610631554315532412e+03 1.876135609371776702e+00
1.787532165527343750e+03 1.609955155851092741e+03 1.881560102992486216e+00
1.787552978515625000e+03 1.609419573077173482e+03 1.884208193555743316e+00
1.787573791503906250e+03 1.610680385605779975e+03 1.896025078547281417e+00
1.787594665527343750e+03 1.610981970234297705e+03 1.892630089202925747e+00
1.787615478515625000e+03 1.610772148514968421e+03 1.892971505774343033e+00
1.787636291503906250e+03 1.610104971745347939e+03 1.889130245789323537e+00
1.787657165527343750e+03 1.611708517146047825e+03 1.890110986367399271e+00
1.787677978515625000e+03 1.614286734215043225e+03 1.892539828043896533e+00
1.787698791503906250e+03 1.611292265151833590e+03 1.892898327772695843e+00
1.787719665527343750e+03 1.611053597059573349e+03 1.897764424130144345e+00
1.787740478515625000e+03 1.607898204482690062e+03 1.899419397184828551e+00
1.787761291503906250e+03 1.610914736547640359e+03 1.912956821510709338e+00
1.787782165527343750e+03 1.611142171789388613e+03 1.913074596579771969e+00
1.787802978515625000e+03 1.610976234249171512e+03 1.923237201540486607e+00
1.787823791503906250e+03 1.611550445988491902e+03 1.936762207823963022e+00
1.787844665527343750e+03 1.611491148829325766e+03 1.935196768837384340e+00
1.787865478515625000e+03 1.612700645124258244e+03 1.939033639648491736e+00
1.787886291503906250e+03 1.611137515077642092e+03 1.943473958226904719e+00
1.787907104492187500e+03 1.611185507197617198e+03 1.942474746638139571e+00
1.787927917480468750e+03 1.611178960214574545e+03 1.942214152981086350e+00
1.787948791503906250e+03 1.611110756730461617e+03 1.942340464871138428e+00
1.787969604492187500e+03 1.612566054460741725e+03 1.945293993268205623e+00
1.787990417480468750e+03 1.610390985082406814e+03 1.944815882521990780e+00
1.788011291503906250e+03 1.610753893548705491e+03 1.948329317443903141e+00
1.788032104492187500e+03 1.613679980599778219e+03 1.956672924991371021e+00
1.788052917480468750e+03 1.610598259314584993e+03 1.963666195213370491e+00
1.788073791503906250e+03 1.610500567042704233e+03 1.974505051027523495e+00
1.788094604492187500e+03 1.611036556518584803e+03 1.983242162110259610e+00
1.788115417480468750e+03 1.609703240404404823e+03 1.991034619212879164e+00
1.788136291503906250e+03 1.613230594052663264e+03 1.995951787450422898e+00
1.788157104492187500e+03 1.609726559600121391e+03 1.995132662824679715e+00
1.788177917480468750e+03 1.612047671536405687e+03 1.997642498543394041e+00
1.788198791503906250e+03 1.610453872561387698e+03 2.000085352030076091e+00
1.788219604492187500e+03 1.613988873866328277e+03 1.998499844125183778e+00
1.788240417480468750e+03 1.612217558077106560e+03 2.000151866869001260e+00
1.788261291503906250e+03 1.612418883384542596e+03 2.001311587375435241e+00
1.788282104492187500e+03 1.611955997809289784e+03 2.005807194314284114e+00
