1.738678405761718750e+03 1.343314952747606412e+03 1.433344348968640825e+00
1.738699279785156250e+03 1.342794948763513048e+03 1.434721209728913260e+00
1.738720092773437500e+03 1.343243354174059277e+03 1.436160168075305110e+00
1.738740905761718750e+03 1.343642602634604600e+03 1.435217579552357625e+00
1.738761779785156250e+03 1.345587432854826829e+03 1.434892279406494664e+00
1.738782592773437500e+03 1.343354077715363474e+03 1.434089429431674612e+00
1.738803405761718750e+03 1.343483521299084941e+03 1.433843939047614535e+00
1.738824279785156250e+03 1.341916419662151156e+03 1.433302431364877672e+00
1.738845092773437500e+03 1.343167015946469064e+03 1.434300220011231586e+00
1.738865905761718750e+03 1.341605091389792051e+03 1.437898166080215034e+00
1.738886779785156250e+03 1.343837779494135020e+03 1.434932572113139626e+00
1.738907592773437500e+03 1.341224087642309087e+03 1.433160700862844861e+00
1.738928405761718750e+03 1.341434938125266171e+03 1.436285169019793084e+00
1.738949279785156250e+03 1.340304391709276842e+03 1.433166606580266622e+00
1.738970092773437500e+03 1.342567652053021675e+03 1.435219323813015313e+00
1.738990905761718750e+03 1.342212252321273354e+03 1.437285863434536015e+00
1.739011779785156250e+03 1.341887967126436934e+03 1.436558456564576147e+00
1.739032592773437500e+03 1.341018457592188270e+03 1.437602246836040543e+00
1.739053405761718750e+03 1.342062428558043166e+03 1.433743502827484306e+00
1.739074279785156250e+03 1.344748419464060589e+03 1.434765661557947825e+00
1.739095092773437500e+03 1.343646830511408780e+03 1.434916953631240499e+00
1.739115905761718750e+03 1.343329859050383902e+03 1.436443355151181489e+00
1.739136779785156250e+03 1.338792102951511652e+03 1.434687724544480236e+00
1.739157592773437500e+03 1.342027823083558133e+03 1.434092006317453150e+00
1.739178405761718750e+03 1.340959798892790104e+03 1.436478044219279937e+00
1.739199279785156250e+03 1.343298391669818557e+03 1.437335378093951732e+00
1.739220092773437500e+03 1.344853282250110396e+03 1.435596615714577196e+00
1.739240905761718750e+03 1.342790652010187387e+03 1.434047367351106939e+00
1.739261779785156250e+03 1.341567292588018063e+03 1.435087169299112064e+00
1.739282592773437500e+03 1.344267542451559393e+03 1.435186265559912133e+00
1.739303405761718750e+03 1.343259180806918039e+03 1.441568339675265431e+00
1.739324279785156250e+03 1.343631183306894854e+03 1.435004265410035229e+00
1.739345092773437500e+03 1.343753024593233022e+03 1.435430861994843932e+00
1.739365905761718750e+03 1.342789509594393849e+03 1.434901916527935306e+00
1.739386779785156250e+03 1.344483170404204884e+03 1.433998487336067162e+00
1.739407592773437500e+03 1.344987977146523917e+03 1.434533915307930618e+00
1.739428405761718750e+03 1.346246163399333000e+03 1.434970288384446846e+00
1.739449279785156250e+03 1.342546219572796190e+03 1.437109935746909262e+00
1.739470092773437500e+03 1.345810470378641639e+03 1.434497849599423835e+00
1.739490905761718750e+03 1.342273900582868919e+03 1.437493531585735562e+00
1.739511779785156250e+03 1.344073961854322306e+03 1.435514239504672718e+00
1.739532592773437500e+03 1.342996115461091222e+03 1.434687059818267496e+00
1.739553405761718750e+03 1.341625997330791506e+03 1.439271415928808251e+00
1.739574279785156250e+03 1.343373693673791649e+03 1.435867045503615325e+00
1.739595092773437500e+03 1.344182794301538706e+03 1.435702236358139983e+00
1.739615905761718750e+03 1.344559327981849947e+03 1.436068194961661382e+00
1.739636779785156250e+03 1.344804943603168340e+03 1.437865583952567805e+00
1.739657592773437500e+03 1.343039307339311108e+03 1.438172473347718139e+00
1.739678466796875000e+03 1.345009612738442911e+03 1.438901052624034227e+00
1.739699279785156250e+03 1.346634586865604206e+03 1.438789701336592453e+00
1.739720153808593750e+03 1.344681614846376988e+03 1.437612280399727105e+00
1.739740966796875000e+03 1.344920715060917473e+03 1.438347939556716248e+00
1.739761779785156250e+03 1.343446689065061264e+03 1.440343863306543737e+00
1.739782653808593750e+03 1.343438752941320672e+03 1.437822305786416566e+00
1.739803466796875000e+03 1.345070383948359222e+03 1.440843260278402926e+00
1.739824279785156250e+03 1.344620233118980423e+03 1.439691283194338700e+00
1.739845153808593750e+03 1.346027685310386005e+03 1.440799078695033320e+00
1.739865966796875000e+03 1.342975890289606014e+03 1.445772664815473840e+00
1.739886779785156250e+03 1.342854591623970691e+03 1.446904887803187600e+00
1.739907653808593750e+03 1.344902672976596705e+03 1.440773512328539008e+00
1.739928466796875000e+03 1.344411683417866925e+03 1.442860683655339704e+00
1.739949279785156250e+03 1.342688290542560026e+03 1.440186850558032194e+00
1.739970153808593750e+03 1.342778327809314987e+03 1.441265233696315207e+00
1.739990966796875000e+03 1.343710049301178742e+03 1.444145762708098024e+00
1.740011779785156250e+03 1.347798305323759223e+03 1.443412645567410557e+00
1.740032653808593750e+03 1.343959546635902143e+03 1.445857012478778181e+00
1.740053466796875000e+03 1.344509798272853686e+03 1.443620918745778470e+00
1.740074279785156250e+03 1.344461570490976783e+03 1.447221721853282350e+00
1.740095153808593750e+03 1.344217224576785384e+03 1.443969927794297003e+00
1.740115966796875000e+03 1.344984098303457358e+03 1.446098237775189643e+00
1.740136779785156250e+03 1.343479649974869517e+03 1.444374481161462720e+00
1.740157653808593750e+03 1.341547308488074577e+03 1.444522043532004307e+00
1.740178466796875000e+03 1.345116091001477798e+03 1.445434317738991226e+00
1.740199279785156250e+03 1.343855795797756400e+03 1.443674344809480870e+00
1.740220153808593750e+03 1.345925469945744680e+03 1.446471703103250572e+00
1.740240966796875000e+03 1.342006232400200361e+03 1.442706919461692605e+00
1.740261779785156250e+03 1.343870973602880213e+03 1.446455797144403421e+00
1.740282653808593750e+03 1.343221043922846548e+03 1.445753947706932774e+00
1.740303466796875000e+03 1.341729076792657224e+03 1.444145349975153536e+00
1.740324279785156250e+03 1.341479660812216935e+03 1.447636565781244000e+00
1.740345153808593750e+03 1.345593436166506308e+03 1.445534601415604525e+00
1.740365966796875000e+03 1.342629201526683573e+03 1.447223863501094998e+00
1.740386779785156250e+03 1.343937302594292987e+03 1.446950283522498770e+00
1.740407653808593750e+03 1.343840242494976110e+03 1.448235849378199269e+00
1.740428466796875000e+03 1.344565383088302724e+03 1.449735975892000983e+00
1.740449279785156250e+03 1.345303702022173411e+03 1.447543510086149121e+00
1.740470153808593750e+03 1.343972788594293434e+03 1.447075835227853879e+00
1.740490966796875000e+03 1.345711373965547864e+03 1.448443511324921440e+00
1.740511779785156250e+03 1.343697074371086273e+03 1.450847522739975082e+00
1.740532653808593750e+03 1.342355112425638936e+03 1.451589860442702218e+00
1.740553466796875000e+03 1.344245225174311145e+03 1.451142876850033847e+00
1.740574279785156250e+03 1.344360975156527047e+03 1.451317514168337652e+00
1.740595153808593750e+03 1.341457900598245715e+03 1.450771107019352746e+00
1.740615966796875000e+03 1.342308022863952601e+03 1.450181749068516268e+00
1.740636779785156250e+03 1.342278350663134688e+03 1.452391490592812362e+00
1.740657653808593750e+03 1.343371313707159970e+03 1.451793429726714324e+00
1.740678466796875000e+03 1.345879198518696967e+03 1.449495684956460195e+00
1.740699279785156250e+03 1.343839974188643964e+03 1.450306445657578269e+00
1.740720153808593750e+03 1.342605078251486930e+03 1.451729873846175245e+00
1.740740966796875000e+03 1.344515274668201755e+03 1.450910131330675590e+00
1.740761779785156250e+03 1.344871360674436119e+03 1.450625330815242586e+00
1.740782653808593750e+03 1.343141083462865936e+03 1.452017823779839345e+00
1.740803466796875000e+03 1.345323869396986993e+03 1.455485979306864408e+00
1.740824279785156250e+03 1.343400120648381289e+03 1.454303304743584269e+00
1.740845153808593750e+03 1.343504723937863446e+03 1.454941055703178110e+00
1.740865966796875000e+03 1.342911572377368884e+03 1.453400698523762413e+00
1.740886779785156250e+03 1.343339397106489287e+03 1.453530941938620646e+00
1.740907653808593750e+03 1.345559375864429740e+03 1.454358141661650450e+00
1.740928466796875000e+03 1.343663286458153607e+03 1.453465493620970106e+00
1.740949279785156250e+03 1.342827646844976471e+03 1.452723704065784993e+00
1.740970153808593750e+03 1.342529607567511903e+03 1.453750721741855489e+00
1.740990966796875000e+03 1.342447270824196949e+03 1.451596019674033178e+00
1.741011779785156250e+03 1.344951543494861880e+03 1.455130720788101240e+00
1.741032653808593750e+03 1.343054529570932573e+03 1.453605080332509569e+00
1.741053466796875000e+03 1.345451565526862851e+03 1.456349722267905156e+00
1.741074279785156250e+03 1.344047878951072107e+03 1.456438450223541237e+00
1.741095153808593750e+03 1.343104442033698660e+03 1.455370163253326021e+00
1.741115966796875000e+03 1.342849831016626467e+03 1.456026277834220339e+00
1.741136779785156250e+03 1.344915482924801836e+03 1.457503582277688503e+00
1.741157653808593750e+03 1.343292467079702874e+03 1.454984807856054108e+00
1.741178466796875000e+03 1.344728183349337769e+03 1.456169466730649065e+00
1.741199279785156250e+03 1.344739310508101426e+03 1.453372483046981856e+00
1.741220153808593750e+03 1.344203972230649015e+03 1.456453346822666806e+00
1.741240966796875000e+03 1.342061807240829239e+03 1.451684627589734600e+00
1.741261779785156250e+03 1.344082725742821140e+03 1.452757512047073929e+00
1.741282653808593750e+03 1.342674276675513511e+03 1.451197176028598435e+00
1.741303466796875000e+03 1.342981504163112049e+03 1.452149422599699591e+00
1.741324279785156250e+03 1.343140977773431359e+03 1.453467872120207671e+00
1.741345153808593750e+03 1.343906282874401086e+03 1.452421941186258003e+00
1.741365966796875000e+03 1.344002634176295032e+03 1.456959331465889740e+00
1.741386779785156250e+03 1.342945286881994434e+03 1.453990063513971531e+00
1.741407653808593750e+03 1.344665006691440567e+03 1.457795379963364057e+00
1.741428466796875000e+03 1.344593535351994888e+03 1.456182565069119139e+00
1.741449279785156250e+03 1.345875598438239649e+03 1.455862850085779092e+00
1.741470153808593750e+03 1.343890964127319648e+03 1.456095540773920005e+00
1.741490966796875000e+03 1.342435869361042478e+03 1.455838285211017880e+00
1.741511779785156250e+03 1.341775973415339195e+03 1.461398862724023529e+00
1.741532653808593750e+03 1.344069888448344955e+03 1.459455340050753724e+00
1.741553466796875000e+03 1.345788267850278544e+03 1.460595401958617812e+00
1.741574279785156250e+03 1.344690577400754364e+03 1.459257822825834161e+00
1.741595153808593750e+03 1.344854505187869563e+03 1.458618526728459930e+00
1.741615966796875000e+03 1.343311843134964192e+03 1.461739386326720735e+00
1.741636779785156250e+03 1.342673773478717067e+03 1.459622367462531045e+00
1.741657653808593750e+03 1.343022335301616295e+03 1.459151619717965254e+00
1.741678466796875000e+03 1.344116183446004698e+03 1.459060523970771905e+00
1.741699279785156250e+03 1.343588494650468192e+03 1.460247427602578085e+00
1.741720153808593750e+03 1.343407682295070572e+03 1.458282914879589498e+00
1.741740966796875000e+03 1.339423945706994573e+03 1.457097683534907429e+00
1.741761779785156250e+03 1.344036709601963821e+03 1.459399306035670696e+00
1.741782653808593750e+03 1.344968733239067205e+03 1.459660425802790984e+00
1.741803466796875000e+03 1.344322602270845891e+03 1.468223720981133296e+00
1.741824279785156250e+03 1.345257423658644257e+03 1.463722226916145175e+00
1.741845153808593750e+03 1.344174483870644508e+03 1.462897144094286173e+00
1.741865966796875000e+03 1.342814030616601030e+03 1.463292635798519203e+00
1.741886779785156250e+03 1.344053173292136989e+03 1.463395198493307348e+00
1.741907653808593750e+03 1.341242348751653935e+03 1.462172042722583054e+00
1.741928466796875000e+03 1.344073661721886538e+03 1.461557185481671572e+00
1.741949279785156250e+03 1.343159487990192247e+03 1.463309254864573861e+00
1.741970153808593750e+03 1.342631893474097978e+03 1.459275958276211149e+00
1.741990966796875000e+03 1.342972181436226037e+03 1.460093290013553480e+00
1.742011779785156250e+03 1.342729304708984728e+03 1.459629146166583347e+00
1.742032653808593750e+03 1.345483000171196863e+03 1.461038025034154586e+00
1.742053466796875000e+03 1.343450754269968002e+03 1.465576151540115113e+00
1.742074279785156250e+03 1.344800513475842081e+03 1.465070457717115859e+00
1.742095153808593750e+03 1.345383654716863020e+03 1.464638006384544777e+00
1.742115966796875000e+03 1.344424443086447354e+03 1.465542557925209488e+00
1.742136779785156250e+03 1.340972931188499388e+03 1.464114808865140782e+00
1.742157653808593750e+03 1.345077260472873604e+03 1.464618228082448903e+00
1.742178466796875000e+03 1.344315706549423339e+03 1.465546950354452926e+00
1.742199279785156250e+03 1.342012522727557325e+03 1.462259683671838673e+00
1.742220153808593750e+03 1.343834060519065133e+03 1.461223145981367377e+00
1.742240966796875000e+03 1.343295757491878476e+03 1.461430512333638410e+00
1.742261779785156250e+03 1.344858652595090007e+03 1.461397149710135457e+00
1.742282653808593750e+03 1.341838540735451033e+03 1.462639454770757741e+00
1.742303466796875000e+03 1.342556274650511568e+03 1.459796643661276150e+00
1.742324279785156250e+03 1.343722360099098978e+03 1.462311776593524959e+00
1.742345153808593750e+03 1.341758443512658005e+03 1.460607807676886249e+00
1.742365966796875000e+03 1.341355495607822604e+03 1.460395426829274035e+00
1.742386779785156250e+03 1.343312039213427170e+03 1.462001881990904417e+00
1.742407653808593750e+03 1.343471487543082276e+03 1.462808970883290316e+00
1.742428466796875000e+03 1.346311357360475085e+03 1.464658598324744876e+00
1.742449279785156250e+03 1.346166663071693165e+03 1.466109235271760181e+00
1.742470153808593750e+03 1.342981919975947903e+03 1.465417042763735633e+00
1.742490966796875000e+03 1.344298449952687406e+03 1.465258323496094306e+00
1.742511779785156250e+03 1.341145807048920688e+03 1.469982360682111189e+00
1.742532653808593750e+03 1.345279672187765755e+03 1.468216170025322898e+00
1.742553466796875000e+03 1.343268162902269751e+03 1.468208213062124345e+00
1.742574279785156250e+03 1.341836298351406640e+03 1.468866140765282324e+00
1.742595153808593750e+03 1.344657904540038999e+03 1.469979279041220721e+00
1.742615966796875000e+03 1.344195349241174881e+03 1.471354022630892544e+00
1.742636779785156250e+03 1.346225692416038783e+03 1.470324625903729032e+00
1.742657653808593750e+03 1.344602833279102697e+03 1.470103837063235108e+00
1.742678466796875000e+03 1.342700787202195215e+03 1.470524872087963564e+00
1.742699279785156250e+03 1.342813856001187787e+03 1.469204690231659338e+00
1.742720153808593750e+03 1.343795786804395902e+03 1.469277226396850766e+00
1.742740966796875000e+03 1.343110509090139658e+03 1.469710745995667533e+00
1.742761779785156250e+03 1.342191567274480576e+03 1.468357683096050748e+00
1.742782653808593750e+03 1.345389041305098317e+03 1.470142840367763215e+00
1.742803466796875000e+03 1.342885464238076338e+03 1.472226269834380430e+00
1.742824279785156250e+03 1.340854427929336225e+03 1.474883401432480978e+00
1.742845153808593750e+03 1.341907804045636112e+03 1.475088200922401782e+00
1.742865966796875000e+03 1.342878060427496621e+03 1.477139153477204259e+00
1.742886779785156250e+03 1.342794402586622255e+03 1.476227495246433152e+00
1.742907653808593750e+03 1.343659740926275617e+03 1.476031334014600072e+00
1.742928466796875000e+03 1.341838595279824403e+03 1.473871594719895484e+00
1.742949279785156250e+03 1.342995407517017384e+03 1.473156103000830663e+00
1.742970153808593750e+03 1.343097662758254046e+03 1.472590842173123304e+00
1.742990966796875000e+03 1.342845558215539995e+03 1.473102127693912911e+00
1.743011779785156250e+03 1.344170003108344645e+03 1.473763856313081266e+00
1.743032653808593750e+03 1.344483855727229866e+03 1.475432271170148635e+00
1.743053466796875000e+03 1.343263573949466036e+03 1.474298588420888345e+00
1.743074279785156250e+03 1.342228764594532095e+03 1.476494197173944256e+00
1.743095153808593750e+03 1.344187261723876190e+03 1.477476210685051639e+00
1.743115966796875000e+03 1.344124215813437331e+03 1.479516520787930833e+00
1.743136779785156250e+03 1.342689268260332938e+03 1.479652441429191834e+00
1.743157653808593750e+03 1.342190648567036078e+03 1.476157158008306380e+00
1.743178466796875000e+03 1.342308209503669559e+03 1.475799524891812098e+00
1.743199340820312500e+03 1.343581474864953861e+03 1.474791014138997269e+00
1.743220153808593750e+03 1.342276363746583229e+03 1.474149073827699885e+00
1.743241027832031250e+03 1.345505131679291480e+03 1.472856907619221278e+00
1.743261840820312500e+03 1.346242711537993728e+03 1.471817465789541979e+00
1.743282653808593750e+03 1.341320514695094289e+03 1.470684319891394587e+00
1.743303527832031250e+03 1.342656989951307651e+03 1.473498682752214073e+00
1.743324340820312500e+03 1.345917760123301832e+03 1.472899237299865494e+00
1.743345153808593750e+03 1.342957839128202068e+03 1.476118959688291987e+00
1.743366027832031250e+03 1.344394667552354576e+03 1.473484282089710495e+00
1.743386840820312500e+03 1.344681301638185687e+03 1.474556827240467660e+00
1.743407653808593750e+03 1.344767854087212072e+03 1.475757439957930961e+00
1.743428527832031250e+03 1.344737862088614293e+03 1.478084365253927501e+00
1.743449340820312500e+03 1.347019095964520147e+03 1.477424975199258306e+00
1.743470153808593750e+03 1.341848138725403487e+03 1.478065170141790174e+00
1.743491027832031250e+03 1.341742181764247562e+03 1.479679350140694627e+00
1.743511840820312500e+03 1.344229793605961504e+03 1.484780908599769855e+00
1.743532653808593750e+03 1.342779526985514849e+03 1.482052723151386253e+00
1.743553527832031250e+03 1.343332571421035709e+03 1.484091480684655018e+00
1.743574340820312500e+03 1.341444614076307744e+03 1.484590615122528545e+00
1.743595153808593750e+03 1.343287875653370520e+03 1.486128484123304894e+00
1.743616027832031250e+03 1.342074377225730586e+03 1.486708884274116960e+00
1.743636840820312500e+03 1.342024713667628930e+03 1.486782811479040900e+00
1.743657653808593750e+03 1.342821705301730844e+03 1.485435027035331812e+00
1.743678527832031250e+03 1.343697414965380858e+03 1.484714188220455089e+00
1.743699340820312500e+03 1.342819024266290853e+03 1.487783513979639594e+00
1.743720153808593750e+03 1.342738997942503147e+03 1.485303488009204642e+00
1.743741027832031250e+03 1.344417078844143361e+03 1.487176680488450753e+00
1.743761840820312500e+03 1.342752997346115535e+03 1.487345083167769699e+00
1.743782653808593750e+03 1.344608091042002343e+03 1.489577082196259283e+00
1.743803527832031250e+03 1.341538989596532247e+03 1.490583506392519686e+00
1.743824340820312500e+03 1.342691702268247582e+03 1.497220882202064729e+00
1.743845153808593750e+03 1.341131232618538661e+03 1.495813248835102804e+00
1.743866027832031250e+03 1.342423894318372732e+03 1.496657860283264752e+00
1.743886840820312500e+03 1.343903272875187213e+03 1.499637242003872162e+00
1.743907653808593750e+03 1.342311481957908427e+03 1.497045149719223200e+00
1.743928527832031250e+03 1.345261531450492157e+03 1.497690409557819624e+00
1.743949340820312500e+03 1.342468850943060033e+03 1.495037293495266040e+00
1.743970153808593750e+03 1.343785796170832555e+03 1.494019188028720801e+00
1.743991027832031250e+03 1.340607073344594255e+03 1.493228329659493481e+00
1.744011840820312500e+03 1.343954021604536365e+03 1.493571892498695153e+00
1.744032653808593750e+03 1.342966544881638356e+03 1.494269950106778433e+00
1.744053527832031250e+03 1.343336757292316406e+03 1.494572196913996454e+00
1.744074340820312500e+03 1.345384676472412139e+03 1.497445554046007210e+00
1.744095153808593750e+03 1.343906451644164235e+03 1.498375410239495276e+00
1.744116027832031250e+03 1.345076905477742912e+03 1.499106140837459966e+00
1.744136840820312500e+03 1.344133628002658270e+03 1.499479044412614703e+00
1.744157653808593750e+03 1.342417396063763135e+03 1.502085428152682534e+00
1.744178527832031250e+03 1.343101615963490758e+03 1.498992183993208549e+00
1.744199340820312500e+03 1.344164051401912729e+03 1.497986236498850543e+00
1.744220153808593750e+03 1.342060964697983309e+03 1.495908003548739984e+00
1.744241027832031250e+03 1.341395338396123179e+03 1.497305516269646919e+00
1.744261840820312500e+03 1.341158742534968042e+03 1.496642487691002943e+00
1.744282653808593750e+03 1.344960888351406993e+03 1.496881740610638500e+00
1.744303527832031250e+03 1.342770263377080937e+03 1.495632170147094042e+00
1.744324340820312500e+03 1.339717071159853958e+03 1.497919308479253697e+00
1.744345153808593750e+03 1.342092045222479328e+03 1.497787751586889815e+00
1.744366027832031250e+03 1.340588124427193407e+03 1.499255313397613643e+00
1.744386840820312500e+03 1.345552926834395976e+03 1.500635886512297734e+00
1.744407653808593750e+03 1.341230545271200072e+03 1.504798287722978856e+00
1.744428527832031250e+03 1.341836363386232733e+03 1.503957296718894110e+00
1.744449340820312500e+03 1.341512751352651776e+03 1.503373168000275095e+00
1.744470153808593750e+03 1.343150300680905048e+03 1.506706345944336833e+00
1.744491027832031250e+03 1.343904689975778865e+03 1.507164217875668344e+00
1.744511840820312500e+03 1.342615428585012296e+03 1.508466272484737747e+00
1.744553527832031250e+03 1.345402697065906068e+03 1.514584764412576057e+00
1.744574340820312500e+03 1.343200803738628110e+03 1.516023249264195849e+00
1.744595153808593750e+03 1.343053226723956413e+03 1.517417555553787656e+00
1.744616027832031250e+03 1.343979069967001124e+03 1.518508213718119615e+00
1.744636840820312500e+03 1.345383569167698397e+03 1.519349467330931125e+00
1.744657653808593750e+03 1.344645010184766761e+03 1.519724620292784545e+00
1.744678527832031250e+03 1.342622303311403812e+03 1.519652138733387225e+00
1.744699340820312500e+03 1.345254481330736326e+03 1.519917103238582312e+00
1.744720153808593750e+03 1.341872402003603383e+03 1.519997022776448548e+00
1.744741027832031250e+03 1.343559323073307951e+03 1.523854985864578904e+00
1.744761840820312500e+03 1.344038816262874889e+03 1.524513451551606336e+00
1.744782653808593750e+03 1.342090874721219507e+03 1.529001570407018562e+00
1.744803527832031250e+03 1.344059644252268299e+03 1.529640831396161804e+00
1.744824340820312500e+03 1.344026983889968278e+03 1.535046134280301233e+00
1.744845153808593750e+03 1.344131888856660225e+03 1.535551529874614296e+00
1.744866027832031250e+03 1.341478097013450906e+03 1.536074375949646686e+00
1.744886840820312500e+03 1.343453903667834084e+03 1.537421964200215596e+00
1.744907653808593750e+03 1.345214803146989198e+03 1.537168004857859094e+00
1.744928527832031250e+03 1.339837171986894418e+03 1.538427618918261741e+00
1.744949340820312500e+03 1.341696380187112709e+03 1.534597746613666658e+00
1.744970153808593750e+03 1.338984385780016964e+03 1.533427733473211374e+00
1.744991027832031250e+03 1.342429611338050790e+03 1.532219560362824584e+00
1.745011840820312500e+03 1.342010466093740206e+03 1.533111841679497322e+00
1.745032653808593750e+03 1.343548071733240022e+03 1.535593839212009426e+00
1.745053527832031250e+03 1.343700651870859701e+03 1.537195302653028284e+00
1.745074340820312500e+03 1.342498652353549687e+03 1.538938798144820597e+00
1.745095153808593750e+03 1.342828682934498374e+03 1.541616112507353531e+00
1.745116027832031250e+03 1.346126266004803711e+03 1.544710668119604335e+00
1.745136840820312500e+03 1.345626608168775192e+03 1.544731041543283556e+00
1.745157653808593750e+03 1.343108902074282469e+03 1.543158256385617211e+00
1.745178527832031250e+03 1.344383818393983802e+03 1.541946497428100082e+00
1.745199340820312500e+03 1.344077641942117680e+03 1.539859391147056611e+00
1.745220153808593750e+03 1.343046735277665221e+03 1.539082560916807063e+00
1.745241027832031250e+03 1.344422793040379247e+03 1.536546073175632188e+00
1.745261840820312500e+03 1.341807302237197064e+03 1.535764306860133432e+00
1.745282653808593750e+03 1.343724085123592886e+03 1.536894069458693890e+00
1.745303527832031250e+03 1.342206034612664325e+03 1.536323394884499427e+00
1.745324340820312500e+03 1.343502047876255574e+03 1.538501385484529749e+00
1.745345153808593750e+03 1.342403531025810253e+03 1.543586240414801081e+00
1.745366027832031250e+03 1.343146576870578883e+03 1.537661229185530498e+00
1.745386840820312500e+03 1.339492091771979176e+03 1.537452203891587210e+00
1.745407653808593750e+03 1.341563889192860870e+03 1.538727544749301845e+00
1.745428527832031250e+03 1.343468471478391848e+03 1.541123767147766888e+00
1.745449340820312500e+03 1.343981737863363833e+03 1.542128476575797880e+00
1.745470153808593750e+03 1.340845481908173042e+03 1.542970063414195847e+00
1.745491027832031250e+03 1.345281080046239140e+03 1.548775324456634017e+00
1.745511840820312500e+03 1.342812502244676125e+03 1.553578503597291549e+00
1.745532653808593750e+03 1.344989672135831825e+03 1.557370654838508228e+00
1.745553527832031250e+03 1.341827941557648046e+03 1.561177113330518784e+00
1.745574340820312500e+03 1.345461386948812788e+03 1.563904855502472380e+00
1.745595153808593750e+03 1.345592726361803670e+03 1.566869348577434762e+00
1.745616027832031250e+03 1.344301160556403374e+03 1.567502520496830254e+00
1.745636840820312500e+03 1.343043838779616863e+03 1.569145338237996956e+00
1.745657653808593750e+03 1.345257948228637360e+03 1.570086107018773935e+00
1.745678527832031250e+03 1.343781420124904798e+03 1.569027047181270618e+00
1.745699340820312500e+03 1.343975787599770456e+03 1.568018285922062161e+00
1.745720153808593750e+03 1.344002731713416097e+03 1.568661101356639165e+00
1.745741027832031250e+03 1.344269260876285443e+03 1.571716212600433149e+00
1.745761840820312500e+03 1.345079009335468072e+03 1.573395468823813426e+00
1.745782653808593750e+03 1.345532141307801339e+03 1.577276625015044065e+00
1.745803527832031250e+03 1.347176454663405593e+03 1.581797566050336501e+00
1.745824340820312500e+03 1.343110113996920518e+03 1.583830688396210773e+00
1.745845153808593750e+03 1.344385047469408846e+03 1.588030781959239413e+00
1.745866027832031250e+03 1.348213864883356337e+03 1.590000754062305788e+00
1.745886840820312500e+03 1.347091883839710590e+03 1.592536314545754061e+00
1.745907653808593750e+03 1.344560832542416165e+03 1.590584172472443658e+00
1.745928527832031250e+03 1.344651419531331612e+03 1.589917755279069755e+00
1.745949340820312500e+03 1.344511993440177321e+03 1.588526149319596126e+00
1.745970153808593750e+03 1.344687086456963016e+03 1.585790242090608260e+00
1.745991027832031250e+03 1.345488914160727973e+03 1.584696316913622338e+00
1.746011840820312500e+03 1.344988784269714643e+03 1.583590419711208952e+00
1.746032653808593750e+03 1.346769895761413636e+03 1.586004471891624190e+00
1.746053527832031250e+03 1.345884168359096520e+03 1.590204371387382798e+00
1.746074340820312500e+03 1.344912793435537651e+03 1.591906434951813054e+00
1.746095153808593750e+03 1.344677116968911150e+03 1.595840354817666285e+00
1.746116027832031250e+03 1.346551901144403246e+03 1.599132201178027124e+00
1.746136840820312500e+03 1.345966242436230004e+03 1.600402858800034300e+00
1.746157653808593750e+03 1.346423665741184777e+03 1.601791365483341334e+00
1.746178527832031250e+03 1.345980748038022512e+03 1.601452484073860427e+00
1.746199340820312500e+03 1.346132374732171684e+03 1.599359849184997628e+00
1.746220153808593750e+03 1.345186913732226913e+03 1.597874036648840423e+00
1.746241027832031250e+03 1.348555639348615841e+03 1.593947678816517888e+00
1.746261840820312500e+03 1.345130056725462055e+03 1.592454046787077582e+00
1.746282653808593750e+03 1.346226158869188794e+03 1.586958082322153629e+00
1.746303527832031250e+03 1.345543734395054116e+03 1.585547939618775937e+00
1.746324340820312500e+03 1.344092488953395559e+03 1.583337089467194314e+00
1.746345153808593750e+03 1.347381005704171685e+03 1.586884840476139757e+00
1.746366027832031250e+03 1.344361984478592603e+03 1.583743226383841352e+00
1.746386840820312500e+03 1.345081932441945582e+03 1.584921149449566302e+00
1.746407653808593750e+03 1.345931132137178338e+03 1.586328843414136491e+00
1.746428527832031250e+03 1.348171030694533329e+03 1.594002572783879135e+00
1.746449340820312500e+03 1.346015848941662171e+03 1.592320193525506467e+00
1.746470153808593750e+03 1.342499352949710556e+03 1.596136811618925400e+00
1.746491027832031250e+03 1.346048107706410065e+03 1.604226552993138544e+00
1.746511840820312500e+03 1.345884059379277687e+03 1.611544285927057674e+00
1.746532653808593750e+03 1.346376496674024565e+03 1.621980649708048672e+00
1.746553527832031250e+03 1.342594065451153028e+03 1.621739491000114830e+00
1.746574340820312500e+03 1.344654158681783201e+03 1.628078698728141704e+00
1.746595153808593750e+03 1.343463389669148000e+03 1.631260184186809514e+00
1.746616027832031250e+03 1.345975057428982382e+03 1.633015013187165243e+00
1.746636840820312500e+03 1.346073347564625237e+03 1.635203094467549523e+00
1.746657653808593750e+03 1.350031271293961481e+03 1.639561553707016284e+00
1.746678527832031250e+03 1.342213115381557600e+03 1.635187639207647869e+00
1.746699340820312500e+03 1.342255890798017390e+03 1.636777963227258326e+00
1.746720153808593750e+03 1.342892366028485867e+03 1.642017246062841496e+00
1.746741027832031250e+03 1.341195610965143260e+03 1.644970977782274302e+00
1.746761840820312500e+03 1.344538479567496552e+03 1.656632289312322870e+00
1.746782714843750000e+03 1.343583964841842089e+03 1.658721231816223440e+00
1.746803527832031250e+03 1.344905948510737062e+03 1.669506213116916271e+00
1.746824401855468750e+03 1.341436021467890896e+03 1.669249282039198201e+00
1.746845214843750000e+03 1.344436136155442455e+03 1.674054231806623161e+00
1.746866027832031250e+03 1.340830161922517618e+03 1.674683680486407589e+00
1.746886901855468750e+03 1.344065289210529500e+03 1.677023047396312139e+00
1.746907714843750000e+03 1.344037030480768180e+03 1.676755324169127759e+00
1.746928527832031250e+03 1.343861676483899828e+03 1.677738282950738125e+00
1.746949401855468750e+03 1.340247920094952860e+03 1.673436015437417712e+00
1.746970214843750000e+03 1.342294943260053742e+03 1.672415957769843420e+00
1.746991027832031250e+03 1.344214386116248534e+03 1.673319255166781927e+00
1.747011901855468750e+03 1.343768303117617961e+03 1.672307395279722719e+00
1.747032714843750000e+03 1.340989847072534076e+03 1.675319225580270466e+00
1.747053527832031250e+03 1.342042054598437744e+03 1.679825036384012371e+00
1.747074401855468750e+03 1.344858881483193727e+03 1.687364431516412022e+00
1.747095214843750000e+03 1.344992375958492630e+03 1.693128453473314421e+00
1.747116027832031250e+03 1.345114652551494146e+03 1.699320051308694790e+00
1.747136901855468750e+03 1.341980617318702798e+03 1.703843831244381102e+00
1.747157714843750000e+03 1.345553701440903751e+03 1.709876929310429006e+00
1.747178527832031250e+03 1.347258385107092863e+03 1.708226533978423944e+00
1.747199401855468750e+03 1.345120506109636381e+03 1.704887388207715793e+00
1.747220214843750000e+03 1.344641925865627172e+03 1.700913209224842237e+00
1.747241027832031250e+03 1.346538711039190503e+03 1.697103231406904778e+00
1.747261901855468750e+03 1.343479212919079600e+03 1.689782118323725157e+00
1.747282714843750000e+03 1.343188378581654433e+03 1.684538397002921739e+00
1.747303527832031250e+03 1.344529966984378234e+03 1.678110988565553185e+00
1.747324401855468750e+03 1.343801251441888780e+03 1.673172848073940067e+00
1.747345214843750000e+03 1.344479511769300643e+03 1.671900882698855950e+00
1.747366027832031250e+03 1.344204143522804998e+03 1.672998924022449430e+00
1.747386901855468750e+03 1.343180825113729043e+03 1.676040024773374659e+00
1.747407714843750000e+03 1.343400606438825434e+03 1.686711091611225344e+00
1.747428527832031250e+03 1.343803462695591634e+03 1.691113382757908346e+00
1.747449401855468750e+03 1.345510930090831835e+03 1.701992953580621082e+00
1.747470214843750000e+03 1.343287300227905689e+03 1.708429109013034575e+00
1.747491027832031250e+03 1.342159796344879851e+03 1.718107970574147325e+00
1.747511901855468750e+03 1.345037532132407705e+03 1.729489568259239052e+00
1.747532714843750000e+03 1.345265839232353528e+03 1.738268837187949112e+00
1.747553527832031250e+03 1.346745544530137977e+03 1.748962639838758104e+00
1.747574401855468750e+03 1.348177667685399001e+03 1.759820088380979364e+00
1.747595214843750000e+03 1.345879742780805600e+03 1.768597017284010420e+00
1.747616027832031250e+03 1.343088028832386044e+03 1.774570926331195064e+00
1.747636901855468750e+03 1.346199295804667372e+03 1.780693301828704112e+00
1.747657714843750000e+03 1.343774618434041940e+03 1.785794267225639054e+00
1.747678527832031250e+03 1.342624606204741667e+03 1.790609698538120576e+00
1.747699401855468750e+03 1.343302284089066234e+03 1.798044305236425444e+00
1.747720214843750000e+03 1.344929568754990214e+03 1.806815737923855414e+00
1.747741027832031250e+03 1.346444051504836580e+03 1.821254241037765453e+00
1.747761901855468750e+03 1.347390774962773776e+03 1.836518410839393267e+00
1.747782714843750000e+03 1.344573513135987696e+03 1.854328777070144874e+00
1.747803527832031250e+03 1.344769991964016526e+03 1.873687475483326370e+00
1.747824401855468750e+03 1.343803444210529278e+03 1.889393428973823674e+00
1.747845214843750000e+03 1.347362116523839404e+03 1.906491748927019891e+00
1.747866027832031250e+03 1.341190461324767966e+03 1.918856972561071350e+00
1.747886901855468750e+03 1.346499900216541164e+03 1.929302099869228515e+00
1.747907714843750000e+03 1.344225987745283646e+03 1.935359387598975189e+00
1.747928527832031250e+03 1.343605504733545558e+03 1.938438188379618454e+00
1.747949401855468750e+03 1.338028991871957032e+03 1.939094072280077130e+00
1.747970214843750000e+03 1.344101361987646897e+03 1.941859355528312125e+00
1.747991027832031250e+03 1.341822556682285267e+03 1.941360012555373160e+00
1.748011901855468750e+03 1.339512947959497524e+03 1.945305575316333524e+00
1.748032714843750000e+03 1.344124773344470896e+03 1.951196191156977955e+00
1.748053527832031250e+03 1.338808761722702684e+03 1.952810399467472813e+00
1.748074401855468750e+03 1.342138390363503504e+03 1.962388250485907593e+00
1.748095214843750000e+03 1.345699120054180185e+03 1.974884044285335483e+00
1.748116027832031250e+03 1.346712889141686219e+03 1.988209481433578230e+00
1.748136901855468750e+03 1.345996847137642135e+03 2.001591168688922284e+00
1.748157714843750000e+03 1.344918962545887098e+03 2.013096132305367991e+00
1.748178527832031250e+03 1.343574438753559434e+03 2.022073057399977003e+00
1.748199401855468750e+03 1.345824960106571098e+03 2.024672319249634533e+00
1.748220214843750000e+03 1.350474333208551116e+03 2.026974212542672849e+00
1.748241027832031250e+03 1.345759526087351105e+03 2.019498784230398414e+00
1.748261901855468750e+03 1.345648758986220855e+03 2.013730245312169487e+00
1.748282714843750000e+03 1.344873820608671622e+03 2.007181625108170220e+00
1.748303527832031250e+03 1.343329330935555845e+03 1.999606153333169711e+00
1.748324401855468750e+03 1.344608240954858729e+03 1.994604223091614337e+00
1.748345214843750000e+03 1.345581661471153211e+03 1.996248242993139854e+00
1.748366027832031250e+03 1.349841669473858019e+03 2.002585647027772087e+00
1.748386901855468750e+03 1.349439300008740020e+03 2.015012071256236936e+00
1.748407714843750000e+03 1.345093143300008478e+03 2.030185714081568449e+00
1.748428527832031250e+03 1.344050454489129379e+03 2.048091148583302878e+00
1.748449401855468750e+03 1.344890932159394652e+03 2.069031517028445677e+00
1.748470214843750000e+03 1.344037324826937720e+03 2.090149131637877300e+00
1.748491027832031250e+03 1.343294754957960549e+03 2.109960743145702811e+00
1.748511901855468750e+03 1.345552160633385483e+03 2.133952412583261182e+00
1.748532714843750000e+03 1.344632451949811639e+03 2.158345185864674054e+00
1.748553527832031250e+03 1.345498865900477540e+03 2.182748811921803700e+00
1.748574401855468750e+03 1.348251235766575974e+03 2.210919383483638256e+00
1.748595214843750000e+03 1.346425234459824196e+03 2.239954244963778152e+00
1.748616027832031250e+03 1.351364511012836829e+03 2.267513776945510706e+00
1.748636901855468750e+03 1.354036417219586838e+03 2.293663738406122476e+00
1.748657714843750000e+03 1.353049600581546429e+03 2.325040373913091152e+00
1.748678527832031250e+03 1.352705379762808661e+03 2.352992335983485894e+00
1.748699401855468750e+03 1.355675652463749884e+03 2.383343946882326314e+00
1.748720214843750000e+03 1.347770017917387804e+03 2.414704765138629305e+00
1.748741027832031250e+03 1.353574886588034587e+03 2.452496976704731768e+00
1.748761901855468750e+03 1.357670859518935231e+03 2.488191372432427606e+00
1.748782714843750000e+03 1.358444262497811906e+03 2.527801236426896470e+00
1.748803527832031250e+03 1.353532370472260254e+03 2.571514833986448867e+00
1.748824401855468750e+03 1.351691642944304476e+03 2.617844593060391745e+00
1.748845214843750000e+03 1.352742004117298620e+03 2.653186332793499247e+00
1.748866027832031250e+03 1.343860777995314265e+03 2.685213580170183079e+00
1.748886901855468750e+03 1.355095991414940499e+03 2.713354083488783264e+00
1.748907714843750000e+03 1.353651931340122019e+03 2.734746242934548377e+00
1.748928527832031250e+03 1.350380852008678403e+03 2.751596247624754188e+00
1.748949401855468750e+03 1.355263777829161199e+03 2.766715745222493972e+00
1.748970214843750000e+03 1.356695183930530902e+03 2.779789659103480304e+00
1.748991027832031250e+03 1.352263281414131598e+03 2.795274244444371448e+00
1.749011901855468750e+03 1.357308197530867801e+03 2.815714800182720357e+00
1.749032714843750000e+03 1.356343355235962918e+03 2.837918349023646147e+00
1.749053527832031250e+03 1.352991270236488845e+03 2.857453080774150500e+00
1.749074401855468750e+03 1.362973982960205149e+03 2.879535249192614721e+00
1.749095214843750000e+03 1.357451997947329346e+03 2.902584266195088691e+00
1.749116027832031250e+03 1.369748556339822471e+03 2.928671047629728186e+00
1.749136901855468750e+03 1.358146310058044264e+03 2.952577408979833340e+00
1.749157714843750000e+03 1.356220932119077361e+03 2.970789479863390259e+00
1.749178527832031250e+03 1.360205438492223266e+03 2.985086246439395907e+00
1.749199401855468750e+03 1.355840138526474220e+03 2.997759300132884608e+00
1.749220214843750000e+03 1.363108819884333570e+03 3.002203291208909164e+00
1.749241027832031250e+03 1.358448980647953476e+03 3.004131968417331766e+00
1.749261901855468750e+03 1.360300929203038777e+03 2.995866789297192412e+00
1.749282714843750000e+03 1.361118728250951108e+03 2.985703417327353115e+00
1.749303527832031250e+03 1.357064196780933571e+03 2.972951225252767671e+00
1.749324401855468750e+03 1.356427138475900620e+03 2.960859554341797928e+00
1.749345214843750000e+03 1.364270853546825492e+03 2.955834331686150396e+00
1.749366027832031250e+03 1.361296974394095514e+03 2.955595890126873293e+00
1.749386901855468750e+03 1.358385665109856518e+03 2.960219162740333143e+00
1.749407714843750000e+03 1.358953291913757312e+03 2.974005454381008384e+00
1.749428527832031250e+03 1.355132158056238040e+03 2.986407800962537884e+00
1.749449401855468750e+03 1.356574117690675394e+03 3.001857818103219611e+00
1.749470214843750000e+03 1.351328773404868116e+03 3.015867233430167715e+00
1.749491027832031250e+03 1.352706298296421892e+03 3.034588106413445008e+00
1.749511901855468750e+03 1.358896862142184773e+03 3.056343585806732044e+00
1.749532714843750000e+03 1.360186312181026096e+03 3.083149947477873187e+00
1.749553527832031250e+03 1.357674099288264642e+03 3.112551959113478262e+00
1.749574401855468750e+03 1.364922345843121775e+03 3.144540954953968015e+00
1.749595214843750000e+03 1.362474123903726422e+03 3.178081284844076038e+00
1.749616027832031250e+03 1.362593284314589710e+03 3.214429900553329666e+00
1.749636901855468750e+03 1.363784344070332509e+03 3.252490336633235390e+00
1.749657714843750000e+03 1.363456736563444110e+03 3.284395145604916966e+00
1.749678527832031250e+03 1.358343895787464362e+03 3.316739805811291575e+00
1.749699401855468750e+03 1.360306733347160616e+03 3.352756954305085468e+00
1.749720214843750000e+03 1.365051848398081347e+03 3.389307988070793254e+00
1.749741027832031250e+03 1.364131693065590298e+03 3.425235300265168092e+00
1.749761901855468750e+03 1.372611150415216343e+03 3.458295998122821846e+00
1.749782714843750000e+03 1.375727574792746736e+03 3.493932915063742151e+00
1.749803527832031250e+03 1.371018621767151899e+03 3.530513045118991222e+00
1.749824401855468750e+03 1.367457755789971316e+03 3.566833938407736770e+00
1.749845214843750000e+03 1.371430747184980419e+03 3.600709892852090199e+00
1.749866027832031250e+03 1.371403371311705314e+03 3.623510646698623994e+00
1.749886901855468750e+03 1.370787448195050274e+03 3.630057522867059294e+00
1.749907714843750000e+03 1.372833066757729284e+03 3.621890608957144320e+00
1.749928527832031250e+03 1.370620331278705862e+03 3.602885435664644476e+00
1.749949401855468750e+03 1.366561585213442868e+03 3.574161516575576236e+00
1.749970214843750000e+03 1.364620530125692767e+03 3.539875265607127286e+00
1.749991027832031250e+03 1.367806268495204222e+03 3.500110215767779476e+00
1.750011901855468750e+03 1.365205187236297206e+03 3.458079792211885994e+00
1.750032714843750000e+03 1.358211960803452030e+03 3.415042692841936400e+00
1.750053527832031250e+03 1.355247364743577691e+03 3.373222306752687860e+00
1.750074401855468750e+03 1.354058672914096405e+03 3.329002587035237770e+00
1.750095214843750000e+03 1.347953557238145777e+03 3.279610360425600390e+00
1.750116027832031250e+03 1.352752930320835958e+03 3.228192746540001323e+00
1.750136901855468750e+03 1.347048007648402972e+03 3.170375074706279772e+00
1.750157714843750000e+03 1.351320242960190626e+03 3.108335081480078532e+00
1.750178588867187500e+03 1.349251514659688610e+03 3.042786814352135050e+00
1.750199401855468750e+03 1.352414894981457564e+03 2.972772543358044750e+00
1.750220275878906250e+03 1.348432117194160355e+03 2.895971354390305397e+00
1.750241088867187500e+03 1.349774461315397730e+03 2.815246089118562889e+00
1.750261901855468750e+03 1.348173826454228674e+03 2.728055703592856762e+00
1.750282775878906250e+03 1.348454385217096615e+03 2.633628831854369245e+00
1.750303588867187500e+03 1.348964379773293103e+03 2.517356134753223174e+00
1.750324401855468750e+03 1.347568609572753985e+03 2.385882092065483739e+00
1.750345275878906250e+03 1.343245948379330230e+03 2.244177065189076004e+00
1.751678588867187500e+03 1.342523210859667870e+03 1.435713279577362167e+00
1.751699401855468750e+03 1.342646117683529610e+03 1.434946279683243731e+00
1.751720275878906250e+03 1.342011899690996643e+03 1.433636656906441820e+00
1.751741088867187500e+03 1.342682302069860953e+03 1.437395838405221005e+00
1.751761901855468750e+03 1.337566338091490934e+03 1.432667279554129092e+00
1.751782775878906250e+03 1.340249178477731448e+03 1.433774682042888937e+00
1.751803588867187500e+03 1.341845951246860750e+03 1.434103394434639522e+00
1.751824401855468750e+03 1.339250998093352109e+03 1.433124933321818562e+00
1.751845275878906250e+03 1.340327784867847186e+03 1.433285381195159580e+00
1.751866088867187500e+03 1.342494106914108897e+03 1.435727145754894130e+00
1.751886901855468750e+03 1.340832638085174494e+03 1.434411670490324253e+00
1.751907775878906250e+03 1.341018180663600560e+03 1.435774223334520538e+00
1.751928588867187500e+03 1.339182260572348696e+03 1.436072843563610535e+00
1.751949401855468750e+03 1.342338966781295767e+03 1.440048363853598801e+00
1.751970275878906250e+03 1.342002693430661338e+03 1.434188095913872640e+00
1.751991088867187500e+03 1.339461277971153777e+03 1.433401734176402043e+00
1.752011901855468750e+03 1.339778233346987463e+03 1.433001403669480478e+00
1.752032775878906250e+03 1.339928719147876336e+03 1.435230702985281770e+00
1.752053588867187500e+03 1.342260623018189335e+03 1.434727192111340477e+00
1.752074401855468750e+03 1.338133899387222073e+03 1.434135397053537986e+00
1.752095275878906250e+03 1.341347401507105360e+03 1.433511757649747587e+00
1.752116088867187500e+03 1.338186136800887652e+03 1.432690827206943185e+00
1.752136901855468750e+03 1.342378116150524647e+03 1.435286517764582825e+00
1.752157775878906250e+03 1.339868864234729472e+03 1.434652659816388232e+00
1.752178588867187500e+03 1.344426253190517173e+03 1.434191586937178187e+00
1.752199401855468750e+03 1.339680333204429417e+03 1.433964569611765327e+00
1.752220275878906250e+03 1.342888616143142144e+03 1.436170792748624914e+00
1.752241088867187500e+03 1.340368577738981230e+03 1.434793744433516816e+00
1.752261901855468750e+03 1.341695955511469947e+03 1.435107852989849331e+00
1.752282775878906250e+03 1.337732738570336778e+03 1.432514751285143273e+00
1.752303588867187500e+03 1.340266739916098913e+03 1.434119853013553714e+00
1.752324401855468750e+03 1.341474710919985910e+03 1.435377378253649194e+00
1.752345275878906250e+03 1.340750390967218664e+03 1.433241632026905021e+00
1.752366088867187500e+03 1.340409444231720499e+03 1.433430176427847424e+00
1.752386901855468750e+03 1.342291297042984752e+03 1.433870044661445853e+00
1.752407775878906250e+03 1.341825530712427053e+03 1.435619201914164700e+00
1.752428588867187500e+03 1.342034277670868505e+03 1.434638700160060676e+00
1.752449401855468750e+03 1.342052734826597543e+03 1.434209374400163828e+00
1.752470275878906250e+03 1.340622928243994465e+03 1.438941233078480542e+00
1.752491088867187500e+03 1.341152361723780359e+03 1.433814008459640688e+00
1.752511901855468750e+03 1.341119825213038439e+03 1.434501921579663497e+00
1.752532775878906250e+03 1.340322975250677018e+03 1.438301443510425770e+00
1.752553588867187500e+03 1.340856888982800001e+03 1.435032343616244654e+00
1.752574401855468750e+03 1.340097131768107829e+03 1.434836283127121082e+00
1.752595275878906250e+03 1.340362057102773633e+03 1.433126846491958650e+00
1.752616088867187500e+03 1.343005243499421113e+03 1.434691879076330778e+00
1.752636901855468750e+03 1.341692542410776014e+03 1.435228792619597238e+00
1.752657775878906250e+03 1.342567063439846379e+03 1.434713814805048893e+00
1.752678588867187500e+03 1.338380408008108589e+03 1.433034096391390122e+00
1.752699401855468750e+03 1.343093716251248452e+03 1.434751121391606654e+00
1.752720275878906250e+03 1.339687272027726294e+03 1.433149721154506340e+00
1.752741088867187500e+03 1.344347282799497407e+03 1.434777709012718505e+00
1.752761901855468750e+03 1.341708499299460982e+03 1.434282101217896122e+00
1.752782775878906250e+03 1.343214514847654073e+03 1.434896350267413023e+00
1.752803588867187500e+03 1.337772243626255204e+03 1.434399869283530915e+00
1.752824401855468750e+03 1.342120732968071025e+03 1.441536998246185197e+00
1.752845275878906250e+03 1.343039776418206657e+03 1.436418375183801999e+00
1.752866088867187500e+03 1.340990143179836878e+03 1.435117737861269616e+00
1.752886901855468750e+03 1.341364204701851804e+03 1.435081105349333308e+00
1.752907775878906250e+03 1.340933205150171261e+03 1.440484969807803051e+00
1.752928588867187500e+03 1.340456854754618462e+03 1.436831443229316774e+00
1.752949401855468750e+03 1.340338896289208833e+03 1.435490738166844693e+00
1.752970275878906250e+03 1.344073543702588950e+03 1.437166838807432567e+00
1.752991088867187500e+03 1.341837054944168131e+03 1.437654652776536812e+00
1.753011901855468750e+03 1.344585286743082179e+03 1.442857296227388897e+00
1.753032775878906250e+03 1.343890318121374321e+03 1.439151975685213136e+00
1.753053588867187500e+03 1.341711500788548392e+03 1.437626459944699953e+00
1.753074401855468750e+03 1.343971309979089710e+03 1.438473661980485430e+00
1.753095275878906250e+03 1.341106315636550107e+03 1.437859200090422007e+00
1.753116088867187500e+03 1.342421172586330613e+03 1.440136192292192030e+00
1.753136901855468750e+03 1.342461479498830840e+03 1.442135179424044900e+00
1.753157775878906250e+03 1.341479337481279345e+03 1.438795003974264519e+00
1.753178588867187500e+03 1.342413541204954072e+03 1.440427452990851620e+00
1.753199401855468750e+03 1.344937987595985987e+03 1.441161261520640391e+00
1.753220275878906250e+03 1.343683486576346240e+03 1.440734044910886080e+00
1.753241088867187500e+03 1.342866630175050204e+03 1.440321930556275776e+00
1.753261901855468750e+03 1.342049578284020981e+03 1.439523682230223089e+00
1.753282775878906250e+03 1.341897296116381312e+03 1.439248721388712182e+00
1.753303588867187500e+03 1.342157020635140725e+03 1.439844624296058528e+00
1.753324401855468750e+03 1.342259704874173394e+03 1.441711641539904054e+00
1.753345275878906250e+03 1.343247804210573804e+03 1.440182546330204039e+00
1.753366088867187500e+03 1.345459447221876644e+03 1.444061480193447711e+00
1.753386901855468750e+03 1.342946226603189871e+03 1.441870472491249444e+00
1.753407775878906250e+03 1.343630634113499582e+03 1.441799782063032165e+00
1.753428588867187500e+03 1.344029797829715562e+03 1.441761582985710444e+00
1.753449401855468750e+03 1.343621917906967838e+03 1.443428750235644875e+00
1.753470275878906250e+03 1.342794002800004819e+03 1.440682909416016733e+00
1.753491088867187500e+03 1.344573899157600408e+03 1.441881633821000319e+00
1.753511901855468750e+03 1.342727773856142221e+03 1.442872085183669606e+00
1.753532775878906250e+03 1.342678745632611481e+03 1.441353649637296286e+00
1.753553588867187500e+03 1.342966430122081874e+03 1.442510331908566812e+00
1.753574401855468750e+03 1.345413538845353969e+03 1.443702336965414501e+00
1.753595275878906250e+03 1.342061300758095513e+03 1.444420369061730103e+00
1.753616088867187500e+03 1.343061128266843070e+03 1.443460546104322839e+00
1.753636901855468750e+03 1.345874302229148270e+03 1.444813575202643197e+00
1.753657775878906250e+03 1.344678677803923392e+03 1.445370399758753699e+00
1.753678588867187500e+03 1.345626601525205160e+03 1.445736137369850294e+00
1.753699401855468750e+03 1.341963584875604738e+03 1.443907513633912343e+00
1.753720275878906250e+03 1.343113830533092141e+03 1.444859944192273149e+00
1.753741088867187500e+03 1.344077948788735057e+03 1.446028001342682945e+00
1.753761901855468750e+03 1.341425412510663591e+03 1.447830234207367672e+00
1.753782775878906250e+03 1.341712038807466570e+03 1.445076588115667748e+00
1.753803588867187500e+03 1.343899261152950430e+03 1.447035221596521426e+00
1.753824401855468750e+03 1.344645865808050758e+03 1.447712405865980934e+00
1.753845275878906250e+03 1.346118321704501341e+03 1.448719853901329957e+00
1.753866088867187500e+03 1.341156233959884958e+03 1.448385981329726846e+00
1.753886901855468750e+03 1.343572881653077047e+03 1.453373877429339878e+00
1.753907775878906250e+03 1.344112251953490841e+03 1.447053427848078888e+00
1.753928588867187500e+03 1.341032294783033194e+03 1.446000548851996026e+00
1.753949401855468750e+03 1.344834396305355767e+03 1.448604813575568251e+00
1.753970275878906250e+03 1.342163569407115119e+03 1.446022065713182370e+00
1.753991088867187500e+03 1.343606318471094482e+03 1.446560377678557607e+00
1.754011901855468750e+03 1.343407599978640292e+03 1.449212827439043672e+00
1.754032775878906250e+03 1.344526468424215182e+03 1.448707428669586905e+00
1.754053588867187500e+03 1.345783327333250327e+03 1.451748349679699013e+00
1.754074401855468750e+03 1.346354056128353704e+03 1.449382680171014126e+00
1.754095275878906250e+03 1.347075281597732783e+03 1.450677594994539410e+00
1.754116088867187500e+03 1.345258665803743725e+03 1.452016674392630158e+00
1.754136901855468750e+03 1.342639989802444006e+03 1.447639859678531371e+00
1.754157775878906250e+03 1.341987992768271397e+03 1.452236519189993080e+00
1.754178588867187500e+03 1.346276385655065496e+03 1.448620119896869118e+00
1.754199401855468750e+03 1.344146918583161096e+03 1.448176417847660824e+00
1.754220275878906250e+03 1.344503421877394430e+03 1.448164317223344266e+00
1.754241088867187500e+03 1.343942834382092997e+03 1.448876517879456927e+00
1.754261901855468750e+03 1.344879266310013463e+03 1.447063231119424254e+00
1.754282775878906250e+03 1.342365799341554748e+03 1.446507058209137275e+00
1.754303649902343750e+03 1.345560786166066237e+03 1.447591191583393444e+00
1.754324462890625000e+03 1.342968971341858833e+03 1.447194374379515702e+00
1.754345275878906250e+03 1.342563460727275697e+03 1.447424505370047854e+00
1.754366149902343750e+03 1.342197271383880889e+03 1.447703924490300942e+00
1.754386962890625000e+03 1.345288649163538594e+03 1.450078005172340534e+00
1.754407775878906250e+03 1.342647664431394560e+03 1.447844066675085806e+00
1.754428649902343750e+03 1.341764066323531551e+03 1.447546392431965590e+00
1.754449462890625000e+03 1.343496913028298422e+03 1.448080433244939069e+00
1.754470275878906250e+03 1.343051781348802706e+03 1.448237742586317767e+00
1.754491149902343750e+03 1.341970841225651611e+03 1.448722569335137100e+00
1.754511962890625000e+03 1.346570591031626009e+03 1.449008813340241675e+00
1.754532775878906250e+03 1.343537624131796974e+03 1.449730302129873527e+00
1.754553649902343750e+03 1.343569558642439915e+03 1.448999434582249224e+00
1.754574462890625000e+03 1.342747041017061747e+03 1.449685898007171625e+00
1.754595275878906250e+03 1.340200439269651270e+03 1.450786719160396698e+00
1.754616149902343750e+03 1.345090502244666141e+03 1.451188057851599877e+00
1.754636962890625000e+03 1.343973648894675762e+03 1.451670421123941734e+00
1.754657775878906250e+03 1.342156659136128155e+03 1.450642259356222930e+00
1.754678649902343750e+03 1.342840845241140642e+03 1.452908243399772870e+00
1.754699462890625000e+03 1.342271216521065980e+03 1.450938559011499596e+00
1.754720275878906250e+03 1.342345894577482568e+03 1.452556211660900987e+00
1.754741149902343750e+03 1.345002117009205222e+03 1.450944145889064174e+00
1.754761962890625000e+03 1.340833680429621609e+03 1.452999724863949238e+00
1.754782775878906250e+03 1.343657317491450840e+03 1.451073295356266168e+00
1.754803649902343750e+03 1.341925084850377743e+03 1.453883557601196141e+00
1.754824462890625000e+03 1.341164956162033377e+03 1.452865249224292166e+00
1.754845275878906250e+03 1.343685747742596050e+03 1.455679668023991402e+00
1.754866149902343750e+03 1.341386416979670457e+03 1.455794722480499681e+00
1.754886962890625000e+03 1.341523407325637436e+03 1.452519034098463946e+00
1.754907775878906250e+03 1.342901801740798874e+03 1.451353819006146351e+00
1.754928649902343750e+03 1.343786689368030920e+03 1.451113467369548715e+00
1.754949462890625000e+03 1.342499130053724912e+03 1.451563991385721231e+00
1.754970275878906250e+03 1.341800034930167840e+03 1.450745305533786667e+00
1.754991149902343750e+03 1.340739535363134792e+03 1.451042323535661982e+00
1.755011962890625000e+03 1.342618010337565693e+03 1.451421580131522004e+00
1.755032775878906250e+03 1.344172001622052449e+03 1.451870120069469916e+00
1.755053649902343750e+03 1.345056197601342092e+03 1.454011954062958578e+00
1.755074462890625000e+03 1.342796513020836528e+03 1.453102111636147331e+00
1.755095275878906250e+03 1.344204535262079617e+03 1.457684899538361556e+00
1.755116149902343750e+03 1.344171173784260645e+03 1.455173238423471238e+00
1.755136962890625000e+03 1.343386251852986561e+03 1.455192653577903172e+00
1.755157775878906250e+03 1.341085149868662484e+03 1.453591220676780704e+00
1.755178649902343750e+03 1.344126508993619836e+03 1.452825700023384625e+00
1.755199462890625000e+03 1.342604754348364622e+03 1.451574667560346255e+00
1.755220275878906250e+03 1.343699270739698932e+03 1.452126354673006103e+00
1.755241149902343750e+03 1.340768110409702331e+03 1.450813177247387120e+00
1.755261962890625000e+03 1.342825255037840179e+03 1.449810719467867548e+00
1.755282775878906250e+03 1.343700654253001176e+03 1.450603142622569397e+00
1.755303649902343750e+03 1.342939779405382069e+03 1.449969320959247909e+00
1.755324462890625000e+03 1.343475850087355184e+03 1.449168325199862162e+00
1.755345275878906250e+03 1.344217233314222540e+03 1.453679542966160643e+00
1.755366149902343750e+03 1.342773581371383898e+03 1.449457606453280700e+00
1.755386962890625000e+03 1.342328780166659499e+03 1.455465830924382642e+00
1.755407775878906250e+03 1.342931725957400658e+03 1.456373541834759866e+00
1.755428649902343750e+03 1.341652037614593837e+03 1.451276937098390896e+00
1.755449462890625000e+03 1.340428499803278783e+03 1.450720078796918111e+00
1.755470275878906250e+03 1.341429455251479339e+03 1.452285195781625626e+00
1.755491149902343750e+03 1.344887449514597847e+03 1.452494987177118668e+00
1.755511962890625000e+03 1.343150353161207931e+03 1.453443758878680825e+00
1.755532775878906250e+03 1.342224087345962744e+03 1.452842028558397169e+00
1.755553649902343750e+03 1.341395140060281619e+03 1.453078648638058912e+00
1.755574462890625000e+03 1.341414101485113633e+03 1.454786519778930698e+00
1.755595275878906250e+03 1.342839310430188789e+03 1.454855923680070884e+00
1.755616149902343750e+03 1.342081612605886448e+03 1.454039583236694577e+00
1.755636962890625000e+03 1.340183480185855160e+03 1.457426534014933273e+00
1.755657775878906250e+03 1.342203851500119072e+03 1.456623992047492600e+00
1.755678649902343750e+03 1.341676020240162643e+03 1.455568289923512726e+00
1.755699462890625000e+03 1.339295837807916996e+03 1.457327232263142758e+00
1.755720275878906250e+03 1.343222916349876868e+03 1.456641832935817504e+00
1.755741149902343750e+03 1.342285692924823024e+03 1.456036839417354400e+00
1.755761962890625000e+03 1.343892661841668996e+03 1.458543498926202053e+00
1.755782775878906250e+03 1.342902085630583770e+03 1.458194217404316317e+00
1.755803649902343750e+03 1.342467927401259885e+03 1.460198036767475616e+00
1.755824462890625000e+03 1.341855941077391208e+03 1.461902483306263933e+00
1.755845275878906250e+03 1.342279211531554893e+03 1.462060669993033635e+00
1.755866149902343750e+03 1.341015222289863686e+03 1.460871077878832303e+00
1.755886962890625000e+03 1.343045152479221770e+03 1.460870588269675086e+00
1.755907775878906250e+03 1.340986611876719735e+03 1.458493805185265169e+00
1.755928649902343750e+03 1.344022486961116101e+03 1.462857458657950138e+00
1.755949462890625000e+03 1.342205700006627239e+03 1.457043031537488043e+00
1.755970275878906250e+03 1.340910561006849093e+03 1.456521116240490077e+00
1.755991149902343750e+03 1.338395743417602944e+03 1.455130311170928614e+00
1.756011962890625000e+03 1.340481015985705653e+03 1.455586225649199594e+00
1.756032775878906250e+03 1.345902510467585671e+03 1.458632910702835073e+00
1.756053649902343750e+03 1.341838517064525149e+03 1.458858213880981580e+00
1.756074462890625000e+03 1.341428591866780835e+03 1.458706626345330104e+00
1.756095275878906250e+03 1.344932570193687525e+03 1.461076943989581434e+00
1.756116149902343750e+03 1.341207736449533058e+03 1.463024179145388626e+00
1.756136962890625000e+03 1.343769117327643244e+03 1.464116600120000111e+00
1.756157775878906250e+03 1.342285214345750774e+03 1.460379019490987584e+00
1.756178649902343750e+03 1.343111956383030474e+03 1.460104801910553141e+00
1.756199462890625000e+03 1.339084187198383006e+03 1.460190036111340461e+00
1.756220275878906250e+03 1.342833011187617558e+03 1.457662818804748683e+00
1.756241149902343750e+03 1.341603843530493577e+03 1.455037325088646361e+00
1.756261962890625000e+03 1.342434721957551119e+03 1.454383879053727346e+00
1.756282775878906250e+03 1.342360932140891009e+03 1.453503467126574966e+00
1.756303649902343750e+03 1.342002601790972221e+03 1.453444086952678349e+00
1.756324462890625000e+03 1.342198346768203692e+03 1.453593352940109495e+00
1.756345275878906250e+03 1.344084226669173177e+03 1.455651251039028704e+00
1.756366149902343750e+03 1.340823119846017562e+03 1.456553117369521866e+00
1.756386962890625000e+03 1.344594305774572604e+03 1.454752922840528706e+00
1.756407775878906250e+03 1.342457939468672976e+03 1.455340593462903787e+00
1.756428649902343750e+03 1.342508354620251339e+03 1.458507454786057700e+00
1.756449462890625000e+03 1.344259966705906891e+03 1.459480497480190486e+00
1.756470275878906250e+03 1.343008101695729920e+03 1.459912680144134445e+00
1.756491149902343750e+03 1.342355716992546604e+03 1.458871451505519889e+00
1.756511962890625000e+03 1.340329131272797440e+03 1.458621877553345270e+00
1.756532775878906250e+03 1.341178324645882185e+03 1.459519131259655378e+00
1.756553649902343750e+03 1.340841489809077984e+03 1.459378721571430892e+00
1.756574462890625000e+03 1.341374845445830715e+03 1.463136700661212153e+00
1.756595275878906250e+03 1.339735730999504312e+03 1.467708786729030157e+00
1.756616149902343750e+03 1.343760216640292356e+03 1.461820937091106165e+00
1.756636962890625000e+03 1.342299654461161936e+03 1.461128344794792033e+00
1.756657775878906250e+03 1.344369067227374671e+03 1.469259295530384479e+00
1.756678649902343750e+03 1.343888435356251193e+03 1.463418740464473844e+00
1.756699462890625000e+03 1.341255932204678402e+03 1.463246606517502046e+00
1.756720275878906250e+03 1.343444719730002589e+03 1.467933671419500374e+00
1.756741149902343750e+03 1.342061812694510763e+03 1.466073539762900113e+00
1.756761962890625000e+03 1.341545666983011188e+03 1.464765704301102200e+00
1.756782775878906250e+03 1.344627548177383687e+03 1.468410046782138600e+00
1.756803649902343750e+03 1.343623703328229794e+03 1.469345053396428069e+00
1.756824462890625000e+03 1.345070469101973913e+03 1.471205829355951344e+00
1.756845275878906250e+03 1.343737412747584358e+03 1.470577158605709478e+00
1.756866149902343750e+03 1.340095381519627608e+03 1.469719262596073994e+00
1.756886962890625000e+03 1.342100467146021629e+03 1.469401843930353557e+00
1.756907775878906250e+03 1.344826771754304900e+03 1.468897791792384666e+00
1.756928649902343750e+03 1.342554708497948241e+03 1.467706593750932820e+00
1.756949462890625000e+03 1.342556491742488788e+03 1.464908201707093571e+00
1.756970275878906250e+03 1.341497652074271855e+03 1.463338337776009190e+00
1.756991149902343750e+03 1.342293440088231137e+03 1.463467452406417513e+00
1.757011962890625000e+03 1.344164566025782278e+03 1.464699944113056151e+00
1.757032775878906250e+03 1.343848772794873867e+03 1.464954260154385235e+00
1.757053649902343750e+03 1.342024297043242314e+03 1.466617903476765905e+00
1.757074462890625000e+03 1.342442566977119213e+03 1.467721213543023095e+00
1.757095275878906250e+03 1.343132168813126555e+03 1.472421966453958619e+00
1.757116149902343750e+03 1.341748548996735963e+03 1.471901859759193743e+00
1.757136962890625000e+03 1.342980017856434188e+03 1.469850330907802149e+00
1.757157775878906250e+03 1.340852740092148224e+03 1.469428291344191395e+00
1.757178649902343750e+03 1.343637766185303008e+03 1.467796828032186252e+00
1.757199462890625000e+03 1.341184049304353266e+03 1.466864004008586964e+00
1.757220275878906250e+03 1.342646374141554816e+03 1.462525753870424383e+00
1.757241149902343750e+03 1.342120416812953181e+03 1.462255688989340108e+00
1.757261962890625000e+03 1.342342161989954548e+03 1.467808929237601312e+00
1.757282775878906250e+03 1.343528138215959871e+03 1.460656042067032478e+00
1.757303649902343750e+03 1.344309201873959410e+03 1.459592557125293011e+00
1.757324462890625000e+03 1.344475080447826031e+03 1.461259938933131552e+00
1.757345275878906250e+03 1.340269284745401137e+03 1.460314857681823453e+00
1.757366149902343750e+03 1.343982943927568385e+03 1.462788678883738980e+00
1.757386962890625000e+03 1.341226569648786381e+03 1.463030616163512487e+00
1.757407775878906250e+03 1.342805006579380461e+03 1.464942704990966460e+00
1.757428649902343750e+03 1.344433470994246136e+03 1.467659565765394358e+00
1.757449462890625000e+03 1.343616864068262885e+03 1.466542472060450741e+00
1.757470275878906250e+03 1.340526608386996713e+03 1.467728848265455133e+00
1.757491149902343750e+03 1.346743994932123314e+03 1.468942751309718853e+00
1.757511962890625000e+03 1.344224135464666233e+03 1.468252787738883569e+00
1.757553649902343750e+03 1.341561722642064979e+03 1.469047272811616844e+00
1.757574462890625000e+03 1.342589161102097023e+03 1.474528046443103202e+00
1.757595275878906250e+03 1.345914797753400535e+03 1.471240428028066649e+00
1.757616149902343750e+03 1.345725733890829815e+03 1.471909877744525641e+00
1.757636962890625000e+03 1.344716996145222311e+03 1.472208293912887100e+00
1.757657775878906250e+03 1.344694851352078331e+03 1.472287159613211660e+00
1.757678649902343750e+03 1.343760328635211181e+03 1.480423657377260893e+00
1.757699462890625000e+03 1.343537887999844543e+03 1.474986693758671308e+00
1.757720275878906250e+03 1.345453151730809850e+03 1.476718631946598137e+00
1.757741149902343750e+03 1.345888525992965469e+03 1.482296261095587875e+00
1.757761962890625000e+03 1.345222671426049374e+03 1.480484451573027327e+00
1.757782775878906250e+03 1.345131392508537601e+03 1.483693980546991753e+00
1.757803649902343750e+03 1.345334252784835371e+03 1.484702626261479530e+00
1.757824462890625000e+03 1.344961135287139996e+03 1.486919751514057753e+00
1.757845275878906250e+03 1.344613724826784164e+03 1.488393223672812349e+00
1.757866149902343750e+03 1.343724268249504576e+03 1.488043818720774514e+00
1.757886962890625000e+03 1.345013747963459082e+03 1.486242063740170094e+00
1.757907775878906250e+03 1.342577408383501961e+03 1.485365848108899822e+00
1.757928649902343750e+03 1.345132646058710179e+03 1.486127601761794148e+00
1.757949462890625000e+03 1.345052125115536910e+03 1.483810638756924538e+00
1.757970275878906250e+03 1.344750222184625045e+03 1.482669211600427195e+00
1.757991149902343750e+03 1.345644267586165597e+03 1.482064466652172507e+00
1.758011962890625000e+03 1.343457377694087199e+03 1.483936927802047778e+00
1.758032775878906250e+03 1.353334902307403127e+03 1.486120943926232396e+00
1.758053649902343750e+03 1.347194004079364504e+03 1.487790324625358096e+00
1.758074462890625000e+03 1.343299997480990214e+03 1.489676794930323789e+00
1.758095275878906250e+03 1.344564785033497856e+03 1.489973332851307175e+00
1.758116149902343750e+03 1.346966611092961330e+03 1.491973621958510021e+00
1.758136962890625000e+03 1.343807968720980170e+03 1.491336679809276200e+00
1.758157775878906250e+03 1.341968887399492587e+03 1.487762841475816833e+00
1.758178649902343750e+03 1.344829660413316333e+03 1.488412766139973531e+00
1.758199462890625000e+03 1.346891194642068058e+03 1.487230866391670903e+00
1.758220275878906250e+03 1.343443239460298628e+03 1.481928686796859518e+00
1.758241149902343750e+03 1.345631084472304110e+03 1.480367692301405969e+00
1.758261962890625000e+03 1.346666634779802507e+03 1.484294045901035641e+00
1.758282775878906250e+03 1.343649041019673405e+03 1.478670986383066044e+00
1.758303649902343750e+03 1.343392626699213679e+03 1.479437073540280645e+00
1.758324462890625000e+03 1.343324697830524883e+03 1.480844414790645880e+00
1.758345275878906250e+03 1.343347348510965958e+03 1.482923902662043547e+00
1.758366149902343750e+03 1.344942381623831579e+03 1.486022035458480106e+00
1.758386962890625000e+03 1.344662970577704527e+03 1.487009862080792333e+00
1.758407775878906250e+03 1.342487092062488955e+03 1.489423178575084883e+00
1.758428649902343750e+03 1.345632487965965538e+03 1.489198337055213317e+00
1.758449462890625000e+03 1.343142681725801367e+03 1.492042414617158697e+00
1.758470275878906250e+03 1.344188641846575365e+03 1.490719057710404361e+00
1.758491149902343750e+03 1.343830614002070206e+03 1.491409977967692146e+00
1.758511962890625000e+03 1.342143366830993045e+03 1.491105571189502710e+00
1.758532775878906250e+03 1.345520558411798447e+03 1.494643581733326121e+00
1.758553649902343750e+03 1.347010333820173628e+03 1.496412118846660588e+00
1.758574462890625000e+03 1.347160889032713385e+03 1.496912241812903055e+00
1.758595275878906250e+03 1.343558166275115127e+03 1.495060656155905665e+00
1.758616149902343750e+03 1.344722698305020458e+03 1.497630871004034026e+00
1.758636962890625000e+03 1.345667920384235913e+03 1.499129519607574679e+00
1.758657775878906250e+03 1.348318629775302952e+03 1.500975212339787923e+00
1.758678649902343750e+03 1.341767807042797585e+03 1.501887564350583348e+00
1.758699462890625000e+03 1.343815719644134788e+03 1.506057350216692070e+00
1.758720275878906250e+03 1.344691985721163974e+03 1.509209415680616617e+00
1.758741149902343750e+03 1.346969810726228161e+03 1.513980484543151039e+00
1.758761962890625000e+03 1.344774429434468402e+03 1.516382244535245061e+00
1.758782775878906250e+03 1.345082604850822463e+03 1.522007432380604985e+00
1.758803649902343750e+03 1.345544471793902630e+03 1.523489378999471233e+00
1.758824462890625000e+03 1.345805532233076065e+03 1.525730461529297477e+00
1.758845275878906250e+03 1.343121939551617288e+03 1.528327566501355150e+00
1.758866149902343750e+03 1.345270474831701222e+03 1.529291262561540465e+00
1.758886962890625000e+03 1.343485808929475525e+03 1.528151978798704569e+00
1.758907775878906250e+03 1.346096229523976717e+03 1.527019495581662278e+00
1.758928649902343750e+03 1.345135671692425831e+03 1.526377106168788744e+00
1.758949462890625000e+03 1.345239256994231710e+03 1.523854829407046196e+00
1.758970275878906250e+03 1.345450732695386705e+03 1.522435881168092475e+00
1.758991149902343750e+03 1.346590797163582693e+03 1.521755444101591470e+00
1.759011962890625000e+03 1.345378562345724959e+03 1.521386590246680770e+00
1.759032775878906250e+03 1.346101145235262038e+03 1.525015927841305352e+00
1.759053649902343750e+03 1.345886982797005658e+03 1.526265654112621384e+00
1.759074462890625000e+03 1.347143465851290784e+03 1.528415469781237768e+00
1.759095275878906250e+03 1.344093588272734223e+03 1.529746037143462578e+00
1.759116149902343750e+03 1.346407686700750446e+03 1.530627221339129873e+00
1.759136962890625000e+03 1.345520250884052757e+03 1.530205039204098005e+00
1.759157775878906250e+03 1.343644278532385670e+03 1.528176083325262224e+00
1.759178649902343750e+03 1.344705368463801960e+03 1.525139352028554551e+00
1.759199462890625000e+03 1.342647926331242616e+03 1.522743340825432057e+00
1.759220275878906250e+03 1.345908224838819251e+03 1.524715572160515897e+00
1.759241149902343750e+03 1.345166225814981317e+03 1.522098520145557687e+00
1.759261962890625000e+03 1.344792663231060715e+03 1.520326146596761241e+00
1.759282775878906250e+03 1.347252801260284286e+03 1.518437244252750284e+00
1.759303649902343750e+03 1.345882443747912930e+03 1.518862226444894770e+00
1.759324462890625000e+03 1.345658115600297606e+03 1.521555437379915388e+00
1.759345275878906250e+03 1.347354295130746550e+03 1.524182650922189408e+00
1.759366149902343750e+03 1.344922948615226005e+03 1.524897575065590427e+00
1.759386962890625000e+03 1.345412440723828922e+03 1.527916062001834385e+00
1.759407775878906250e+03 1.346789926774133392e+03 1.530110850214284834e+00
1.759428649902343750e+03 1.344787187442622098e+03 1.530724883054606522e+00
1.759449462890625000e+03 1.347463189198146438e+03 1.533028095726953088e+00
1.759470275878906250e+03 1.344486864277299446e+03 1.531746608625156325e+00
1.759491149902343750e+03 1.344933656306163812e+03 1.531461739984109505e+00
1.759511962890625000e+03 1.347361648723343251e+03 1.534756984671808322e+00
1.759532775878906250e+03 1.345791351862352030e+03 1.536133433327910192e+00
1.759553649902343750e+03 1.345850837835119592e+03 1.539009829166942289e+00
1.759574462890625000e+03 1.341576245758148389e+03 1.543120712329937971e+00
1.759595275878906250e+03 1.342914940717302898e+03 1.545646565028886421e+00
1.759616149902343750e+03 1.346392437132267560e+03 1.547230381071873939e+00
1.759636962890625000e+03 1.343980943420240692e+03 1.549816148375432023e+00
1.759657775878906250e+03 1.345605080133451793e+03 1.552337327011789059e+00
1.759678649902343750e+03 1.346674437278913501e+03 1.553217437265280942e+00
1.759699462890625000e+03 1.346908163360660637e+03 1.556859172187756490e+00
1.759720275878906250e+03 1.345993257623894351e+03 1.560806501082895981e+00
1.759741149902343750e+03 1.344630221532632959e+03 1.565653099066786069e+00
1.759761962890625000e+03 1.350607905533293433e+03 1.576369262588074749e+00
1.759782775878906250e+03 1.346024785449643105e+03 1.577398756257489820e+00
1.759803649902343750e+03 1.350676155830527250e+03 1.587918251989062668e+00
1.759824462890625000e+03 1.349682379436454539e+03 1.592853518401866397e+00
1.759845275878906250e+03 1.347110817778411047e+03 1.596048082024177805e+00
1.759866149902343750e+03 1.350625588410155842e+03 1.598840624259221244e+00
1.759886962890625000e+03 1.346531827386150098e+03 1.598064864679091146e+00
1.759907775878906250e+03 1.347534299737401852e+03 1.595200047279862199e+00
1.759928649902343750e+03 1.348953117457200960e+03 1.592855913282722691e+00
1.759949462890625000e+03 1.348579530392669312e+03 1.587808116538159675e+00
1.759970336914062500e+03 1.349921542537125333e+03 1.581723783779528381e+00
1.759991149902343750e+03 1.347135771914116503e+03 1.578812251249281484e+00
1.760012023925781250e+03 1.349091214436980408e+03 1.578714166326688595e+00
1.760032836914062500e+03 1.347463989457262869e+03 1.581778499051702092e+00
1.760053649902343750e+03 1.349373427169438855e+03 1.586237911842646398e+00
1.760074523925781250e+03 1.345775822014588357e+03 1.590823909411219095e+00
1.760095336914062500e+03 1.350459393340099041e+03 1.595248546308540405e+00
1.760116149902343750e+03 1.349581496999812543e+03 1.600370978024616253e+00
1.760137023925781250e+03 1.349463115846425126e+03 1.600575808387717736e+00
1.760157836914062500e+03 1.352210824304265088e+03 1.602114326498046193e+00
1.760178649902343750e+03 1.349104037738874922e+03 1.595477122033714279e+00
1.760199523925781250e+03 1.350270855701091705e+03 1.591217422331667297e+00
1.760220336914062500e+03 1.350885933563805111e+03 1.590268015195299700e+00
1.760241149902343750e+03 1.348105882214142866e+03 1.586655627994979945e+00
1.760262023925781250e+03 1.348884008501634526e+03 1.582922790239697619e+00
1.760282836914062500e+03 1.348224625747787968e+03 1.584426535947609516e+00
1.760303649902343750e+03 1.350004593971746999e+03 1.583662007332956367e+00
1.760324523925781250e+03 1.350076004550752714e+03 1.586591613875085960e+00
1.760345336914062500e+03 1.348620178562049432e+03 1.592050057151378706e+00
1.760366149902343750e+03 1.349424012430580888e+03 1.597516564416151530e+00
1.760387023925781250e+03 1.349439181188529119e+03 1.599195713311499789e+00
1.760407836914062500e+03 1.350212861355407995e+03 1.603862023428996197e+00
1.760428649902343750e+03 1.350700620305281973e+03 1.608927395990903175e+00
1.760449523925781250e+03 1.346832199155442595e+03 1.610326393166707337e+00
1.760470336914062500e+03 1.348075277815020172e+03 1.613567557803385233e+00
1.760491149902343750e+03 1.347539387253466430e+03 1.618999037861906354e+00
1.760512023925781250e+03 1.344903752155741358e+03 1.627637483382965211e+00
1.760532836914062500e+03 1.345684783192914210e+03 1.633199472521365880e+00
1.760553649902343750e+03 1.349009173736317962e+03 1.636795078582673701e+00
1.760574523925781250e+03 1.344283695977342404e+03 1.643018375505254314e+00
1.760595336914062500e+03 1.346266730552682475e+03 1.648378271693110353e+00
1.760616149902343750e+03 1.344940717867822286e+03 1.653112642930688159e+00
1.760637023925781250e+03 1.344584547769642313e+03 1.658294207943658893e+00
1.760657836914062500e+03 1.344103116945300599e+03 1.660670158280467046e+00
1.760678649902343750e+03 1.345361385765120303e+03 1.665281180847667075e+00
1.760699523925781250e+03 1.345479336405199774e+03 1.672202318896148121e+00
1.760720336914062500e+03 1.343433772907737648e+03 1.680253470236905633e+00
1.760741149902343750e+03 1.343462605975174483e+03 1.689270997566584720e+00
1.760762023925781250e+03 1.345671339283989255e+03 1.703177075071130586e+00
1.760782836914062500e+03 1.344842632750257962e+03 1.715202346186492255e+00
1.760803649902343750e+03 1.345249498138181252e+03 1.728246083768747221e+00
1.760824523925781250e+03 1.342133134322451951e+03 1.740598287326058147e+00
1.760845336914062500e+03 1.344182319391336705e+03 1.749344498619544108e+00
1.760866149902343750e+03 1.343583424928003069e+03 1.755231598681950667e+00
1.760887023925781250e+03 1.344602949501518879e+03 1.756097660720506992e+00
1.760907836914062500e+03 1.345253480076172764e+03 1.754116190216573834e+00
1.760928649902343750e+03 1.344777198748817000e+03 1.752075803410167998e+00
1.760949523925781250e+03 1.342561171028371746e+03 1.745117050879611220e+00
1.760970336914062500e+03 1.345896391584791672e+03 1.743721735462013589e+00
1.760991149902343750e+03 1.343138051854180503e+03 1.738863249655066001e+00
1.761012023925781250e+03 1.344860112512714068e+03 1.741966473025744477e+00
1.761032836914062500e+03 1.346176104869022538e+03 1.748919016896189227e+00
1.761053649902343750e+03 1.345029824763459146e+03 1.760790798301172355e+00
1.761074523925781250e+03 1.345543463293207424e+03 1.775662274451123013e+00
1.761095336914062500e+03 1.345142736782169777e+03 1.790131561836238561e+00
1.761116149902343750e+03 1.345530357080592466e+03 1.798449017631179592e+00
1.761137023925781250e+03 1.343422326977802641e+03 1.803423285976112345e+00
1.761157836914062500e+03 1.344325762741526432e+03 1.807746177782194374e+00
1.761178649902343750e+03 1.346088764427247952e+03 1.808304765654363155e+00
1.761199523925781250e+03 1.344801402445503072e+03 1.798728451364476122e+00
1.761220336914062500e+03 1.348733993595581296e+03 1.791607375235855448e+00
1.761241149902343750e+03 1.345322496857600527e+03 1.782861014532681754e+00
1.761262023925781250e+03 1.346465580091266020e+03 1.776938524267992259e+00
1.761282836914062500e+03 1.345902109630446375e+03 1.774902478077711621e+00
1.761303649902343750e+03 1.344455292750496255e+03 1.776537634844130853e+00
1.761324523925781250e+03 1.344179825984254421e+03 1.782598152614900178e+00
1.761345336914062500e+03 1.343452816713704351e+03 1.791336147369078757e+00
1.761366149902343750e+03 1.348264871494459612e+03 1.803145307033173328e+00
1.761387023925781250e+03 1.344791413342771875e+03 1.812338460103334770e+00
1.761407836914062500e+03 1.346464939805770655e+03 1.823464149731448547e+00
1.761428649902343750e+03 1.346784211870942499e+03 1.833176374941338338e+00
1.761449523925781250e+03 1.347643531904230485e+03 1.846292391569945179e+00
1.761470336914062500e+03 1.344651660094881663e+03 1.859634381322319285e+00
1.761491149902343750e+03 1.344135108592779261e+03 1.867503055738530593e+00
1.761512023925781250e+03 1.343338742051950021e+03 1.882920891265395635e+00
1.761532836914062500e+03 1.341930747584833171e+03 1.903386137887352891e+00
1.761553649902343750e+03 1.346663977218372793e+03 1.922102441743042345e+00
1.761574523925781250e+03 1.345822444261959390e+03 1.941728346449376419e+00
1.761595336914062500e+03 1.344436444770711205e+03 1.957637426489992283e+00
1.761616149902343750e+03 1.344050753570236111e+03 1.967389681291059622e+00
1.761637023925781250e+03 1.342086592331758993e+03 1.970467680977006530e+00
1.761657836914062500e+03 1.342357124999389498e+03 1.984660030529873165e+00
1.761678649902343750e+03 1.343765264931230149e+03 1.989031217438455013e+00
1.761699523925781250e+03 1.342894277105177252e+03 2.001766974005464661e+00
1.761720336914062500e+03 1.344176697276545383e+03 2.018927065049165304e+00
1.761741149902343750e+03 1.347046725925104965e+03 2.043765086080417959e+00
1.761762023925781250e+03 1.344574696043615404e+03 2.068113836567856190e+00
1.761782836914062500e+03 1.348122830837052561e+03 2.097351279368480981e+00
1.761803649902343750e+03 1.341879812451235011e+03 2.128634654228014789e+00
1.761824523925781250e+03 1.346204086211636422e+03 2.158064811037355035e+00
1.761845336914062500e+03 1.342908705338892332e+03 2.189245889675301981e+00
1.761866149902343750e+03 1.348609403913445249e+03 2.214275845712214252e+00
1.761887023925781250e+03 1.345175611960554534e+03 2.235735925615848441e+00
1.761907836914062500e+03 1.345541648034969285e+03 2.252851692374190140e+00
1.761928649902343750e+03 1.351758737459127587e+03 2.270610296746216505e+00
1.761949523925781250e+03 1.353002458318943127e+03 2.285833796288914588e+00
1.761970336914062500e+03 1.354302522058206705e+03 2.303909325557194077e+00
1.761991149902343750e+03 1.356980288204264525e+03 2.323229564810444181e+00
1.762012023925781250e+03 1.350252992382989760e+03 2.345995221782738671e+00
1.762032836914062500e+03 1.350409139483922445e+03 2.373428125720820514e+00
1.762053649902343750e+03 1.352878918459500255e+03 2.409166327517932249e+00
1.762074523925781250e+03 1.352373173950086539e+03 2.445791959223084344e+00
1.762095336914062500e+03 1.353716624935438404e+03 2.484272984743389756e+00
1.762116149902343750e+03 1.349916618660828817e+03 2.516367642740988231e+00
1.762137023925781250e+03 1.355518065759642013e+03 2.546022892797351389e+00
1.762157836914062500e+03 1.353754252099959331e+03 2.569449700244190726e+00
1.762178649902343750e+03 1.349783410496779879e+03 2.584432111890908157e+00
1.762199523925781250e+03 1.351986474828285736e+03 2.590142464420138957e+00
1.762220336914062500e+03 1.351217212995249383e+03 2.590491028417305053e+00
1.762241149902343750e+03 1.349922236866273579e+03 2.589009284311137193e+00
1.762262023925781250e+03 1.353359111556300377e+03 2.587104833530665893e+00
1.762282836914062500e+03 1.352464960511076242e+03 2.590249054323083833e+00
1.762303649902343750e+03 1.355939863342175158e+03 2.598412516938912731e+00
1.762324523925781250e+03 1.354485819566319833e+03 2.613968603405294022e+00
1.762345336914062500e+03 1.360395398826710334e+03 2.637083760180785053e+00
1.762366149902343750e+03 1.353857542325863506e+03 2.666177754485241191e+00
1.762387023925781250e+03 1.355100263200453810e+03 2.695551676435091526e+00
1.762407836914062500e+03 1.352415907730820663e+03 2.725517706732861534e+00
1.762428649902343750e+03 1.360562279360491857e+03 2.754971951378245798e+00
1.762449523925781250e+03 1.354940942946327823e+03 2.784113149607191140e+00
1.762470336914062500e+03 1.351850061762525911e+03 2.819563663219194716e+00
1.762491149902343750e+03 1.359934759482643813e+03 2.862244547144120244e+00
1.762512023925781250e+03 1.357765685591563624e+03 2.900295268844945706e+00
1.762532836914062500e+03 1.355095470756094528e+03 2.938383740537105382e+00
1.762553649902343750e+03 1.362221396661022709e+03 2.981715750150786270e+00
1.762574523925781250e+03 1.361646992234409481e+03 3.023584643191497889e+00
1.762595336914062500e+03 1.362900571957021157e+03 3.062273445313078213e+00
1.762616149902343750e+03 1.356270421995890956e+03 3.090525324094534732e+00
1.762637023925781250e+03 1.359652549524795177e+03 3.106218739281283447e+00
1.762657836914062500e+03 1.356715617397589995e+03 3.116660319711134886e+00
1.762678649902343750e+03 1.360618090337553213e+03 3.130846733881607502e+00
1.762699523925781250e+03 1.361366743013032647e+03 3.153681550373625075e+00
1.762720336914062500e+03 1.361484185131184631e+03 3.181548602586500962e+00
1.762741149902343750e+03 1.359274802811404243e+03 3.221197882612956587e+00
1.762762023925781250e+03 1.356983285848312562e+03 3.270869082763721458e+00
1.762782836914062500e+03 1.364917260806740842e+03 3.324919970703727135e+00
1.762803649902343750e+03 1.370621591470736576e+03 3.389985054905899187e+00
1.762824523925781250e+03 1.363526571485320801e+03 3.455913125809456865e+00
1.762845336914062500e+03 1.362981848585170837e+03 3.518024897016135633e+00
1.762866149902343750e+03 1.361244920317850074e+03 3.569548343543212265e+00
1.762887023925781250e+03 1.355723066651849194e+03 3.614029826384742794e+00
1.762907836914062500e+03 1.361074578210490927e+03 3.651492814267069509e+00
1.762928649902343750e+03 1.360905071805756506e+03 3.680696061689304521e+00
1.762949523925781250e+03 1.363446584908665045e+03 3.702092666628522988e+00
1.762970336914062500e+03 1.370247353523336415e+03 3.717808451987399732e+00
1.762991149902343750e+03 1.370883099294272824e+03 3.728991214879951333e+00
1.763012023925781250e+03 1.361847260275832696e+03 3.741856315468020444e+00
1.763032836914062500e+03 1.375998920017128285e+03 3.758706349359488552e+00
1.763053649902343750e+03 1.366601300370076842e+03 3.773152532143744686e+00
1.763074523925781250e+03 1.366822054136129054e+03 3.786329530451804981e+00
1.763095336914062500e+03 1.370864623507952501e+03 3.799527595669802249e+00
1.763116149902343750e+03 1.381184113522173675e+03 3.807329642980095574e+00
1.763137023925781250e+03 1.378491288494403989e+03 3.812553655528239105e+00
1.763157836914062500e+03 1.371711837417375364e+03 3.811031121124145216e+00
1.763178649902343750e+03 1.371069198843906179e+03 3.802335478203646257e+00
1.763199523925781250e+03 1.367307396337468617e+03 3.782847421729941484e+00
1.763220336914062500e+03 1.365778030660585046e+03 3.753322147016190602e+00
1.763241149902343750e+03 1.364184290410024460e+03 3.710957031198602429e+00
1.763262023925781250e+03 1.351130607161348280e+03 3.659068789811054767e+00
1.763282836914062500e+03 1.353597392306925258e+03 3.594986147369732876e+00
1.763303649902343750e+03 1.355811812414867973e+03 3.520381033171463336e+00
