1.790678212104111935e+03 1.991122465287866589e+03 2.971172268131152983e+00
1.790699045221961569e+03 1.991326791173096126e+03 2.964316661758524152e+00
1.790719878339054048e+03 1.992740309074330526e+03 2.972436001973404629e+00
1.790740711455507153e+03 1.991845667568979025e+03 2.981500649461894525e+00
1.790761544571260856e+03 1.991142733600505835e+03 2.966255183739840984e+00
1.790782377686374502e+03 1.990314478023733500e+03 2.973972264851253211e+00
1.790803210800906072e+03 1.988775847448640434e+03 2.970298604114983920e+00
1.790824043914914000e+03 1.990073434503768112e+03 2.971560462969415450e+00
1.790844877028339397e+03 1.990155190422834266e+03 2.971260374674580262e+00
1.790865710141240925e+03 1.989157875388043976e+03 2.975597635715026001e+00
1.790886543253677701e+03 1.988716415326460719e+03 2.973509977963802342e+00
1.790907376365648588e+03 1.988230334518494146e+03 2.966657684255424421e+00
1.790928209477211567e+03 1.990866695691452605e+03 2.972878887646658530e+00
1.793199017774093136e+03 1.995246750014161989e+03 2.968489143556054088e+00
1.793219850875761040e+03 1.996631261644079359e+03 2.965446642063597871e+00
1.793240683977428944e+03 1.996085140769835334e+03 2.967446131229351636e+00
1.793261517079155965e+03 1.993930364417880128e+03 2.968287060430664592e+00
1.793282350180882077e+03 1.998416349642488740e+03 2.976305532502121043e+00
1.793303183282549981e+03 1.996444958717929467e+03 2.980390035207286736e+00
1.793324016384276547e+03 1.994982073951208122e+03 2.970355754057762976e+00
1.793344849486001976e+03 1.994832693593202521e+03 2.968592107489166576e+00
1.793365682587728315e+03 1.996748654603120031e+03 2.998677439032384040e+00
1.793386515689396447e+03 1.996927354535996301e+03 2.971359551592312354e+00
1.793407348791180539e+03 1.995289637095483386e+03 2.970758501548708352e+00
1.793428181892907105e+03 1.996049667101127625e+03 2.973128773733185515e+00
1.793449014994634126e+03 1.995523718642051335e+03 2.981236750095441312e+00
1.793469848096360010e+03 1.992546532563617575e+03 2.974807341933028759e+00
1.793490681198144102e+03 1.995622674003652264e+03 2.972976246276665790e+00
1.793511514299928422e+03 1.995941144458730832e+03 2.975039755932253449e+00
1.793532347401654988e+03 1.995701149683873609e+03 2.966505788520014786e+00
1.793553180503439989e+03 1.996111406963407489e+03 2.973937792242208999e+00
1.793574013605224536e+03 1.995525499384825707e+03 2.976362727312262813e+00
1.793594846707008855e+03 1.994187653700189230e+03 2.964626299255655351e+00
1.793615679808851382e+03 1.994660354719124371e+03 2.968782605443893274e+00
1.793636512910635929e+03 1.997584940003442398e+03 2.985649595648425247e+00
1.793657346012478683e+03 1.994759105066414349e+03 2.972476267034112940e+00
1.793678179114320983e+03 1.995120074940007498e+03 2.967665624841224759e+00
1.793699012216163965e+03 1.993374950360953562e+03 2.972909202290079378e+00
1.793719845318006492e+03 1.995855136538909392e+03 2.967747408572924517e+00
1.793740678419849019e+03 1.993408087316825231e+03 2.996164572225608502e+00
1.793761511521750890e+03 1.994497252781716952e+03 2.971544576701766971e+00
1.793782344623593872e+03 1.992922765328338073e+03 2.966070954022657080e+00
1.793803177725495971e+03 1.995368522009922344e+03 2.971067467692884101e+00
1.793824010827396478e+03 1.993550052546936286e+03 2.969780030501489865e+00
1.793844843929355420e+03 1.995134734916352727e+03 2.975112682099857242e+00
1.793865677031256382e+03 1.991791431141670273e+03 2.965394543133805794e+00
1.793886510133214870e+03 1.995097739045460230e+03 2.982851768143253146e+00
1.793907343235174949e+03 1.995455843923189377e+03 2.968311478200394316e+00
1.793928176337134119e+03 1.993387248470557552e+03 2.984369088211994647e+00
1.793949009439093061e+03 1.994980661740882624e+03 2.973373667382111396e+00
1.793969842541109983e+03 1.996047378818745983e+03 2.967995477462160636e+00
1.793990675643126906e+03 1.994897363517769236e+03 2.964556975436281050e+00
1.794011508745144965e+03 1.993911057301787196e+03 2.971860841863784408e+00
1.794032341847162570e+03 1.994458016921110584e+03 2.967961738740813704e+00
1.794053174949237928e+03 1.994490581430665316e+03 2.989928027406316247e+00
1.794074008051255987e+03 1.992979072320567866e+03 2.974233602331907367e+00
1.794094841153331345e+03 1.992654564539912144e+03 2.964789549642509403e+00
1.794115674255464910e+03 1.994246988794209074e+03 2.969381967840287739e+00
1.794136507357539813e+03 1.996007120979285901e+03 2.965295005905129067e+00
1.794157340459674060e+03 1.992349068517658452e+03 2.972707098827996219e+00
1.794178173561807853e+03 1.994349932648893173e+03 2.974674296782092053e+00
1.794199006663941418e+03 1.995376278057308809e+03 2.968236939116114304e+00
1.794219839766133418e+03 1.996135538231835653e+03 2.968026163299486875e+00
1.794240672868325873e+03 1.992970244562926155e+03 2.988074122212979411e+00
1.794261505970518101e+03 1.995044121996828380e+03 2.984870909386723170e+00
1.794282339072709874e+03 1.994511927870757290e+03 2.966078027626177782e+00
1.794303172174959400e+03 1.994308826014849956e+03 2.966289745631991437e+00
1.794324005277210063e+03 1.995760534701372080e+03 2.965174881407763419e+00
1.794344838379460953e+03 1.993078054869333528e+03 2.971889562400654938e+00
1.794365671481768459e+03 1.991984878865420114e+03 2.965466259324639697e+00
1.794386504584077102e+03 1.992506514962614119e+03 2.966014686121114519e+00
1.794407337686385972e+03 1.992892905908695184e+03 2.996999034363390990e+00
1.794428170788752595e+03 1.993887121331274102e+03 2.968834002460811305e+00
1.794449003891118991e+03 1.995167188920773924e+03 2.978650259508362819e+00
1.794469836993486069e+03 1.993430636451527334e+03 2.977996560816575489e+00
1.794490670095852693e+03 1.992127666021011919e+03 2.999138072489568874e+00
1.794511503198277069e+03 1.995251227132474696e+03 2.975937344640110727e+00
1.794532336300702582e+03 1.992819095574435096e+03 2.989088241219041819e+00
1.794553169403127413e+03 1.993885304807711918e+03 2.971661876333001828e+00
1.794574002505609997e+03 1.992891196230261130e+03 2.968602387623378469e+00
1.794594835608092581e+03 1.993184698116674326e+03 2.964812709560419535e+00
1.794615668710634054e+03 1.991135416569112294e+03 2.968248666294401872e+00
1.794636501813175983e+03 1.992468427376924183e+03 2.963080684875214033e+00
1.794657334915716547e+03 1.992685375561724413e+03 2.975806433104668525e+00
1.794678168018258020e+03 1.990783273166567824e+03 2.963457549945601954e+00
1.794699001120857929e+03 1.993564623061134171e+03 2.973214095879495034e+00
1.794719834223457383e+03 1.989737241984807042e+03 2.978354888080913199e+00
1.794740667326115044e+03 1.993149119091356624e+03 2.994463261828474998e+00
1.794761500428772933e+03 1.992990636818610710e+03 2.963638241517833283e+00
1.794782333531430595e+03 1.992620302052731176e+03 2.963948432525259857e+00
1.794803166634146010e+03 1.992696806096082810e+03 2.970356396185704906e+00
1.794823999736862561e+03 1.991727023687426708e+03 2.962886279712123372e+00
1.794844832839637093e+03 1.988945747749435668e+03 2.968493641275153028e+00
1.794865665942352507e+03 1.991824110830847985e+03 2.965910989620566873e+00
1.794886499045185019e+03 1.991696450536141356e+03 2.971486807739818659e+00
1.794907332147959551e+03 1.992098936955632553e+03 2.966837216593317450e+00
1.794928165250791608e+03 1.988590165314390561e+03 2.963656905380178674e+00
1.794969831456573047e+03 1.992480694892891279e+03 2.962358199319288676e+00
1.794990664559463312e+03 1.988762383883764642e+03 2.980835258377330987e+00
1.795011497662412012e+03 1.991784405196707894e+03 2.967690529752605499e+00
1.795032330765360939e+03 1.990432525533036596e+03 2.976522610614853903e+00
1.795053163868309639e+03 1.992242406197836544e+03 2.988930146816145772e+00
1.795073996971315864e+03 1.992525743637573669e+03 2.964653320630160405e+00
1.795094830074382116e+03 1.991210201961963321e+03 2.967214086653532146e+00
1.795115663177388342e+03 1.990903455416010502e+03 2.965105087965386410e+00
1.795136496280511892e+03 1.992739752119147397e+03 2.965192249105901734e+00
1.795157329383577462e+03 1.992620341137895366e+03 2.972908239925197815e+00
1.795178162486759447e+03 1.992766867685764964e+03 2.965653259978794587e+00
1.795198995589882543e+03 1.991013385239428317e+03 2.966788517310479545e+00
1.795219828693063846e+03 1.991033180858771175e+03 3.002327492972916012e+00
1.795240661796304039e+03 1.989756970889399554e+03 2.980104916665024639e+00
1.795261494899543322e+03 1.990631363428786244e+03 2.970419805636285382e+00
1.795282328002783515e+03 1.987957174468959010e+03 2.969325602093848993e+00
1.795303161106081916e+03 1.988225689260818399e+03 2.964620669771633299e+00
1.795323994209380089e+03 1.991036925642556071e+03 2.968807982832204484e+00
1.795344827312736925e+03 1.989021567056279764e+03 2.965569971375983549e+00
1.795365660416093988e+03 1.991756972470347591e+03 2.963624887130396068e+00
1.795386493519509031e+03 1.993421809506243790e+03 2.968728476998460764e+00
1.795407326622922483e+03 1.991083903021364677e+03 2.969259278634542643e+00
1.795428159726395052e+03 1.992351088930651713e+03 2.965782207989084540e+00
1.795448992829926965e+03 1.990373910895312974e+03 2.969299265594849135e+00
1.795469825933399989e+03 1.991975786751328314e+03 2.968747911954446650e+00
1.795490659036988518e+03 1.991340567543042880e+03 3.005602056582703963e+00
1.795511492140519067e+03 1.990548546956476684e+03 2.972298679576598879e+00
1.795532325244166941e+03 1.991732019693193479e+03 2.980188599065256128e+00
1.795553158347813678e+03 1.991467771694365183e+03 2.968839623955553897e+00
1.795573991451461097e+03 1.991930653792037219e+03 2.966117092905417252e+00
1.795594824555166952e+03 1.992783132478283051e+03 2.966822108650507328e+00
1.795615657658873033e+03 1.990061206026622358e+03 2.966343436330861394e+00
1.795636490762636186e+03 1.990738982710015989e+03 2.967408208287052318e+00
1.795657323866458000e+03 1.992245926129251529e+03 2.963804924953515219e+00
1.795678156970280043e+03 1.990699327021163981e+03 2.965831566903243122e+00
1.795698990074160974e+03 1.991914255199463014e+03 2.967303756999561060e+00
1.795719823178040315e+03 1.988407586869253919e+03 2.966304052529959989e+00
1.795740656281979000e+03 1.992746788245931839e+03 2.964572416612939687e+00
1.795761489385917002e+03 1.992692673100008278e+03 2.970666848788207304e+00
1.795782322489913895e+03 1.991337482733994420e+03 2.967064147924333373e+00
1.795803155593968313e+03 1.992212256076044014e+03 2.968300875772422298e+00
1.795823988698022958e+03 1.990374102785092418e+03 2.971610849155447376e+00
1.795844821802078059e+03 1.990333181156426917e+03 2.970096323011889972e+00
1.795865654906250029e+03 1.992108322893867808e+03 2.966111948535921083e+00
1.795886488010362427e+03 1.991918810476760427e+03 2.968813604376215665e+00
1.795907321114591923e+03 1.992275821304970577e+03 2.964292693663372891e+00
1.795928154218821419e+03 1.991674222777912291e+03 2.982112486254713701e+00
1.795948987323109577e+03 1.991357519493711607e+03 2.969203071153366125e+00
1.795969820427396826e+03 1.988528112981511413e+03 2.962392162822974573e+00
1.795990653531742055e+03 1.993144140875829862e+03 2.963726089361780502e+00
1.796011486636146856e+03 1.989772576226415367e+03 2.963169997540838541e+00
1.796032319740550975e+03 1.992793150056559398e+03 2.973938273258107667e+00
1.796053152845012846e+03 1.992041208937447436e+03 2.986654798904182506e+00
1.796073985949474945e+03 1.992947256100367440e+03 2.964533330978655012e+00
1.796094819053995934e+03 1.991231876825582276e+03 2.966585675394865174e+00
1.796115652158574903e+03 1.992735553965078907e+03 2.970767971637736871e+00
1.796136485263211398e+03 1.992121301432489417e+03 2.966582942881359930e+00
1.796157318367847893e+03 1.992940879940159448e+03 2.967280455826148078e+00
1.796178151472543504e+03 1.991038439021718659e+03 2.964987046469171439e+00
1.796198984577239116e+03 1.992205352696466207e+03 2.969556036496709073e+00
1.796219817681992481e+03 1.992317230805212603e+03 2.993943140095189914e+00
1.796240650786803599e+03 1.990225109900684856e+03 2.976702509112858941e+00
1.796261483891672924e+03 1.990397132478018193e+03 2.965746836274971265e+00
1.796282316996542932e+03 1.992258423627200045e+03 2.966571852065409853e+00
1.796303150101471147e+03 1.992476683394220345e+03 2.966683562012756958e+00
1.796323983206457342e+03 1.991911934915173333e+03 2.965076944983528140e+00
1.796344816311443083e+03 1.990689467554436305e+03 2.965514015556973249e+00
1.796365649416487940e+03 1.989025553651940754e+03 2.978037551284461681e+00
1.796386482521591006e+03 1.993111768111563379e+03 2.976215172074808457e+00
1.796407315626752052e+03 1.995082682220423294e+03 2.965624157470326150e+00
1.796428148731912643e+03 1.990828768452066242e+03 2.966207439440388338e+00
1.796448981837130987e+03 1.991997373520636529e+03 2.972611014664857887e+00
1.796469814942408448e+03 1.992591734489613600e+03 2.969531468384134509e+00
1.796490648047743889e+03 1.992558277524070718e+03 2.970264249406727508e+00
1.796511481153137993e+03 1.992347864773261335e+03 2.992706492859730005e+00
1.796532314258531642e+03 1.989440332513990143e+03 2.976627058795871861e+00
1.796553147363983044e+03 1.994133353041494274e+03 2.979674147129395045e+00
1.796573980469493108e+03 1.992093264465419679e+03 2.975827744677304043e+00
1.796594813575002945e+03 1.993988208923927004e+03 2.965224089621619541e+00
1.796615646680630107e+03 1.991825990007327619e+03 2.970602320980387123e+00
1.796636479786256587e+03 1.991646967640305775e+03 2.971285570418805033e+00
1.796657312891941046e+03 1.992047345683729873e+03 2.970930082039657361e+00
1.796678145997683941e+03 1.993025975333938959e+03 2.985506492340638918e+00
1.796698979103485044e+03 1.991098613339786425e+03 2.974756529005416095e+00
1.796719812209287056e+03 1.989999388975976444e+03 2.964395481644484853e+00
1.796740645315203892e+03 1.991937669929235881e+03 2.970865559949317003e+00
1.796761478421121410e+03 1.991173540396174076e+03 2.966574423852511355e+00
1.796782311542114485e+03 1.991607090443766538e+03 2.972672932361205778e+00
1.796803144648149100e+03 1.993662554019809932e+03 2.974836514893589801e+00
1.796823977754241014e+03 1.991674490685377805e+03 2.977147162580501938e+00
1.796844810860334064e+03 1.987566073952637225e+03 2.969583815882417710e+00
1.796865643966541484e+03 1.990719025382212294e+03 2.967945511885862864e+00
1.796886477072808475e+03 1.991960610390214015e+03 2.968223284124107852e+00
1.796907310179076603e+03 1.992519492822841130e+03 2.971054788675565828e+00
1.796928143285460010e+03 1.992867310557619476e+03 2.965130979272781353e+00
1.796948976391843416e+03 1.995042271802051118e+03 2.968673062582412481e+00
1.796969809498285031e+03 1.994316743067869538e+03 2.970372449339134580e+00
1.796990642604784625e+03 1.991152152984604072e+03 2.983529974851910627e+00
1.797011475711399953e+03 1.993043256303280486e+03 2.969337003798401042e+00
1.797032308818015963e+03 1.994246451895564178e+03 2.967511852468909250e+00
1.797053141924690863e+03 1.991555168845947264e+03 2.963876196959123632e+00
1.797073975031423970e+03 1.991072495252441286e+03 2.963800420119048873e+00
1.797094808138213921e+03 1.993147927356791570e+03 2.967576929523748852e+00
1.797115641245062307e+03 1.993054632568014085e+03 2.963975138324454583e+00
1.797136474351970037e+03 1.992618342674025598e+03 2.964678572525377920e+00
1.797157307458935065e+03 1.994528724260122090e+03 2.970034191050382688e+00
1.797178140565958984e+03 1.989471472947143184e+03 2.986378262025989105e+00
1.797198973673041110e+03 1.992745556903018496e+03 2.992917601751512002e+00
1.797219806780180988e+03 1.994699570302971779e+03 2.997923450228130005e+00
1.797240639887437965e+03 1.993322698510870850e+03 2.969262651049578317e+00
1.797261472994693577e+03 1.990805574715451030e+03 2.964538799781537115e+00
1.797282306102008079e+03 1.993632416107468089e+03 2.964551506666928127e+00
1.797303139209438996e+03 1.992110811600655552e+03 2.964891194603505475e+00
1.797323972316869913e+03 1.993034686577821958e+03 2.977645236556087038e+00
1.797344805424418155e+03 1.993715350037338339e+03 2.967487267432338260e+00
1.797365638531965033e+03 1.993240530452279017e+03 2.993927054057444970e+00
1.797386471639629008e+03 1.991793577461065752e+03 2.997333295066443970e+00
1.797407304747350508e+03 1.992019329210507522e+03 2.972846808322277656e+00
1.797428137855130899e+03 1.993453764683624513e+03 2.964325348134425830e+00
1.797448970962969042e+03 1.995322373100730829e+03 2.968806055443236058e+00
1.797469804070865848e+03 1.994830407417066226e+03 2.988260346383178501e+00
1.797490637178879979e+03 1.993218539695149047e+03 2.981009458038671678e+00
1.797511470286950953e+03 1.992805109190493795e+03 2.990443744966469364e+00
1.797532303395022154e+03 1.995115337526714484e+03 2.967356465185720271e+00
1.797553136503268433e+03 1.994622816018792491e+03 2.968331076528157642e+00
1.797573969611513803e+03 1.992088841367227360e+03 2.981388535069842138e+00
1.797594802719818063e+03 1.997169361520093844e+03 2.980399794674565506e+00
1.797615635828238510e+03 1.992785596038686208e+03 2.967099825350706155e+00
1.797636468936716938e+03 1.990626040975407250e+03 2.970622706782577449e+00
1.797657302045254482e+03 1.995025918617632442e+03 2.968788227035957572e+00
1.797678135153850008e+03 1.993863632478688032e+03 2.968015238535132383e+00
1.797698968262561948e+03 1.993672762561824584e+03 2.969657839450640324e+00
1.797719801371331869e+03 1.992430053417878298e+03 2.968596765679392124e+00
1.797740634480158860e+03 1.993704472170557437e+03 2.969870265606100457e+00
1.797761467589102949e+03 1.994652016448040513e+03 2.984697094856842536e+00
1.797782300698106155e+03 1.993944259509510402e+03 2.967851683578991651e+00
1.797803133807166887e+03 1.994305946502897314e+03 2.966210333056170878e+00
1.797823966916344034e+03 1.995042403660492937e+03 2.967058844486490266e+00
1.797844800025580071e+03 1.993116177902037407e+03 2.964685971129095599e+00
1.797865633134873860e+03 1.990956985341174004e+03 2.969777782616908279e+00
1.797886466244284065e+03 1.992316993824975498e+03 2.965471083221410176e+00
1.797907299353752478e+03 1.992881183700333168e+03 2.966790124560292785e+00
1.797928132463278871e+03 1.995041619886157832e+03 2.969554109593264712e+00
1.797948965572921679e+03 1.992926610010210652e+03 2.970871498608224304e+00
1.797969798682680448e+03 1.991902094507951233e+03 2.993181745716525288e+00
1.797990631792440126e+03 1.992332325745229355e+03 2.968997663908797602e+00
1.798011464902373973e+03 1.992313134191727158e+03 2.968796257863298482e+00
1.798032298012308047e+03 1.993821596782187271e+03 2.965687024962225582e+00
1.798053131122358991e+03 1.993139046318664668e+03 2.967341359886615848e+00
1.798073964232526123e+03 1.992011588565108241e+03 2.973711064754453570e+00
1.798094797342751008e+03 1.993509477097365789e+03 2.968350835366960094e+00
1.798115630453092990e+03 1.992071648590896757e+03 2.967075076190601735e+00
1.798136463563492953e+03 1.993461800069544552e+03 2.970428474164862553e+00
1.798157296674009103e+03 1.992326937843033420e+03 2.981907328628493836e+00
1.798178129784640532e+03 1.994556685514847004e+03 2.972800934286966346e+00
1.798198962895331078e+03 1.993613885648012456e+03 2.974526176867111626e+00
1.798219796006080060e+03 1.994438712530361272e+03 2.972790668671645875e+00
1.798240629116945001e+03 1.994397987876898242e+03 2.967090182845342206e+00
1.798261462227927041e+03 1.994247575947097630e+03 2.968621662779073578e+00
1.798282295339025950e+03 1.994041493911742691e+03 2.982768480186902327e+00
1.798303128450181930e+03 1.994046879593867970e+03 3.010039379584657837e+00
1.798323961561455008e+03 1.995295122075583095e+03 2.984270822993567052e+00
1.798344794672786065e+03 1.995698378592845529e+03 2.974210676097607475e+00
1.798365627784291974e+03 1.994464604040305403e+03 2.974564970891079074e+00
1.798386460895856089e+03 1.993831657605976716e+03 2.975222148134406552e+00
1.798407294007477958e+03 1.992456644217425264e+03 2.971609565441568623e+00
1.798428127119274905e+03 1.992292663417322501e+03 2.978921431115837848e+00
1.798448960231130513e+03 1.993270179985192499e+03 2.969957768560639089e+00
1.798469793343102538e+03 1.995277302793744866e+03 2.977434806462334382e+00
1.798490626455189613e+03 1.993985862950269620e+03 2.968698280285505309e+00
1.798511459567393103e+03 1.993100373761003539e+03 2.991986061267717822e+00
1.798532292679655484e+03 1.995368441170966889e+03 2.969543190450128822e+00
1.798553125792092487e+03 1.992252460599267806e+03 2.972462631516863851e+00
1.798573958904587926e+03 1.992262407913577817e+03 2.983086272794921889e+00
1.798594792017200007e+03 1.995929831743928844e+03 2.978938398530384113e+00
1.798615625129928048e+03 1.995199587980062233e+03 2.984858928011405066e+00
1.798636458242772051e+03 1.991442801186513179e+03 2.973734796588608731e+00
1.798657291355732923e+03 1.995590742716232171e+03 2.971287656681041778e+00
1.798678124468810438e+03 1.994490260228891884e+03 2.989967100032597802e+00
1.798698957582003914e+03 1.993905145835356279e+03 2.988284281810145160e+00
1.798719790695314487e+03 1.993313231984648382e+03 2.971480549368182622e+00
1.798740623808741020e+03 1.994066793043570897e+03 2.976336292872746814e+00
1.798761456922341949e+03 1.994262367170416837e+03 2.972729395042936762e+00
1.798782290036001996e+03 1.991961146211367804e+03 2.997601344898452425e+00
1.798803123149778003e+03 1.993916327035722134e+03 2.979289250197155958e+00
1.798823956263669970e+03 1.993401233006696430e+03 2.977850847945112012e+00
1.798844789377737015e+03 1.993936197877249469e+03 2.981688563559829142e+00
1.798865622491920021e+03 1.993562723714147523e+03 2.980192119114721816e+00
1.798886455606219897e+03 1.992976203592502543e+03 2.976009768131591571e+00
1.798907288720635961e+03 1.993781842685774336e+03 2.977325742092041594e+00
1.798928121835168440e+03 1.991977488156353957e+03 2.977602479133619084e+00
1.798948954949875997e+03 1.992441958312406314e+03 2.973563859011708832e+00
1.798969788064699060e+03 1.993851948823704333e+03 2.974589818037318700e+00
1.798990621179638993e+03 1.991940114990814436e+03 2.977004131084903804e+00
1.799011454294754003e+03 1.993807823870553875e+03 2.992883506682194827e+00
1.799032287409984974e+03 1.993818339552931775e+03 2.976228790399887192e+00
1.799053120525331451e+03 1.991976674489028937e+03 2.986981437081380530e+00
1.799073953640853006e+03 1.992348988766768343e+03 2.981528477488141426e+00
1.799094786756491430e+03 1.995071873654579122e+03 2.979999470294675046e+00
1.799115619872304478e+03 1.990262614048860996e+03 3.001818106003146802e+00
1.799136452988233941e+03 1.991947187024795312e+03 2.981316882009047209e+00
1.799157286104280047e+03 1.991552145359235055e+03 2.988393584489886567e+00
1.799178119220501003e+03 1.990876604446630154e+03 2.987158311273664157e+00
1.799219785453407439e+03 1.993890829242069685e+03 2.989106586647644281e+00
1.799240618570094057e+03 1.992335553666953729e+03 3.007477342832588718e+00
1.799261451686955070e+03 1.992070672223965630e+03 2.982002793441886457e+00
1.799282284803932043e+03 1.994091060789232870e+03 2.990880775475738051e+00
1.799303117921083867e+03 1.993370330933048535e+03 3.003488261058125719e+00
1.799323951038410087e+03 1.992601810554696840e+03 2.987834742478950645e+00
1.799344784155852949e+03 1.993818130049803131e+03 2.978260266973736581e+00
1.799365617273529097e+03 1.993026454037027179e+03 2.978189979636888474e+00
1.799386450391320977e+03 1.993354363695708344e+03 2.984839597957838375e+00
1.799407283509287936e+03 1.994224585923898758e+03 2.982320827528545326e+00
1.799428116627429063e+03 1.993845263941548637e+03 3.005724848760291668e+00
1.799448949745687059e+03 1.995235052662527323e+03 3.002268728072816195e+00
1.799469782864177887e+03 1.995008279215204766e+03 2.980622973770345574e+00
1.799490615982842883e+03 1.994146559712252383e+03 3.000813056123745604e+00
1.799511449101682956e+03 1.993570366848066442e+03 2.991611196132967443e+00
1.799532282220639900e+03 1.992581934155960880e+03 2.982247757841046454e+00
1.799553115339830129e+03 1.992979463334117554e+03 2.986245093678930651e+00
1.799573948459194071e+03 1.993529099522754677e+03 2.986361815896857674e+00
1.799594781578731954e+03 1.995707308791576907e+03 2.992574880837476137e+00
1.799615614698503123e+03 1.991952540045285332e+03 2.986446440643875544e+00
1.799636447818449142e+03 1.994217698075681255e+03 2.986775177051656183e+00
1.799657280938511576e+03 1.993874519804406646e+03 2.988385925454261738e+00
1.799678114058865049e+03 1.994507331659762258e+03 2.991133143066891709e+00
1.799698947179334482e+03 1.992817038059099559e+03 2.985312748919668024e+00
1.799719780300036973e+03 1.992593409277579667e+03 2.987815591271705262e+00
1.799740613420972522e+03 1.992232123220450831e+03 2.992000882775895487e+00
1.799761446542082467e+03 1.992067669539586404e+03 2.991314394584925207e+00
1.799782279663367035e+03 1.992042769276961280e+03 2.993475016983961456e+00
1.799803112784884433e+03 1.992358439123271637e+03 2.999117085551459283e+00
1.799823945906634890e+03 1.991003133316618460e+03 2.998549905631063162e+00
1.799844779028559969e+03 1.992038787097924342e+03 2.995426188158548886e+00
1.799865612150717425e+03 1.994107231108183896e+03 2.996635616793677848e+00
1.799886445273107938e+03 1.993340648703671377e+03 2.995071336154580877e+00
1.799907278395731964e+03 1.992418761942041783e+03 2.997599436022967634e+00
1.799928111518529477e+03 1.995019094990212579e+03 3.000106332801835141e+00
1.799948944641560502e+03 1.992849689318943092e+03 2.995842914451023908e+00
1.799969777764823903e+03 1.992635613811477469e+03 3.018856550591113130e+00
1.799990610888379479e+03 1.992567154412735363e+03 2.995504189468126022e+00
1.800011444012109450e+03 1.992839377959227932e+03 3.003075771345095735e+00
1.800032277136072025e+03 1.994135835280697847e+03 2.999161285144005262e+00
1.800053110260324956e+03 1.993858700930196846e+03 3.040446694331972566e+00
1.800073943384752965e+03 1.991609920766547475e+03 3.005494648975767458e+00
1.800094776509472467e+03 1.994960602145107259e+03 3.009736949033980036e+00
1.800115609634425027e+03 1.993098887989624473e+03 3.011197016508385893e+00
1.800136442759667489e+03 1.991732870515414561e+03 3.004286564635799017e+00
1.800157275885143008e+03 1.992560537384844338e+03 3.005989612239064357e+00
1.800178109010852040e+03 1.994077876014003323e+03 3.012480682690998890e+00
1.800198942136850974e+03 1.991257067486552842e+03 3.001352482149827861e+00
1.800219775263141401e+03 1.996008793569264526e+03 3.000559595686788761e+00
1.800240608389664885e+03 1.992449065704035092e+03 3.019394332327965280e+00
1.800261441516478953e+03 1.993387648592193727e+03 3.001907378067175003e+00
1.800282274643584969e+03 1.993651309347090773e+03 3.001892287780173252e+00
1.800303107770981114e+03 1.992531625334194359e+03 3.003869581060730987e+00
1.800323940898610090e+03 1.992906996112909837e+03 3.035046746084074432e+00
1.800344774026588993e+03 1.996574272818295412e+03 3.028394632371653294e+00
1.800365607154800045e+03 1.994290727058908942e+03 3.004017523997632111e+00
1.800386440283361026e+03 1.993131519668447709e+03 3.021992656070210614e+00
1.800407273412213044e+03 1.990937941346274329e+03 3.012666031310297310e+00
1.800428106541356556e+03 1.992564903615559160e+03 3.016355277863083550e+00
1.800448939670847949e+03 1.994858292926496688e+03 3.027131261443948507e+00
1.800469772800631063e+03 1.991887996152546748e+03 3.025508358698128841e+00
1.800490605930705442e+03 1.993268708891217102e+03 3.021916443028738186e+00
1.800511439061187048e+03 1.992443408737264690e+03 3.014050799199278430e+00
1.800532272191901029e+03 1.993872887635699954e+03 3.020127961687759655e+00
1.800553105323022919e+03 1.992744865717324956e+03 3.020764650462913536e+00
1.800573938454435847e+03 1.992441609195463570e+03 3.037661035609592552e+00
1.800594771586256002e+03 1.992307900301130303e+03 3.023618234363070645e+00
1.800615604718366967e+03 1.992295251708535488e+03 3.020429193933200640e+00
1.800636437850886068e+03 1.993798555754402969e+03 3.029751751490405542e+00
1.800657270983696435e+03 1.993628343931276504e+03 3.028686225777016183e+00
1.800678104116914028e+03 1.993676407487180313e+03 3.039170917842378916e+00
1.800698937250539075e+03 1.993242355608716480e+03 3.030469656322370309e+00
1.800719770384513140e+03 1.994739871967656654e+03 3.043917898446893311e+00
1.800740603518835997e+03 1.993518694595516081e+03 3.039104863437864346e+00
1.800761436653566534e+03 1.993703507769983389e+03 3.047097378954045421e+00
1.800782269788704980e+03 1.995590894315967489e+03 3.050920041257150217e+00
1.800803102924249970e+03 1.996501599257091584e+03 3.056200672211843550e+00
1.800823936060202868e+03 1.991364353541878700e+03 3.061310517665806863e+00
1.800844769196622110e+03 1.994528745896355304e+03 3.060917348050528286e+00
1.800865602333391053e+03 1.993635590413037335e+03 3.069296166322827091e+00
1.800886435470624065e+03 1.994354212511061633e+03 3.065690694526973736e+00
1.800907268608265440e+03 1.991773512645062056e+03 3.061345408250784939e+00
1.800928101746372022e+03 1.992099631918128125e+03 3.063823024917584181e+00
1.800948934884944038e+03 1.991188105422496392e+03 3.068918159057388184e+00
1.800969768023923962e+03 1.994446435536663557e+03 3.073765800097277623e+00
1.800990601163427982e+03 1.994103993767592328e+03 3.085453816425697049e+00
1.801011434303396982e+03 1.995670489768847801e+03 3.082285900740125761e+00
1.801032267443833007e+03 1.993801390165839621e+03 3.086348030693385702e+00
1.801053100584791991e+03 1.988654428102001475e+03 3.096543717203700474e+00
1.801073933726217092e+03 1.991562076106130007e+03 3.095443262210274771e+00
1.801094766868165152e+03 1.993351422858610931e+03 3.105128009264425781e+00
1.801115600010637081e+03 1.993683482921356244e+03 3.112186713327277143e+00
1.801136433153632879e+03 1.991459551628671761e+03 3.105770763370492737e+00
1.801157266297153001e+03 1.994105194060665326e+03 3.111328431516777293e+00
1.801178099441255426e+03 1.991382575132903639e+03 3.098936723051401998e+00
1.801198932585881948e+03 1.992180412008732219e+03 3.100592550435861128e+00
1.801219765731091002e+03 1.990195955698592115e+03 3.099802435455359717e+00
1.801240598876822560e+03 1.995050674528561558e+03 3.106859732947002684e+00
1.801261432023195084e+03 1.993979526030024317e+03 3.101171204604962650e+00
1.801282265170206983e+03 1.991534036786497381e+03 3.104596784520980091e+00
1.801303098317801414e+03 1.994425558001585159e+03 3.110585652739262574e+00
1.801323931465978148e+03 1.992334238863221344e+03 3.102957231763486590e+00
1.803594743715508002e+03 1.993951892084457086e+03 2.969194238452442569e+00
1.803615576775790942e+03 1.991760504488798233e+03 2.974866328722534536e+00
1.803636409835551149e+03 1.995883136921828282e+03 2.968009294161163769e+00
1.803657242894786123e+03 1.993085041575226796e+03 2.966509646285740320e+00
1.803678075953615007e+03 1.990772539145129258e+03 2.967668356357838988e+00
1.803698909011978003e+03 1.991904486883605614e+03 2.988646800302847684e+00
1.803719742069873973e+03 1.996292571112217502e+03 2.970449503267955649e+00
1.803740575127364082e+03 1.994742387291442583e+03 2.980777029590485405e+00
1.803761408184504489e+03 1.994628276307526448e+03 2.987145221665224337e+00
1.803782241241294969e+03 1.994285948522960553e+03 2.973659912386776849e+00
1.803803074297735975e+03 1.994603144809491823e+03 2.972858838109486257e+00
1.803823907353771119e+03 1.994351529387800156e+03 2.971299211337676383e+00
1.803844740409572978e+03 1.992805796626073516e+03 2.979501789868990613e+00
1.803865573465023999e+03 1.992943254009361908e+03 2.970161985610239253e+00
1.803886406520186029e+03 1.995115090370032249e+03 2.998440814153083167e+00
1.803907239575114090e+03 1.996487608448857145e+03 2.968247220480404902e+00
1.803928072629751114e+03 1.992810015028345106e+03 2.970684826435260550e+00
1.803948905684098008e+03 1.991542339435271288e+03 2.980632092560840274e+00
1.803969738738270053e+03 1.993058058957301228e+03 2.971247856964250200e+00
1.803990571792150149e+03 1.993872309421552018e+03 2.968569940828632348e+00
1.804011404845855850e+03 1.993709970574876024e+03 2.973510779772266854e+00
1.804032237899328948e+03 1.991318884066443616e+03 2.967104485883732323e+00
1.804053070952627422e+03 1.992837973911927747e+03 2.968993488164578753e+00
1.804073904005693521e+03 1.992145694566957900e+03 2.969561656624613022e+00
1.804094737058642977e+03 1.994032993194549135e+03 2.977863498026465550e+00
1.804115570111358920e+03 1.993878501220035560e+03 2.979570125834534622e+00
1.804136403163900923e+03 1.993246975283560232e+03 2.969026251538409600e+00
1.804157236216326964e+03 1.992762293439263431e+03 2.968310514344870921e+00
1.804178069268577019e+03 1.992277625552983636e+03 2.985537477343985557e+00
1.804198902320653588e+03 1.991016777399483090e+03 2.971680329341862770e+00
1.804219735372613513e+03 1.994107922633380440e+03 2.975297153282271623e+00
1.804240568424455887e+03 1.994474818513330774e+03 2.968414127022103166e+00
1.804261401476183437e+03 1.995183191186192744e+03 2.985145030116640452e+00
1.804282234527735909e+03 1.995139605573717972e+03 2.967796252791538247e+00
1.804303067579171966e+03 1.995624129566861484e+03 2.972969830649587308e+00
1.804323900630549588e+03 1.992957811386693493e+03 2.993651826081038969e+00
1.804344733681753041e+03 1.995201533128929213e+03 2.966722297861219104e+00
1.804365566732897150e+03 1.992976249844926770e+03 2.967279009540387591e+00
1.804386399783925981e+03 1.994148087874714520e+03 2.967772794813191339e+00
1.804407232834896149e+03 1.994826864799036684e+03 2.971428556232662110e+00
1.804428065885750129e+03 1.992039346211772909e+03 2.971555007089091482e+00
1.804448898936487467e+03 1.991101055034462206e+03 2.971437863712663052e+00
1.804469731987167052e+03 1.992464102448360336e+03 2.971862125469122873e+00
1.804490565037787974e+03 1.993704263573436037e+03 2.967779221675014956e+00
1.804511398088292935e+03 1.995484660555086293e+03 2.966286852093675819e+00
1.804532231138739007e+03 1.990801987776641681e+03 2.976318189151443860e+00
1.804553064189126871e+03 1.991692584569704422e+03 2.972156216927337891e+00
1.804573897239456983e+03 1.991926778157968556e+03 2.979362072349430957e+00
1.804594730289669997e+03 1.993812029891368184e+03 2.973970340809184432e+00
1.804615563339883920e+03 1.993193965121297879e+03 2.966109697871460948e+00
1.804636396390039863e+03 1.990748445042559979e+03 2.974336207089362194e+00
1.804657229440078027e+03 1.991924536367919700e+03 2.968677078154569493e+00
1.804678062490117554e+03 1.993198930961124461e+03 2.978144828354111873e+00
1.804698895540100011e+03 1.993834896746955792e+03 2.975326802231668122e+00
1.804719728590022441e+03 1.989953155100750109e+03 2.965209777512916922e+00
1.804740561639945099e+03 1.991277365287076691e+03 3.007833267734715932e+00
1.804761394689750887e+03 1.992332333346483438e+03 2.966596766159135257e+00
1.804782227739557129e+03 1.990424517808479322e+03 2.968944021209261486e+00
1.804803060789362917e+03 1.993128065293505188e+03 2.990518846690672472e+00
1.804823893839052971e+03 1.990061960417642922e+03 2.966869521617150784e+00
1.804844726888742571e+03 1.991393728740079496e+03 2.977289386414109007e+00
1.804865559938431943e+03 1.989169038518020898e+03 2.975890877312519223e+00
1.804886392988064017e+03 1.993412709962479994e+03 2.968315172977001648e+00
1.804907226037637429e+03 1.990557891156832056e+03 2.965414482338512681e+00
1.804928059087209931e+03 1.991385823020304770e+03 2.965510799673222397e+00
1.804948892136784025e+03 1.994489271353135791e+03 2.979881058693853557e+00
1.804969725186299002e+03 1.992333199736925280e+03 2.985913743783457086e+00
1.804990558235813978e+03 1.993778065865283224e+03 2.971380895059223093e+00
1.805011391285270975e+03 1.992949690774561304e+03 2.983608766624376241e+00
1.805032224334727971e+03 1.991536423563729613e+03 2.967960614110163764e+00
1.805053057384184967e+03 1.993870943651056677e+03 2.970036920388647417e+00
1.805073890433583983e+03 1.992558399783593359e+03 2.998190811131542066e+00
1.805094723483040070e+03 1.988468761657383993e+03 2.972389961175825768e+00
1.805115556532381106e+03 1.992475779201241039e+03 2.972747360216771106e+00
1.805136389581779895e+03 1.991439883814747418e+03 2.971686908212965772e+00
1.805157222631178456e+03 1.989967491334620945e+03 2.964530274878532268e+00
1.805178055680519037e+03 1.990803543729679404e+03 2.965413999939981338e+00
1.805198888729858936e+03 1.992718841867279934e+03 2.974778489273058213e+00
1.805219721779199972e+03 1.991722117235196265e+03 2.967269689015245682e+00
1.805240554828540553e+03 1.992556011883690189e+03 2.966957755934601870e+00
1.805261387877822926e+03 1.990672920828016004e+03 2.972276861415464211e+00
1.805282220927163962e+03 1.993687429083826601e+03 2.966744478326809986e+00
1.805303053976445426e+03 1.991351076737553058e+03 2.967578214982063756e+00
1.805323887025786007e+03 1.992604802876684062e+03 2.971825863404910617e+00
1.805344720075067926e+03 1.992459126005393728e+03 2.972902946912780564e+00
1.805365553124350981e+03 1.993429027159672387e+03 2.973902196849826041e+00
1.805386386173692017e+03 1.991590823868124744e+03 2.972113861849894345e+00
1.805407219222973936e+03 1.989974996831404724e+03 2.971903842340817725e+00
1.805428052272256537e+03 1.993054936319936814e+03 2.974713730061746997e+00
1.805448885321538000e+03 1.993930915061964697e+03 2.977895203057533191e+00
1.805469718370879036e+03 1.993958506368849612e+03 2.977612087596646528e+00
1.805490551420160955e+03 1.990908408512395681e+03 2.968300554486134946e+00
1.805511384469444010e+03 1.991365976356870760e+03 2.982703414848634882e+00
1.805532217518783909e+03 1.992046105427561770e+03 2.978083184540103900e+00
1.805553050568066055e+03 1.993713741627588206e+03 2.970515800152814911e+00
1.805573883617406864e+03 1.989910748962787920e+03 2.978014654334848021e+00
1.805594716666747445e+03 1.990731850181910659e+03 2.969022557646698424e+00
1.805615549716030046e+03 1.992561299034761760e+03 2.967029595052924407e+00
1.805636382765370399e+03 1.992140888694219484e+03 2.971518259869488698e+00
1.805657215814711435e+03 1.990905747915196571e+03 2.977330226462087559e+00
1.805678048864052016e+03 1.991816881525288409e+03 2.968354690734805956e+00
1.805698881913449895e+03 1.991168114046495475e+03 2.968341036284481316e+00
1.805719714962790476e+03 1.992677806985389907e+03 2.972553266428194618e+00
1.805740548012189947e+03 1.993123405672063882e+03 2.966716350896601462e+00
1.805761381061588509e+03 1.990377128376411520e+03 2.969458565729446775e+00
1.805782214110987070e+03 1.994646688257432970e+03 2.971749807903815821e+00
1.805803047160386086e+03 1.993117374508530020e+03 2.975868925253685848e+00
1.805823880209784875e+03 1.991502340231865446e+03 2.972327395882800261e+00
1.805844713259241871e+03 1.993165160582190310e+03 2.966299229987792607e+00
1.805865546308698868e+03 1.992465995766905053e+03 2.971898387090877502e+00
1.805886379358155409e+03 1.990840018116782176e+03 2.966128185421782248e+00
1.805907212407612406e+03 1.992643773617646048e+03 2.965561931811766083e+00
1.805928045457128064e+03 1.991289188270101022e+03 2.968860343087119880e+00
1.805948878506585061e+03 1.990623251915991432e+03 2.974852383581673365e+00
1.805969711556100037e+03 1.992103978160679162e+03 2.967944547911490094e+00
1.805990544605673449e+03 1.992165322039713601e+03 2.972990681386971534e+00
1.806011377655188880e+03 1.994597004438121758e+03 2.988137793993294711e+00
1.806032210704762520e+03 1.992660265951365773e+03 2.968815531760283122e+00
1.806053043754335931e+03 1.991759635339061333e+03 2.968831111402227663e+00
1.806073876803968005e+03 1.991851198420939681e+03 2.967353894076409038e+00
1.806094709853540962e+03 1.992555695670875821e+03 2.973473094540712403e+00
1.806115542903171900e+03 1.992002158759888061e+03 2.966551599164074737e+00
1.806136375952861954e+03 1.994003326024860144e+03 2.975530170034517585e+00
1.806157209002494028e+03 1.991964614797442209e+03 2.975367989741342978e+00
1.806178042052183400e+03 1.992210824529598540e+03 2.968956066810007233e+00
1.806198875101873455e+03 1.994485298869351709e+03 2.991589518821239135e+00
1.806219708151621489e+03 1.992343114489569416e+03 2.970483374258405807e+00
1.806240541201370434e+03 1.990696233402576581e+03 2.970547262563505431e+00
1.806261374251118923e+03 1.995047630677046527e+03 2.999991257972695724e+00
1.806282207300926075e+03 1.992965731917309313e+03 2.974086743113994569e+00
1.806303040350731862e+03 1.993589063885824544e+03 2.969748720527332964e+00
1.806323873400538105e+03 1.992717715139536040e+03 2.979635739689559859e+00
1.806344706450403010e+03 1.993614196136711143e+03 2.966635985340810855e+00
1.806365539500267005e+03 1.990340857038574086e+03 2.973869326852368378e+00
1.806386372550131910e+03 1.990817560474828497e+03 2.974123298269684579e+00
1.806407205600055022e+03 1.992620327280332504e+03 2.990393835558796010e+00
1.806428038649977452e+03 1.992476349711173953e+03 2.968438704382289295e+00
1.806448871699958090e+03 1.991659553393805254e+03 2.982298443131782051e+00
1.806469704749880975e+03 1.992554069963283837e+03 2.971461292757398454e+00
1.806490537799920048e+03 1.992157184436126727e+03 2.970657057345387653e+00
1.806511370849958894e+03 1.991949808260234704e+03 2.975103546392187326e+00
1.806532203899998422e+03 1.994188440890905667e+03 2.970131161294970568e+00
1.806553036950037040e+03 1.995279222497851606e+03 2.975148743829894027e+00
1.806573870000133866e+03 1.991728773685571241e+03 2.969534679913666153e+00
1.806594703050290036e+03 1.991457823195165474e+03 2.969349208391379502e+00
1.806615536100387089e+03 1.991355331995987854e+03 2.966730655737289446e+00
1.806636369150601013e+03 1.993511992240796644e+03 2.973608278069969746e+00
1.806657202200756501e+03 1.990779283994239449e+03 2.984863560815564476e+00
1.806678035251027950e+03 1.993003439732978677e+03 2.980748234715123512e+00
1.806698868301241873e+03 1.993518393532852315e+03 2.974902233152203035e+00
1.806719701351514004e+03 1.991837980866445832e+03 2.977137872949585429e+00
1.806740534401844570e+03 1.991619163476411586e+03 2.970231981304846336e+00
1.806761367452116474e+03 1.992638787529436058e+03 2.968248184356481190e+00
1.806782200502505020e+03 1.996261330145474403e+03 2.993303613692182008e+00
1.806803033552892884e+03 1.992765977215199428e+03 2.967378801604114713e+00
1.806823866603281431e+03 1.991812412436212526e+03 2.965448089243026608e+00
1.806844699653727957e+03 1.992040628953539908e+03 2.976903700609106806e+00
1.806865532704174484e+03 1.993774984680371062e+03 2.970179003063905920e+00
1.806886365754679900e+03 1.992378684687320629e+03 2.967557004848663027e+00
1.806907198805185089e+03 1.993036627337709660e+03 2.967852165581299051e+00
1.806928031855690051e+03 1.993277537456297978e+03 2.968647202167596699e+00
1.806948864906310973e+03 1.993625953226333422e+03 2.968846851576011137e+00
1.806969697956873915e+03 1.991931489286164151e+03 2.975436260388756970e+00
1.806990531007495065e+03 1.992449116335358440e+03 2.977550432753380605e+00
1.807011364058174877e+03 1.994416156860626188e+03 2.979812889881445770e+00
1.807032197108854007e+03 1.992927114695157798e+03 2.972722818478939821e+00
1.807053030159592026e+03 1.991300405732263926e+03 2.988168432561970622e+00
1.807073863210329591e+03 1.993756744670227590e+03 2.969815996423398552e+00
1.807094696261125591e+03 1.993657988594269682e+03 2.964424917921542058e+00
1.807115529311920909e+03 1.994241494601337308e+03 2.976414474050596670e+00
1.807136362362774889e+03 1.995008158464226653e+03 2.970718855255032764e+00
1.807157195413628870e+03 1.991498743245404967e+03 2.978834351543083958e+00
1.807178028464541512e+03 1.995748069838989977e+03 2.971247375512799493e+00
1.807198861515454155e+03 1.993920299625122880e+03 2.966929951961075673e+00
1.807219694566424550e+03 1.993018927131726286e+03 2.971497238329920521e+00
1.807240527617394946e+03 1.991642960859053574e+03 2.974316167375819386e+00
1.807261360668423549e+03 1.993313241368688068e+03 2.972101508171941742e+00
1.807282193719509905e+03 1.992060751460209985e+03 2.972802698686029643e+00
1.807303026770596944e+03 1.993729041222387195e+03 2.968950927359666370e+00
1.807323859821684891e+03 1.992068001499924776e+03 3.004402109797141396e+00
1.807344692872829910e+03 1.992899639022764404e+03 2.968830308329899026e+00
1.807365525924033136e+03 1.995308178321205787e+03 2.965588301500905022e+00
1.807386358975236590e+03 1.992857753913047418e+03 2.985928116348988581e+00
1.807407192026498024e+03 1.993113477213764781e+03 2.971906409513795477e+00
1.807428025077817892e+03 1.991508922515645736e+03 2.969695251962121141e+00
1.807448858129137534e+03 1.990579388265237640e+03 2.966807643526786720e+00
1.807469691180456948e+03 1.992958133174772229e+03 2.968638367812775236e+00
1.807490524231893460e+03 1.992125540535428172e+03 2.975092487340106118e+00
1.807511357283271082e+03 1.993043620270236715e+03 2.972647908784289417e+00
1.807532190334765573e+03 1.993342519490379345e+03 2.979370074675201874e+00
1.807553023386260520e+03 1.989780872945567808e+03 2.989016134617364262e+00
1.807573856437755012e+03 1.991680734196142566e+03 2.984329462952242995e+00
1.807594689489307484e+03 1.992833258269464295e+03 2.967967683210027907e+00
1.807615522540917937e+03 1.993674478390114245e+03 2.975807715008088383e+00
1.807636355592529071e+03 1.995878910748882845e+03 2.988251729582537486e+00
1.807657188644197959e+03 1.992270446613225431e+03 2.971196822676348770e+00
1.807678021695925054e+03 1.992729839219172391e+03 2.969573699720020166e+00
1.807698854747652149e+03 1.992905843233181031e+03 2.966656398398241468e+00
1.807719687799437452e+03 1.992626538406464988e+03 2.972100064232205963e+00
1.807740520851281872e+03 1.993366442234480019e+03 2.967498997573233321e+00
1.807761353903125610e+03 1.994555089133509455e+03 2.978136822736074940e+00
1.807782186954968893e+03 1.996089966642914987e+03 2.971631067575890572e+00
1.807803020006929955e+03 1.996224295181594925e+03 2.967454004999833472e+00
1.807823853058890563e+03 1.993894072683515105e+03 2.967612922146093624e+00
1.807844686110850489e+03 1.994609099015596939e+03 2.968453482827702050e+00
1.807865519162927058e+03 1.993093200857903412e+03 2.979651742849656060e+00
1.807886352215004081e+03 1.992906094122086870e+03 2.970973898481193753e+00
1.807907185267080422e+03 1.993734051073273804e+03 2.968803003741476765e+00
1.807928018319273406e+03 1.993186396991362017e+03 2.965697958303038728e+00
1.807948851371465935e+03 1.992901472592881646e+03 2.967575001335232443e+00
1.807969684423659146e+03 1.996338286614604158e+03 2.978424531137746634e+00
1.808011350528277944e+03 1.993996140485069418e+03 2.968744217716408507e+00
1.808032183580587571e+03 1.992819905521528426e+03 2.967449505704973678e+00
1.808053016633012930e+03 1.992574859304377014e+03 2.974440892357981703e+00
1.808073849685438972e+03 1.991669148107552701e+03 2.975738491433172594e+00
1.808094682737922994e+03 1.990620454072314487e+03 2.987938476051660963e+00
1.808115515790406562e+03 1.993573608398437500e+03 2.971479907483167260e+00
1.808136348842949474e+03 1.993700968624598090e+03 2.967625455188905192e+00
1.808157181895549456e+03 1.992881572945698281e+03 2.965666122874954347e+00
1.808178014948207874e+03 1.993472707616504749e+03 2.973283698974896527e+00
1.808198848000866974e+03 1.991200094498829685e+03 2.982508370195076530e+00
1.808219681053582917e+03 1.988785637324255504e+03 2.975245707647357296e+00
1.808240514106359115e+03 1.986709860619173924e+03 2.975482414305175460e+00
1.808261347159133948e+03 1.994119014792764574e+03 2.966855217446011661e+00
1.808282180212024969e+03 1.992135172912596545e+03 2.968673544451358115e+00
1.808303013264916444e+03 1.992134539636529098e+03 2.971060245474461681e+00
1.808323846317807465e+03 1.990768270467624689e+03 2.965922082907756163e+00
1.808344679370816038e+03 1.995211178516271957e+03 2.969819528767239092e+00
1.808365512423823930e+03 1.991587258990328564e+03 2.973372705167559360e+00
1.808386345476890028e+03 1.995582204188726337e+03 2.967344091701723752e+00
1.808407178530013880e+03 1.992653383374656869e+03 2.971972673898913175e+00
1.808428011583137959e+03 1.994439704213115419e+03 2.973117867718446217e+00
1.808448844636321155e+03 1.995535696967885087e+03 2.967187088599234190e+00
1.808469677689562104e+03 1.993724019162595596e+03 2.974097485245835948e+00
1.808490510742860579e+03 1.994678413376826256e+03 2.978390270159267494e+00
1.808511343796217488e+03 1.994046931589279211e+03 2.973893217764636443e+00
1.808532176849574398e+03 1.987027050746000441e+03 2.967931694889932359e+00
1.808553009902990425e+03 1.991961670844918444e+03 2.968124323716511359e+00
1.808573842956463977e+03 1.993815440759679177e+03 2.995013065723584056e+00
1.808594676009995510e+03 1.993827326498131924e+03 2.969532271266842827e+00
1.808615509063586160e+03 1.993409066887303879e+03 3.011975070916063313e+00
1.808636342117175900e+03 1.996495258338928124e+03 2.968822759439393000e+00
1.808657175170823393e+03 1.994339971968110831e+03 2.972201298751942389e+00
1.808678008224530004e+03 1.996456382948234932e+03 2.971093146549537600e+00
1.808698841278294594e+03 1.994600590393059292e+03 2.985254447737548666e+00
1.808719674332117393e+03 1.991843866863113362e+03 2.991745400698819335e+00
1.808740507385940418e+03 1.994294812133947516e+03 2.975142653435054019e+00
1.808761340439879405e+03 1.993772580097667515e+03 2.965779957074391682e+00
1.808782173493818846e+03 1.994300213828197229e+03 2.971327776823724953e+00
1.808803006547816494e+03 1.994736078812926053e+03 2.984639420703722568e+00
1.808823839601871896e+03 1.990354328010800600e+03 2.972628659735628620e+00
1.808844672655985960e+03 1.994154024280056092e+03 2.971283484155103238e+00
1.808865505710099114e+03 1.994175648213406703e+03 2.997557122304268962e+00
1.808886338764330048e+03 1.993632621630377116e+03 2.968712736197053115e+00
1.808907171818560073e+03 1.992737031325319549e+03 2.967655020105836705e+00
1.808928004872848533e+03 1.994475783798467774e+03 2.973634255695462691e+00
1.808948837942271439e+03 1.991023067821303812e+03 2.972570109779776537e+00
1.808969670996676086e+03 1.993235838937347125e+03 2.976060559661538374e+00
1.808990504051138942e+03 1.997282002259866658e+03 2.968619092765545364e+00
1.809011337105660914e+03 1.993096177517681781e+03 2.991806284870631050e+00
1.809032170160239957e+03 1.993247007189898795e+03 2.977609205060994135e+00
1.809053003214819455e+03 1.990907813681159951e+03 2.969634717319468820e+00
1.809073836269516050e+03 1.994000979788611630e+03 2.965735420768099484e+00
1.809094669324211964e+03 1.991017824536654189e+03 2.967777775632317816e+00
1.809115502379024065e+03 1.993188320722122171e+03 2.973369658152756223e+00
1.809136335433835939e+03 1.991881072567937053e+03 2.976228790399887192e+00
1.809157168488764910e+03 1.992516915998772220e+03 2.966493893710779428e+00
1.809178001543693881e+03 1.994251750596833745e+03 2.968719482265019138e+00
1.809198834598681060e+03 1.994405532192906321e+03 2.966069989439051646e+00
1.809219667653725992e+03 1.990447353243175257e+03 2.984921230637886058e+00
1.809240500708888021e+03 1.994899270296219129e+03 2.975986214667355689e+00
1.809261333764049141e+03 1.992392025133802690e+03 2.966199562360900988e+00
1.809282166819269150e+03 1.994542383726463413e+03 2.967378640911057630e+00
1.809302999874547595e+03 1.992455613910964303e+03 2.973188595720126060e+00
1.809323832929884020e+03 1.995356237261890556e+03 2.974486420482905125e+00
1.809344665985278425e+03 1.992203961174891674e+03 2.971611330548009189e+00
1.809365499040732402e+03 1.990947613582829035e+03 2.972679188222521418e+00
1.809386332096300976e+03 1.993886791410013302e+03 2.977859334714484163e+00
1.809407165151870004e+03 1.993422898359263627e+03 2.974930603756660741e+00
1.809427998207498149e+03 1.995645343195120404e+03 2.967978286828254930e+00
1.809448831263182910e+03 1.989358632502276805e+03 2.994184738799701151e+00
1.809469664318927016e+03 1.994528374503444866e+03 2.969285294308477319e+00
1.809490497374787537e+03 1.993598757927946735e+03 2.968355815216150884e+00
1.809511330430646922e+03 1.994360042552884579e+03 2.965901664796339876e+00
1.809532163486623404e+03 1.991470429611191776e+03 2.970655612703550830e+00
1.809552996542600567e+03 1.994807157878813086e+03 2.979958346799032931e+00
1.809573829598693010e+03 1.993340386909265362e+03 2.973208643033610876e+00
1.809594662654786134e+03 1.991493833231004146e+03 2.996280748880324918e+00
1.809615495710996129e+03 1.992584079930635426e+03 2.979862016389139612e+00
1.809636328767262967e+03 1.992119481906121791e+03 2.968491392416455543e+00
1.809657161823588922e+03 1.992639443408192164e+03 3.025363988494345957e+00
1.809677994879973539e+03 1.993956978746467485e+03 2.968340233079565404e+00
1.809698827936415910e+03 1.992848136485737541e+03 2.965762914379138415e+00
1.809719660992916033e+03 1.994689499216935019e+03 2.967038916332287446e+00
1.809740494049533027e+03 1.991549357738410436e+03 2.974459167815792782e+00
1.809761327106150020e+03 1.995009789498653618e+03 2.972770618539489540e+00
1.809782160162882974e+03 1.994121855211544244e+03 2.971994333849674597e+00
1.809802993219674590e+03 1.991105726392358974e+03 2.966734191754692329e+00
1.809823826276524414e+03 1.990218521865484263e+03 2.966500805565194021e+00
1.809844659333431991e+03 1.990809032235465793e+03 2.990905805935390571e+00
1.809865492390456438e+03 1.993419919464989562e+03 2.979579727952351487e+00
1.809886325447480885e+03 1.993232258523808014e+03 2.969823542789230331e+00
1.809907158504621975e+03 1.989886586597089718e+03 2.969331062070505567e+00
1.809927991561819908e+03 1.993371935921706154e+03 2.973538682572152148e+00
1.809948824619078096e+03 1.992762274816152967e+03 2.967090664971354652e+00
1.809969657676452016e+03 1.995197869297820944e+03 2.986228167780209386e+00
1.809990490733825027e+03 1.992159483806701473e+03 2.968429548134631002e+00
1.810011323791315135e+03 1.993954015069209163e+03 2.969026090934517637e+00
1.810032156848863451e+03 1.989614175000837122e+03 2.970654489092747763e+00
1.810052989906527955e+03 1.989249045738176392e+03 2.987021984978536437e+00
1.810073822964192004e+03 1.993525102135799671e+03 2.971449417785208436e+00
1.810094656021973606e+03 1.992854582219204985e+03 2.972766929300442840e+00
1.810115489079813415e+03 1.995203985755249732e+03 2.968501512267177400e+00
1.810136322137768957e+03 1.992712813406186797e+03 2.970396689436403559e+00
1.810157155195782479e+03 1.994847905394785357e+03 2.972560164193238652e+00
1.810177988253854437e+03 1.991973418337615158e+03 2.971252510990916029e+00
1.810198821311985057e+03 1.991511739455693487e+03 2.967104003759965636e+00
1.810219654370231410e+03 1.993716082396941829e+03 2.967248958776768308e+00
1.810240487428536426e+03 1.992358498101479199e+03 2.969807647230347403e+00
1.810261320486958539e+03 1.993041603862656757e+03 2.985573093728915328e+00
1.810282153545379060e+03 1.994511541826105940e+03 2.967995959441115605e+00
1.810302986603916906e+03 1.993452241477211146e+03 2.981330317089122328e+00
1.810323819662571395e+03 1.992119015796998838e+03 2.973104555910945024e+00
1.810344652721283410e+03 1.992217145806677763e+03 2.967143698354457904e+00
1.810365485780053859e+03 1.992965762109807201e+03 2.987653758669075454e+00
1.810386318838941406e+03 1.994322141924587186e+03 2.969395135752229908e+00
1.810407151897886479e+03 1.993239270959677924e+03 2.967749175976431619e+00
1.810427984956947967e+03 1.994111926802767357e+03 2.989075000535397209e+00
1.810448818016067435e+03 1.992375697426451552e+03 2.966533596469032474e+00
1.810469651075246020e+03 1.994635824374635376e+03 2.974252680671883642e+00
1.810490484134541020e+03 1.993356839549554252e+03 2.978920470693256384e+00
1.810511317193892864e+03 1.994156103292459647e+03 2.970452232224618960e+00
1.810532150253362033e+03 1.992092101604221853e+03 2.969593450290757719e+00
1.810552983312948072e+03 1.993332342006547606e+03 2.968156293429738302e+00
1.810573816372532974e+03 1.993661396354643557e+03 2.983653835222018103e+00
1.810594649432292954e+03 1.992138061584178104e+03 2.969995498396932998e+00
1.810615482492112051e+03 1.992471976186953270e+03 2.970318992001634406e+00
1.810636315551988446e+03 1.993791867914479326e+03 2.998340783639175555e+00
1.810657148611981029e+03 1.994042358461809044e+03 2.973229812849913500e+00
1.810677981672090482e+03 1.991977245946472522e+03 2.976101576794372150e+00
1.810698814732258597e+03 1.989973306586244917e+03 2.976100134795383934e+00
1.810719647792543128e+03 1.992178992444220967e+03 2.970570538112066838e+00
1.810740480852884957e+03 1.994513467221857582e+03 2.969851801350508858e+00
1.810761313913342974e+03 1.990431296219793012e+03 2.968064560313992573e+00
1.810782146973860108e+03 1.991985189052852775e+03 3.007436277962247662e+00
1.810802980034493885e+03 1.992414768993577582e+03 2.966097640711343519e+00
1.810823813095242940e+03 1.991356329551276531e+03 2.971004553556082506e+00
1.810844646156108865e+03 1.994228296800139333e+03 2.971196341216628678e+00
1.810865479217033453e+03 1.993660699053701364e+03 2.966470425433758606e+00
1.810886312278074456e+03 1.994189807194504738e+03 2.974885883867428582e+00
1.810907145339173894e+03 1.992885578197422319e+03 2.967245262672524309e+00
1.810927978400389975e+03 1.994011939974857114e+03 2.968539903133212032e+00
1.810948811461722016e+03 1.994530770193675835e+03 2.997728282390100585e+00
1.810969644523170473e+03 1.993385086764280459e+03 2.977542105248117466e+00
1.810990477584735572e+03 1.990711644955228394e+03 2.969457441665694031e+00
1.811011310646357970e+03 1.992292465819557492e+03 2.969414245179115674e+00
1.811032143708097010e+03 1.994472440635093108e+03 2.976664543905779059e+00
1.811052976769952465e+03 1.993125493323987030e+03 2.975888794277393945e+00
1.811073809831867038e+03 1.992719518629833374e+03 2.972653362658749021e+00
1.811094642893955097e+03 1.994060431815654738e+03 2.975246188451801554e+00
1.811115475956101591e+03 1.992526018703438922e+03 2.982412282032705697e+00
1.811136309018364955e+03 1.993185083368527103e+03 2.975456292558467553e+00
1.811157142080744961e+03 1.994046420189529726e+03 2.968277261137648004e+00
1.811177975143240019e+03 1.994770753124481871e+03 2.972188303705387113e+00
1.811198808205851947e+03 1.992298004008070166e+03 2.969408303605778787e+00
1.811219641268581427e+03 1.993020460816788727e+03 2.977096549757355159e+00
1.811240474331368432e+03 1.994202933606017723e+03 2.975895684311089529e+00
1.811261307394330970e+03 1.992380926451373853e+03 2.978946882201416457e+00
1.811282140457350124e+03 1.993520759743353665e+03 2.973100867086271748e+00
1.811302973520544128e+03 1.993003267981666340e+03 2.973301179680647888e+00
1.811323806583855458e+03 1.992293268200819512e+03 2.981306325832229209e+00
1.811344639647224994e+03 1.993812611863030497e+03 2.985358909869924915e+00
1.811365472710768017e+03 1.993476558793954837e+03 2.973202869421186278e+00
1.811386305774369475e+03 1.994188402161931890e+03 2.973370620368294581e+00
1.811407138838146466e+03 1.992407383109815328e+03 2.979249557373444102e+00
1.811427971902039417e+03 1.993861387277778022e+03 2.977492620169128301e+00
1.811448804966049465e+03 1.994047649014187300e+03 2.975296191689777103e+00
1.811469638030175020e+03 1.990583743015441996e+03 2.970821099882543503e+00
1.811490471094416989e+03 1.996643515101957064e+03 2.971962405422653664e+00
1.811511304158775602e+03 1.989838822215013579e+03 2.970288811458259737e+00
1.811532137223309064e+03 1.990863915528692587e+03 2.970583379715965311e+00
1.811552970287958942e+03 1.990959250864907972e+03 2.975211890873196374e+00
1.811573803352725008e+03 1.993045956272579360e+03 2.971782380434778492e+00
1.811594636417607035e+03 1.994033696824539902e+03 2.971282200299789622e+00
1.811615469482605931e+03 1.996185808113553549e+03 2.977793521586435954e+00
1.811636302547779906e+03 1.994163974508287538e+03 2.988031673605670235e+00
1.811657135613069840e+03 1.992730796721928527e+03 2.988387521088302190e+00
1.811677968678475963e+03 1.991708909787435687e+03 2.986502642924303341e+00
1.811698801744056482e+03 1.993342870495156149e+03 2.982682632009073576e+00
1.811719634809754552e+03 1.993534174275013356e+03 2.983272328809724705e+00
1.811740467875568584e+03 1.992221426877921886e+03 2.995885093217070416e+00
1.811761300941557465e+03 1.996467053399958786e+03 2.980926758458589454e+00
1.811782134007662080e+03 1.991468427586524285e+03 2.974316808648743926e+00
1.811802967073941090e+03 1.995085161291887289e+03 2.980186999041397389e+00
1.811823800140336971e+03 1.994608856261357687e+03 3.000235071509225193e+00
1.811844633206907929e+03 1.994908683653950902e+03 2.979132876615811831e+00
1.811865466273594848e+03 1.994214485338611212e+03 2.975491228339743888e+00
1.811886299340456844e+03 1.996691180434833086e+03 2.975956732517446746e+00
1.811907132407434574e+03 1.992645859244535359e+03 2.973714271770136808e+00
1.811927965474586472e+03 1.992917925867726353e+03 2.987085040654199108e+00
1.811948798541914130e+03 1.994179239759620032e+03 2.977058589575314329e+00
1.811969631609357975e+03 1.994538695097943446e+03 2.985646720872700666e+00
1.811990464676976444e+03 1.992434822926601100e+03 2.997523716314952846e+00
1.812011297744711101e+03 1.995268550617735400e+03 2.976753929570658208e+00
1.812032130812619926e+03 1.995398881752056241e+03 2.975137043849829244e+00
1.812052963880704056e+03 1.994887168442063739e+03 2.975709968288013929e+00
1.812073796948963036e+03 1.992603402142772666e+03 2.981456827790569086e+00
1.812094630017337977e+03 1.992775852823993318e+03 2.981126385251271049e+00
1.812115463085946431e+03 1.993188313155881133e+03 2.983082276619200002e+00
1.812136296154669935e+03 1.994981232320672916e+03 3.005749914247203503e+00
1.812157129223568518e+03 1.992084616884118532e+03 2.983799744132628273e+00
1.812177962292642405e+03 1.992694501296317412e+03 2.975610295375361591e+00
1.812198795361890461e+03 1.996272770196129841e+03 2.980212279317928648e+00
1.812219628431313595e+03 1.994740159844795926e+03 2.976130416627420505e+00
1.812240461500910897e+03 1.994583979157479007e+03 2.977540183512826122e+00
1.812261294570683049e+03 1.993207762484280011e+03 2.979487866423857767e+00
1.812282127640628914e+03 1.995647240817803777e+03 2.991937611954521348e+00
1.812302960710750540e+03 1.994269526167727690e+03 2.978988179726662189e+00
1.812323793781046561e+03 1.992955167950862688e+03 2.998494565260699130e+00
1.812344626851575413e+03 1.992286768525612388e+03 2.985496589849080618e+00
1.812365459922220452e+03 1.992774368182878789e+03 2.983189851802015458e+00
1.812386292993097868e+03 1.993549302888823149e+03 2.979770643637540406e+00
1.812407126064150589e+03 1.994456715032246848e+03 2.982700537233332838e+00
1.812427959135436140e+03 1.994465006674259712e+03 2.989112329541284030e+00
1.812448792206837879e+03 1.993107850996021625e+03 2.984436034532130577e+00
1.812469625278531566e+03 1.994337056736119848e+03 2.980879569082101277e+00
1.812511291422384602e+03 1.993157262375296341e+03 2.981168932182386655e+00
1.812532124494601021e+03 1.993082193838274179e+03 3.006054332178687449e+00
1.812552957567050044e+03 1.991810039062355827e+03 2.981308724966606150e+00
1.812573790639732579e+03 1.988819282140181713e+03 2.991147809385275469e+00
1.812594623712589510e+03 1.992416334507532611e+03 2.987506920714722014e+00
1.812615456785679498e+03 1.987052297808824733e+03 2.979553162017433365e+00
1.812636289858944565e+03 1.992557802522483144e+03 2.989201502501729113e+00
1.812657122932442007e+03 1.994578918348681327e+03 2.983639771335543589e+00
1.812677956006171598e+03 1.991345119392585730e+03 2.987065725006366801e+00
1.812698789080134020e+03 1.991676845258077719e+03 3.014852790591604936e+00
1.812719622154300851e+03 1.990676943571838819e+03 2.986054591942687964e+00
1.812740455228700966e+03 1.992645169931250166e+03 2.987112337761705927e+00
1.812761288303303900e+03 1.995129207197826872e+03 2.995948121511711193e+00
1.812782121378169450e+03 1.990678781580564191e+03 2.993248654238988671e+00
1.812802954453268057e+03 1.990643308315776267e+03 2.993202137043725397e+00
1.812823787528599041e+03 1.991628697276615185e+03 2.988573247069675975e+00
1.812844620604161946e+03 1.989891829605547628e+03 2.992119292833898214e+00
1.812865453679987468e+03 1.989554427518955890e+03 2.989269776244027010e+00
1.812886286756046047e+03 1.992585290847716806e+03 2.986434625257190945e+00
1.812907119832337457e+03 1.992619833068392836e+03 3.020021860157246607e+00
1.812927952908919906e+03 1.990773329962444222e+03 2.992528671853901479e+00
1.812948785985735412e+03 1.989797392920921993e+03 3.002702767086796065e+00
1.812969619062812399e+03 1.990404309368975191e+03 2.989079945857837206e+00
1.812990452140122443e+03 1.989583390197703011e+03 2.998753606643829617e+00
1.813011285217751947e+03 1.992172323409615274e+03 2.991281556514163498e+00
1.813032118295614964e+03 1.991888863193737052e+03 2.999131871818594419e+00
1.813052951373769019e+03 1.990333662975384414e+03 2.995267154706565460e+00
1.813073784452185009e+03 1.989972336500801248e+03 2.998527483362699808e+00
1.813094617530863161e+03 1.989262150496140293e+03 3.033486082262335959e+00
1.813115450609861000e+03 1.993636120920984922e+03 3.003209622368820053e+00
1.813136283689121001e+03 1.991409320532395668e+03 2.997301636559941418e+00
1.813157116768672495e+03 1.990757551615594366e+03 3.002429455286529603e+00
1.813177949848513890e+03 1.990292239181000241e+03 2.997704581436996474e+00
1.813198782928675428e+03 1.993891188906875868e+03 3.004326878974313608e+00
1.813219616009128458e+03 1.996346298745285821e+03 3.009073206266166256e+00
1.813240449089872982e+03 1.991137530762387087e+03 3.008036181567086853e+00
1.813261282170937420e+03 1.990440716650685317e+03 3.006459434653053098e+00
1.813282115252322455e+03 1.991360151791371663e+03 3.004695714184527411e+00
1.813302948334026951e+03 1.994728544154107112e+03 3.005722310471480530e+00
1.813323781416052043e+03 1.994135236548432658e+03 3.017378539364409029e+00
1.813344614498397050e+03 1.990461963894263135e+03 3.009278096414496950e+00
1.813365447581091530e+03 1.989647831633405531e+03 3.004537647495821862e+00
1.813386280664105016e+03 1.992963832777737935e+03 3.012771917077131434e+00
1.813407113747468429e+03 1.989993362390105631e+03 3.005239679359286598e+00
1.813427946831181089e+03 1.993000827131123970e+03 3.013587223626808864e+00
1.813448779915243449e+03 1.991025005495623191e+03 3.009079227985359761e+00
1.813469612999655055e+03 1.993659683269062498e+03 3.016664316025409853e+00
1.813490446084445011e+03 1.993233526807584440e+03 3.013641653941553589e+00
1.813511279169583986e+03 1.986335420873951080e+03 3.010699108210288077e+00
