1.738678405761718750e+03 1.970218238004635168e+03 1.433344348968640825e+00
1.738699279785156250e+03 1.969970600183814895e+03 1.434721209728913260e+00
1.738720092773437500e+03 1.970898597622987154e+03 1.436160168075305110e+00
1.738740905761718750e+03 1.971917894568945940e+03 1.435217579552357625e+00
1.738761779785156250e+03 1.972118557803522890e+03 1.434892279406494664e+00
1.738782592773437500e+03 1.970333885055751125e+03 1.434089429431674612e+00
1.738803405761718750e+03 1.970707896083629294e+03 1.433843939047614535e+00
1.738824279785156250e+03 1.969623628713988410e+03 1.433302431364877672e+00
1.738845092773437500e+03 1.970390835294834687e+03 1.434300220011231586e+00
1.738865905761718750e+03 1.969362841912374961e+03 1.437898166080215034e+00
1.738886779785156250e+03 1.971038646536795341e+03 1.434932572113139626e+00
1.738907592773437500e+03 1.968840364389514207e+03 1.433160700862844861e+00
1.738928405761718750e+03 1.969369200288841284e+03 1.436285169019793084e+00
1.738949279785156250e+03 1.967700340778242889e+03 1.433166606580266622e+00
1.738970092773437500e+03 1.969573644378198651e+03 1.435219323813015313e+00
1.738990905761718750e+03 1.970011166354347324e+03 1.437285863434536015e+00
1.739011779785156250e+03 1.969504665488723731e+03 1.436558456564576147e+00
1.739032592773437500e+03 1.968950508952616019e+03 1.437602246836040543e+00
1.739053405761718750e+03 1.970423797541011254e+03 1.433743502827484306e+00
1.739074279785156250e+03 1.972422593347047723e+03 1.434765661557947825e+00
1.739095092773437500e+03 1.970671597006929460e+03 1.434916953631240499e+00
1.739115905761718750e+03 1.971599409838507427e+03 1.436443355151181489e+00
1.739136779785156250e+03 1.967658758055733870e+03 1.434687724544480236e+00
1.739157592773437500e+03 1.969812718834882162e+03 1.434092006317453150e+00
1.739178405761718750e+03 1.969520382903975360e+03 1.436478044219279937e+00
1.739199279785156250e+03 1.971181343423992757e+03 1.437335378093951732e+00
1.739220092773437500e+03 1.972740366582618208e+03 1.435596615714577196e+00
1.739240905761718750e+03 1.971081935507638946e+03 1.434047367351106939e+00
1.739261779785156250e+03 1.971043092425275290e+03 1.435087169299112064e+00
1.739282592773437500e+03 1.972523337398862168e+03 1.435186265559912133e+00
1.739303405761718750e+03 1.973219981980391594e+03 1.441568339675265431e+00
1.739324279785156250e+03 1.971664577707519129e+03 1.435004265410035229e+00
1.739345092773437500e+03 1.973211651421673650e+03 1.435430861994843932e+00
1.739365905761718750e+03 1.971604445689653176e+03 1.434901916527935306e+00
1.739386779785156250e+03 1.972331486517419989e+03 1.433998487336067162e+00
1.739407592773437500e+03 1.973595053643064830e+03 1.434533915307930618e+00
1.739428405761718750e+03 1.973993969775127198e+03 1.434970288384446846e+00
1.739449279785156250e+03 1.972121139627681487e+03 1.437109935746909262e+00
1.739470092773437500e+03 1.974150268985887351e+03 1.434497849599423835e+00
1.739490905761718750e+03 1.971558844819569231e+03 1.437493531585735562e+00
1.739511779785156250e+03 1.972480723784993870e+03 1.435514239504672718e+00
1.739532592773437500e+03 1.970629812414209937e+03 1.434687059818267496e+00
1.739553405761718750e+03 1.970369367816360636e+03 1.439271415928808251e+00
1.739574279785156250e+03 1.972453923429055749e+03 1.435867045503615325e+00
1.739595092773437500e+03 1.973104954174029672e+03 1.435702236358139983e+00
1.739615905761718750e+03 1.973739375506078431e+03 1.436068194961661382e+00
1.739636779785156250e+03 1.973910412158734971e+03 1.437865583952567805e+00
1.739657592773437500e+03 1.971901376955526302e+03 1.438172473347718139e+00
1.739678466796875000e+03 1.973946449745034442e+03 1.438901052624034227e+00
1.739699279785156250e+03 1.974036028644867429e+03 1.438789701336592453e+00
1.739720153808593750e+03 1.973546171752445616e+03 1.437612280399727105e+00
1.739740966796875000e+03 1.974198447794715094e+03 1.438347939556716248e+00
1.739761779785156250e+03 1.972767028858504773e+03 1.440343863306543737e+00
1.739782653808593750e+03 1.972657716540333013e+03 1.437822305786416566e+00
1.739803466796875000e+03 1.973233845256592303e+03 1.440843260278402926e+00
1.739824279785156250e+03 1.972953956601759273e+03 1.439691283194338700e+00
1.739845153808593750e+03 1.974043470300523268e+03 1.440799078695033320e+00
1.739865966796875000e+03 1.972700724771369096e+03 1.445772664815473840e+00
1.739886779785156250e+03 1.970502766821716932e+03 1.446904887803187600e+00
1.739907653808593750e+03 1.973995725205068311e+03 1.440773512328539008e+00
1.739928466796875000e+03 1.974140229406851176e+03 1.442860683655339704e+00
1.739949279785156250e+03 1.971123222776376224e+03 1.440186850558032194e+00
1.739970153808593750e+03 1.972640095943886308e+03 1.441265233696315207e+00
1.739990966796875000e+03 1.972441974193491433e+03 1.444145762708098024e+00
1.740011779785156250e+03 1.977173558514366277e+03 1.443412645567410557e+00
1.740032653808593750e+03 1.972861291291220823e+03 1.445857012478778181e+00
1.740053466796875000e+03 1.974354513477884211e+03 1.443620918745778470e+00
1.740074279785156250e+03 1.973391627576230121e+03 1.447221721853282350e+00
1.740095153808593750e+03 1.973799505119748346e+03 1.443969927794297003e+00
1.740115966796875000e+03 1.973863226343001998e+03 1.446098237775189643e+00
1.740136779785156250e+03 1.972495151935491094e+03 1.444374481161462720e+00
1.740157653808593750e+03 1.970872249805320280e+03 1.444522043532004307e+00
1.740178466796875000e+03 1.973850621447994854e+03 1.445434317738991226e+00
1.740199279785156250e+03 1.974021739802990169e+03 1.443674344809480870e+00
1.740220153808593750e+03 1.975199471036105479e+03 1.446471703103250572e+00
1.740240966796875000e+03 1.972300105138166600e+03 1.442706919461692605e+00
1.740261779785156250e+03 1.972742436331056751e+03 1.446455797144403421e+00
1.740282653808593750e+03 1.972062907248033525e+03 1.445753947706932774e+00
1.740303466796875000e+03 1.971062546112181963e+03 1.444145349975153536e+00
1.740324279785156250e+03 1.971461614029717566e+03 1.447636565781244000e+00
1.740345153808593750e+03 1.974029035720136108e+03 1.445534601415604525e+00
1.740365966796875000e+03 1.972702640790273563e+03 1.447223863501094998e+00
1.740386779785156250e+03 1.972913525543624701e+03 1.446950283522498770e+00
1.740407653808593750e+03 1.972882227075571109e+03 1.448235849378199269e+00
1.740428466796875000e+03 1.974358334329712306e+03 1.449735975892000983e+00
1.740449279785156250e+03 1.974798565524628202e+03 1.447543510086149121e+00
1.740470153808593750e+03 1.972868789469104968e+03 1.447075835227853879e+00
1.740490966796875000e+03 1.974037483124783648e+03 1.448443511324921440e+00
1.740511779785156250e+03 1.973435884121528716e+03 1.450847522739975082e+00
1.740532653808593750e+03 1.971695038376491311e+03 1.451589860442702218e+00
1.740553466796875000e+03 1.974541790594867507e+03 1.451142876850033847e+00
1.740574279785156250e+03 1.974812885649677582e+03 1.451317514168337652e+00
1.740595153808593750e+03 1.971796145589238904e+03 1.450771107019352746e+00
1.740615966796875000e+03 1.972217998035149549e+03 1.450181749068516268e+00
1.740636779785156250e+03 1.971784978924253892e+03 1.452391490592812362e+00
1.740657653808593750e+03 1.972601585373904527e+03 1.451793429726714324e+00
1.740678466796875000e+03 1.975097772021829087e+03 1.449495684956460195e+00
1.740699279785156250e+03 1.972416966390977223e+03 1.450306445657578269e+00
1.740720153808593750e+03 1.972292278467042024e+03 1.451729873846175245e+00
1.740740966796875000e+03 1.974002312188222049e+03 1.450910131330675590e+00
1.740761779785156250e+03 1.974422370847498314e+03 1.450625330815242586e+00
1.740782653808593750e+03 1.973453352672196843e+03 1.452017823779839345e+00
1.740803466796875000e+03 1.975044543764042373e+03 1.455485979306864408e+00
1.740824279785156250e+03 1.972961390752049965e+03 1.454303304743584269e+00
1.740845153808593750e+03 1.973605260754422716e+03 1.454941055703178110e+00
1.740865966796875000e+03 1.973016839551688236e+03 1.453400698523762413e+00
1.740886779785156250e+03 1.973230359248303557e+03 1.453530941938620646e+00
1.740907653808593750e+03 1.974326976056407602e+03 1.454358141661650450e+00
1.740928466796875000e+03 1.973886064746763850e+03 1.453465493620970106e+00
1.740949279785156250e+03 1.972770896804361428e+03 1.452723704065784993e+00
1.740970153808593750e+03 1.972512148481480381e+03 1.453750721741855489e+00
1.740990966796875000e+03 1.972383444919335261e+03 1.451596019674033178e+00
1.741011779785156250e+03 1.974819441661810288e+03 1.455130720788101240e+00
1.741032653808593750e+03 1.974066208058730354e+03 1.453605080332509569e+00
1.741053466796875000e+03 1.975108024308561653e+03 1.456349722267905156e+00
1.741074279785156250e+03 1.973539734338176231e+03 1.456438450223541237e+00
1.741095153808593750e+03 1.972094485158207817e+03 1.455370163253326021e+00
1.741115966796875000e+03 1.973061667129382840e+03 1.456026277834220339e+00
1.741136779785156250e+03 1.975537126045388277e+03 1.457503582277688503e+00
1.741157653808593750e+03 1.974088029904536597e+03 1.454984807856054108e+00
1.741178466796875000e+03 1.975533191538593655e+03 1.456169466730649065e+00
1.741199279785156250e+03 1.974581266039929005e+03 1.453372483046981856e+00
1.741220153808593750e+03 1.974406456169811463e+03 1.456453346822666806e+00
1.741240966796875000e+03 1.972065556048296003e+03 1.451684627589734600e+00
1.741261779785156250e+03 1.974560654162924493e+03 1.452757512047073929e+00
1.741282653808593750e+03 1.973489885760291145e+03 1.451197176028598435e+00
1.741303466796875000e+03 1.973601042520486544e+03 1.452149422599699591e+00
1.741324279785156250e+03 1.973285473995783605e+03 1.453467872120207671e+00
1.741345153808593750e+03 1.973569115784539690e+03 1.452421941186258003e+00
1.741365966796875000e+03 1.974124026722481631e+03 1.456959331465889740e+00
1.741386779785156250e+03 1.973013669595214196e+03 1.453990063513971531e+00
1.741407653808593750e+03 1.974896999515791549e+03 1.457795379963364057e+00
1.741428466796875000e+03 1.974945225811959290e+03 1.456182565069119139e+00
1.741449279785156250e+03 1.976064138765902953e+03 1.455862850085779092e+00
1.741470153808593750e+03 1.974016857629785136e+03 1.456095540773920005e+00
1.741490966796875000e+03 1.972895365896484236e+03 1.455838285211017880e+00
1.741511779785156250e+03 1.972225108455170357e+03 1.461398862724023529e+00
1.741532653808593750e+03 1.974743443762754396e+03 1.459455340050753724e+00
1.741553466796875000e+03 1.976040591250828356e+03 1.460595401958617812e+00
1.741574279785156250e+03 1.976228743334072760e+03 1.459257822825834161e+00
1.741595153808593750e+03 1.976076636925583898e+03 1.458618526728459930e+00
1.741615966796875000e+03 1.973004439528803005e+03 1.461739386326720735e+00
1.741636779785156250e+03 1.972270746306243836e+03 1.459622367462531045e+00
1.741657653808593750e+03 1.973836413105294696e+03 1.459151619717965254e+00
1.741678466796875000e+03 1.974299681317983413e+03 1.459060523970771905e+00
1.741699279785156250e+03 1.973606804013058763e+03 1.460247427602578085e+00
1.741720153808593750e+03 1.973369911774606635e+03 1.458282914879589498e+00
1.741740966796875000e+03 1.971054063579807917e+03 1.457097683534907429e+00
1.741761779785156250e+03 1.975232343632690572e+03 1.459399306035670696e+00
1.741782653808593750e+03 1.975845792248396947e+03 1.459660425802790984e+00
1.741803466796875000e+03 1.974484270282832995e+03 1.468223720981133296e+00
1.741824279785156250e+03 1.975518962294845096e+03 1.463722226916145175e+00
1.741845153808593750e+03 1.975099602175211885e+03 1.462897144094286173e+00
1.741865966796875000e+03 1.973936580288430832e+03 1.463292635798519203e+00
1.741886779785156250e+03 1.974501795152966451e+03 1.463395198493307348e+00
1.741907653808593750e+03 1.971645641812780696e+03 1.462172042722583054e+00
1.741928466796875000e+03 1.974683359549768738e+03 1.461557185481671572e+00
1.741949279785156250e+03 1.973283644027535274e+03 1.463309254864573861e+00
1.741970153808593750e+03 1.973346375727015129e+03 1.459275958276211149e+00
1.741990966796875000e+03 1.973411088772591256e+03 1.460093290013553480e+00
1.742011779785156250e+03 1.973072380252787752e+03 1.459629146166583347e+00
1.742032653808593750e+03 1.975831638391067372e+03 1.461038025034154586e+00
1.742053466796875000e+03 1.974719375654562555e+03 1.465576151540115113e+00
1.742074279785156250e+03 1.975134753818729905e+03 1.465070457717115859e+00
1.742095153808593750e+03 1.975790140069885638e+03 1.464638006384544777e+00
1.742115966796875000e+03 1.975086828316491392e+03 1.465542557925209488e+00
1.742136779785156250e+03 1.972464770063857713e+03 1.464114808865140782e+00
1.742157653808593750e+03 1.975943190184120567e+03 1.464618228082448903e+00
1.742178466796875000e+03 1.975096173453462825e+03 1.465546950354452926e+00
1.742199279785156250e+03 1.974757553576776900e+03 1.462259683671838673e+00
1.742220153808593750e+03 1.974196325435028939e+03 1.461223145981367377e+00
1.742240966796875000e+03 1.974187318901148956e+03 1.461430512333638410e+00
1.742261779785156250e+03 1.975715611718813534e+03 1.461397149710135457e+00
1.742282653808593750e+03 1.973272141939307403e+03 1.462639454770757741e+00
1.742303466796875000e+03 1.972925797536167920e+03 1.459796643661276150e+00
1.742324279785156250e+03 1.973904916786057811e+03 1.462311776593524959e+00
1.742345153808593750e+03 1.972746140328209322e+03 1.460607807676886249e+00
1.742365966796875000e+03 1.972499476560276662e+03 1.460395426829274035e+00
1.742386779785156250e+03 1.974384297968299279e+03 1.462001881990904417e+00
1.742407653808593750e+03 1.974904960943161768e+03 1.462808970883290316e+00
1.742428466796875000e+03 1.977040951079743536e+03 1.464658598324744876e+00
1.742449279785156250e+03 1.977216611008324207e+03 1.466109235271760181e+00
1.742470153808593750e+03 1.973510017402058338e+03 1.465417042763735633e+00
1.742490966796875000e+03 1.974307351083803496e+03 1.465258323496094306e+00
1.742511779785156250e+03 1.972468615207491666e+03 1.469982360682111189e+00
1.742532653808593750e+03 1.975707777134352909e+03 1.468216170025322898e+00
1.742553466796875000e+03 1.974769464840257115e+03 1.468208213062124345e+00
1.742574279785156250e+03 1.972923729012718923e+03 1.468866140765282324e+00
1.742595153808593750e+03 1.974910075889876680e+03 1.469979279041220721e+00
1.742615966796875000e+03 1.975113041818507781e+03 1.471354022630892544e+00
1.742636779785156250e+03 1.976733346934670180e+03 1.470324625903729032e+00
1.742657653808593750e+03 1.974398241140614573e+03 1.470103837063235108e+00
1.742678466796875000e+03 1.974225225592043898e+03 1.470524872087963564e+00
1.742699279785156250e+03 1.974380374970328603e+03 1.469204690231659338e+00
1.742720153808593750e+03 1.974554685394404942e+03 1.469277226396850766e+00
1.742740966796875000e+03 1.974687792059143931e+03 1.469710745995667533e+00
1.742761779785156250e+03 1.973183429737274992e+03 1.468357683096050748e+00
1.742782653808593750e+03 1.975800772986056472e+03 1.470142840367763215e+00
1.742803466796875000e+03 1.974228127896809383e+03 1.472226269834380430e+00
1.742824279785156250e+03 1.972981799606518280e+03 1.474883401432480978e+00
1.742845153808593750e+03 1.973839871258651556e+03 1.475088200922401782e+00
1.742865966796875000e+03 1.974145598607590046e+03 1.477139153477204259e+00
1.742886779785156250e+03 1.974152137141304138e+03 1.476227495246433152e+00
1.742907653808593750e+03 1.973372817312344296e+03 1.476031334014600072e+00
1.742928466796875000e+03 1.973383624096844414e+03 1.473871594719895484e+00
1.742949279785156250e+03 1.974212599984046847e+03 1.473156103000830663e+00
1.742970153808593750e+03 1.974521155771645226e+03 1.472590842173123304e+00
1.742990966796875000e+03 1.974153458805297078e+03 1.473102127693912911e+00
1.743011779785156250e+03 1.975261873401018647e+03 1.473763856313081266e+00
1.743032653808593750e+03 1.975768097503672607e+03 1.475432271170148635e+00
1.743053466796875000e+03 1.974750123282847426e+03 1.474298588420888345e+00
1.743074279785156250e+03 1.974509984542887423e+03 1.476494197173944256e+00
1.743095153808593750e+03 1.974953586204687099e+03 1.477476210685051639e+00
1.743115966796875000e+03 1.975282847303782319e+03 1.479516520787930833e+00
1.743136779785156250e+03 1.974346671151813098e+03 1.479652441429191834e+00
1.743157653808593750e+03 1.973932323263170929e+03 1.476157158008306380e+00
1.743178466796875000e+03 1.973450627640121866e+03 1.475799524891812098e+00
1.743199340820312500e+03 1.975152409812626502e+03 1.474791014138997269e+00
1.743220153808593750e+03 1.974117725478107332e+03 1.474149073827699885e+00
1.743241027832031250e+03 1.977101952072095173e+03 1.472856907619221278e+00
1.743261840820312500e+03 1.976733598545311906e+03 1.471817465789541979e+00
1.743282653808593750e+03 1.972943659866728240e+03 1.470684319891394587e+00
1.743303527832031250e+03 1.974178790267813838e+03 1.473498682752214073e+00
1.743324340820312500e+03 1.976697003334327292e+03 1.472899237299865494e+00
1.743345153808593750e+03 1.974846941770984586e+03 1.476118959688291987e+00
1.743366027832031250e+03 1.975851076285765430e+03 1.473484282089710495e+00
1.743386840820312500e+03 1.976204946768455557e+03 1.474556827240467660e+00
1.743407653808593750e+03 1.976365202437941662e+03 1.475757439957930961e+00
1.743428527832031250e+03 1.975751685036147137e+03 1.478084365253927501e+00
1.743449340820312500e+03 1.978184061878227340e+03 1.477424975199258306e+00
1.743470153808593750e+03 1.973560567382830186e+03 1.478065170141790174e+00
1.743491027832031250e+03 1.973930175451381274e+03 1.479679350140694627e+00
1.743511840820312500e+03 1.975663282788086690e+03 1.484780908599769855e+00
1.743532653808593750e+03 1.974637929391529724e+03 1.482052723151386253e+00
1.743553527832031250e+03 1.974890013291999594e+03 1.484091480684655018e+00
1.743574340820312500e+03 1.972587000374639274e+03 1.484590615122528545e+00
1.743595153808593750e+03 1.974447359560984751e+03 1.486128484123304894e+00
1.743616027832031250e+03 1.973456467174112277e+03 1.486708884274116960e+00
1.743636840820312500e+03 1.973984653799588386e+03 1.486782811479040900e+00
1.743657653808593750e+03 1.973668755167505651e+03 1.485435027035331812e+00
1.743678527832031250e+03 1.975785112165733381e+03 1.484714188220455089e+00
1.743699340820312500e+03 1.975571648158083462e+03 1.487783513979639594e+00
1.743720153808593750e+03 1.974539882963007358e+03 1.485303488009204642e+00
1.743741027832031250e+03 1.975461951902734654e+03 1.487176680488450753e+00
1.743761840820312500e+03 1.974120938631251192e+03 1.487345083167769699e+00
1.743782653808593750e+03 1.976633390276684622e+03 1.489577082196259283e+00
1.743803527832031250e+03 1.973279274629246174e+03 1.490583506392519686e+00
1.743824340820312500e+03 1.974343313797661494e+03 1.497220882202064729e+00
1.743845153808593750e+03 1.973083149180219152e+03 1.495813248835102804e+00
1.743866027832031250e+03 1.974088063306625372e+03 1.496657860283264752e+00
1.743886840820312500e+03 1.975118454383768949e+03 1.499637242003872162e+00
1.743907653808593750e+03 1.974302623608017029e+03 1.497045149719223200e+00
1.743928527832031250e+03 1.976055670921174624e+03 1.497690409557819624e+00
1.743949340820312500e+03 1.974498971126351762e+03 1.495037293495266040e+00
1.743970153808593750e+03 1.974936448446764643e+03 1.494019188028720801e+00
1.743991027832031250e+03 1.972288532811913001e+03 1.493228329659493481e+00
1.744011840820312500e+03 1.975831628888179921e+03 1.493571892498695153e+00
1.744032653808593750e+03 1.973718856364429939e+03 1.494269950106778433e+00
1.744053527832031250e+03 1.974564029707163627e+03 1.494572196913996454e+00
1.744074340820312500e+03 1.976215348970994228e+03 1.497445554046007210e+00
1.744095153808593750e+03 1.975424985355006129e+03 1.498375410239495276e+00
1.744116027832031250e+03 1.976791546128843038e+03 1.499106140837459966e+00
1.744136840820312500e+03 1.975891995283418282e+03 1.499479044412614703e+00
1.744157653808593750e+03 1.974827669407668964e+03 1.502085428152682534e+00
1.744178527832031250e+03 1.974833013453384410e+03 1.498992183993208549e+00
1.744199340820312500e+03 1.975432110979928211e+03 1.497986236498850543e+00
1.744220153808593750e+03 1.974537456950101841e+03 1.495908003548739984e+00
1.744241027832031250e+03 1.973105521920912224e+03 1.497305516269646919e+00
1.744261840820312500e+03 1.972968604038409239e+03 1.496642487691002943e+00
1.744282653808593750e+03 1.977387087989989141e+03 1.496881740610638500e+00
1.744303527832031250e+03 1.974095437477761607e+03 1.495632170147094042e+00
1.744324340820312500e+03 1.971806075792178490e+03 1.497919308479253697e+00
1.744345153808593750e+03 1.973095311770244734e+03 1.497787751586889815e+00
1.744366027832031250e+03 1.972300736038821469e+03 1.499255313397613643e+00
1.744386840820312500e+03 1.976995782319664386e+03 1.500635886512297734e+00
1.744407653808593750e+03 1.972987136323710729e+03 1.504798287722978856e+00
1.744428527832031250e+03 1.974151711553744235e+03 1.503957296718894110e+00
1.744449340820312500e+03 1.973739763986661501e+03 1.503373168000275095e+00
1.744470153808593750e+03 1.974638254696058084e+03 1.506706345944336833e+00
1.744491027832031250e+03 1.976118528568958936e+03 1.507164217875668344e+00
1.744511840820312500e+03 1.973300944464790973e+03 1.508466272484737747e+00
1.744553527832031250e+03 1.978217250389899618e+03 1.514584764412576057e+00
1.744574340820312500e+03 1.974103051199544552e+03 1.516023249264195849e+00
1.744595153808593750e+03 1.974261442320237165e+03 1.517417555553787656e+00
1.744616027832031250e+03 1.976806318464568903e+03 1.518508213718119615e+00
1.744636840820312500e+03 1.977465655533253084e+03 1.519349467330931125e+00
1.744657653808593750e+03 1.977435291833725842e+03 1.519724620292784545e+00
1.744678527832031250e+03 1.975767159872327284e+03 1.519652138733387225e+00
1.744699340820312500e+03 1.977772689271662784e+03 1.519917103238582312e+00
1.744720153808593750e+03 1.974905178619796061e+03 1.519997022776448548e+00
1.744741027832031250e+03 1.976312730024802022e+03 1.523854985864578904e+00
1.744761840820312500e+03 1.976324919257936472e+03 1.524513451551606336e+00
1.744782653808593750e+03 1.974629424544944413e+03 1.529001570407018562e+00
1.744803527832031250e+03 1.976155632421670362e+03 1.529640831396161804e+00
1.744824340820312500e+03 1.976735863409946887e+03 1.535046134280301233e+00
1.744845153808593750e+03 1.977316595645127109e+03 1.535551529874614296e+00
1.744866027832031250e+03 1.974896116778580108e+03 1.536074375949646686e+00
1.744886840820312500e+03 1.976180708160622544e+03 1.537421964200215596e+00
1.744907653808593750e+03 1.976892281377713061e+03 1.537168004857859094e+00
1.744928527832031250e+03 1.973345763517629621e+03 1.538427618918261741e+00
1.744949340820312500e+03 1.974166417856471071e+03 1.534597746613666658e+00
1.744970153808593750e+03 1.972913495716166835e+03 1.533427733473211374e+00
1.744991027832031250e+03 1.973929527557897018e+03 1.532219560362824584e+00
1.745011840820312500e+03 1.975220717080556369e+03 1.533111841679497322e+00
1.745032653808593750e+03 1.976543316538126874e+03 1.535593839212009426e+00
1.745053527832031250e+03 1.977349545296518500e+03 1.537195302653028284e+00
1.745074340820312500e+03 1.975589531725966935e+03 1.538938798144820597e+00
1.745095153808593750e+03 1.975160469193638164e+03 1.541616112507353531e+00
1.745116027832031250e+03 1.978003535255520092e+03 1.544710668119604335e+00
1.745136840820312500e+03 1.979241934749744360e+03 1.544731041543283556e+00
1.745157653808593750e+03 1.975834014811430734e+03 1.543158256385617211e+00
1.745178527832031250e+03 1.976379260632972091e+03 1.541946497428100082e+00
1.745199340820312500e+03 1.976276712421428783e+03 1.539859391147056611e+00
1.745220153808593750e+03 1.976669621765771353e+03 1.539082560916807063e+00
1.745241027832031250e+03 1.977340827871234069e+03 1.536546073175632188e+00
1.745261840820312500e+03 1.975251303901001393e+03 1.535764306860133432e+00
1.745282653808593750e+03 1.976748133788782525e+03 1.536894069458693890e+00
1.745303527832031250e+03 1.976227003785662873e+03 1.536323394884499427e+00
1.745324340820312500e+03 1.976046140841675424e+03 1.538501385484529749e+00
1.745345153808593750e+03 1.975606394458392515e+03 1.543586240414801081e+00
1.745366027832031250e+03 1.976143709578978360e+03 1.537661229185530498e+00
1.745386840820312500e+03 1.973953885452940540e+03 1.537452203891587210e+00
1.745407653808593750e+03 1.975560801104592429e+03 1.538727544749301845e+00
1.745428527832031250e+03 1.977043211103114572e+03 1.541123767147766888e+00
1.745449340820312500e+03 1.977524258580702281e+03 1.542128476575797880e+00
1.745470153808593750e+03 1.973266913362014293e+03 1.542970063414195847e+00
1.745491027832031250e+03 1.978189295481476165e+03 1.548775324456634017e+00
1.745511840820312500e+03 1.976232188831033909e+03 1.553578503597291549e+00
1.745532653808593750e+03 1.978016879884504760e+03 1.557370654838508228e+00
1.745553527832031250e+03 1.974034054521236612e+03 1.561177113330518784e+00
1.745574340820312500e+03 1.976042041096507546e+03 1.563904855502472380e+00
1.745595153808593750e+03 1.977354712908648708e+03 1.566869348577434762e+00
1.745616027832031250e+03 1.977179221974912707e+03 1.567502520496830254e+00
1.745636840820312500e+03 1.975763111700618538e+03 1.569145338237996956e+00
1.745657653808593750e+03 1.978107117787197240e+03 1.570086107018773935e+00
1.745678527832031250e+03 1.975621392485385968e+03 1.569027047181270618e+00
1.745699340820312500e+03 1.975856439243027580e+03 1.568018285922062161e+00
1.745720153808593750e+03 1.975721074425509414e+03 1.568661101356639165e+00
1.745741027832031250e+03 1.976736516723590739e+03 1.571716212600433149e+00
1.745761840820312500e+03 1.977102141809436489e+03 1.573395468823813426e+00
1.745782653808593750e+03 1.976024876324968773e+03 1.577276625015044065e+00
1.745803527832031250e+03 1.978180766332253370e+03 1.581797566050336501e+00
1.745824340820312500e+03 1.975164677799780748e+03 1.583830688396210773e+00
1.745845153808593750e+03 1.975524599196829968e+03 1.588030781959239413e+00
1.745866027832031250e+03 1.979016121427599955e+03 1.590000754062305788e+00
1.745886840820312500e+03 1.977702785063751890e+03 1.592536314545754061e+00
1.745907653808593750e+03 1.976404272413963099e+03 1.590584172472443658e+00
1.745928527832031250e+03 1.975164053450167103e+03 1.589917755279069755e+00
1.745949340820312500e+03 1.975821090610741976e+03 1.588526149319596126e+00
1.745970153808593750e+03 1.976403345720323614e+03 1.585790242090608260e+00
1.745991027832031250e+03 1.977013999365083691e+03 1.584696316913622338e+00
1.746011840820312500e+03 1.976849733468321119e+03 1.583590419711208952e+00
1.746032653808593750e+03 1.978141893436563350e+03 1.586004471891624190e+00
1.746053527832031250e+03 1.977327117844114127e+03 1.590204371387382798e+00
1.746074340820312500e+03 1.976827819467318022e+03 1.591906434951813054e+00
1.746095153808593750e+03 1.975869356042080199e+03 1.595840354817666285e+00
1.746116027832031250e+03 1.977466238128203713e+03 1.599132201178027124e+00
1.746136840820312500e+03 1.977194639741838728e+03 1.600402858800034300e+00
1.746157653808593750e+03 1.978501734410659537e+03 1.601791365483341334e+00
1.746178527832031250e+03 1.977588869463828360e+03 1.601452484073860427e+00
1.746199340820312500e+03 1.976792659482176987e+03 1.599359849184997628e+00
1.746220153808593750e+03 1.977423937711274903e+03 1.597874036648840423e+00
1.746241027832031250e+03 1.978639159987138100e+03 1.593947678816517888e+00
1.746261840820312500e+03 1.977031319025071298e+03 1.592454046787077582e+00
1.746282653808593750e+03 1.977111953001636266e+03 1.586958082322153629e+00
1.746303527832031250e+03 1.977497636996515212e+03 1.585547939618775937e+00
1.746324340820312500e+03 1.975339336446907055e+03 1.583337089467194314e+00
1.746345153808593750e+03 1.978529593657815440e+03 1.586884840476139757e+00
1.746366027832031250e+03 1.976742200654136013e+03 1.583743226383841352e+00
1.746386840820312500e+03 1.976761962144789777e+03 1.584921149449566302e+00
1.746407653808593750e+03 1.976502960282007280e+03 1.586328843414136491e+00
1.746428527832031250e+03 1.979015224278850383e+03 1.594002572783879135e+00
1.746449340820312500e+03 1.976181824163054898e+03 1.592320193525506467e+00
1.746470153808593750e+03 1.973858440554724439e+03 1.596136811618925400e+00
1.746491027832031250e+03 1.977596781076319076e+03 1.604226552993138544e+00
1.746511840820312500e+03 1.976631446204365602e+03 1.611544285927057674e+00
1.746532653808593750e+03 1.976788561571436276e+03 1.621980649708048672e+00
1.746553527832031250e+03 1.974068343536697739e+03 1.621739491000114830e+00
1.746574340820312500e+03 1.976114958638985172e+03 1.628078698728141704e+00
1.746595153808593750e+03 1.974809008540288687e+03 1.631260184186809514e+00
1.746616027832031250e+03 1.977803983585185506e+03 1.633015013187165243e+00
1.746636840820312500e+03 1.977419177077733366e+03 1.635203094467549523e+00
1.746657653808593750e+03 1.979118033616883167e+03 1.639561553707016284e+00
1.746678527832031250e+03 1.974191738029321186e+03 1.635187639207647869e+00
1.746699340820312500e+03 1.974803648071594125e+03 1.636777963227258326e+00
1.746720153808593750e+03 1.975503339599309129e+03 1.642017246062841496e+00
1.746741027832031250e+03 1.973885001209408529e+03 1.644970977782274302e+00
1.746761840820312500e+03 1.975702678880345047e+03 1.656632289312322870e+00
1.746782714843750000e+03 1.975406944773741998e+03 1.658721231816223440e+00
1.746803527832031250e+03 1.976178999278885385e+03 1.669506213116916271e+00
1.746824401855468750e+03 1.974156964746148333e+03 1.669249282039198201e+00
1.746845214843750000e+03 1.975922254952557068e+03 1.674054231806623161e+00
1.746866027832031250e+03 1.972565475998477723e+03 1.674683680486407589e+00
1.746886901855468750e+03 1.975518521092069932e+03 1.677023047396312139e+00
1.746907714843750000e+03 1.975624684354076180e+03 1.676755324169127759e+00
1.746928527832031250e+03 1.975232048199070960e+03 1.677738282950738125e+00
1.746949401855468750e+03 1.972075227287256894e+03 1.673436015437417712e+00
1.746970214843750000e+03 1.974296238342509696e+03 1.672415957769843420e+00
1.746991027832031250e+03 1.975633288454670492e+03 1.673319255166781927e+00
1.747011901855468750e+03 1.975226543969555223e+03 1.672307395279722719e+00
1.747032714843750000e+03 1.972442155862628169e+03 1.675319225580270466e+00
1.747053527832031250e+03 1.973475534769780552e+03 1.679825036384012371e+00
1.747074401855468750e+03 1.975070735150816290e+03 1.687364431516412022e+00
1.747095214843750000e+03 1.976308881952149932e+03 1.693128453473314421e+00
1.747116027832031250e+03 1.976097203560240359e+03 1.699320051308694790e+00
1.747136901855468750e+03 1.973806052270627788e+03 1.703843831244381102e+00
1.747157714843750000e+03 1.976112309692179679e+03 1.709876929310429006e+00
1.747178527832031250e+03 1.976667963055281234e+03 1.708226533978423944e+00
1.747199401855468750e+03 1.976744830619944878e+03 1.704887388207715793e+00
1.747220214843750000e+03 1.975978976299807073e+03 1.700913209224842237e+00
1.747241027832031250e+03 1.976216451878577573e+03 1.697103231406904778e+00
1.747261901855468750e+03 1.974707975021739458e+03 1.689782118323725157e+00
1.747282714843750000e+03 1.974773823667920624e+03 1.684538397002921739e+00
1.747303527832031250e+03 1.974902982463112949e+03 1.678110988565553185e+00
1.747324401855468750e+03 1.975755882959376777e+03 1.673172848073940067e+00
1.747345214843750000e+03 1.975047365000404625e+03 1.671900882698855950e+00
1.747366027832031250e+03 1.976586792943225646e+03 1.672998924022449430e+00
1.747386901855468750e+03 1.973849802047314824e+03 1.676040024773374659e+00
1.747407714843750000e+03 1.975121208400105388e+03 1.686711091611225344e+00
1.747428527832031250e+03 1.975697881960437371e+03 1.691113382757908346e+00
1.747449401855468750e+03 1.975475459905560001e+03 1.701992953580621082e+00
1.747470214843750000e+03 1.974365050654322658e+03 1.708429109013034575e+00
1.747491027832031250e+03 1.974277436091914296e+03 1.718107970574147325e+00
1.747511901855468750e+03 1.976759594689607184e+03 1.729489568259239052e+00
1.747532714843750000e+03 1.976802355393017933e+03 1.738268837187949112e+00
1.747553527832031250e+03 1.976884128363998116e+03 1.748962639838758104e+00
1.747574401855468750e+03 1.977651822993045698e+03 1.759820088380979364e+00
1.747595214843750000e+03 1.975644757212090553e+03 1.768597017284010420e+00
1.747616027832031250e+03 1.974348409688198899e+03 1.774570926331195064e+00
1.747636901855468750e+03 1.975146861056702619e+03 1.780693301828704112e+00
1.747657714843750000e+03 1.974472203243652075e+03 1.785794267225639054e+00
1.747678527832031250e+03 1.971878683712775000e+03 1.790609698538120576e+00
1.747699401855468750e+03 1.974395735829109526e+03 1.798044305236425444e+00
1.747720214843750000e+03 1.973306491308546811e+03 1.806815737923855414e+00
1.747741027832031250e+03 1.976040394012219622e+03 1.821254241037765453e+00
1.747761901855468750e+03 1.974524940672803041e+03 1.836518410839393267e+00
1.747782714843750000e+03 1.973476081504669764e+03 1.854328777070144874e+00
1.747803527832031250e+03 1.973671033230196372e+03 1.873687475483326370e+00
1.747824401855468750e+03 1.972256563961674146e+03 1.889393428973823674e+00
1.747845214843750000e+03 1.976640975748995515e+03 1.906491748927019891e+00
1.747866027832031250e+03 1.969993805285273993e+03 1.918856972561071350e+00
1.747886901855468750e+03 1.974468647009238339e+03 1.929302099869228515e+00
1.747907714843750000e+03 1.972168314911741618e+03 1.935359387598975189e+00
1.747928527832031250e+03 1.972030046424051761e+03 1.938438188379618454e+00
1.747949401855468750e+03 1.966884440271066978e+03 1.939094072280077130e+00
1.747970214843750000e+03 1.972336936241566491e+03 1.941859355528312125e+00
1.747991027832031250e+03 1.970637411153261837e+03 1.941360012555373160e+00
1.748011901855468750e+03 1.967340932759987027e+03 1.945305575316333524e+00
1.748032714843750000e+03 1.972587919138486086e+03 1.951196191156977955e+00
1.748053527832031250e+03 1.967682981034378372e+03 1.952810399467472813e+00
1.748074401855468750e+03 1.970975451327490646e+03 1.962388250485907593e+00
1.748095214843750000e+03 1.973535649318913329e+03 1.974884044285335483e+00
1.748116027832031250e+03 1.973828640558758252e+03 1.988209481433578230e+00
1.748136901855468750e+03 1.972075376760174095e+03 2.001591168688922284e+00
1.748157714843750000e+03 1.971901470192687611e+03 2.013096132305367991e+00
1.748178527832031250e+03 1.970373587091373793e+03 2.022073057399977003e+00
1.748199401855468750e+03 1.972916353859543506e+03 2.024672319249634533e+00
1.748220214843750000e+03 1.976161647556132721e+03 2.026974212542672849e+00
1.748241027832031250e+03 1.973219220695698368e+03 2.019498784230398414e+00
1.748261901855468750e+03 1.971873266685817271e+03 2.013730245312169487e+00
1.748282714843750000e+03 1.972354483171334778e+03 2.007181625108170220e+00
1.748303527832031250e+03 1.971788629712211787e+03 1.999606153333169711e+00
1.748324401855468750e+03 1.972026144800981001e+03 1.994604223091614337e+00
1.748345214843750000e+03 1.972826057751249664e+03 1.996248242993139854e+00
1.748366027832031250e+03 1.976109554059073616e+03 2.002585647027772087e+00
1.748386901855468750e+03 1.975556667453126920e+03 2.015012071256236936e+00
1.748407714843750000e+03 1.973904807328508014e+03 2.030185714081568449e+00
1.748428527832031250e+03 1.970965939233278277e+03 2.048091148583302878e+00
1.748449401855468750e+03 1.972541606290754771e+03 2.069031517028445677e+00
1.748470214843750000e+03 1.970524640285081205e+03 2.090149131637877300e+00
1.748491027832031250e+03 1.969739983064275748e+03 2.109960743145702811e+00
1.748511901855468750e+03 1.970995244905012896e+03 2.133952412583261182e+00
1.748532714843750000e+03 1.969447667178504616e+03 2.158345185864674054e+00
1.748553527832031250e+03 1.969859497377589378e+03 2.182748811921803700e+00
1.748574401855468750e+03 1.970811412747443228e+03 2.210919383483638256e+00
1.748595214843750000e+03 1.968383179343025859e+03 2.239954244963778152e+00
1.748616027832031250e+03 1.971030853869875955e+03 2.267513776945510706e+00
1.748636901855468750e+03 1.974418517947066448e+03 2.293663738406122476e+00
1.748657714843750000e+03 1.972872533450059564e+03 2.325040373913091152e+00
1.748678527832031250e+03 1.972897118640648841e+03 2.352992335983485894e+00
1.748699401855468750e+03 1.973580112915862628e+03 2.383343946882326314e+00
1.748720214843750000e+03 1.969039507715377113e+03 2.414704765138629305e+00
1.748741027832031250e+03 1.971255733535423133e+03 2.452496976704731768e+00
1.748761901855468750e+03 1.974204720871217432e+03 2.488191372432427606e+00
1.748782714843750000e+03 1.972141794966622911e+03 2.527801236426896470e+00
1.748803527832031250e+03 1.965852410372111990e+03 2.571514833986448867e+00
1.748824401855468750e+03 1.967684741342854977e+03 2.617844593060391745e+00
1.748845214843750000e+03 1.966440609561286692e+03 2.653186332793499247e+00
1.748866027832031250e+03 1.958259201069615301e+03 2.685213580170183079e+00
1.748886901855468750e+03 1.967641241358151092e+03 2.713354083488783264e+00
1.748907714843750000e+03 1.968180646971346505e+03 2.734746242934548377e+00
1.748928527832031250e+03 1.962141028902531616e+03 2.751596247624754188e+00
1.748949401855468750e+03 1.967027525255934961e+03 2.766715745222493972e+00
1.748970214843750000e+03 1.966898607694811290e+03 2.779789659103480304e+00
1.748991027832031250e+03 1.965446817583089796e+03 2.795274244444371448e+00
1.749011901855468750e+03 1.968346447281683140e+03 2.815714800182720357e+00
1.749032714843750000e+03 1.970449193727656166e+03 2.837918349023646147e+00
1.749053527832031250e+03 1.964843149021487989e+03 2.857453080774150500e+00
1.749074401855468750e+03 1.973252843857344487e+03 2.879535249192614721e+00
1.749095214843750000e+03 1.971064763112814035e+03 2.902584266195088691e+00
1.749116027832031250e+03 1.979095212834401536e+03 2.928671047629728186e+00
1.749136901855468750e+03 1.971811313662537941e+03 2.952577408979833340e+00
1.749157714843750000e+03 1.967824189011784256e+03 2.970789479863390259e+00
1.749178527832031250e+03 1.969708484717046304e+03 2.985086246439395907e+00
1.749199401855468750e+03 1.969328831839626218e+03 2.997759300132884608e+00
1.749220214843750000e+03 1.971446861790504045e+03 3.002203291208909164e+00
1.749241027832031250e+03 1.972077260545631361e+03 3.004131968417331766e+00
1.749261901855468750e+03 1.970771697788319216e+03 2.995866789297192412e+00
1.749282714843750000e+03 1.972822646992843147e+03 2.985703417327353115e+00
1.749303527832031250e+03 1.970344273723661900e+03 2.972951225252767671e+00
1.749324401855468750e+03 1.968890759805621201e+03 2.960859554341797928e+00
1.749345214843750000e+03 1.980396243118209895e+03 2.955834331686150396e+00
1.749366027832031250e+03 1.975892289756497121e+03 2.955595890126873293e+00
1.749386901855468750e+03 1.972715519969022353e+03 2.960219162740333143e+00
1.749407714843750000e+03 1.974848028946531485e+03 2.974005454381008384e+00
1.749428527832031250e+03 1.970975973542090287e+03 2.986407800962537884e+00
1.749449401855468750e+03 1.974342535909278013e+03 3.001857818103219611e+00
1.749470214843750000e+03 1.966664556523581268e+03 3.015867233430167715e+00
1.749491027832031250e+03 1.968826776567186243e+03 3.034588106413445008e+00
1.749511901855468750e+03 1.971534746996579997e+03 3.056343585806732044e+00
1.749532714843750000e+03 1.975551994085430124e+03 3.083149947477873187e+00
1.749553527832031250e+03 1.973022800138047387e+03 3.112551959113478262e+00
1.749574401855468750e+03 1.975829245754392105e+03 3.144540954953968015e+00
1.749595214843750000e+03 1.975918758162448285e+03 3.178081284844076038e+00
1.749616027832031250e+03 1.977146363698642745e+03 3.214429900553329666e+00
1.749636901855468750e+03 1.978678440716115801e+03 3.252490336633235390e+00
1.749657714843750000e+03 1.976389458193805694e+03 3.284395145604916966e+00
1.749678527832031250e+03 1.971319561440812322e+03 3.316739805811291575e+00
1.749699401855468750e+03 1.974324664846453743e+03 3.352756954305085468e+00
1.749720214843750000e+03 1.978319594853679519e+03 3.389307988070793254e+00
1.749741027832031250e+03 1.978126203010398967e+03 3.425235300265168092e+00
1.749761901855468750e+03 1.984867766203076826e+03 3.458295998122821846e+00
1.749782714843750000e+03 1.988747555722244215e+03 3.493932915063742151e+00
1.749803527832031250e+03 1.979293743870161052e+03 3.530513045118991222e+00
1.749824401855468750e+03 1.979136712714434907e+03 3.566833938407736770e+00
1.749845214843750000e+03 1.981792572336211379e+03 3.600709892852090199e+00
1.749866027832031250e+03 1.982908663196392808e+03 3.623510646698623994e+00
1.749886901855468750e+03 1.983328912889477579e+03 3.630057522867059294e+00
1.749907714843750000e+03 1.985759537583593556e+03 3.621890608957144320e+00
1.749928527832031250e+03 1.984824231456253983e+03 3.602885435664644476e+00
1.749949401855468750e+03 1.984235085963728125e+03 3.574161516575576236e+00
1.749970214843750000e+03 1.981434766515250885e+03 3.539875265607127286e+00
1.749991027832031250e+03 1.985656423769882167e+03 3.500110215767779476e+00
1.750011901855468750e+03 1.981575338081200243e+03 3.458079792211885994e+00
1.750032714843750000e+03 1.978554757136696935e+03 3.415042692841936400e+00
1.750053527832031250e+03 1.977010804527193613e+03 3.373222306752687860e+00
1.750074401855468750e+03 1.976227036343339933e+03 3.329002587035237770e+00
1.750095214843750000e+03 1.969585818254772676e+03 3.279610360425600390e+00
1.750116027832031250e+03 1.976054395199886130e+03 3.228192746540001323e+00
1.750136901855468750e+03 1.969051630940446557e+03 3.170375074706279772e+00
1.750157714843750000e+03 1.976255206694169829e+03 3.108335081480078532e+00
1.750178588867187500e+03 1.970323076456252238e+03 3.042786814352135050e+00
1.750199401855468750e+03 1.972623371965220940e+03 2.972772543358044750e+00
1.750220275878906250e+03 1.970935505466190079e+03 2.895971354390305397e+00
1.750241088867187500e+03 1.971214999752788572e+03 2.815246089118562889e+00
1.750261901855468750e+03 1.971372621245693153e+03 2.728055703592856762e+00
1.750282775878906250e+03 1.974506808284866565e+03 2.633628831854369245e+00
1.750303588867187500e+03 1.972987438394653509e+03 2.517356134753223174e+00
1.750324401855468750e+03 1.974957183161493958e+03 2.385882092065483739e+00
1.750345275878906250e+03 1.973703593056842237e+03 2.244177065189076004e+00
1.751678588867187500e+03 1.965845580214381698e+03 1.435713279577362167e+00
1.751699401855468750e+03 1.965360754542070026e+03 1.434946279683243731e+00
1.751720275878906250e+03 1.965918410266523324e+03 1.433636656906441820e+00
1.751741088867187500e+03 1.966375294911701531e+03 1.437395838405221005e+00
1.751761901855468750e+03 1.960731623184112095e+03 1.432667279554129092e+00
1.751782775878906250e+03 1.964362456838171738e+03 1.433774682042888937e+00
1.751803588867187500e+03 1.965602230573272664e+03 1.434103394434639522e+00
1.751824401855468750e+03 1.963609083506671368e+03 1.433124933321818562e+00
1.751845275878906250e+03 1.964521727592821890e+03 1.433285381195159580e+00
1.751866088867187500e+03 1.967342135606180364e+03 1.435727145754894130e+00
1.751886901855468750e+03 1.965441548261034995e+03 1.434411670490324253e+00
1.751907775878906250e+03 1.965785826101081057e+03 1.435774223334520538e+00
1.751928588867187500e+03 1.964355294512621867e+03 1.436072843563610535e+00
1.751949401855468750e+03 1.967615522680600407e+03 1.440048363853598801e+00
1.751970275878906250e+03 1.967246760162856845e+03 1.434188095913872640e+00
1.751991088867187500e+03 1.965190116708792402e+03 1.433401734176402043e+00
1.752011901855468750e+03 1.963606435814078168e+03 1.433001403669480478e+00
1.752032775878906250e+03 1.965506484565901928e+03 1.435230702985281770e+00
1.752053588867187500e+03 1.967101267139063339e+03 1.434727192111340477e+00
1.752074401855468750e+03 1.964120754828737972e+03 1.434135397053537986e+00
1.752095275878906250e+03 1.965246405599755008e+03 1.433511757649747587e+00
1.752116088867187500e+03 1.964326403501242339e+03 1.432690827206943185e+00
1.752136901855468750e+03 1.967603144099140309e+03 1.435286517764582825e+00
1.752157775878906250e+03 1.966694521568363825e+03 1.434652659816388232e+00
1.752178588867187500e+03 1.969874220114331365e+03 1.434191586937178187e+00
1.752199401855468750e+03 1.965562548376883342e+03 1.433964569611765327e+00
1.752220275878906250e+03 1.968920698986789148e+03 1.436170792748624914e+00
1.752241088867187500e+03 1.966259934769910615e+03 1.434793744433516816e+00
1.752261901855468750e+03 1.968305637553062525e+03 1.435107852989849331e+00
1.752282775878906250e+03 1.963726938369492018e+03 1.432514751285143273e+00
1.752303588867187500e+03 1.967204279551504214e+03 1.434119853013553714e+00
1.752324401855468750e+03 1.966868522823451713e+03 1.435377378253649194e+00
1.752345275878906250e+03 1.966962921590930364e+03 1.433241632026905021e+00
1.752366088867187500e+03 1.966433297559826542e+03 1.433430176427847424e+00
1.752386901855468750e+03 1.967922596523596667e+03 1.433870044661445853e+00
1.752407775878906250e+03 1.967221920028153136e+03 1.435619201914164700e+00
1.752428588867187500e+03 1.968070527783769194e+03 1.434638700160060676e+00
1.752449401855468750e+03 1.968362934857904520e+03 1.434209374400163828e+00
1.752470275878906250e+03 1.966876889742110052e+03 1.438941233078480542e+00
1.752491088867187500e+03 1.966455315580895785e+03 1.433814008459640688e+00
1.752511901855468750e+03 1.968128863589530738e+03 1.434501921579663497e+00
1.752532775878906250e+03 1.966626580488198670e+03 1.438301443510425770e+00
1.752553588867187500e+03 1.967727597152104863e+03 1.435032343616244654e+00
1.752574401855468750e+03 1.966941428274384634e+03 1.434836283127121082e+00
1.752595275878906250e+03 1.966960072551256872e+03 1.433126846491958650e+00
1.752616088867187500e+03 1.967866428329640257e+03 1.434691879076330778e+00
1.752636901855468750e+03 1.968657988072910712e+03 1.435228792619597238e+00
1.752657775878906250e+03 1.968735740988303860e+03 1.434713814805048893e+00
1.752678588867187500e+03 1.965346701093576712e+03 1.433034096391390122e+00
1.752699401855468750e+03 1.969292598297979339e+03 1.434751121391606654e+00
1.752720275878906250e+03 1.965787367905237488e+03 1.433149721154506340e+00
1.752741088867187500e+03 1.970873305522716919e+03 1.434777709012718505e+00
1.752761901855468750e+03 1.967451351174267984e+03 1.434282101217896122e+00
1.752782775878906250e+03 1.969241089548562968e+03 1.434896350267413023e+00
1.752803588867187500e+03 1.964215624863487619e+03 1.434399869283530915e+00
1.752824401855468750e+03 1.968949929820772468e+03 1.441536998246185197e+00
1.752845275878906250e+03 1.969072756913053809e+03 1.436418375183801999e+00
1.752866088867187500e+03 1.967233968740900764e+03 1.435117737861269616e+00
1.752886901855468750e+03 1.968429903412874410e+03 1.435081105349333308e+00
1.752907775878906250e+03 1.967940875669081834e+03 1.440484969807803051e+00
1.752928588867187500e+03 1.967584964727743227e+03 1.436831443229316774e+00
1.752949401855468750e+03 1.967420752257560252e+03 1.435490738166844693e+00
1.752970275878906250e+03 1.969921200173561601e+03 1.437166838807432567e+00
1.752991088867187500e+03 1.968859281788412773e+03 1.437654652776536812e+00
1.753011901855468750e+03 1.971894670189173667e+03 1.442857296227388897e+00
1.753032775878906250e+03 1.971181644051338708e+03 1.439151975685213136e+00
1.753053588867187500e+03 1.967591873004007311e+03 1.437626459944699953e+00
1.753074401855468750e+03 1.970221320569251020e+03 1.438473661980485430e+00
1.753095275878906250e+03 1.968523665369022638e+03 1.437859200090422007e+00
1.753116088867187500e+03 1.968913521330046706e+03 1.440136192292192030e+00
1.753136901855468750e+03 1.969695460765231701e+03 1.442135179424044900e+00
1.753157775878906250e+03 1.967526607885274643e+03 1.438795003974264519e+00
1.753178588867187500e+03 1.968886577519450839e+03 1.440427452990851620e+00
1.753199401855468750e+03 1.971087552673679511e+03 1.441161261520640391e+00
1.753220275878906250e+03 1.970730907347921175e+03 1.440734044910886080e+00
1.753241088867187500e+03 1.969174540369446277e+03 1.440321930556275776e+00
1.753261901855468750e+03 1.968940506779816587e+03 1.439523682230223089e+00
1.753282775878906250e+03 1.968564792183790587e+03 1.439248721388712182e+00
1.753303588867187500e+03 1.968965980794907864e+03 1.439844624296058528e+00
1.753324401855468750e+03 1.968961292778400093e+03 1.441711641539904054e+00
1.753345275878906250e+03 1.970483784826800274e+03 1.440182546330204039e+00
1.753366088867187500e+03 1.972089831471407479e+03 1.444061480193447711e+00
1.753386901855468750e+03 1.969188208989567102e+03 1.441870472491249444e+00
1.753407775878906250e+03 1.970437055754632183e+03 1.441799782063032165e+00
1.753428588867187500e+03 1.969745593961507893e+03 1.441761582985710444e+00
1.753449401855468750e+03 1.970344640024009777e+03 1.443428750235644875e+00
1.753470275878906250e+03 1.970646141968533584e+03 1.440682909416016733e+00
1.753491088867187500e+03 1.970327847701675864e+03 1.441881633821000319e+00
1.753511901855468750e+03 1.970688813994817338e+03 1.442872085183669606e+00
1.753532775878906250e+03 1.970230836158595821e+03 1.441353649637296286e+00
1.753553588867187500e+03 1.970137050953099561e+03 1.442510331908566812e+00
1.753574401855468750e+03 1.972048711348456891e+03 1.443702336965414501e+00
1.753595275878906250e+03 1.970097275144285277e+03 1.444420369061730103e+00
1.753616088867187500e+03 1.970404630047650926e+03 1.443460546104322839e+00
1.753636901855468750e+03 1.973301457116015854e+03 1.444813575202643197e+00
1.753657775878906250e+03 1.972423297783588623e+03 1.445370399758753699e+00
1.753678588867187500e+03 1.972893543519398236e+03 1.445736137369850294e+00
1.753699401855468750e+03 1.969515070303397579e+03 1.443907513633912343e+00
1.753720275878906250e+03 1.970970346915640448e+03 1.444859944192273149e+00
1.753741088867187500e+03 1.971577448341286527e+03 1.446028001342682945e+00
1.753761901855468750e+03 1.969004389704871301e+03 1.447830234207367672e+00
1.753782775878906250e+03 1.969557135433351732e+03 1.445076588115667748e+00
1.753803588867187500e+03 1.971358069974300633e+03 1.447035221596521426e+00
1.753824401855468750e+03 1.971546797005813914e+03 1.447712405865980934e+00
1.753845275878906250e+03 1.973477729475445585e+03 1.448719853901329957e+00
1.753866088867187500e+03 1.968500600052667551e+03 1.448385981329726846e+00
1.753886901855468750e+03 1.971240007172411651e+03 1.453373877429339878e+00
1.753907775878906250e+03 1.971129592286150000e+03 1.447053427848078888e+00
1.753928588867187500e+03 1.969299458128808510e+03 1.446000548851996026e+00
1.753949401855468750e+03 1.972823061223738478e+03 1.448604813575568251e+00
1.753970275878906250e+03 1.969135788303190566e+03 1.446022065713182370e+00
1.753991088867187500e+03 1.971004008148643834e+03 1.446560377678557607e+00
1.754011901855468750e+03 1.971967862459827302e+03 1.449212827439043672e+00
1.754032775878906250e+03 1.972815286371979028e+03 1.448707428669586905e+00
1.754053588867187500e+03 1.972139783526919700e+03 1.451748349679699013e+00
1.754074401855468750e+03 1.973054948311472117e+03 1.449382680171014126e+00
1.754095275878906250e+03 1.973833730443373497e+03 1.450677594994539410e+00
1.754116088867187500e+03 1.972373814520438827e+03 1.452016674392630158e+00
1.754136901855468750e+03 1.971003702255510007e+03 1.447639859678531371e+00
1.754157775878906250e+03 1.969542957432323647e+03 1.452236519189993080e+00
1.754178588867187500e+03 1.973840629252809777e+03 1.448620119896869118e+00
1.754199401855468750e+03 1.972429999939397021e+03 1.448176417847660824e+00
1.754220275878906250e+03 1.971932323229082840e+03 1.448164317223344266e+00
1.754241088867187500e+03 1.971614532104490763e+03 1.448876517879456927e+00
1.754261901855468750e+03 1.971537783150252153e+03 1.447063231119424254e+00
1.754282775878906250e+03 1.970367315855848119e+03 1.446507058209137275e+00
1.754303649902343750e+03 1.972280904017615057e+03 1.447591191583393444e+00
1.754324462890625000e+03 1.970874556642903144e+03 1.447194374379515702e+00
1.754345275878906250e+03 1.971372389869720337e+03 1.447424505370047854e+00
1.754366149902343750e+03 1.969663087934548457e+03 1.447703924490300942e+00
1.754386962890625000e+03 1.972907455427007108e+03 1.450078005172340534e+00
1.754407775878906250e+03 1.970767927458666463e+03 1.447844066675085806e+00
1.754428649902343750e+03 1.970007647948190652e+03 1.447546392431965590e+00
1.754449462890625000e+03 1.971524643127031140e+03 1.448080433244939069e+00
1.754470275878906250e+03 1.971462666296009047e+03 1.448237742586317767e+00
1.754491149902343750e+03 1.971003038248111579e+03 1.448722569335137100e+00
1.754511962890625000e+03 1.974608081648387724e+03 1.449008813340241675e+00
1.754532775878906250e+03 1.971716108786010864e+03 1.449730302129873527e+00
1.754553649902343750e+03 1.971071770967525254e+03 1.448999434582249224e+00
1.754574462890625000e+03 1.970802328069425130e+03 1.449685898007171625e+00
1.754595275878906250e+03 1.968662670744123716e+03 1.450786719160396698e+00
1.754616149902343750e+03 1.973816049717935812e+03 1.451188057851599877e+00
1.754636962890625000e+03 1.972427069667939577e+03 1.451670421123941734e+00
1.754657775878906250e+03 1.970559141663785567e+03 1.450642259356222930e+00
1.754678649902343750e+03 1.971443142705940318e+03 1.452908243399772870e+00
1.754699462890625000e+03 1.970462589880830137e+03 1.450938559011499596e+00
1.754720275878906250e+03 1.970410346089822269e+03 1.452556211660900987e+00
1.754741149902343750e+03 1.972188632645071266e+03 1.450944145889064174e+00
1.754761962890625000e+03 1.969724100572126190e+03 1.452999724863949238e+00
1.754782775878906250e+03 1.971456081503500400e+03 1.451073295356266168e+00
1.754803649902343750e+03 1.970350191340579840e+03 1.453883557601196141e+00
1.754824462890625000e+03 1.969637505710613368e+03 1.452865249224292166e+00
1.754845275878906250e+03 1.972227597157267610e+03 1.455679668023991402e+00
1.754866149902343750e+03 1.969914891598448321e+03 1.455794722480499681e+00
1.754886962890625000e+03 1.969960277356816277e+03 1.452519034098463946e+00
1.754907775878906250e+03 1.970689317343339326e+03 1.451353819006146351e+00
1.754928649902343750e+03 1.971677117741550546e+03 1.451113467369548715e+00
1.754949462890625000e+03 1.971551470869011609e+03 1.451563991385721231e+00
1.754970275878906250e+03 1.970837065072679025e+03 1.450745305533786667e+00
1.754991149902343750e+03 1.969919409965961677e+03 1.451042323535661982e+00
1.755011962890625000e+03 1.971566442384130596e+03 1.451421580131522004e+00
1.755032775878906250e+03 1.972289931758654348e+03 1.451870120069469916e+00
1.755053649902343750e+03 1.973485147012799189e+03 1.454011954062958578e+00
1.755074462890625000e+03 1.971254138150157360e+03 1.453102111636147331e+00
1.755095275878906250e+03 1.972517146315723949e+03 1.457684899538361556e+00
1.755116149902343750e+03 1.972419655278000391e+03 1.455173238423471238e+00
1.755136962890625000e+03 1.971359584477864473e+03 1.455192653577903172e+00
1.755157775878906250e+03 1.969932988823944697e+03 1.453591220676780704e+00
1.755178649902343750e+03 1.973195748511368947e+03 1.452825700023384625e+00
1.755199462890625000e+03 1.970706409431280917e+03 1.451574667560346255e+00
1.755220275878906250e+03 1.972434027003926303e+03 1.452126354673006103e+00
1.755241149902343750e+03 1.969365372460472599e+03 1.450813177247387120e+00
1.755261962890625000e+03 1.970649098504944277e+03 1.449810719467867548e+00
1.755282775878906250e+03 1.972669862343405157e+03 1.450603142622569397e+00
1.755303649902343750e+03 1.972663344307143007e+03 1.449969320959247909e+00
1.755324462890625000e+03 1.971525483596012236e+03 1.449168325199862162e+00
1.755345275878906250e+03 1.972752497838326462e+03 1.453679542966160643e+00
1.755366149902343750e+03 1.971641798547608914e+03 1.449457606453280700e+00
1.755386962890625000e+03 1.971571492114706871e+03 1.455465830924382642e+00
1.755407775878906250e+03 1.971951217800621180e+03 1.456373541834759866e+00
1.755428649902343750e+03 1.970373842703508217e+03 1.451276937098390896e+00
1.755449462890625000e+03 1.970186654095941321e+03 1.450720078796918111e+00
1.755470275878906250e+03 1.969782588542371741e+03 1.452285195781625626e+00
1.755491149902343750e+03 1.973497220451797375e+03 1.452494987177118668e+00
1.755511962890625000e+03 1.971481287514470750e+03 1.453443758878680825e+00
1.755532775878906250e+03 1.971415231674467805e+03 1.452842028558397169e+00
1.755553649902343750e+03 1.970422176599500062e+03 1.453078648638058912e+00
1.755574462890625000e+03 1.970987656437638861e+03 1.454786519778930698e+00
1.755595275878906250e+03 1.972151158253769154e+03 1.454855923680070884e+00
1.755616149902343750e+03 1.970013542656608934e+03 1.454039583236694577e+00
1.755636962890625000e+03 1.970103825544243591e+03 1.457426534014933273e+00
1.755657775878906250e+03 1.971143810694956755e+03 1.456623992047492600e+00
1.755678649902343750e+03 1.970931727364654307e+03 1.455568289923512726e+00
1.755699462890625000e+03 1.969501032946338455e+03 1.457327232263142758e+00
1.755720275878906250e+03 1.972595975170610700e+03 1.456641832935817504e+00
1.755741149902343750e+03 1.971220304446609589e+03 1.456036839417354400e+00
1.755761962890625000e+03 1.973229337214856059e+03 1.458543498926202053e+00
1.755782775878906250e+03 1.971871195869584426e+03 1.458194217404316317e+00
1.755803649902343750e+03 1.971600544329607374e+03 1.460198036767475616e+00
1.755824462890625000e+03 1.971774622792256650e+03 1.461902483306263933e+00
1.755845275878906250e+03 1.970283471718672672e+03 1.462060669993033635e+00
1.755866149902343750e+03 1.970403827463431071e+03 1.460871077878832303e+00
1.755886962890625000e+03 1.972585917087489861e+03 1.460870588269675086e+00
1.755907775878906250e+03 1.970658126800874470e+03 1.458493805185265169e+00
1.755928649902343750e+03 1.974134509674836181e+03 1.462857458657950138e+00
1.755949462890625000e+03 1.970987575113086223e+03 1.457043031537488043e+00
1.755970275878906250e+03 1.970073479573579789e+03 1.456521116240490077e+00
1.755991149902343750e+03 1.967933407874676277e+03 1.455130311170928614e+00
1.756011962890625000e+03 1.970479410492456964e+03 1.455586225649199594e+00
1.756032775878906250e+03 1.974195903312199107e+03 1.458632910702835073e+00
1.756053649902343750e+03 1.971226420871528489e+03 1.458858213880981580e+00
1.756074462890625000e+03 1.970484733759498795e+03 1.458706626345330104e+00
1.756095275878906250e+03 1.973280601141142142e+03 1.461076943989581434e+00
1.756116149902343750e+03 1.970844654136109057e+03 1.463024179145388626e+00
1.756136962890625000e+03 1.973214808436446901e+03 1.464116600120000111e+00
1.756157775878906250e+03 1.970702515125437003e+03 1.460379019490987584e+00
1.756178649902343750e+03 1.972316612222597087e+03 1.460104801910553141e+00
1.756199462890625000e+03 1.968779486520654473e+03 1.460190036111340461e+00
1.756220275878906250e+03 1.971909586355006013e+03 1.457662818804748683e+00
1.756241149902343750e+03 1.970500783462931849e+03 1.455037325088646361e+00
1.756261962890625000e+03 1.971755468342030781e+03 1.454383879053727346e+00
1.756282775878906250e+03 1.971955961472724994e+03 1.453503467126574966e+00
1.756303649902343750e+03 1.971463456165168054e+03 1.453444086952678349e+00
1.756324462890625000e+03 1.971894052124257087e+03 1.453593352940109495e+00
1.756345275878906250e+03 1.974278507821187532e+03 1.455651251039028704e+00
1.756366149902343750e+03 1.971045309943400753e+03 1.456553117369521866e+00
1.756386962890625000e+03 1.974283964273291758e+03 1.454752922840528706e+00
1.756407775878906250e+03 1.971909233311990647e+03 1.455340593462903787e+00
1.756428649902343750e+03 1.972381409640612674e+03 1.458507454786057700e+00
1.756449462890625000e+03 1.972847293739057704e+03 1.459480497480190486e+00
1.756470275878906250e+03 1.972581940249843228e+03 1.459912680144134445e+00
1.756491149902343750e+03 1.972339971967122892e+03 1.458871451505519889e+00
1.756511962890625000e+03 1.970640209592909514e+03 1.458621877553345270e+00
1.756532775878906250e+03 1.971481208312439549e+03 1.459519131259655378e+00
1.756553649902343750e+03 1.970460640435577034e+03 1.459378721571430892e+00
1.756574462890625000e+03 1.971682843046970902e+03 1.463136700661212153e+00
1.756595275878906250e+03 1.970183013497262436e+03 1.467708786729030157e+00
1.756616149902343750e+03 1.973510228207116825e+03 1.461820937091106165e+00
1.756636962890625000e+03 1.972334618258824321e+03 1.461128344794792033e+00
1.756657775878906250e+03 1.973540503484745614e+03 1.469259295530384479e+00
1.756678649902343750e+03 1.973627881970444832e+03 1.463418740464473844e+00
1.756699462890625000e+03 1.971806601139806844e+03 1.463246606517502046e+00
1.756720275878906250e+03 1.972826577646761280e+03 1.467933671419500374e+00
1.756741149902343750e+03 1.971709459567953900e+03 1.466073539762900113e+00
1.756761962890625000e+03 1.971931238407081082e+03 1.464765704301102200e+00
1.756782775878906250e+03 1.974985725283764850e+03 1.468410046782138600e+00
1.756803649902343750e+03 1.974275671006041193e+03 1.469345053396428069e+00
1.756824462890625000e+03 1.975148169538547563e+03 1.471205829355951344e+00
1.756845275878906250e+03 1.973585790829098187e+03 1.470577158605709478e+00
1.756866149902343750e+03 1.971135590490822096e+03 1.469719262596073994e+00
1.756886962890625000e+03 1.972433666758111940e+03 1.469401843930353557e+00
1.756907775878906250e+03 1.974866886722899835e+03 1.468897791792384666e+00
1.756928649902343750e+03 1.972120646911071162e+03 1.467706593750932820e+00
1.756949462890625000e+03 1.972667832469487621e+03 1.464908201707093571e+00
1.756970275878906250e+03 1.971030079577930337e+03 1.463338337776009190e+00
1.756991149902343750e+03 1.972800612864743016e+03 1.463467452406417513e+00
1.757011962890625000e+03 1.973650601873880078e+03 1.464699944113056151e+00
1.757032775878906250e+03 1.974591325899777758e+03 1.464954260154385235e+00
1.757053649902343750e+03 1.972471625715759956e+03 1.466617903476765905e+00
1.757074462890625000e+03 1.973133378205478266e+03 1.467721213543023095e+00
1.757095275878906250e+03 1.972829839948208473e+03 1.472421966453958619e+00
1.757116149902343750e+03 1.971282203026281195e+03 1.471901859759193743e+00
1.757136962890625000e+03 1.973011539249708676e+03 1.469850330907802149e+00
1.757157775878906250e+03 1.971149026899592172e+03 1.469428291344191395e+00
1.757178649902343750e+03 1.974448535934420306e+03 1.467796828032186252e+00
1.757199462890625000e+03 1.971337671548792059e+03 1.466864004008586964e+00
1.757220275878906250e+03 1.972982724562351677e+03 1.462525753870424383e+00
1.757241149902343750e+03 1.972034740722395327e+03 1.462255688989340108e+00
1.757261962890625000e+03 1.972127431259457126e+03 1.467808929237601312e+00
1.757282775878906250e+03 1.973404701793243476e+03 1.460656042067032478e+00
1.757303649902343750e+03 1.974684649878659457e+03 1.459592557125293011e+00
1.757324462890625000e+03 1.974020310695771741e+03 1.461259938933131552e+00
1.757345275878906250e+03 1.971886790176295108e+03 1.460314857681823453e+00
1.757366149902343750e+03 1.973999860209708004e+03 1.462788678883738980e+00
1.757386962890625000e+03 1.972401368266116151e+03 1.463030616163512487e+00
1.757407775878906250e+03 1.973434604949433606e+03 1.464942704990966460e+00
1.757428649902343750e+03 1.974372074904644478e+03 1.467659565765394358e+00
1.757449462890625000e+03 1.973957572651591363e+03 1.466542472060450741e+00
1.757470275878906250e+03 1.971341715495073913e+03 1.467728848265455133e+00
1.757491149902343750e+03 1.976846519344339868e+03 1.468942751309718853e+00
1.757511962890625000e+03 1.973956187506373681e+03 1.468252787738883569e+00
1.757553649902343750e+03 1.971963347233236391e+03 1.469047272811616844e+00
1.757574462890625000e+03 1.972771654280355051e+03 1.474528046443103202e+00
1.757595275878906250e+03 1.975175569956511936e+03 1.471240428028066649e+00
1.757616149902343750e+03 1.976629188637622292e+03 1.471909877744525641e+00
1.757636962890625000e+03 1.974912601828742481e+03 1.472208293912887100e+00
1.757657775878906250e+03 1.975183950110236310e+03 1.472287159613211660e+00
1.757678649902343750e+03 1.974922854354238780e+03 1.480423657377260893e+00
1.757699462890625000e+03 1.974456346023273909e+03 1.474986693758671308e+00
1.757720275878906250e+03 1.975198877371779417e+03 1.476718631946598137e+00
1.757741149902343750e+03 1.976513909136228449e+03 1.482296261095587875e+00
1.757761962890625000e+03 1.975765203828379299e+03 1.480484451573027327e+00
1.757782775878906250e+03 1.976152576088898286e+03 1.483693980546991753e+00
1.757803649902343750e+03 1.975384977861194557e+03 1.484702626261479530e+00
1.757824462890625000e+03 1.975406669211448161e+03 1.486919751514057753e+00
1.757845275878906250e+03 1.975617564094321324e+03 1.488393223672812349e+00
1.757866149902343750e+03 1.974271803310075484e+03 1.488043818720774514e+00
1.757886962890625000e+03 1.974893360705053055e+03 1.486242063740170094e+00
1.757907775878906250e+03 1.973925265522866539e+03 1.485365848108899822e+00
1.757928649902343750e+03 1.975833434568954090e+03 1.486127601761794148e+00
1.757949462890625000e+03 1.975834089450500642e+03 1.483810638756924538e+00
1.757970275878906250e+03 1.975951331955581054e+03 1.482669211600427195e+00
1.757991149902343750e+03 1.975579745306856466e+03 1.482064466652172507e+00
1.758011962890625000e+03 1.974712613450491972e+03 1.483936927802047778e+00
1.758032775878906250e+03 1.982852826004455437e+03 1.486120943926232396e+00
1.758053649902343750e+03 1.977304521729460703e+03 1.487790324625358096e+00
1.758074462890625000e+03 1.973601073647683961e+03 1.489676794930323789e+00
1.758095275878906250e+03 1.975500016376476424e+03 1.489973332851307175e+00
1.758116149902343750e+03 1.976629122046383600e+03 1.491973621958510021e+00
1.758136962890625000e+03 1.975289253481271771e+03 1.491336679809276200e+00
1.758157775878906250e+03 1.973386894444615109e+03 1.487762841475816833e+00
1.758178649902343750e+03 1.976125679545117009e+03 1.488412766139973531e+00
1.758199462890625000e+03 1.976107889220183097e+03 1.487230866391670903e+00
1.758220275878906250e+03 1.975153759664577137e+03 1.481928686796859518e+00
1.758241149902343750e+03 1.976341739524192917e+03 1.480367692301405969e+00
1.758261962890625000e+03 1.978011399218746419e+03 1.484294045901035641e+00
1.758282775878906250e+03 1.975100478009758717e+03 1.478670986383066044e+00
1.758303649902343750e+03 1.974468375442658044e+03 1.479437073540280645e+00
1.758324462890625000e+03 1.974195608129154607e+03 1.480844414790645880e+00
1.758345275878906250e+03 1.974492885159085290e+03 1.482923902662043547e+00
1.758366149902343750e+03 1.975394802408620990e+03 1.486022035458480106e+00
1.758386962890625000e+03 1.975533480314061308e+03 1.487009862080792333e+00
1.758407775878906250e+03 1.973791544922674348e+03 1.489423178575084883e+00
1.758428649902343750e+03 1.975402574200596746e+03 1.489198337055213317e+00
1.758449462890625000e+03 1.974219374752738076e+03 1.492042414617158697e+00
1.758470275878906250e+03 1.975765032335678143e+03 1.490719057710404361e+00
1.758491149902343750e+03 1.975337460455926021e+03 1.491409977967692146e+00
1.758511962890625000e+03 1.972902287153339557e+03 1.491105571189502710e+00
1.758532775878906250e+03 1.976220271864566257e+03 1.494643581733326121e+00
1.758553649902343750e+03 1.978090692267236136e+03 1.496412118846660588e+00
1.758574462890625000e+03 1.977682032360314452e+03 1.496912241812903055e+00
1.758595275878906250e+03 1.973706680876734708e+03 1.495060656155905665e+00
1.758616149902343750e+03 1.975602133961164782e+03 1.497630871004034026e+00
1.758636962890625000e+03 1.977245429937232075e+03 1.499129519607574679e+00
1.758657775878906250e+03 1.978087211011487852e+03 1.500975212339787923e+00
1.758678649902343750e+03 1.973460357700900431e+03 1.501887564350583348e+00
1.758699462890625000e+03 1.974397699714203782e+03 1.506057350216692070e+00
1.758720275878906250e+03 1.976350892576451770e+03 1.509209415680616617e+00
1.758741149902343750e+03 1.978145118159511640e+03 1.513980484543151039e+00
1.758761962890625000e+03 1.975763371742647450e+03 1.516382244535245061e+00
1.758782775878906250e+03 1.975830911170188756e+03 1.522007432380604985e+00
1.758803649902343750e+03 1.977384246699195046e+03 1.523489378999471233e+00
1.758824462890625000e+03 1.976080455408379294e+03 1.525730461529297477e+00
1.758845275878906250e+03 1.974871610125813731e+03 1.528327566501355150e+00
1.758866149902343750e+03 1.976293961500375190e+03 1.529291262561540465e+00
1.758886962890625000e+03 1.975190008053451947e+03 1.528151978798704569e+00
1.758907775878906250e+03 1.977492267750298652e+03 1.527019495581662278e+00
1.758928649902343750e+03 1.976951029167591059e+03 1.526377106168788744e+00
1.758949462890625000e+03 1.977135314057259620e+03 1.523854829407046196e+00
1.758970275878906250e+03 1.977301572101415786e+03 1.522435881168092475e+00
1.758991149902343750e+03 1.977489007959569335e+03 1.521755444101591470e+00
1.759011962890625000e+03 1.975814863705619700e+03 1.521386590246680770e+00
1.759032775878906250e+03 1.977681922954523088e+03 1.525015927841305352e+00
1.759053649902343750e+03 1.977840802845125381e+03 1.526265654112621384e+00
1.759074462890625000e+03 1.978614292231524814e+03 1.528415469781237768e+00
1.759095275878906250e+03 1.975461119547459930e+03 1.529746037143462578e+00
1.759116149902343750e+03 1.977501906084319216e+03 1.530627221339129873e+00
1.759136962890625000e+03 1.977077350556642614e+03 1.530205039204098005e+00
1.759157775878906250e+03 1.976126943238520198e+03 1.528176083325262224e+00
1.759178649902343750e+03 1.977236057790648829e+03 1.525139352028554551e+00
1.759199462890625000e+03 1.974396481624629359e+03 1.522743340825432057e+00
1.759220275878906250e+03 1.977566362704370022e+03 1.524715572160515897e+00
1.759241149902343750e+03 1.977152181055793335e+03 1.522098520145557687e+00
1.759261962890625000e+03 1.976153495092122739e+03 1.520326146596761241e+00
1.759282775878906250e+03 1.979542008046160390e+03 1.518437244252750284e+00
1.759303649902343750e+03 1.977272159307337915e+03 1.518862226444894770e+00
1.759324462890625000e+03 1.977278420136127352e+03 1.521555437379915388e+00
1.759345275878906250e+03 1.977280775288825225e+03 1.524182650922189408e+00
1.759366149902343750e+03 1.977064568836999570e+03 1.524897575065590427e+00
1.759386962890625000e+03 1.976832041452312751e+03 1.527916062001834385e+00
1.759407775878906250e+03 1.978529417802461467e+03 1.530110850214284834e+00
1.759428649902343750e+03 1.975832060039670978e+03 1.530724883054606522e+00
1.759449462890625000e+03 1.978705910878054510e+03 1.533028095726953088e+00
1.759470275878906250e+03 1.976117013504660008e+03 1.531746608625156325e+00
1.759491149902343750e+03 1.976012824542463022e+03 1.531461739984109505e+00
1.759511962890625000e+03 1.979085819893193275e+03 1.534756984671808322e+00
1.759532775878906250e+03 1.977791923028338260e+03 1.536133433327910192e+00
1.759553649902343750e+03 1.977178528136488694e+03 1.539009829166942289e+00
1.759574462890625000e+03 1.974326415331363478e+03 1.543120712329937971e+00
1.759595275878906250e+03 1.975226142921384053e+03 1.545646565028886421e+00
1.759616149902343750e+03 1.977872029210022447e+03 1.547230381071873939e+00
1.759636962890625000e+03 1.975186163044569639e+03 1.549816148375432023e+00
1.759657775878906250e+03 1.976694273655161851e+03 1.552337327011789059e+00
1.759678649902343750e+03 1.977095386305580178e+03 1.553217437265280942e+00
1.759699462890625000e+03 1.977941332405462617e+03 1.556859172187756490e+00
1.759720275878906250e+03 1.978004767691145844e+03 1.560806501082895981e+00
1.759741149902343750e+03 1.974783568665482107e+03 1.565653099066786069e+00
1.759761962890625000e+03 1.979787912961020538e+03 1.576369262588074749e+00
1.759782775878906250e+03 1.975924679187782658e+03 1.577398756257489820e+00
1.759803649902343750e+03 1.979767381941754593e+03 1.587918251989062668e+00
1.759824462890625000e+03 1.979066767447838629e+03 1.592853518401866397e+00
1.759845275878906250e+03 1.976328306891020475e+03 1.596048082024177805e+00
1.759866149902343750e+03 1.978675433445477211e+03 1.598840624259221244e+00
1.759886962890625000e+03 1.975667985219327420e+03 1.598064864679091146e+00
1.759907775878906250e+03 1.975598079648038947e+03 1.595200047279862199e+00
1.759928649902343750e+03 1.978444765235015439e+03 1.592855913282722691e+00
1.759949462890625000e+03 1.977679442775742700e+03 1.587808116538159675e+00
1.759970336914062500e+03 1.979822216291275708e+03 1.581723783779528381e+00
1.759991149902343750e+03 1.977122730954302369e+03 1.578812251249281484e+00
1.760012023925781250e+03 1.977693053497950586e+03 1.578714166326688595e+00
1.760032836914062500e+03 1.977981422632336944e+03 1.581778499051702092e+00
1.760053649902343750e+03 1.978573567809662109e+03 1.586237911842646398e+00
1.760074523925781250e+03 1.975060410612099531e+03 1.590823909411219095e+00
1.760095336914062500e+03 1.978740436459518151e+03 1.595248546308540405e+00
1.760116149902343750e+03 1.978629191192701001e+03 1.600370978024616253e+00
1.760137023925781250e+03 1.977908484873777979e+03 1.600575808387717736e+00
1.760157836914062500e+03 1.980502035622449966e+03 1.602114326498046193e+00
1.760178649902343750e+03 1.978553760531309763e+03 1.595477122033714279e+00
1.760199523925781250e+03 1.978411836633133589e+03 1.591217422331667297e+00
1.760220336914062500e+03 1.980398510318872923e+03 1.590268015195299700e+00
1.760241149902343750e+03 1.977486406743716998e+03 1.586655627994979945e+00
1.760262023925781250e+03 1.979365846827698988e+03 1.582922790239697619e+00
1.760282836914062500e+03 1.977548100482359132e+03 1.584426535947609516e+00
1.760303649902343750e+03 1.979699711003893299e+03 1.583662007332956367e+00
1.760324523925781250e+03 1.979630745174504227e+03 1.586591613875085960e+00
1.760345336914062500e+03 1.977411551670359586e+03 1.592050057151378706e+00
1.760366149902343750e+03 1.978686854017192218e+03 1.597516564416151530e+00
1.760387023925781250e+03 1.977862272350383591e+03 1.599195713311499789e+00
1.760407836914062500e+03 1.979306977028230449e+03 1.603862023428996197e+00
1.760428649902343750e+03 1.980371142865622005e+03 1.608927395990903175e+00
1.760449523925781250e+03 1.975263909783698182e+03 1.610326393166707337e+00
1.760470336914062500e+03 1.976521863380178729e+03 1.613567557803385233e+00
1.760491149902343750e+03 1.977246764563020861e+03 1.618999037861906354e+00
1.760512023925781250e+03 1.975038579728339300e+03 1.627637483382965211e+00
1.760532836914062500e+03 1.975620614259303238e+03 1.633199472521365880e+00
1.760553649902343750e+03 1.978579299780649762e+03 1.636795078582673701e+00
1.760574523925781250e+03 1.973627854290234154e+03 1.643018375505254314e+00
1.760595336914062500e+03 1.974854137034628820e+03 1.648378271693110353e+00
1.760616149902343750e+03 1.974602087075037161e+03 1.653112642930688159e+00
1.760637023925781250e+03 1.976006335749146729e+03 1.658294207943658893e+00
1.760657836914062500e+03 1.974207599529364870e+03 1.660670158280467046e+00
1.760678649902343750e+03 1.974552241925935505e+03 1.665281180847667075e+00
1.760699523925781250e+03 1.975278463610816743e+03 1.672202318896148121e+00
1.760720336914062500e+03 1.972584205971270876e+03 1.680253470236905633e+00
1.760741149902343750e+03 1.972250258535754256e+03 1.689270997566584720e+00
1.760762023925781250e+03 1.974051171052213704e+03 1.703177075071130586e+00
1.760782836914062500e+03 1.973369288977540236e+03 1.715202346186492255e+00
1.760803649902343750e+03 1.974764937672954602e+03 1.728246083768747221e+00
1.760824523925781250e+03 1.969873717193728680e+03 1.740598287326058147e+00
1.760845336914062500e+03 1.974042217001107929e+03 1.749344498619544108e+00
1.760866149902343750e+03 1.970677711101146997e+03 1.755231598681950667e+00
1.760887023925781250e+03 1.972560214445536076e+03 1.756097660720506992e+00
1.760907836914062500e+03 1.974072731800518795e+03 1.754116190216573834e+00
1.760928649902343750e+03 1.973929918621451179e+03 1.752075803410167998e+00
1.760949523925781250e+03 1.972105646109903773e+03 1.745117050879611220e+00
1.760970336914062500e+03 1.975212448073341420e+03 1.743721735462013589e+00
1.760991149902343750e+03 1.972864790890747372e+03 1.738863249655066001e+00
1.761012023925781250e+03 1.973971628663141928e+03 1.741966473025744477e+00
1.761032836914062500e+03 1.973919998992485489e+03 1.748919016896189227e+00
1.761053649902343750e+03 1.973721402035912433e+03 1.760790798301172355e+00
1.761074523925781250e+03 1.973735730673024591e+03 1.775662274451123013e+00
1.761095336914062500e+03 1.973406258718731806e+03 1.790131561836238561e+00
1.761116149902343750e+03 1.974257077973639298e+03 1.798449017631179592e+00
1.761137023925781250e+03 1.972625022085062028e+03 1.803423285976112345e+00
1.761157836914062500e+03 1.971235247701952630e+03 1.807746177782194374e+00
1.761178649902343750e+03 1.974885893453543758e+03 1.808304765654363155e+00
1.761199523925781250e+03 1.973168552503128012e+03 1.798728451364476122e+00
1.761220336914062500e+03 1.975730030942847861e+03 1.791607375235855448e+00
1.761241149902343750e+03 1.972698059899361851e+03 1.782861014532681754e+00
1.761262023925781250e+03 1.975134362254074858e+03 1.776938524267992259e+00
1.761282836914062500e+03 1.975180015805325638e+03 1.774902478077711621e+00
1.761303649902343750e+03 1.973445438743154227e+03 1.776537634844130853e+00
1.761324523925781250e+03 1.972916678492267692e+03 1.782598152614900178e+00
1.761345336914062500e+03 1.972424306228374007e+03 1.791336147369078757e+00
1.761366149902343750e+03 1.975972689877397897e+03 1.803145307033173328e+00
1.761387023925781250e+03 1.973651594276613650e+03 1.812338460103334770e+00
1.761407836914062500e+03 1.974186437630747150e+03 1.823464149731448547e+00
1.761428649902343750e+03 1.974321966902050463e+03 1.833176374941338338e+00
1.761449523925781250e+03 1.974193004517311692e+03 1.846292391569945179e+00
1.761470336914062500e+03 1.973819230189464179e+03 1.859634381322319285e+00
1.761491149902343750e+03 1.971193294433782739e+03 1.867503055738530593e+00
1.761512023925781250e+03 1.971571629826129993e+03 1.882920891265395635e+00
1.761532836914062500e+03 1.969662546855140135e+03 1.903386137887352891e+00
1.761553649902343750e+03 1.973211089041641117e+03 1.922102441743042345e+00
1.761574523925781250e+03 1.973396524713984036e+03 1.941728346449376419e+00
1.761595336914062500e+03 1.971212231797412187e+03 1.957637426489992283e+00
1.761616149902343750e+03 1.971821097105938406e+03 1.967389681291059622e+00
1.761637023925781250e+03 1.968354629968034260e+03 1.970467680977006530e+00
1.761657836914062500e+03 1.969700518996108713e+03 1.984660030529873165e+00
1.761678649902343750e+03 1.969110263627344011e+03 1.989031217438455013e+00
1.761699523925781250e+03 1.969425632477095405e+03 2.001766974005464661e+00
1.761720336914062500e+03 1.969174290150074285e+03 2.018927065049165304e+00
1.761741149902343750e+03 1.971174581600958390e+03 2.043765086080417959e+00
1.761762023925781250e+03 1.969963050381367339e+03 2.068113836567856190e+00
1.761782836914062500e+03 1.969879538052019143e+03 2.097351279368480981e+00
1.761803649902343750e+03 1.968042674593226820e+03 2.128634654228014789e+00
1.761824523925781250e+03 1.967917368848070964e+03 2.158064811037355035e+00
1.761845336914062500e+03 1.965462254425338415e+03 2.189245889675301981e+00
1.761866149902343750e+03 1.971607214254192058e+03 2.214275845712214252e+00
1.761887023925781250e+03 1.967452199919191571e+03 2.235735925615848441e+00
1.761907836914062500e+03 1.967847736689328940e+03 2.252851692374190140e+00
1.761928649902343750e+03 1.972823386428769936e+03 2.270610296746216505e+00
1.761949523925781250e+03 1.972159085910621343e+03 2.285833796288914588e+00
1.761970336914062500e+03 1.972412427998693602e+03 2.303909325557194077e+00
1.761991149902343750e+03 1.974630984976693071e+03 2.323229564810444181e+00
1.762012023925781250e+03 1.966669612212152060e+03 2.345995221782738671e+00
1.762032836914062500e+03 1.967410176545734430e+03 2.373428125720820514e+00
1.762053649902343750e+03 1.970516513943874088e+03 2.409166327517932249e+00
1.762074523925781250e+03 1.968667799044889762e+03 2.445791959223084344e+00
1.762095336914062500e+03 1.968062173670525226e+03 2.484272984743389756e+00
1.762116149902343750e+03 1.964124729888721049e+03 2.516367642740988231e+00
1.762137023925781250e+03 1.968072259670962012e+03 2.546022892797351389e+00
1.762157836914062500e+03 1.967257905614156698e+03 2.569449700244190726e+00
1.762178649902343750e+03 1.963963897548897876e+03 2.584432111890908157e+00
1.762199523925781250e+03 1.965044875660216348e+03 2.590142464420138957e+00
1.762220336914062500e+03 1.965153635477374337e+03 2.590491028417305053e+00
1.762241149902343750e+03 1.962531979466286430e+03 2.589009284311137193e+00
1.762262023925781250e+03 1.966190284435082503e+03 2.587104833530665893e+00
1.762282836914062500e+03 1.965903692676862192e+03 2.590249054323083833e+00
1.762303649902343750e+03 1.969180386321440892e+03 2.598412516938912731e+00
1.762324523925781250e+03 1.968121092270122972e+03 2.613968603405294022e+00
1.762345336914062500e+03 1.972385334659134969e+03 2.637083760180785053e+00
1.762366149902343750e+03 1.967499239074173602e+03 2.666177754485241191e+00
1.762387023925781250e+03 1.970677016903464391e+03 2.695551676435091526e+00
1.762407836914062500e+03 1.966321898519041497e+03 2.725517706732861534e+00
1.762428649902343750e+03 1.972623219208800947e+03 2.754971951378245798e+00
1.762449523925781250e+03 1.967390151621812038e+03 2.784113149607191140e+00
1.762470336914062500e+03 1.965357946437847204e+03 2.819563663219194716e+00
1.762491149902343750e+03 1.971383910753529562e+03 2.862244547144120244e+00
1.762512023925781250e+03 1.967543701416670956e+03 2.900295268844945706e+00
1.762532836914062500e+03 1.963992002310102180e+03 2.938383740537105382e+00
1.762553649902343750e+03 1.971167709226718216e+03 2.981715750150786270e+00
1.762574523925781250e+03 1.970722223178332570e+03 3.023584643191497889e+00
1.762595336914062500e+03 1.969504815135473109e+03 3.062273445313078213e+00
1.762616149902343750e+03 1.965308964953559553e+03 3.090525324094534732e+00
1.762637023925781250e+03 1.967416731997576790e+03 3.106218739281283447e+00
1.762657836914062500e+03 1.967197682443982558e+03 3.116660319711134886e+00
1.762678649902343750e+03 1.968474265549795746e+03 3.130846733881607502e+00
1.762699523925781250e+03 1.969301976678691062e+03 3.153681550373625075e+00
1.762720336914062500e+03 1.969984138883786727e+03 3.181548602586500962e+00
1.762741149902343750e+03 1.966389309995955045e+03 3.221197882612956587e+00
1.762762023925781250e+03 1.968978075216024081e+03 3.270869082763721458e+00
1.762782836914062500e+03 1.970757490198624510e+03 3.324919970703727135e+00
1.762803649902343750e+03 1.976841988013426089e+03 3.389985054905899187e+00
1.762824523925781250e+03 1.970800829838697609e+03 3.455913125809456865e+00
1.762845336914062500e+03 1.966961355106321207e+03 3.518024897016135633e+00
1.762866149902343750e+03 1.966529558786905909e+03 3.569548343543212265e+00
1.762887023925781250e+03 1.964246789710510711e+03 3.614029826384742794e+00
1.762907836914062500e+03 1.968038177062377144e+03 3.651492814267069509e+00
1.762928649902343750e+03 1.967383190555983674e+03 3.680696061689304521e+00
1.762949523925781250e+03 1.966208137450472350e+03 3.702092666628522988e+00
1.762970336914062500e+03 1.973843613083512537e+03 3.717808451987399732e+00
1.762991149902343750e+03 1.974855188344832641e+03 3.728991214879951333e+00
1.763012023925781250e+03 1.972056246135036417e+03 3.741856315468020444e+00
1.763032836914062500e+03 1.980258746611967581e+03 3.758706349359488552e+00
1.763053649902343750e+03 1.972336743699876024e+03 3.773152532143744686e+00
1.763074523925781250e+03 1.974093831791362391e+03 3.786329530451804981e+00
1.763095336914062500e+03 1.976027946936186709e+03 3.799527595669802249e+00
1.763116149902343750e+03 1.983262296118875383e+03 3.807329642980095574e+00
1.763137023925781250e+03 1.983235750674448354e+03 3.812553655528239105e+00
1.763157836914062500e+03 1.978486248683224403e+03 3.811031121124145216e+00
1.763178649902343750e+03 1.984272162655694046e+03 3.802335478203646257e+00
1.763199523925781250e+03 1.977114352164355296e+03 3.782847421729941484e+00
1.763220336914062500e+03 1.978977997855623471e+03 3.753322147016190602e+00
1.763241149902343750e+03 1.975203000633055126e+03 3.710957031198602429e+00
1.763262023925781250e+03 1.968034968721602127e+03 3.659068789811054767e+00
1.763282836914062500e+03 1.969009415274407729e+03 3.594986147369732876e+00
1.763303649902343750e+03 1.974701920967656406e+03 3.520381033171463336e+00
