1.711386779785156250e+03 2.305866332075058381e+03 1.350670801504407992e+00
1.711407592773437500e+03 2.304535353081447738e+03 1.350431818246905280e+00
1.711428405761718750e+03 2.304846454496884689e+03 1.350589379825466674e+00
1.711449279785156250e+03 2.305681146400728721e+03 1.354379793659453046e+00
1.711470092773437500e+03 2.303910447369040412e+03 1.350192792689520083e+00
1.711490905761718750e+03 2.303864116946397189e+03 1.351289754700918389e+00
1.711511779785156250e+03 2.302575607926440171e+03 1.351161831247452927e+00
1.711532592773437500e+03 2.302327707014552288e+03 1.349643955256944361e+00
1.711553405761718750e+03 2.303211682313257825e+03 1.351883072954641385e+00
1.711574279785156250e+03 2.302778890244211652e+03 1.350016111701613397e+00
1.711595092773437500e+03 2.304779218743515230e+03 1.350789063818831792e+00
1.711615905761718750e+03 2.304961854004319321e+03 1.351946825719848588e+00
1.711636779785156250e+03 2.302943884427173543e+03 1.350359077736163815e+00
1.711657592773437500e+03 2.302887230793204253e+03 1.350378984660991488e+00
1.711678405761718750e+03 2.305050840814263665e+03 1.350207448844382485e+00
1.711699279785156250e+03 2.304717127215392793e+03 1.351818699892311848e+00
1.711720092773437500e+03 2.302422313326310359e+03 1.350765941703014450e+00
1.711740966796875000e+03 2.303531703418475445e+03 1.351470459025633897e+00
1.711761779785156250e+03 2.302937662061210176e+03 1.350683819691706145e+00
1.711782653808593750e+03 2.302056789161651068e+03 1.352789525828088868e+00
1.711803466796875000e+03 2.304672172355840303e+03 1.351787085423563406e+00
1.711824279785156250e+03 2.303492988722100108e+03 1.353131877009511763e+00
1.711845153808593750e+03 2.300921927470873925e+03 1.351783293401361163e+00
1.711865966796875000e+03 2.302657174167212361e+03 1.350653987998866157e+00
1.711886779785156250e+03 2.302228080109938674e+03 1.350814215289282583e+00
1.711907653808593750e+03 2.302710909794473991e+03 1.349926570378823909e+00
1.711928466796875000e+03 2.305724152035421866e+03 1.351028778006851283e+00
1.711949279785156250e+03 2.303347812401294505e+03 1.350283640628375803e+00
1.711970153808593750e+03 2.303468023135627845e+03 1.351547858539281943e+00
1.711990966796875000e+03 2.303993008850517981e+03 1.358046748737311127e+00
1.712011779785156250e+03 2.303066255645237106e+03 1.350017303779755595e+00
1.712032653808593750e+03 2.303485020517729026e+03 1.350480677543064667e+00
1.712053466796875000e+03 2.306859882699561240e+03 1.350686776347268969e+00
1.712074279785156250e+03 2.304735023283837108e+03 1.351202856294809962e+00
1.712095153808593750e+03 2.305806795911105382e+03 1.352472913756413542e+00
1.712115966796875000e+03 2.302659472701119739e+03 1.350992336073568056e+00
1.712136779785156250e+03 2.303934243002728181e+03 1.350958231533711640e+00
1.712157653808593750e+03 2.305593005986593198e+03 1.351383219388277768e+00
1.712178466796875000e+03 2.306476135776465526e+03 1.351682800936722995e+00
1.712199279785156250e+03 2.304065979754276668e+03 1.350350249737656938e+00
1.712220153808593750e+03 2.304836435789125062e+03 1.351789731014148899e+00
1.712240966796875000e+03 2.305734375065442691e+03 1.352584496571621164e+00
1.712261779785156250e+03 2.304238069063644616e+03 1.354525102959380112e+00
1.712282653808593750e+03 2.304106188467543234e+03 1.352481860111455214e+00
1.712303466796875000e+03 2.304369413784739663e+03 1.351790921528223333e+00
1.712324279785156250e+03 2.304740420332132999e+03 1.352950557538409759e+00
1.712345153808593750e+03 2.304551457724398460e+03 1.353014700536945281e+00
1.712365966796875000e+03 2.303729550536073930e+03 1.357417352243477149e+00
1.712386779785156250e+03 2.307044234868438252e+03 1.355800884790915317e+00
1.712407653808593750e+03 2.304580693107402112e+03 1.356415255977744483e+00
1.712428466796875000e+03 2.304894185019912129e+03 1.356907852878600274e+00
1.712449279785156250e+03 2.305923743391894277e+03 1.357411029141135428e+00
1.712470153808593750e+03 2.305034969600992554e+03 1.359531042855039562e+00
1.712490966796875000e+03 2.304110575645922836e+03 1.358832854102215659e+00
1.712511779785156250e+03 2.305119961096310362e+03 1.363529215562282904e+00
1.712532653808593750e+03 2.304882626931881532e+03 1.360781413433202136e+00
1.712553466796875000e+03 2.305368789195697900e+03 1.361604550289928772e+00
1.712574279785156250e+03 2.305249615738074681e+03 1.362000702881596581e+00
1.712595153808593750e+03 2.304971684915067272e+03 1.362612847370840097e+00
1.712615966796875000e+03 2.303587296581773444e+03 1.363503468063191004e+00
1.712636779785156250e+03 2.303177871785705520e+03 1.363754277838860274e+00
1.712657653808593750e+03 2.305047673659958946e+03 1.367391603766063390e+00
1.712678466796875000e+03 2.307033062076764963e+03 1.367682449123004185e+00
1.712699279785156250e+03 2.307176682676392829e+03 1.367596766658887075e+00
1.712720153808593750e+03 2.305830850760477006e+03 1.367376085626352822e+00
1.712740966796875000e+03 2.302770215617870690e+03 1.367264271351792848e+00
1.712761779785156250e+03 2.307528005179623506e+03 1.368560319760713906e+00
1.712782653808593750e+03 2.305182521373527379e+03 1.368944749955856244e+00
1.712803466796875000e+03 2.306680136170813967e+03 1.371207947064453148e+00
1.712824279785156250e+03 2.305369356424590478e+03 1.371675590673056666e+00
1.712845153808593750e+03 2.307835205436235810e+03 1.372455974421682212e+00
1.712865966796875000e+03 2.305786455845055571e+03 1.372580871075550490e+00
1.712886779785156250e+03 2.305802026187372576e+03 1.374289285607281919e+00
1.712907653808593750e+03 2.306253032418429939e+03 1.374573945014084808e+00
1.712928466796875000e+03 2.308121668467561904e+03 1.373821360267989400e+00
1.712949279785156250e+03 2.304771671151505871e+03 1.372011795696677972e+00
1.712970153808593750e+03 2.306538605998762705e+03 1.377648101086834664e+00
1.712990966796875000e+03 2.306528330090039617e+03 1.372838011221730659e+00
1.713011779785156250e+03 2.305351964601414238e+03 1.373427054893866961e+00
1.713032653808593750e+03 2.303118615467713425e+03 1.373047830030562189e+00
1.713053466796875000e+03 2.304939745385531751e+03 1.375006675704009362e+00
1.713074279785156250e+03 2.305547423591522602e+03 1.379909291050467779e+00
1.713095153808593750e+03 2.306687185908809170e+03 1.377937776472868858e+00
1.713115966796875000e+03 2.306704290920932181e+03 1.381379845501364390e+00
1.713136779785156250e+03 2.303978210837593906e+03 1.380636798882481919e+00
1.713157653808593750e+03 2.305914476292669860e+03 1.380234853621672197e+00
1.713178466796875000e+03 2.303441627916938160e+03 1.382242462424667861e+00
1.713199279785156250e+03 2.305062158857964732e+03 1.381740822905310528e+00
1.713220153808593750e+03 2.306510267649955495e+03 1.379320379644097816e+00
1.713240966796875000e+03 2.307624876347643294e+03 1.377903689998262404e+00
1.713261779785156250e+03 2.306631737519989201e+03 1.378661136616721183e+00
1.713282653808593750e+03 2.304979480817799868e+03 1.377058742070856434e+00
1.713303466796875000e+03 2.307168087870862109e+03 1.377544779179506129e+00
1.713324279785156250e+03 2.307352003764051915e+03 1.378034451163373308e+00
1.713345153808593750e+03 2.306972212519493041e+03 1.377914071754955172e+00
1.713365966796875000e+03 2.310155710976240243e+03 1.380044699511630446e+00
1.713386779785156250e+03 2.306404900793187153e+03 1.380109440361590778e+00
1.713407653808593750e+03 2.306041205069940588e+03 1.379949072713584357e+00
1.713428466796875000e+03 2.305116461075650932e+03 1.380802396167961410e+00
1.713449279785156250e+03 2.304925075692372957e+03 1.382130513958119478e+00
1.713470153808593750e+03 2.305246770497731177e+03 1.383140438871064859e+00
1.713490966796875000e+03 2.303346177365320727e+03 1.385454660148042416e+00
1.713511779785156250e+03 2.305842632025979583e+03 1.386486281130712150e+00
1.713532653808593750e+03 2.307119528714314129e+03 1.387526027332227407e+00
1.713553466796875000e+03 2.303779525551344705e+03 1.387195601881154206e+00
1.713574279785156250e+03 2.303922106852014167e+03 1.387446295927502460e+00
1.713595153808593750e+03 2.307343830585297837e+03 1.393217563283736693e+00
1.713615966796875000e+03 2.304937036390208505e+03 1.390295611171987966e+00
1.713636779785156250e+03 2.304779005693909312e+03 1.392267564382947409e+00
1.713657653808593750e+03 2.304849790619431587e+03 1.391821014768817033e+00
1.713678466796875000e+03 2.304396968793237647e+03 1.391533501282432361e+00
1.713699279785156250e+03 2.302969265787200129e+03 1.392895591470661332e+00
1.713720153808593750e+03 2.305217568973069319e+03 1.393134135870501389e+00
1.713740966796875000e+03 2.303215655468579826e+03 1.393745521572427704e+00
1.713761779785156250e+03 2.304424921421580621e+03 1.396575796696104321e+00
1.713782653808593750e+03 2.304032665984012965e+03 1.396557316509058566e+00
1.713803466796875000e+03 2.302037946233444018e+03 1.397563213495089718e+00
1.713824279785156250e+03 2.303420181932421201e+03 1.397576221373286964e+00
1.713845153808593750e+03 2.299967504573663973e+03 1.399375686066064439e+00
1.713865966796875000e+03 2.303334484836793763e+03 1.400086395118340876e+00
1.713886779785156250e+03 2.302000023460303055e+03 1.406253094139933602e+00
1.713907653808593750e+03 2.303763346147470656e+03 1.400832060080151376e+00
1.713928466796875000e+03 2.303765398365639157e+03 1.401522892931366115e+00
1.713949279785156250e+03 2.301958813503662896e+03 1.398065570835259397e+00
1.713970153808593750e+03 2.301594118662627807e+03 1.397306912275828816e+00
1.713990966796875000e+03 2.303129434213618879e+03 1.396495941754436032e+00
1.714011779785156250e+03 2.303149143421868757e+03 1.397167673535541388e+00
1.714032653808593750e+03 2.301978150818647919e+03 1.397606501538832813e+00
1.714053466796875000e+03 2.304559711225180763e+03 1.400941620649837738e+00
1.714074279785156250e+03 2.301262900522434393e+03 1.399780140370527004e+00
1.714095153808593750e+03 2.302522368096333594e+03 1.409424906521597132e+00
1.714115966796875000e+03 2.300584029471770009e+03 1.405103682496876782e+00
1.714136779785156250e+03 2.302873533045939439e+03 1.406638367324538619e+00
1.714157653808593750e+03 2.302439591821178965e+03 1.406662943927003084e+00
1.714178466796875000e+03 2.303329176772655956e+03 1.410246954454941637e+00
1.714199279785156250e+03 2.300558262317422304e+03 1.406244871342101854e+00
1.714220153808593750e+03 2.303732102312144889e+03 1.405641424100932735e+00
1.714240966796875000e+03 2.301317327029628814e+03 1.403855680256508531e+00
1.714261779785156250e+03 2.304023903812330445e+03 1.402968158749414274e+00
1.714282653808593750e+03 2.301452838730396252e+03 1.401882042495106395e+00
1.714303466796875000e+03 2.302275998825055467e+03 1.402096739880127840e+00
1.714324279785156250e+03 2.301600341444381229e+03 1.400982506884455248e+00
1.714345153808593750e+03 2.302045822917865280e+03 1.401988162381184289e+00
1.714365966796875000e+03 2.302051817374847815e+03 1.402697930198508081e+00
1.714386779785156250e+03 2.299853229503978582e+03 1.402505169347256331e+00
1.714407653808593750e+03 2.300436385217975840e+03 1.405329127265298794e+00
1.714428466796875000e+03 2.297929035663493778e+03 1.405532484321740050e+00
1.714449279785156250e+03 2.300759188112810079e+03 1.408968565333680534e+00
1.714470153808593750e+03 2.299507211160048428e+03 1.409558536733538370e+00
1.714490966796875000e+03 2.299548691038161451e+03 1.411580093405893965e+00
1.714511779785156250e+03 2.298431979375461196e+03 1.416105364882664031e+00
1.714532653808593750e+03 2.300542464818517146e+03 1.415840422216088079e+00
1.714553466796875000e+03 2.296238160395043451e+03 1.417123589972516085e+00
1.714574279785156250e+03 2.299204685862646329e+03 1.418395007249809270e+00
1.714595153808593750e+03 2.297984123964021819e+03 1.419725155222897550e+00
1.714615966796875000e+03 2.297495424129680032e+03 1.424769881557392592e+00
1.714636779785156250e+03 2.296785947119223238e+03 1.420761846420139474e+00
1.714657653808593750e+03 2.298045316619147343e+03 1.420403022525271064e+00
1.714678466796875000e+03 2.297543072382428363e+03 1.422078212427411614e+00
1.714699279785156250e+03 2.298722204784194219e+03 1.422409627822629030e+00
1.714720153808593750e+03 2.299195029086117756e+03 1.422156421352814393e+00
1.714740966796875000e+03 2.301692143077899345e+03 1.423957306034338011e+00
1.714761779785156250e+03 2.298811322032845965e+03 1.431463503842358431e+00
1.714782653808593750e+03 2.297076766642067014e+03 1.425999371291740259e+00
1.714803466796875000e+03 2.297073222727884058e+03 1.428860034059663775e+00
1.714824279785156250e+03 2.300175606455498382e+03 1.431397879344632029e+00
1.714845153808593750e+03 2.298186424690831245e+03 1.432815465227259777e+00
1.714865966796875000e+03 2.296742785653062128e+03 1.434744723671734556e+00
1.714886779785156250e+03 2.298343156739135338e+03 1.435002105525263083e+00
1.714907653808593750e+03 2.297937989521985401e+03 1.435045967163318448e+00
1.714928466796875000e+03 2.299218720745743667e+03 1.433373707195286784e+00
1.714949279785156250e+03 2.298046988668835183e+03 1.430425901411859879e+00
1.714970153808593750e+03 2.298636815089553238e+03 1.427795909802741514e+00
1.714990966796875000e+03 2.298805980242819714e+03 1.428471449350706246e+00
1.715011779785156250e+03 2.298072586910345763e+03 1.425598132772111226e+00
1.715032653808593750e+03 2.298938692006761812e+03 1.425157551672313616e+00
1.715053466796875000e+03 2.297433587649848960e+03 1.426850636391618687e+00
1.715074279785156250e+03 2.297619107265110870e+03 1.428779855918492103e+00
1.715095153808593750e+03 2.298612837810925157e+03 1.432091864319157803e+00
1.715115966796875000e+03 2.297845735292817153e+03 1.434325070644524081e+00
1.715136779785156250e+03 2.299457410135480131e+03 1.437002676476180740e+00
1.715157653808593750e+03 2.301885943305530873e+03 1.437638898026898593e+00
1.715178466796875000e+03 2.298697683062526266e+03 1.437031296322212048e+00
1.715199279785156250e+03 2.299149399678356531e+03 1.435631242206240277e+00
1.715220153808593750e+03 2.297925665496974943e+03 1.434139220695308969e+00
1.715240966796875000e+03 2.296664781281907835e+03 1.430653480256298016e+00
1.715261840820312500e+03 2.292722163417020965e+03 1.429935121198224746e+00
1.715282653808593750e+03 2.290773579453137245e+03 1.423657986662625774e+00
1.715303527832031250e+03 2.296520644723567784e+03 1.423217391280625188e+00
1.715324340820312500e+03 2.294102007848116955e+03 1.422696389852801779e+00
1.715345153808593750e+03 2.294958217898065413e+03 1.422746747410176038e+00
1.715366027832031250e+03 2.294781976212311747e+03 1.423486571821757751e+00
1.715386840820312500e+03 2.298183509665779638e+03 1.424824098137143391e+00
1.715407653808593750e+03 2.294377682803667085e+03 1.426521673380830357e+00
1.715428527832031250e+03 2.296607674626233347e+03 1.429595944334061342e+00
1.715449340820312500e+03 2.299016170876088836e+03 1.433387596005166298e+00
1.715470153808593750e+03 2.295384550698454859e+03 1.436215199712088220e+00
1.715491027832031250e+03 2.300115497913567197e+03 1.439917314857595887e+00
1.715511840820312500e+03 2.297194086214667095e+03 1.443258031608981806e+00
1.715532653808593750e+03 2.300871697471752668e+03 1.448774079327594277e+00
1.715553527832031250e+03 2.297159255382363881e+03 1.446856854121076674e+00
1.715574340820312500e+03 2.297280589298465202e+03 1.448796953784935670e+00
1.715595153808593750e+03 2.297814148147170727e+03 1.451565469629968241e+00
1.715616027832031250e+03 2.298426702784125155e+03 1.449791643365895499e+00
1.715636840820312500e+03 2.299934206620984241e+03 1.451458950065407594e+00
1.715678527832031250e+03 2.298945024107808422e+03 1.450442226980652283e+00
1.715699340820312500e+03 2.302087237706892665e+03 1.453142965882511906e+00
1.715720153808593750e+03 2.296170660317322472e+03 1.451389630128386177e+00
1.715741027832031250e+03 2.301297425675605155e+03 1.454551488825895689e+00
1.715761840820312500e+03 2.300004572021978674e+03 1.454913771391225019e+00
1.715782653808593750e+03 2.300685697735807025e+03 1.459142061059102824e+00
1.715803527832031250e+03 2.301012777791020198e+03 1.460870833074274344e+00
1.715824340820312500e+03 2.300172211210267506e+03 1.462754287783855300e+00
1.715845153808593750e+03 2.298841106365687665e+03 1.465212437326400607e+00
1.715866027832031250e+03 2.304188058294807433e+03 1.468539689610583121e+00
1.715886840820312500e+03 2.301787785817815802e+03 1.471273162322403794e+00
1.715907653808593750e+03 2.301621331010522681e+03 1.468979026307123403e+00
1.715928527832031250e+03 2.301031475034578762e+03 1.466185339423084155e+00
1.715949340820312500e+03 2.300435810908375970e+03 1.462584846839355635e+00
1.715970153808593750e+03 2.299037025297741820e+03 1.459584798170540321e+00
1.715991027832031250e+03 2.301645488633978403e+03 1.459079887399284958e+00
1.716011840820312500e+03 2.299274442079416531e+03 1.454226824692010922e+00
1.716032653808593750e+03 2.301021912060728027e+03 1.455520869748544444e+00
1.716053527832031250e+03 2.298186705093010914e+03 1.456863025434419479e+00
1.716074340820312500e+03 2.296583483429326407e+03 1.458445826233481180e+00
1.716095153808593750e+03 2.300572566246884890e+03 1.460957654518189042e+00
1.716116027832031250e+03 2.298942504603225188e+03 1.464473504641763624e+00
1.716136840820312500e+03 2.300524287883425586e+03 1.468340552864699555e+00
1.716157653808593750e+03 2.301528065365473594e+03 1.471436174746060255e+00
1.716178527832031250e+03 2.299136275164420567e+03 1.471802076732167119e+00
1.716199340820312500e+03 2.300761483404825412e+03 1.471714032031235631e+00
1.716220153808593750e+03 2.296001401650114985e+03 1.468728166783159983e+00
1.716241027832031250e+03 2.296523296087675590e+03 1.466904637509083065e+00
1.716261840820312500e+03 2.301681645356644367e+03 1.463699585708545969e+00
1.716282653808593750e+03 2.302767241199966975e+03 1.460589770380683605e+00
1.716303527832031250e+03 2.300923923521677807e+03 1.455906001378892034e+00
1.716324340820312500e+03 2.300345417656635163e+03 1.454283385889211244e+00
1.716345153808593750e+03 2.301041262927734806e+03 1.458192337122941939e+00
1.716366027832031250e+03 2.299181908623146683e+03 1.451197176028598435e+00
1.716386840820312500e+03 2.304010480702868790e+03 1.454487889543342627e+00
1.716407653808593750e+03 2.300521554428659329e+03 1.455614234422614839e+00
1.716428527832031250e+03 2.299182084254236088e+03 1.462659015324858203e+00
1.716449340820312500e+03 2.300557363530974726e+03 1.462699276642044577e+00
1.716470153808593750e+03 2.300628969510071784e+03 1.468690911585692982e+00
1.716491027832031250e+03 2.298102424191724822e+03 1.473499329969695903e+00
1.716511840820312500e+03 2.300283620553885612e+03 1.479070158841283789e+00
1.716532653808593750e+03 2.300632790514501266e+03 1.483873222267102054e+00
1.716553527832031250e+03 2.298078099945820668e+03 1.490392434073638750e+00
1.716574340820312500e+03 2.299514320171442250e+03 1.493224657324892179e+00
1.716595153808593750e+03 2.302079267022280419e+03 1.495616229071845105e+00
1.716616027832031250e+03 2.301385881434209296e+03 1.497968410540847062e+00
1.716636840820312500e+03 2.300861932864839218e+03 1.504940479913905449e+00
1.716657653808593750e+03 2.300033971210178152e+03 1.498865095591769725e+00
1.716678527832031250e+03 2.300062318097728621e+03 1.505800476109812935e+00
1.716699340820312500e+03 2.300000819288767616e+03 1.500116025887827220e+00
1.716720153808593750e+03 2.301717421085700607e+03 1.503124717664791277e+00
1.716741027832031250e+03 2.299544974599689795e+03 1.503632280239981966e+00
1.716761840820312500e+03 2.300306347582428316e+03 1.507115969098437924e+00
1.716782653808593750e+03 2.301325317991177144e+03 1.510469299802466026e+00
1.716803527832031250e+03 2.300150229111318367e+03 1.513222668350365119e+00
1.716824340820312500e+03 2.299509056271686404e+03 1.514501489511980825e+00
1.716845153808593750e+03 2.298001126197264512e+03 1.518030911604581368e+00
1.716866027832031250e+03 2.300538017802859940e+03 1.521424435572180434e+00
1.716886840820312500e+03 2.300118496220895850e+03 1.520821305667224843e+00
1.716907653808593750e+03 2.298747703489373635e+03 1.523729658233577533e+00
1.716928527832031250e+03 2.302880100278222926e+03 1.518686172337200713e+00
1.716949340820312500e+03 2.298043691985747955e+03 1.514450168483741921e+00
1.716970153808593750e+03 2.301222521814421725e+03 1.509481346538232405e+00
1.716991027832031250e+03 2.302547688602036033e+03 1.506332303406364037e+00
1.717011840820312500e+03 2.299313242371902561e+03 1.502655301692219503e+00
1.717032653808593750e+03 2.300664828639354255e+03 1.503158423038295943e+00
1.717053527832031250e+03 2.297693555146071958e+03 1.503645678648914741e+00
1.717074340820312500e+03 2.298617349757860211e+03 1.506818928254817669e+00
1.717095153808593750e+03 2.300087968869515862e+03 1.509791760138239569e+00
1.717116027832031250e+03 2.301928764069332829e+03 1.514483228241124246e+00
1.717136840820312500e+03 2.298031755997760229e+03 1.518974692595302933e+00
1.717157653808593750e+03 2.299643962027321322e+03 1.523558861226712358e+00
1.717178527832031250e+03 2.302229784418783765e+03 1.524749973000024017e+00
1.717199340820312500e+03 2.299628792870267262e+03 1.524814472482253436e+00
1.717220153808593750e+03 2.302592903538703467e+03 1.524276815195137358e+00
1.717241027832031250e+03 2.300576912327605442e+03 1.519105827186070012e+00
1.717261840820312500e+03 2.300143756052543267e+03 1.514780733589076611e+00
1.717282653808593750e+03 2.299105707117283146e+03 1.509468947620306700e+00
1.717303527832031250e+03 2.301851866339074149e+03 1.505249770846980528e+00
1.717324340820312500e+03 2.297009913275667259e+03 1.498255589554148504e+00
1.717345153808593750e+03 2.298802525028734635e+03 1.495642452050492732e+00
1.717366027832031250e+03 2.298617671648918986e+03 1.494301461931580643e+00
1.717386840820312500e+03 2.300175808198607228e+03 1.497343651788360708e+00
1.717407653808593750e+03 2.301763905372318732e+03 1.499017632190509541e+00
1.717428527832031250e+03 2.303547111309637785e+03 1.502952372260169422e+00
1.717449340820312500e+03 2.299795356207238456e+03 1.508612148937234387e+00
1.717470153808593750e+03 2.301679282906442495e+03 1.515166144372656065e+00
1.717491027832031250e+03 2.299183716130663470e+03 1.524067675026576030e+00
1.717511840820312500e+03 2.300320070136653612e+03 1.531036595635350217e+00
1.717532653808593750e+03 2.300888333298583348e+03 1.538800754655217151e+00
1.717553527832031250e+03 2.299949399289308531e+03 1.548406209157971558e+00
1.717574340820312500e+03 2.300316931047271737e+03 1.553108832353836677e+00
1.717595153808593750e+03 2.298758069428727140e+03 1.556094735608064994e+00
1.717616027832031250e+03 2.300161188763295741e+03 1.559486840772620564e+00
1.717636840820312500e+03 2.298376237175236383e+03 1.559514665178164172e+00
1.717657653808593750e+03 2.301227154124407662e+03 1.562724440667553116e+00
1.717678527832031250e+03 2.301147248200386912e+03 1.562037208685423506e+00
1.717699340820312500e+03 2.301475756302060745e+03 1.562542647733404344e+00
1.717720153808593750e+03 2.301793415649895906e+03 1.564956793508595956e+00
1.717741027832031250e+03 2.301013301620780112e+03 1.568319925878593368e+00
1.717761840820312500e+03 2.300694068872134267e+03 1.572855091363388969e+00
1.717782653808593750e+03 2.299826831183246213e+03 1.575463798898795620e+00
1.717803527832031250e+03 2.303152949720707966e+03 1.582330143326561966e+00
1.717824340820312500e+03 2.299968670650151580e+03 1.585915927082532262e+00
1.717845153808593750e+03 2.297555071774740554e+03 1.586403764106413039e+00
1.717866027832031250e+03 2.300062873360266622e+03 1.589594266094776609e+00
1.717886840820312500e+03 2.302185232378235924e+03 1.591431296090148884e+00
1.717907653808593750e+03 2.298714539735624840e+03 1.589186323924812294e+00
1.717928527832031250e+03 2.300858276213488807e+03 1.588066363492586452e+00
1.717949340820312500e+03 2.299404582927235424e+03 1.583393555884566650e+00
1.717970153808593750e+03 2.298400822694891303e+03 1.577659160486275525e+00
1.717991027832031250e+03 2.303193332073069996e+03 1.571976041485064091e+00
1.718011840820312500e+03 2.301061596025670951e+03 1.569130219967991291e+00
1.718032653808593750e+03 2.301426766486126780e+03 1.565908224410358374e+00
1.718053527832031250e+03 2.300030195067200566e+03 1.569029934288183936e+00
1.718074340820312500e+03 2.299778597098219961e+03 1.570543414546021754e+00
1.718095153808593750e+03 2.301050315338135078e+03 1.575974916539294224e+00
1.718116027832031250e+03 2.302702221535949320e+03 1.584731672420216730e+00
1.718136840820312500e+03 2.303018618439640250e+03 1.593620295015044652e+00
1.718157653808593750e+03 2.299345231838002292e+03 1.596377880258420978e+00
1.718178527832031250e+03 2.301275445121530083e+03 1.602149744066995840e+00
1.718199340820312500e+03 2.301651512963828736e+03 1.606420304587832693e+00
1.718220153808593750e+03 2.300583262758438650e+03 1.603149297875873902e+00
1.718241027832031250e+03 2.303193057300453802e+03 1.601498262931460470e+00
1.718261840820312500e+03 2.298301114254663389e+03 1.594544680070179909e+00
1.718282653808593750e+03 2.302041579128830563e+03 1.588102319548698738e+00
1.718303527832031250e+03 2.302463777102872427e+03 1.582961047056563819e+00
1.718324340820312500e+03 2.302537078636778915e+03 1.578466095273580061e+00
1.718345153808593750e+03 2.300927115919041626e+03 1.574926856022812016e+00
1.718366027832031250e+03 2.300764534593983171e+03 1.574793254059016157e+00
1.718386840820312500e+03 2.299716685791316650e+03 1.576234799704291589e+00
1.718407653808593750e+03 2.300927809563920164e+03 1.579860450642020409e+00
1.718428527832031250e+03 2.297722281317004217e+03 1.585925849157673984e+00
1.718449340820312500e+03 2.299531173934229173e+03 1.596874092236165721e+00
1.718470153808593750e+03 2.299784719816311281e+03 1.608069325390304893e+00
1.718491027832031250e+03 2.303608387451178260e+03 1.620662107796784213e+00
1.718511840820312500e+03 2.299950869194777169e+03 1.631450979779416333e+00
1.718532653808593750e+03 2.299548876486058816e+03 1.643127784886254661e+00
1.718553527832031250e+03 2.300442791665230288e+03 1.656604441018457274e+00
1.718574340820312500e+03 2.303636666928447994e+03 1.664620534252785777e+00
1.718595153808593750e+03 2.301216932337209528e+03 1.672987451952057558e+00
1.718616027832031250e+03 2.300941026697669713e+03 1.673754696031040767e+00
1.718636840820312500e+03 2.299799503641247156e+03 1.675828484000700502e+00
1.718657653808593750e+03 2.301315470552044644e+03 1.676194573495189966e+00
1.718678527832031250e+03 2.302035698361503819e+03 1.676937460231947563e+00
1.718699340820312500e+03 2.305318605994174504e+03 1.676358921457760331e+00
1.718720153808593750e+03 2.299968666300141649e+03 1.678009898751016360e+00
1.718741027832031250e+03 2.301637656421929478e+03 1.680736693121205105e+00
1.718761840820312500e+03 2.301102993416323443e+03 1.687340410951450487e+00
1.718782653808593750e+03 2.301539589926211193e+03 1.695189089172628671e+00
1.718803527832031250e+03 2.301598524999233632e+03 1.700138658590839347e+00
1.718824340820312500e+03 2.299467821560041102e+03 1.706748258060936996e+00
1.718845214843750000e+03 2.302826317744390963e+03 1.715759310997654552e+00
1.718866027832031250e+03 2.303468638446252498e+03 1.721727877941561458e+00
1.718886901855468750e+03 2.302702183239652641e+03 1.724380011335213680e+00
1.718907714843750000e+03 2.305289357503425435e+03 1.730021606266289869e+00
1.718928527832031250e+03 2.304321896733905305e+03 1.725234060026172189e+00
1.718949401855468750e+03 2.305009280097401643e+03 1.721001485532466457e+00
1.718970214843750000e+03 2.305887960536124865e+03 1.716238371496404680e+00
1.718991027832031250e+03 2.302289797309044843e+03 1.710513267003994864e+00
1.719011901855468750e+03 2.300186443601422525e+03 1.704715580975569633e+00
1.719032714843750000e+03 2.300032114922759320e+03 1.703404814805995482e+00
1.719053527832031250e+03 2.303810000318821494e+03 1.706529626534932120e+00
1.719074401855468750e+03 2.300927220920895707e+03 1.708739519289436348e+00
1.719095214843750000e+03 2.301609432016734445e+03 1.717159020393381974e+00
1.719116027832031250e+03 2.304746385099701911e+03 1.723579972189345888e+00
1.719136901855468750e+03 2.299386409935532811e+03 1.731980053493885841e+00
1.719157714843750000e+03 2.302654441431050145e+03 1.743225199164244676e+00
1.719178527832031250e+03 2.301876952636007445e+03 1.750872871149800059e+00
1.719199401855468750e+03 2.303867916036728275e+03 1.754994010480348976e+00
1.719220214843750000e+03 2.302161575880852524e+03 1.754570102585902847e+00
1.719241027832031250e+03 2.300301902877169141e+03 1.750514772180129297e+00
1.719261901855468750e+03 2.304270455225194382e+03 1.745033163941480892e+00
1.719282714843750000e+03 2.301235010208232325e+03 1.737602735816530020e+00
1.719303527832031250e+03 2.302044811949809173e+03 1.731504453282656453e+00
1.719324401855468750e+03 2.302372166342792298e+03 1.725172907691250757e+00
1.719345214843750000e+03 2.300888736529533617e+03 1.722866330993270800e+00
1.719366027832031250e+03 2.304170655359184821e+03 1.722368973287144334e+00
1.719386901855468750e+03 2.303126140797884545e+03 1.725080518640108584e+00
1.719407714843750000e+03 2.302497341106145086e+03 1.729717840877960544e+00
1.719428527832031250e+03 2.303659194442686385e+03 1.735476994315001242e+00
1.719449401855468750e+03 2.303376467818869514e+03 1.744490055566479070e+00
1.719470214843750000e+03 2.301823778240200227e+03 1.755425421838350930e+00
1.719491027832031250e+03 2.303180894335373523e+03 1.765506166493275408e+00
1.719511901855468750e+03 2.300083947813097438e+03 1.776820447408373083e+00
1.719532714843750000e+03 2.303522572620002848e+03 1.788919301528093087e+00
1.719553527832031250e+03 2.300794120220408786e+03 1.800145763217341655e+00
1.719574401855468750e+03 2.303727778432537434e+03 1.814618483975588781e+00
1.719595214843750000e+03 2.300392023246045937e+03 1.820122377347500819e+00
1.719616027832031250e+03 2.299683140223799910e+03 1.827265349847263298e+00
1.719636901855468750e+03 2.300973724651018983e+03 1.832512830868878950e+00
1.719657714843750000e+03 2.305133254623298853e+03 1.837953215778824978e+00
1.719678527832031250e+03 2.302317614990578932e+03 1.838424556413625011e+00
1.719699401855468750e+03 2.305645978357562853e+03 1.841306327792128661e+00
1.719720214843750000e+03 2.306276232708821681e+03 1.844862004523607490e+00
1.719741027832031250e+03 2.304587416880096498e+03 1.851175066495817978e+00
1.719761901855468750e+03 2.303542075154109625e+03 1.858860746161639099e+00
1.719782714843750000e+03 2.301396124145436715e+03 1.867393833395597946e+00
1.719803527832031250e+03 2.302777164156479557e+03 1.876027334420801607e+00
1.719824401855468750e+03 2.297127205639471413e+03 1.888522153046234830e+00
1.719845214843750000e+03 2.301263355805323954e+03 1.893403399888053951e+00
1.719866027832031250e+03 2.300873602874090466e+03 1.899306863539867329e+00
1.719886901855468750e+03 2.306131188046313582e+03 1.902705665329494256e+00
1.719928527832031250e+03 2.301842768745631474e+03 1.903609964752087214e+00
1.719949401855468750e+03 2.303339157067241104e+03 1.900623899219298307e+00
1.719970214843750000e+03 2.305132692670311371e+03 1.893924702558468010e+00
1.719991027832031250e+03 2.301192949271847738e+03 1.885448589019583343e+00
1.720011901855468750e+03 2.300454495320205297e+03 1.877045278837338627e+00
1.720032714843750000e+03 2.303132370148400696e+03 1.871080052080764222e+00
1.720053527832031250e+03 2.306282367065708513e+03 1.868287468766112180e+00
1.720074401855468750e+03 2.299677751908523987e+03 1.866850627054267076e+00
1.720095214843750000e+03 2.295127090049781600e+03 1.869932064923536030e+00
1.720116027832031250e+03 2.300535281540449887e+03 1.875896303206526117e+00
1.720136901855468750e+03 2.304086176874925513e+03 1.884537346016168291e+00
1.720157714843750000e+03 2.299667265447395039e+03 1.899508829375951446e+00
1.720178527832031250e+03 2.296482152592118837e+03 1.904081080020649352e+00
1.720199401855468750e+03 2.298787172286782152e+03 1.910730131412089250e+00
1.720220214843750000e+03 2.295542084439622158e+03 1.913298723071722884e+00
1.720241027832031250e+03 2.299379044718973091e+03 1.914564604005188908e+00
1.720261901855468750e+03 2.301130411334352175e+03 1.909618403377477014e+00
1.720282714843750000e+03 2.300510130697476598e+03 1.904944175843437781e+00
1.720303527832031250e+03 2.300935509373662626e+03 1.893072577449961935e+00
1.720324401855468750e+03 2.303617069476187680e+03 1.885074127722965232e+00
1.720345214843750000e+03 2.302139589784695090e+03 1.877769459411936293e+00
1.720366027832031250e+03 2.303251105514789288e+03 1.873052348426244240e+00
1.720386901855468750e+03 2.303008013427145670e+03 1.873931898432808385e+00
1.720407714843750000e+03 2.300655935373836655e+03 1.876959666737917143e+00
1.720428527832031250e+03 2.304629174040870566e+03 1.884416585434907976e+00
1.720449401855468750e+03 2.298370726729319813e+03 1.892775644362685084e+00
1.720470214843750000e+03 2.303132043012986287e+03 1.905344138111918939e+00
1.720491027832031250e+03 2.299195970800647046e+03 1.919503897012867055e+00
1.720511901855468750e+03 2.298956227128351202e+03 1.936593551251375223e+00
1.720532714843750000e+03 2.301476168671131745e+03 1.961154333033967356e+00
1.720553527832031250e+03 2.297760115665782905e+03 1.977631592646188485e+00
1.720574401855468750e+03 2.304229234309250387e+03 2.001023745783383934e+00
1.720595214843750000e+03 2.303878745232290385e+03 2.025155770232817343e+00
1.720616027832031250e+03 2.301437079236099635e+03 2.042370798046987179e+00
1.720636901855468750e+03 2.299175584555477144e+03 2.057706638124478182e+00
1.720657714843750000e+03 2.301985608710757333e+03 2.064639051540722026e+00
1.720678527832031250e+03 2.303352713511207185e+03 2.070285552227332460e+00
1.720699401855468750e+03 2.301876463245597733e+03 2.074637218152749707e+00
1.720720214843750000e+03 2.302563305828167358e+03 2.080571620230060148e+00
1.720741027832031250e+03 2.302170212094902126e+03 2.086778449800904767e+00
1.720761901855468750e+03 2.300684488536626304e+03 2.095342116178593450e+00
1.720782714843750000e+03 2.301519939589312344e+03 2.103320326102411819e+00
1.720803527832031250e+03 2.300609941639287172e+03 2.115212959047287455e+00
1.720824401855468750e+03 2.300444358712469693e+03 2.125801608413287358e+00
1.720845214843750000e+03 2.297477244149491526e+03 2.134743399822835563e+00
1.720866027832031250e+03 2.301218128884099315e+03 2.141520737402649033e+00
1.720886901855468750e+03 2.302769170928237145e+03 2.143497182991485062e+00
1.720907714843750000e+03 2.297646937807358881e+03 2.141372661473284200e+00
1.720928527832031250e+03 2.301987334895947242e+03 2.135813966093491612e+00
1.720949401855468750e+03 2.302112297830866737e+03 2.128983746439258251e+00
1.720970214843750000e+03 2.302025076114748117e+03 2.118232722420510417e+00
1.720991027832031250e+03 2.303682112981474347e+03 2.108916056120464955e+00
1.721011901855468750e+03 2.299032590688420896e+03 2.099870873068920840e+00
1.721032714843750000e+03 2.302044009686259415e+03 2.094610692089586390e+00
1.721053527832031250e+03 2.299919785757427235e+03 2.088077319142314092e+00
1.721074401855468750e+03 2.302793981563435409e+03 2.088387068990506190e+00
1.721095214843750000e+03 2.299763412563326710e+03 2.089766741608324985e+00
1.721116027832031250e+03 2.303929702676047782e+03 2.097646247939375819e+00
1.721136901855468750e+03 2.301561711632393781e+03 2.107800044085868407e+00
1.721157714843750000e+03 2.303635946139775115e+03 2.118856637797396303e+00
1.721178527832031250e+03 2.303742566630225156e+03 2.131741768491037803e+00
1.721199401855468750e+03 2.301448840959394147e+03 2.139321814591133020e+00
1.721220214843750000e+03 2.302191299515965511e+03 2.146806021169424650e+00
1.721241027832031250e+03 2.303215774696346671e+03 2.150953560441797752e+00
1.721261901855468750e+03 2.301427584865894460e+03 2.149328983188104836e+00
1.721282714843750000e+03 2.300785467605119265e+03 2.142840610167894955e+00
1.721303527832031250e+03 2.302262411724553203e+03 2.131685734838284496e+00
1.721324401855468750e+03 2.297779002840987232e+03 2.118150217689020565e+00
1.721345214843750000e+03 2.300733665902476787e+03 2.104422512803985512e+00
1.721366027832031250e+03 2.304552762002861527e+03 2.091795165331058914e+00
1.721386901855468750e+03 2.300520990701468691e+03 2.079433402137654596e+00
1.721407714843750000e+03 2.302119843057709659e+03 2.072913382318345210e+00
1.721428527832031250e+03 2.298731699041722095e+03 2.072516883624873074e+00
1.721449401855468750e+03 2.300565611210590760e+03 2.076742185420667575e+00
1.721470214843750000e+03 2.297953897497633079e+03 2.086606722002180891e+00
1.721491027832031250e+03 2.300974353615203654e+03 2.107385445917185240e+00
1.721511901855468750e+03 2.301163764513332353e+03 2.127769460681212532e+00
1.721532714843750000e+03 2.302459790555230029e+03 2.155339698481617550e+00
1.721553527832031250e+03 2.301783725899437741e+03 2.180582717218794375e+00
1.721574401855468750e+03 2.299317571965908428e+03 2.211393599087563722e+00
1.721595214843750000e+03 2.299864350021803148e+03 2.241808178014555342e+00
1.721616027832031250e+03 2.302121869342632635e+03 2.269556777469117659e+00
1.721636901855468750e+03 2.303836996737693880e+03 2.294153898263417979e+00
1.721657714843750000e+03 2.300393710297037615e+03 2.311805002060881353e+00
1.721678527832031250e+03 2.300694450705614145e+03 2.324674366122769786e+00
1.721699401855468750e+03 2.296436417908111252e+03 2.333975998612061176e+00
1.721720214843750000e+03 2.300550229234165272e+03 2.341523906206943284e+00
1.721741027832031250e+03 2.303345966848591161e+03 2.346603182761195061e+00
1.721761901855468750e+03 2.299279910949891018e+03 2.348773912406548092e+00
1.721782714843750000e+03 2.302376690826739832e+03 2.354788560223740390e+00
1.721803527832031250e+03 2.300984453494323134e+03 2.359639639254759835e+00
1.721824401855468750e+03 2.297532565477894423e+03 2.367039641241356129e+00
1.721845214843750000e+03 2.301195033113611316e+03 2.378598949710104549e+00
1.721866027832031250e+03 2.300040822530144396e+03 2.384888891834943347e+00
1.721886901855468750e+03 2.303004305065094741e+03 2.389730248650654421e+00
1.721907714843750000e+03 2.303395992099000068e+03 2.388327797588029711e+00
1.721928527832031250e+03 2.305464230745080386e+03 2.386115814320798556e+00
1.721949401855468750e+03 2.303790432958503516e+03 2.377650037297251107e+00
1.721970214843750000e+03 2.301351019632090356e+03 2.369436473567187118e+00
1.721991027832031250e+03 2.304719152746865802e+03 2.359122256453093147e+00
1.722011901855468750e+03 2.299934121263874658e+03 2.347656046887990566e+00
1.722032714843750000e+03 2.302956755826759036e+03 2.339416770633482301e+00
1.722053527832031250e+03 2.300570323665211617e+03 2.336902125798755669e+00
1.722074401855468750e+03 2.301120950517462006e+03 2.330445534836337540e+00
1.722095214843750000e+03 2.303372819826739033e+03 2.330292889273488655e+00
1.722116027832031250e+03 2.303655180733961060e+03 2.332362676995894724e+00
1.722136901855468750e+03 2.307215452678992733e+03 2.342143818127939259e+00
1.722157714843750000e+03 2.306708232634964588e+03 2.344284301890886546e+00
1.722178527832031250e+03 2.308289044226688020e+03 2.351872015065922916e+00
1.722199401855468750e+03 2.307185001014219779e+03 2.355470167067878151e+00
1.722220214843750000e+03 2.307457798001308220e+03 2.358352641733160393e+00
1.722241027832031250e+03 2.300788107219730591e+03 2.355681907915781803e+00
1.722261901855468750e+03 2.305043373727933613e+03 2.347723986875072111e+00
1.722282714843750000e+03 2.306470463178852697e+03 2.334951441421248663e+00
1.722303588867187500e+03 2.307802719820823768e+03 2.318316901957981457e+00
1.722324401855468750e+03 2.300837375535705178e+03 2.294958339969604744e+00
1.722345275878906250e+03 2.305820427902578558e+03 2.273202156391560980e+00
1.722366088867187500e+03 2.304274720191258893e+03 2.242829128000170869e+00
1.722386901855468750e+03 2.301282347507460145e+03 2.218736890297427600e+00
1.722407775878906250e+03 2.301050793468875781e+03 2.195855124532533953e+00
1.722428588867187500e+03 2.305126631283917959e+03 2.177303747186742022e+00
1.722449401855468750e+03 2.302949352546602313e+03 2.162238168024899210e+00
1.722470275878906250e+03 2.304085927101469679e+03 2.156181113206967925e+00
1.722491088867187500e+03 2.305164720322239191e+03 2.156361784317961661e+00
1.722511901855468750e+03 2.304588821483547690e+03 2.166861256395474111e+00
1.722532775878906250e+03 2.306375773281896727e+03 2.183292593345366850e+00
1.722553588867187500e+03 2.307684336290747524e+03 2.201250509839320912e+00
1.722574401855468750e+03 2.304641977884471999e+03 2.220431375777543348e+00
1.722595275878906250e+03 2.303226935946034246e+03 2.238991509834197480e+00
1.722616088867187500e+03 2.302910231104784543e+03 2.260196680946164438e+00
1.722636901855468750e+03 2.308767249192582312e+03 2.278360391812868979e+00
1.722657775878906250e+03 2.302667984061654352e+03 2.291030402432627344e+00
1.722678588867187500e+03 2.307425928818349348e+03 2.295311428041253432e+00
1.722699401855468750e+03 2.302156019003653455e+03 2.291050695230564926e+00
1.722720275878906250e+03 2.299855764261097647e+03 2.281348657434313143e+00
1.722741088867187500e+03 2.305049631215305453e+03 2.268701503435000877e+00
1.722761901855468750e+03 2.302720714585287169e+03 2.250388111973243177e+00
1.722782775878906250e+03 2.302837349959083440e+03 2.230252711427526346e+00
1.722803588867187500e+03 2.304050134320545112e+03 2.208164700481353382e+00
1.722824401855468750e+03 2.299793275543141135e+03 2.184262086408492731e+00
1.722845275878906250e+03 2.300843884400207571e+03 2.164336920460244507e+00
1.722866088867187500e+03 2.298980155394522626e+03 2.144284760531312006e+00
1.722886901855468750e+03 2.306090185847170687e+03 2.127450203587359479e+00
1.722907775878906250e+03 2.301278526260131912e+03 2.109126323593955021e+00
1.722928588867187500e+03 2.304506558227960340e+03 2.091000815969241255e+00
1.722949401855468750e+03 2.302593600629500543e+03 2.071023495064252984e+00
1.722970275878906250e+03 2.303591654607664168e+03 2.053510205321754878e+00
1.722991088867187500e+03 2.298407033073378443e+03 2.030930714088909461e+00
1.723011901855468750e+03 2.302942348810423027e+03 2.009688395359253477e+00
1.723032775878906250e+03 2.303704637835370704e+03 1.986647498637841958e+00
1.723053588867187500e+03 2.304234069715013902e+03 1.964385386823962687e+00
1.723074401855468750e+03 2.301685075559286815e+03 1.940039047752755819e+00
1.723095275878906250e+03 2.305932768897586357e+03 1.915427581421869085e+00
1.723116088867187500e+03 2.302819475177777349e+03 1.890706525573913055e+00
1.723136901855468750e+03 2.302592034015358877e+03 1.861083007556028956e+00
1.723157775878906250e+03 2.308587360208186965e+03 1.831430300016120949e+00
1.723178588867187500e+03 2.306775478068555003e+03 1.802557079982786359e+00
1.723199401855468750e+03 2.306598598138155467e+03 1.776497574477897912e+00
1.723220275878906250e+03 2.303446396195032776e+03 1.751169767427420698e+00
1.723241088867187500e+03 2.305323704486014776e+03 1.732019285195973701e+00
1.723261901855468750e+03 2.304595980085065094e+03 1.711077680027240033e+00
1.723282775878906250e+03 2.304197520303539022e+03 1.695156248424753986e+00
1.723303588867187500e+03 2.303943350128118709e+03 1.671738164418012040e+00
1.723324401855468750e+03 2.305164182825792523e+03 1.649997858566281783e+00
1.723345275878906250e+03 2.302983439664310936e+03 1.626207196715464542e+00
1.723366088867187500e+03 2.303228930107504766e+03 1.605916353002224684e+00
1.723386901855468750e+03 2.302834658584998124e+03 1.580988863163231395e+00
1.723407775878906250e+03 2.303537950058629576e+03 1.558063770717696528e+00
1.723428588867187500e+03 2.303329858218834943e+03 1.537209261565507745e+00
1.723449401855468750e+03 2.301244749987230534e+03 1.519325850463446370e+00
1.723470275878906250e+03 2.305198288538441830e+03 1.503180469909041417e+00
1.723491088867187500e+03 2.307252765747981812e+03 1.494824620680027083e+00
1.723511901855468750e+03 2.302769076212004165e+03 1.479741463890660746e+00
1.723532775878906250e+03 2.304094644720513315e+03 1.470909560104134206e+00
1.723553588867187500e+03 2.303861060357673978e+03 1.463030779125629177e+00
1.723574401855468750e+03 2.303604179893494802e+03 1.458275639437267568e+00
1.723595275878906250e+03 2.302933050285264926e+03 1.452980362451621099e+00
1.723616088867187500e+03 2.304259214107060870e+03 1.451155034785153397e+00
1.723636901855468750e+03 2.305206428633581254e+03 1.445314314557560209e+00
1.723657775878906250e+03 2.301212659246160456e+03 1.435235935713048416e+00
1.723678588867187500e+03 2.302513390911904025e+03 1.428176080971343964e+00
1.723699401855468750e+03 2.300165517149431253e+03 1.408278803174102478e+00
1.723720275878906250e+03 2.304354157155680241e+03 1.394896985560775349e+00
1.723741088867187500e+03 2.306137750616117501e+03 1.380943543972748655e+00
1.723761901855468750e+03 2.304285269488212180e+03 1.368858711071215373e+00
1.723782775878906250e+03 2.303967104123094941e+03 1.356499535593922889e+00
1.723803588867187500e+03 2.304795429515939759e+03 1.354379661633012599e+00
1.723824401855468750e+03 2.303544011474916715e+03 1.355108515557278848e+00
1.723845275878906250e+03 2.303905710020351762e+03 1.353080734691805453e+00
1.724970275878906250e+03 2.303332822491550814e+03 1.348491067363840834e+00
1.724991088867187500e+03 2.302631656606871729e+03 1.351322307081236795e+00
1.725011901855468750e+03 2.303583221883005081e+03 1.348350766112081267e+00
1.725032775878906250e+03 2.298245301144001132e+03 1.347881928496943660e+00
1.725053588867187500e+03 2.299448365435582673e+03 1.347864726430291649e+00
1.725074401855468750e+03 2.294253171104555804e+03 1.347501884133573302e+00
1.725095275878906250e+03 2.298027911616815800e+03 1.347941271730789259e+00
1.725116088867187500e+03 2.295156066678761817e+03 1.346660389806893177e+00
1.725136901855468750e+03 2.302267813450657286e+03 1.349196330791520237e+00
1.725157775878906250e+03 2.296880981164274999e+03 1.347355950110178613e+00
1.725178588867187500e+03 2.293812752320040090e+03 1.346343398896574284e+00
1.725199401855468750e+03 2.298099096938563434e+03 1.349137175302271840e+00
1.725220275878906250e+03 2.296919260944235248e+03 1.347749347511831175e+00
1.725241088867187500e+03 2.300151699390049089e+03 1.348983995151803228e+00
1.725261901855468750e+03 2.301184897707286837e+03 1.349684717308403226e+00
1.725282775878906250e+03 2.297196782365337640e+03 1.348562229085572328e+00
1.725303588867187500e+03 2.295530600275043980e+03 1.347404478576473830e+00
1.725324401855468750e+03 2.300635580690543975e+03 1.348185073370047560e+00
1.725345275878906250e+03 2.299592125679250785e+03 1.351036675100093287e+00
1.725366088867187500e+03 2.296280489409777601e+03 1.348745331707530415e+00
1.725386901855468750e+03 2.298559353145665682e+03 1.348087540319637956e+00
1.725407775878906250e+03 2.295197827239546314e+03 1.346568456403333558e+00
1.725428588867187500e+03 2.299788039162637688e+03 1.350268720443731585e+00
1.725449401855468750e+03 2.296417484257924116e+03 1.347113945248678446e+00
1.725470275878906250e+03 2.296303541926251455e+03 1.348536151623460411e+00
1.725491088867187500e+03 2.294853089712192286e+03 1.349804523232314368e+00
1.725511901855468750e+03 2.297900688270349747e+03 1.349118222024065394e+00
1.725532775878906250e+03 2.294361464715747388e+03 1.347837087688655178e+00
1.725553588867187500e+03 2.295676008602453749e+03 1.348745464285505902e+00
1.725574401855468750e+03 2.295341817875347260e+03 1.349066264819064997e+00
1.725595275878906250e+03 2.300321982958960689e+03 1.349658484883442977e+00
1.725616088867187500e+03 2.296822744025825159e+03 1.350474233690114101e+00
1.725636962890625000e+03 2.297047077297995202e+03 1.347792997194804165e+00
1.725657775878906250e+03 2.296247899494777812e+03 1.350440733986550068e+00
1.725678649902343750e+03 2.299481893928438694e+03 1.351046689783237387e+00
1.725699462890625000e+03 2.296479265565346850e+03 1.348178485911141200e+00
1.725720275878906250e+03 2.295464918975193996e+03 1.347955244869322611e+00
1.725741149902343750e+03 2.296765580075556954e+03 1.347172127717619849e+00
1.725761962890625000e+03 2.298363777904447034e+03 1.347590348111261882e+00
1.725782775878906250e+03 2.300184163633051867e+03 1.349650005606741532e+00
1.725803649902343750e+03 2.299153688535999208e+03 1.348617299492716581e+00
1.725824462890625000e+03 2.295506684366401259e+03 1.350028032435668157e+00
1.725845275878906250e+03 2.299019943287798014e+03 1.348248116818525189e+00
1.725866149902343750e+03 2.295599062792992299e+03 1.348712672935892032e+00
1.725886962890625000e+03 2.297298826630554686e+03 1.349642409542792354e+00
1.725907775878906250e+03 2.296698391862439166e+03 1.347979432206626749e+00
1.725970275878906250e+03 2.297376535306798360e+03 1.349145657802072407e+00
1.725991149902343750e+03 2.297219681269350076e+03 1.350862134163235861e+00
1.726011962890625000e+03 2.296246726965750440e+03 1.350651516704818311e+00
1.726032775878906250e+03 2.300377757906601801e+03 1.351472487787404697e+00
1.726053649902343750e+03 2.298466013106243736e+03 1.351647743668057844e+00
1.726074462890625000e+03 2.296392628195483667e+03 1.354357613036929253e+00
1.726095275878906250e+03 2.299745517623691740e+03 1.354211933650961264e+00
1.726116149902343750e+03 2.301073120488850236e+03 1.353948482640574547e+00
1.726136962890625000e+03 2.297347064004026834e+03 1.353182532869186883e+00
1.726157775878906250e+03 2.298347528952582252e+03 1.354624856558645396e+00
1.726178649902343750e+03 2.297518339226363423e+03 1.355897906961238686e+00
1.726199462890625000e+03 2.297338190365464470e+03 1.354393128263635449e+00
1.726220275878906250e+03 2.298390038884395381e+03 1.355519538389614587e+00
1.726241149902343750e+03 2.296831895903079840e+03 1.355407361665986299e+00
1.726261962890625000e+03 2.301688065127041682e+03 1.357907434794782819e+00
1.726282775878906250e+03 2.300956804065151118e+03 1.357053418546662948e+00
1.726303649902343750e+03 2.299009746183261996e+03 1.357243060951672353e+00
1.726324462890625000e+03 2.297932573162258905e+03 1.360512005832556603e+00
1.726345275878906250e+03 2.297527955747262240e+03 1.357650408271815490e+00
1.726366149902343750e+03 2.300291271810476246e+03 1.360464821158445137e+00
1.726386962890625000e+03 2.300431258878550580e+03 1.360376580987972206e+00
1.726407775878906250e+03 2.299487982519469369e+03 1.360390075883276317e+00
1.726428649902343750e+03 2.299450334660260523e+03 1.360940098020962274e+00
1.726449462890625000e+03 2.300819146705192907e+03 1.361354701741898321e+00
1.726470275878906250e+03 2.299255623638802717e+03 1.361288806232534565e+00
1.726491149902343750e+03 2.300388151570176888e+03 1.362526539885291488e+00
1.726511962890625000e+03 2.301261082912112670e+03 1.363552558375552559e+00
1.726532775878906250e+03 2.301780324191277032e+03 1.367045149885645294e+00
1.726553649902343750e+03 2.299110365835600078e+03 1.365211497539453145e+00
1.726574462890625000e+03 2.298518523094278862e+03 1.368570075554922605e+00
1.726595275878906250e+03 2.299813028549246610e+03 1.368101936797694984e+00
1.726616149902343750e+03 2.297561735719026274e+03 1.366958032152174152e+00
1.726636962890625000e+03 2.301451268272755442e+03 1.366899034858310991e+00
1.726657775878906250e+03 2.301280367525404472e+03 1.368412972679299511e+00
1.726678649902343750e+03 2.299124003060711857e+03 1.367956021792696042e+00
1.726699462890625000e+03 2.299252572568567302e+03 1.364847676927128273e+00
1.726720275878906250e+03 2.298130698076471617e+03 1.364778761907756266e+00
1.726741149902343750e+03 2.300480346699645906e+03 1.366968497038185681e+00
1.726761962890625000e+03 2.301361467616288337e+03 1.367645143481028835e+00
1.726782775878906250e+03 2.302014028215801773e+03 1.368716360575852775e+00
1.726803649902343750e+03 2.299087410997886764e+03 1.373451574815448994e+00
1.726824462890625000e+03 2.298890927583018765e+03 1.370142114674905764e+00
1.726845275878906250e+03 2.299698544906395000e+03 1.371593590725363798e+00
1.726866149902343750e+03 2.301156061234729350e+03 1.370370266435140039e+00
1.726886962890625000e+03 2.301596985364638385e+03 1.370354782026332208e+00
1.726907775878906250e+03 2.301646335601447390e+03 1.369231695827675122e+00
1.726928649902343750e+03 2.297517420997161025e+03 1.367345789874166773e+00
1.726949462890625000e+03 2.299926543541158480e+03 1.368417154192680396e+00
1.726970275878906250e+03 2.302252408873802779e+03 1.368045820835202431e+00
1.726991149902343750e+03 2.301385886764634961e+03 1.368353950997202917e+00
1.727011962890625000e+03 2.297519486922446958e+03 1.369897608654948806e+00
1.727032775878906250e+03 2.299285376317729970e+03 1.368420464548378401e+00
1.727053649902343750e+03 2.302181553950343186e+03 1.370522491476496851e+00
1.727074462890625000e+03 2.302402835363925078e+03 1.376121756999681534e+00
1.727095275878906250e+03 2.300417795699070211e+03 1.374915380475030036e+00
1.727116149902343750e+03 2.302626435955964553e+03 1.375173080994962049e+00
1.727136962890625000e+03 2.303167398953428801e+03 1.375097748142995568e+00
1.727157775878906250e+03 2.301066780470818230e+03 1.375602113497841783e+00
1.727178649902343750e+03 2.298325327915459184e+03 1.374160640457354088e+00
1.727199462890625000e+03 2.298654091253432853e+03 1.373396285027795427e+00
1.727220275878906250e+03 2.300905367311181180e+03 1.372448070287204169e+00
1.727241149902343750e+03 2.304394308488094339e+03 1.372433651638919727e+00
1.727261962890625000e+03 2.300909615866004060e+03 1.371200209611700860e+00
1.727282775878906250e+03 2.302032826469734573e+03 1.371894016003732952e+00
1.727303649902343750e+03 2.300775004536803863e+03 1.374171744492037828e+00
1.727324462890625000e+03 2.302100346667270060e+03 1.374829064928182687e+00
1.727345275878906250e+03 2.302011999204586118e+03 1.373420935694739775e+00
1.727366149902343750e+03 2.301895321058520494e+03 1.374211562128662356e+00
1.727386962890625000e+03 2.302731432409850640e+03 1.374836435126202572e+00
1.727407775878906250e+03 2.302422914927358306e+03 1.378425017070958658e+00
1.727428649902343750e+03 2.303239187207946088e+03 1.375280264988280710e+00
1.727449462890625000e+03 2.300624426209429203e+03 1.375520824281672549e+00
1.727470275878906250e+03 2.302125311045475428e+03 1.376016154643529443e+00
1.727491149902343750e+03 2.301940590626434641e+03 1.376867759709795580e+00
1.727511962890625000e+03 2.302264438482780861e+03 1.378432281560366457e+00
1.727532775878906250e+03 2.298509633870705329e+03 1.378128783551685999e+00
1.727553649902343750e+03 2.301933547197984353e+03 1.382010922624785643e+00
1.727574462890625000e+03 2.302098143546048050e+03 1.383092517841977731e+00
1.727595275878906250e+03 2.302491955414250697e+03 1.385141383573788243e+00
1.727616149902343750e+03 2.301960084617316170e+03 1.384520644885733454e+00
1.727636962890625000e+03 2.299918275030740006e+03 1.388814926827217189e+00
1.727657775878906250e+03 2.300814226539728224e+03 1.385680333720195057e+00
1.727678649902343750e+03 2.302758041094591135e+03 1.387954934603356394e+00
1.727699462890625000e+03 2.300440053317552156e+03 1.386036406797130915e+00
1.727720275878906250e+03 2.302817509914755192e+03 1.384469155237668891e+00
1.727741149902343750e+03 2.303903333607309833e+03 1.385211695181582936e+00
1.727761962890625000e+03 2.303830102138552320e+03 1.386773465648647452e+00
1.727782775878906250e+03 2.301223894775291228e+03 1.386094804543438253e+00
1.727803649902343750e+03 2.301485810034035694e+03 1.392008404070598226e+00
1.727824462890625000e+03 2.300816765514233339e+03 1.390742050559615084e+00
1.727845275878906250e+03 2.301134844341585904e+03 1.392251124785193861e+00
1.727866149902343750e+03 2.300291409854271933e+03 1.391645078815221925e+00
1.727886962890625000e+03 2.301166922544288354e+03 1.391024371459509634e+00
1.727907775878906250e+03 2.301032403579749825e+03 1.389447217086316133e+00
1.727928649902343750e+03 2.302216451942992535e+03 1.388238423405511845e+00
1.727949462890625000e+03 2.303907206807385592e+03 1.387222413484981764e+00
1.727970275878906250e+03 2.302072109684738280e+03 1.386343118001264418e+00
1.727991149902343750e+03 2.303565917297069518e+03 1.386943100524681727e+00
1.728011962890625000e+03 2.302572095042825822e+03 1.386597534039718749e+00
1.728032775878906250e+03 2.301057360491385225e+03 1.388124725671540993e+00
1.728053649902343750e+03 2.300936308384187214e+03 1.388715998167254329e+00
1.728074462890625000e+03 2.303475770273812486e+03 1.391816261192891702e+00
1.728095275878906250e+03 2.300145860787643869e+03 1.397222619891926421e+00
1.728116149902343750e+03 2.300536122289984633e+03 1.399060840311742382e+00
1.728136962890625000e+03 2.299224486569828514e+03 1.399327767287608770e+00
1.728157775878906250e+03 2.300051363373879667e+03 1.398487196737197902e+00
1.728178649902343750e+03 2.301660165741408491e+03 1.395277149739420297e+00
1.728199462890625000e+03 2.300827807586967538e+03 1.398481826505937331e+00
1.728220275878906250e+03 2.299921032812895646e+03 1.392846208746056025e+00
1.728241149902343750e+03 2.302239185248430658e+03 1.391859899266808975e+00
1.728261962890625000e+03 2.302179690696378657e+03 1.391187532638548774e+00
1.728282775878906250e+03 2.301351239308713957e+03 1.390229929836248379e+00
1.728303649902343750e+03 2.299990755069620718e+03 1.390629886232856993e+00
1.728324462890625000e+03 2.302002057258114291e+03 1.391489510291391563e+00
1.728345275878906250e+03 2.300940902010783248e+03 1.390534387272349903e+00
1.728366149902343750e+03 2.303343194084040078e+03 1.392945271977177102e+00
1.728386962890625000e+03 2.305155809677465641e+03 1.393978233638148989e+00
1.728407775878906250e+03 2.301193350753270352e+03 1.396269796465055890e+00
1.728428649902343750e+03 2.300815934924434714e+03 1.396349066734842159e+00
1.728449462890625000e+03 2.299723571702037589e+03 1.397929179120904752e+00
1.728470275878906250e+03 2.300031980903559543e+03 1.398150792913529505e+00
1.728491149902343750e+03 2.299930118563774158e+03 1.399139867249130864e+00
1.728511962890625000e+03 2.301345178782923540e+03 1.404866449246730431e+00
1.728532775878906250e+03 2.298773950724989845e+03 1.403179886388000730e+00
1.728553649902343750e+03 2.299082388611160695e+03 1.409318923680441760e+00
1.728574462890625000e+03 2.299868834796530791e+03 1.411839967304006294e+00
1.728595275878906250e+03 2.299716620054708983e+03 1.409369928388922721e+00
1.728616149902343750e+03 2.297974010387738417e+03 1.412828444382698612e+00
1.728636962890625000e+03 2.298851646598387561e+03 1.411299941781658518e+00
1.728657775878906250e+03 2.301319115042164867e+03 1.410248180150868169e+00
1.728678649902343750e+03 2.300510695507854052e+03 1.408488886141034735e+00
1.728699462890625000e+03 2.303649110981943522e+03 1.411621938234787210e+00
1.728720275878906250e+03 2.301074931097894478e+03 1.404925803740253665e+00
1.728741149902343750e+03 2.299376623768205718e+03 1.409342776858456547e+00
1.728761962890625000e+03 2.300591252937683748e+03 1.405785420288534926e+00
1.728782775878906250e+03 2.301865581210661730e+03 1.407287130435585176e+00
1.728803649902343750e+03 2.299027176711877473e+03 1.408434971785323508e+00
1.728824462890625000e+03 2.298742237394837503e+03 1.412268749650800181e+00
1.728845275878906250e+03 2.297368594714062056e+03 1.412870505360812601e+00
1.728866149902343750e+03 2.301091325812737523e+03 1.414557691668484551e+00
1.728886962890625000e+03 2.299304702768791230e+03 1.413367885888490383e+00
1.728907775878906250e+03 2.300501793661105239e+03 1.413093192524136565e+00
1.728928649902343750e+03 2.302329154153956551e+03 1.413196909988506222e+00
1.728949462890625000e+03 2.299853424385792550e+03 1.409312495095316642e+00
1.728970275878906250e+03 2.297894144253717968e+03 1.409535279221183712e+00
1.728991149902343750e+03 2.296677148576955460e+03 1.406410928630897894e+00
1.729011962890625000e+03 2.300178722973310869e+03 1.405551185756084287e+00
1.729032775878906250e+03 2.302191986857347729e+03 1.408818125190333781e+00
1.729053649902343750e+03 2.302700186370878782e+03 1.409585472681893492e+00
1.729074462890625000e+03 2.301394875342407431e+03 1.412190541827375689e+00
1.729095275878906250e+03 2.298360710314309472e+03 1.413859948251579235e+00
1.729116149902343750e+03 2.299374598791965582e+03 1.415967974683173702e+00
1.729136962890625000e+03 2.301470001959923138e+03 1.417337744843826686e+00
1.729157775878906250e+03 2.297605087572324919e+03 1.417419579459960222e+00
1.729178649902343750e+03 2.298440827694299514e+03 1.419075358050505997e+00
1.729199462890625000e+03 2.299611643739777264e+03 1.416617598338336004e+00
1.729220275878906250e+03 2.300184888416355989e+03 1.412946566317204500e+00
1.729261962890625000e+03 2.301637445871619093e+03 1.412388564246138678e+00
1.729282775878906250e+03 2.302121855214639254e+03 1.406962871001972371e+00
1.729303649902343750e+03 2.302724064899216501e+03 1.407424817491134572e+00
1.729324462890625000e+03 2.299632897373729065e+03 1.409356817902136738e+00
1.729345275878906250e+03 2.302011902878561159e+03 1.407560839583138934e+00
1.729366149902343750e+03 2.300891247650435616e+03 1.406643494547740403e+00
1.729386962890625000e+03 2.301611670666542523e+03 1.412724151380256643e+00
1.729407775878906250e+03 2.300369658898301168e+03 1.410228146228683199e+00
1.729428649902343750e+03 2.298078437198568736e+03 1.412972467449865821e+00
1.729449462890625000e+03 2.299617355045571003e+03 1.420773425288874181e+00
1.729470275878906250e+03 2.298995553718465089e+03 1.417516967429684804e+00
1.729491149902343750e+03 2.298251045313570103e+03 1.420227605550815841e+00
1.729511962890625000e+03 2.298095392791062750e+03 1.423053630233760414e+00
1.729532775878906250e+03 2.302717422863091997e+03 1.426215202448662289e+00
1.729553649902343750e+03 2.299999778541371597e+03 1.429138745330823967e+00
1.729574462890625000e+03 2.301310080715251388e+03 1.430703307775501365e+00
1.729595275878906250e+03 2.298296970212120868e+03 1.431824884357700389e+00
1.729616149902343750e+03 2.300806291486504506e+03 1.436109201752610698e+00
1.729636962890625000e+03 2.302768243790315864e+03 1.434551864723540460e+00
1.729657775878906250e+03 2.299021291535236742e+03 1.433670665538195221e+00
1.729678649902343750e+03 2.300058322354925622e+03 1.432975199040892100e+00
1.729699462890625000e+03 2.300729178569533360e+03 1.432081542352010350e+00
1.729720275878906250e+03 2.302283559802712261e+03 1.432500687577380472e+00
1.729741149902343750e+03 2.301960837479977272e+03 1.435442488631409663e+00
1.729761962890625000e+03 2.298119793999581361e+03 1.431990306246036404e+00
1.729782775878906250e+03 2.301888451861787871e+03 1.434681908179677556e+00
1.729803649902343750e+03 2.301208248185198499e+03 1.437426772533005659e+00
1.729824462890625000e+03 2.305008184534335669e+03 1.441590997698298349e+00
1.729845275878906250e+03 2.302193129111514281e+03 1.440295196978837344e+00
1.729866149902343750e+03 2.301292353509380973e+03 1.441358529311469017e+00
1.729886962890625000e+03 2.301772861903757985e+03 1.444060407024915005e+00
1.729907775878906250e+03 2.301796463974214475e+03 1.441552048832791311e+00
1.729928649902343750e+03 2.301814414934950037e+03 1.436814683840425877e+00
1.729949462890625000e+03 2.300816253728597076e+03 1.433769443982087388e+00
1.729970275878906250e+03 2.302758537064226402e+03 1.433135497316360807e+00
1.729991149902343750e+03 2.301300502847544522e+03 1.435672676646597035e+00
1.730011962890625000e+03 2.301137042261773786e+03 1.434904242719965195e+00
1.730032775878906250e+03 2.300506571904116754e+03 1.436212045617925925e+00
1.730053649902343750e+03 2.300311363704485757e+03 1.438115858756020549e+00
1.730074462890625000e+03 2.304388600342190784e+03 1.442706919461692605e+00
1.730095275878906250e+03 2.303335654069549491e+03 1.449366477161531774e+00
1.730116149902343750e+03 2.301381531091313718e+03 1.449435564875539484e+00
1.730136962890625000e+03 2.302648182704831470e+03 1.451223380200344026e+00
1.730157775878906250e+03 2.303776687783042235e+03 1.451525063745422228e+00
1.730178649902343750e+03 2.304067356944864514e+03 1.454420189313222256e+00
1.730199462890625000e+03 2.301177605467328249e+03 1.447968141294882161e+00
1.730220275878906250e+03 2.303173767097342534e+03 1.448560128067128083e+00
1.730241149902343750e+03 2.301885667534638287e+03 1.438330286154644755e+00
1.730261962890625000e+03 2.302408333458603011e+03 1.435291085842391956e+00
1.730282775878906250e+03 2.302087734389384423e+03 1.434591169835400137e+00
1.730303649902343750e+03 2.300645251703890153e+03 1.431135434558714392e+00
1.730324462890625000e+03 2.300241186332100824e+03 1.430501737271546947e+00
1.730345275878906250e+03 2.303657177710806536e+03 1.434127334123346253e+00
1.730366149902343750e+03 2.298233953925571768e+03 1.434348258639786655e+00
1.730386962890625000e+03 2.302026576633049444e+03 1.436875249025539869e+00
1.730407775878906250e+03 2.300023500572983266e+03 1.438384405992311654e+00
1.730428649902343750e+03 2.301918567657482527e+03 1.442677999055908877e+00
1.730449462890625000e+03 2.301301794207199691e+03 1.447206977345783852e+00
1.730470275878906250e+03 2.303487916398596099e+03 1.453458276082216782e+00
1.730491149902343750e+03 2.305618116151358663e+03 1.456967840783645718e+00
1.730511962890625000e+03 2.301988347892454840e+03 1.461007509237074009e+00
1.730532775878906250e+03 2.305311801104710867e+03 1.462724052286420440e+00
1.730553649902343750e+03 2.301141833673890233e+03 1.466127529899579729e+00
1.730574462890625000e+03 2.304911863258751509e+03 1.470754108330492027e+00
1.730595275878906250e+03 2.300940034126388582e+03 1.473543501891047658e+00
1.730616149902343750e+03 2.300257142587106500e+03 1.474599593174302781e+00
1.730636962890625000e+03 2.302966982419827218e+03 1.475494240537886137e+00
1.730657775878906250e+03 2.303018651387789305e+03 1.475800171100251301e+00
1.730678649902343750e+03 2.301506979094901453e+03 1.474363677922106541e+00
1.730699462890625000e+03 2.300009167179257474e+03 1.476551197150026251e+00
1.730720275878906250e+03 2.303621671430349124e+03 1.476249136799326678e+00
1.730741149902343750e+03 2.301129473919405427e+03 1.473271734595532845e+00
1.730761962890625000e+03 2.301319251347329100e+03 1.474184654662322291e+00
1.730782775878906250e+03 2.304054398479163865e+03 1.478699444691006892e+00
1.730803649902343750e+03 2.302542471906982428e+03 1.481765863268338146e+00
1.730824462890625000e+03 2.303592310122872277e+03 1.485029778872320572e+00
1.730845275878906250e+03 2.301093427997052004e+03 1.486457087251835452e+00
1.730866149902343750e+03 2.303085904463932366e+03 1.489178804897085540e+00
1.730886962890625000e+03 2.303163231644616189e+03 1.490619574642904510e+00
1.730907775878906250e+03 2.304242107282671896e+03 1.489610533921664315e+00
1.730928649902343750e+03 2.300650092582947764e+03 1.486135944067866310e+00
1.730949462890625000e+03 2.303309361912770328e+03 1.484191321000966735e+00
1.730970275878906250e+03 2.302851608040278279e+03 1.481205739192985149e+00
1.730991149902343750e+03 2.302877400453535756e+03 1.480389514906373050e+00
1.731011962890625000e+03 2.305576120905795506e+03 1.481926836629982036e+00
1.731032775878906250e+03 2.301955546787343792e+03 1.483524600923972203e+00
1.731053649902343750e+03 2.299442308656291516e+03 1.484248426963739709e+00
1.731074462890625000e+03 2.298116129439523320e+03 1.487993748246667636e+00
1.731095275878906250e+03 2.302805056158650132e+03 1.491755637742390395e+00
1.731116149902343750e+03 2.303923790484154324e+03 1.495624199630708029e+00
1.731136962890625000e+03 2.303066015701524520e+03 1.497278844713807677e+00
1.731157775878906250e+03 2.305544218327452199e+03 1.497770878360552560e+00
1.731178649902343750e+03 2.303913806043223758e+03 1.496512810007029959e+00
1.731199462890625000e+03 2.303589562095403380e+03 1.493146099134711635e+00
1.731220336914062500e+03 2.303669682460389140e+03 1.487480769313593187e+00
1.731241149902343750e+03 2.301177010077376963e+03 1.481435092998905745e+00
1.731262023925781250e+03 2.305524712281960547e+03 1.477669921243808027e+00
1.731282836914062500e+03 2.300642926448785602e+03 1.473985229174907818e+00
1.731303649902343750e+03 2.302029421903479488e+03 1.474913468489752022e+00
1.731324523925781250e+03 2.301223604616055582e+03 1.475301779570896477e+00
1.731345336914062500e+03 2.303503185341861354e+03 1.475639256461402482e+00
1.731366149902343750e+03 2.303588802376993954e+03 1.479288078304111353e+00
1.731387023925781250e+03 2.302362268198512993e+03 1.481407652887348547e+00
1.731407836914062500e+03 2.302646355138978834e+03 1.486423885353522767e+00
1.731428649902343750e+03 2.302275568753972038e+03 1.490716098904673936e+00
1.731449523925781250e+03 2.302269010751956557e+03 1.497204161829747804e+00
1.731470336914062500e+03 2.300224429811616574e+03 1.499494546924227123e+00
1.731491149902343750e+03 2.302702707047525109e+03 1.505223636043423241e+00
1.731512023925781250e+03 2.302674831048236229e+03 1.507093821601487083e+00
1.731532836914062500e+03 2.301495750572686575e+03 1.511959874836781292e+00
1.731553649902343750e+03 2.302859363241967912e+03 1.515807150680520854e+00
1.731574523925781250e+03 2.301125000495459062e+03 1.518943535675073120e+00
1.731595336914062500e+03 2.300727673769042212e+03 1.523240296731580790e+00
1.731616149902343750e+03 2.299053961150003488e+03 1.525653030156763235e+00
1.731637023925781250e+03 2.301028045734646184e+03 1.525855312317589085e+00
1.731657836914062500e+03 2.299653395211244970e+03 1.524975435653211697e+00
1.731678649902343750e+03 2.302677705942544435e+03 1.527029488079585162e+00
1.731699523925781250e+03 2.300654156765946027e+03 1.523880801137490471e+00
1.731720336914062500e+03 2.301919126609819614e+03 1.527039792774582905e+00
1.731741149902343750e+03 2.298034864295419538e+03 1.528679227274683416e+00
1.731762023925781250e+03 2.301901044593932966e+03 1.536778182881357369e+00
1.731782836914062500e+03 2.301945902967296206e+03 1.539213299019911885e+00
1.731803649902343750e+03 2.300820297911538091e+03 1.544973649846524966e+00
1.731824523925781250e+03 2.301607989863930015e+03 1.555747356208419641e+00
1.731845336914062500e+03 2.298817642661117134e+03 1.564802609387076826e+00
1.731866149902343750e+03 2.301156386368480526e+03 1.566708885124530548e+00
1.731887023925781250e+03 2.300721631832094317e+03 1.570380062338939231e+00
1.731907836914062500e+03 2.299907456234375786e+03 1.571671841728506491e+00
1.731928649902343750e+03 2.298307013154688320e+03 1.572774674362258374e+00
1.731949523925781250e+03 2.301209731027803173e+03 1.572585325731075123e+00
1.731970336914062500e+03 2.302355459665233866e+03 1.567647465974312704e+00
1.731991149902343750e+03 2.297996886841941887e+03 1.562211429651517491e+00
1.732012023925781250e+03 2.300208058509660987e+03 1.561411516617209339e+00
1.732032836914062500e+03 2.303005082711563318e+03 1.562354195467640094e+00
1.732053649902343750e+03 2.301195259363306377e+03 1.564649248152720329e+00
1.732074523925781250e+03 2.303431960119331507e+03 1.567362809573490612e+00
1.732095336914062500e+03 2.300351553533541846e+03 1.572179187744343842e+00
1.732116149902343750e+03 2.298642451280270961e+03 1.575327669603000746e+00
1.732137023925781250e+03 2.301283483233786683e+03 1.580969183190178873e+00
1.732157836914062500e+03 2.300320704268947793e+03 1.581854614946376358e+00
1.732178649902343750e+03 2.302340031621794424e+03 1.583395362776672588e+00
1.732199523925781250e+03 2.301922488422538208e+03 1.576953793256956837e+00
1.732220336914062500e+03 2.303402454901235615e+03 1.573968682885199311e+00
1.732241149902343750e+03 2.302101795938138821e+03 1.566126848449761022e+00
1.732262023925781250e+03 2.300847093574991050e+03 1.559903161271024130e+00
1.732282836914062500e+03 2.302660711454039301e+03 1.556978311131606230e+00
1.732303649902343750e+03 2.299793910266948387e+03 1.556527051049092059e+00
1.732324523925781250e+03 2.300944919704697895e+03 1.557649484138132756e+00
1.732345336914062500e+03 2.300662260224358761e+03 1.562213337351309184e+00
1.732366149902343750e+03 2.300444049025313689e+03 1.564761851658195591e+00
1.732387023925781250e+03 2.301038044937447921e+03 1.570251311822886020e+00
1.732407836914062500e+03 2.301801535159153445e+03 1.577568031452166286e+00
1.732428649902343750e+03 2.301598283086812444e+03 1.582948470606577729e+00
1.732449523925781250e+03 2.300281960721485575e+03 1.588295447440426722e+00
1.732470336914062500e+03 2.302058906587453748e+03 1.595895631867294329e+00
1.732491149902343750e+03 2.302358023750666689e+03 1.602075782959817785e+00
1.732512023925781250e+03 2.300061326831602855e+03 1.611236828616266603e+00
1.732532836914062500e+03 2.301038947043040935e+03 1.617525074689271980e+00
1.732553649902343750e+03 2.300493870631111804e+03 1.623587581390419032e+00
1.732574523925781250e+03 2.302174186095813639e+03 1.628532677861064037e+00
1.732595336914062500e+03 2.301305635657589846e+03 1.633431568240803378e+00
1.732616149902343750e+03 2.300986091920428862e+03 1.636428698055488073e+00
1.732637023925781250e+03 2.304838043464856128e+03 1.638588213234200230e+00
1.732657836914062500e+03 2.299436293307427150e+03 1.637819197898871648e+00
1.732678649902343750e+03 2.302969848908333006e+03 1.639559881421488674e+00
1.732699523925781250e+03 2.302971224499628988e+03 1.641835302156878784e+00
1.732720336914062500e+03 2.300628213548573513e+03 1.643223185661865093e+00
1.732741149902343750e+03 2.303047142578603143e+03 1.648780244747974688e+00
1.732762023925781250e+03 2.300936221249944992e+03 1.655668408468144559e+00
1.732782836914062500e+03 2.302864938382709170e+03 1.667803432303429645e+00
1.732803649902343750e+03 2.302169654381445980e+03 1.676686858073934472e+00
1.732824523925781250e+03 2.298695200823938649e+03 1.687040125032190252e+00
1.732845336914062500e+03 2.299934879191590881e+03 1.698594182428216026e+00
1.732866149902343750e+03 2.302270868014300049e+03 1.707264550369784084e+00
1.732887023925781250e+03 2.302713178258766220e+03 1.714200952966211666e+00
1.732907836914062500e+03 2.302066299617534696e+03 1.716144945745474937e+00
1.732928649902343750e+03 2.300473640642551800e+03 1.715870890688802275e+00
1.732949523925781250e+03 2.300489343811250819e+03 1.711858005334869315e+00
1.732970336914062500e+03 2.304531983766623398e+03 1.708566773755020307e+00
1.732991149902343750e+03 2.303269398454884140e+03 1.702304467443450431e+00
1.733012023925781250e+03 2.300909137509031552e+03 1.698313504827996256e+00
1.733032836914062500e+03 2.302944059009879766e+03 1.697586152217807287e+00
1.733053649902343750e+03 2.301152044215868500e+03 1.698488205588880806e+00
1.733074523925781250e+03 2.303563576587186162e+03 1.703267362751629932e+00
1.733095336914062500e+03 2.298427174360417666e+03 1.708559517502218128e+00
1.733116149902343750e+03 2.303652397054106586e+03 1.719100569605326534e+00
1.733137023925781250e+03 2.300335320000991942e+03 1.725272408689651149e+00
1.733157836914062500e+03 2.301780009285743745e+03 1.732059617212446057e+00
1.733178649902343750e+03 2.302358186122048664e+03 1.735669589378241007e+00
1.733199523925781250e+03 2.300594819714193363e+03 1.734418988743961165e+00
1.733220336914062500e+03 2.305680687795825634e+03 1.731604691951613706e+00
1.733241149902343750e+03 2.305906276695784527e+03 1.729301110368655747e+00
1.733262023925781250e+03 2.305580567777092710e+03 1.722470989342870684e+00
1.733282836914062500e+03 2.302046941416579557e+03 1.713220475384832575e+00
1.733303649902343750e+03 2.302831052483903022e+03 1.706241101811161176e+00
1.733324523925781250e+03 2.303818161355508437e+03 1.701630102518858267e+00
1.733345336914062500e+03 2.300690182632898086e+03 1.699034792709424924e+00
1.733366149902343750e+03 2.301790409672801161e+03 1.701461399462198543e+00
1.733387023925781250e+03 2.305572479449620914e+03 1.706966302888840881e+00
1.733407836914062500e+03 2.304164869368085419e+03 1.712412925232847272e+00
1.733428649902343750e+03 2.303392954119366550e+03 1.719183225652125557e+00
1.733449523925781250e+03 2.302547725392676966e+03 1.728584314048327242e+00
1.733470336914062500e+03 2.303613923876025638e+03 1.739951507835356459e+00
1.733512023925781250e+03 2.301517238693780200e+03 1.761665225008853142e+00
1.733532836914062500e+03 2.303754523180016804e+03 1.772540836267348707e+00
1.733553649902343750e+03 2.303319421073117155e+03 1.783686260108405808e+00
1.733574523925781250e+03 2.306708809584103165e+03 1.793585910004018125e+00
1.733595336914062500e+03 2.303837208937884498e+03 1.802491077607355496e+00
1.733616149902343750e+03 2.302571689355086619e+03 1.807517734720222702e+00
1.733637023925781250e+03 2.301194709249568859e+03 1.811122041635481850e+00
1.733657836914062500e+03 2.301166175952891081e+03 1.815972914329901045e+00
1.733678649902343750e+03 2.300957086869302202e+03 1.820850341973494046e+00
1.733699523925781250e+03 2.301806188426417521e+03 1.828032988490603694e+00
1.733720336914062500e+03 2.303089235600380107e+03 1.837545980799425882e+00
1.733741149902343750e+03 2.302463289804123633e+03 1.848436380419871794e+00
1.733762023925781250e+03 2.304414021445379603e+03 1.861004860377126979e+00
1.733782836914062500e+03 2.305622523482053566e+03 1.878486634028963209e+00
1.733803649902343750e+03 2.301413922750587062e+03 1.895334352774563413e+00
1.733824523925781250e+03 2.302350334656322957e+03 1.912264793244019101e+00
1.733845336914062500e+03 2.300333115196212020e+03 1.924219577679163740e+00
1.733866149902343750e+03 2.298705386889593683e+03 1.933950310401119310e+00
1.733887023925781250e+03 2.299436254349527189e+03 1.939794289507229763e+00
1.733907836914062500e+03 2.300668829010699483e+03 1.940072658888885249e+00
1.733928649902343750e+03 2.295379263650266694e+03 1.936175355008057153e+00
1.733949523925781250e+03 2.303166526410691404e+03 1.928420048277573073e+00
1.733970336914062500e+03 2.300632390199667498e+03 1.920933376473524579e+00
1.733991149902343750e+03 2.296671873203734322e+03 1.911903752150984737e+00
1.734012023925781250e+03 2.303652456419171358e+03 1.905498856935781360e+00
1.734032836914062500e+03 2.302623874092701953e+03 1.902778842056360498e+00
1.734053649902343750e+03 2.303324116721894825e+03 1.901227368904167658e+00
1.734074523925781250e+03 2.305105066797903419e+03 1.909173818125568634e+00
1.734095336914062500e+03 2.306429430049668554e+03 1.919455393005345289e+00
1.734116149902343750e+03 2.301769120548356113e+03 1.931408196053204573e+00
1.734137023925781250e+03 2.300032916443488830e+03 1.945862657814780849e+00
1.734157836914062500e+03 2.301677321619306895e+03 1.959024780708672919e+00
1.734178649902343750e+03 2.299225773047796793e+03 1.968767983490688822e+00
1.734199523925781250e+03 2.300819658434424127e+03 1.973189842649740733e+00
1.734220336914062500e+03 2.299900186520488205e+03 1.971551869270468105e+00
1.734241149902343750e+03 2.301963748206393575e+03 1.964992145978844640e+00
1.734262023925781250e+03 2.296797006294191306e+03 1.956486365325625698e+00
1.734282836914062500e+03 2.298611815422676045e+03 1.941011446255281214e+00
1.734303649902343750e+03 2.303872932581062742e+03 1.928228962226963938e+00
1.734324523925781250e+03 2.304725333844664419e+03 1.918513327549545400e+00
1.734345336914062500e+03 2.303163887260021511e+03 1.911881430329217757e+00
1.734366149902343750e+03 2.303965860069202790e+03 1.910370921922277310e+00
1.734387023925781250e+03 2.300377970715524498e+03 1.913631468527539514e+00
1.734407836914062500e+03 2.298394245068961936e+03 1.923190961170853752e+00
1.734428649902343750e+03 2.303672492337263066e+03 1.937248459761584884e+00
1.734449523925781250e+03 2.303102113387321879e+03 1.952557107380887391e+00
1.734470336914062500e+03 2.302613746065407213e+03 1.968521710435723771e+00
1.734491149902343750e+03 2.300190087963736005e+03 1.986866445747961230e+00
1.734512023925781250e+03 2.302069216643762047e+03 2.003694578892855738e+00
1.734532836914062500e+03 2.302672298671813223e+03 2.019601374281205786e+00
1.734553649902343750e+03 2.297919537077666064e+03 2.035582280002075084e+00
1.734574523925781250e+03 2.301212190854821529e+03 2.049717683658565992e+00
1.734595336914062500e+03 2.303559031773908828e+03 2.062089012119163733e+00
1.734616149902343750e+03 2.303328127727199899e+03 2.072662401819283851e+00
1.734637023925781250e+03 2.299221068109878615e+03 2.079238134568852647e+00
1.734657836914062500e+03 2.297686444003825272e+03 2.084009429580822914e+00
1.734678649902343750e+03 2.297902226395497564e+03 2.092558336618331793e+00
1.734699523925781250e+03 2.299899023319899243e+03 2.098637129547095359e+00
1.734720336914062500e+03 2.304668218234071901e+03 2.113687021500491703e+00
1.734741149902343750e+03 2.299883653487082483e+03 2.122930978034848870e+00
1.734762023925781250e+03 2.301629932095730510e+03 2.138987339390705955e+00
1.734782836914062500e+03 2.297766360376180273e+03 2.159233130557506097e+00
1.734803649902343750e+03 2.304346494087017163e+03 2.185040971908691176e+00
1.734824523925781250e+03 2.298517389611284671e+03 2.208510181855214860e+00
1.734845336914062500e+03 2.303743255687087185e+03 2.230508834024400144e+00
1.734866149902343750e+03 2.296434649291868482e+03 2.242896841737439750e+00
1.734887023925781250e+03 2.298131608465313548e+03 2.253360252426490185e+00
1.734907836914062500e+03 2.294975237520117844e+03 2.257057882213234112e+00
1.734928649902343750e+03 2.295584541002779588e+03 2.254287766772179680e+00
1.734949523925781250e+03 2.300301171740114114e+03 2.247504015485085382e+00
1.734970336914062500e+03 2.299617725489829354e+03 2.235623844307463859e+00
1.734991149902343750e+03 2.302706760720762759e+03 2.223569444399288830e+00
1.735012023925781250e+03 2.296497675349028214e+03 2.207181402179364316e+00
1.735032836914062500e+03 2.296438751023016266e+03 2.197573220657310866e+00
1.735053649902343750e+03 2.300855633665963978e+03 2.194953644769189083e+00
1.735074523925781250e+03 2.293644576537471949e+03 2.194932463525859134e+00
1.735095336914062500e+03 2.303001178477765279e+03 2.203891701905523970e+00
1.735116149902343750e+03 2.300372977930170237e+03 2.215315295957699604e+00
1.735137023925781250e+03 2.303408858792940009e+03 2.231114816711121218e+00
1.735157836914062500e+03 2.297057274941626929e+03 2.243246752053947635e+00
1.735178649902343750e+03 2.297261069800103542e+03 2.254585044896379564e+00
1.735199523925781250e+03 2.298945135634724465e+03 2.261569688592386385e+00
1.735220336914062500e+03 2.299510445985250954e+03 2.259459215127420428e+00
1.735241149902343750e+03 2.298916083956769398e+03 2.252253992870448585e+00
1.735262023925781250e+03 2.295916107062478659e+03 2.234583384793454197e+00
1.735282836914062500e+03 2.298111998610490446e+03 2.214947410458634636e+00
1.735303649902343750e+03 2.301876878857311567e+03 2.193864337951962451e+00
1.735324523925781250e+03 2.300279319244868930e+03 2.171980381885820766e+00
1.735345336914062500e+03 2.296793088819515106e+03 2.154548637225365049e+00
1.735366149902343750e+03 2.297718995413952143e+03 2.142869983362145625e+00
1.735387023925781250e+03 2.298518199344965979e+03 2.139485856621252235e+00
1.735407836914062500e+03 2.299346163679450910e+03 2.142703307397338719e+00
1.735428649902343750e+03 2.296573428091060123e+03 2.150959213437650064e+00
1.735449523925781250e+03 2.298079408964950744e+03 2.166030594797233366e+00
1.735470336914062500e+03 2.298439610231723236e+03 2.181386196835877644e+00
1.735491149902343750e+03 2.298053947680603414e+03 2.202876516627694681e+00
1.735512023925781250e+03 2.299785248330438662e+03 2.226062490972479324e+00
1.735532836914062500e+03 2.297866804999908709e+03 2.250980905127318632e+00
1.735553649902343750e+03 2.301610002974132840e+03 2.275089044190706566e+00
1.735574523925781250e+03 2.301178788805666045e+03 2.297393844028241094e+00
1.735595336914062500e+03 2.296655596522796259e+03 2.318251082631646920e+00
1.735616149902343750e+03 2.297069457186653381e+03 2.336369503224377198e+00
1.735637023925781250e+03 2.297908362646196110e+03 2.349300576685639630e+00
1.735657836914062500e+03 2.301301871070058951e+03 2.358877672743858511e+00
1.735678649902343750e+03 2.298948357989656870e+03 2.363892127917778030e+00
1.735699523925781250e+03 2.300571359741876222e+03 2.370658922624043985e+00
1.735720336914062500e+03 2.297456122679165674e+03 2.379456805583205270e+00
1.735741149902343750e+03 2.301555184774526424e+03 2.392936934989136954e+00
1.735762023925781250e+03 2.299915335746809433e+03 2.408176394126279707e+00
1.735782836914062500e+03 2.300030206429030841e+03 2.426382976113053758e+00
1.735803649902343750e+03 2.299132427518531586e+03 2.448353299638819536e+00
1.735824523925781250e+03 2.295150338514750729e+03 2.473969458839430313e+00
1.735845336914062500e+03 2.296448646734927024e+03 2.495362749352184384e+00
1.735866149902343750e+03 2.305476056749164854e+03 2.514531816167097311e+00
1.735887023925781250e+03 2.295570407411573797e+03 2.526864290820952430e+00
1.735907836914062500e+03 2.298803800032545041e+03 2.533956046700997611e+00
1.735928649902343750e+03 2.302568496108128784e+03 2.534380919123838893e+00
1.735949523925781250e+03 2.303439779673939483e+03 2.528652883900255777e+00
1.735970336914062500e+03 2.302923722295047810e+03 2.517553786581104625e+00
1.735991149902343750e+03 2.300368509800560787e+03 2.502111211066111895e+00
1.736012023925781250e+03 2.299735093677237273e+03 2.486587786544128598e+00
1.736032836914062500e+03 2.300538739919524232e+03 2.474940301194418435e+00
1.736053649902343750e+03 2.304380065175100754e+03 2.461740029889826431e+00
1.736074523925781250e+03 2.301578407901046376e+03 2.454417963120627100e+00
1.736095336914062500e+03 2.302794460462640018e+03 2.451912647184856020e+00
1.736116149902343750e+03 2.301062012229590437e+03 2.449682456477419112e+00
1.736137023925781250e+03 2.304973303730605039e+03 2.448988226791002365e+00
1.736157836914062500e+03 2.303436626572171917e+03 2.447299917457263163e+00
1.736178649902343750e+03 2.297281607584402082e+03 2.441556440692776331e+00
1.736199523925781250e+03 2.302921798527273495e+03 2.433347441575768766e+00
1.736220336914062500e+03 2.299761470980659396e+03 2.420495507923064338e+00
1.736241149902343750e+03 2.302996763872481097e+03 2.401498040926990374e+00
1.736262023925781250e+03 2.303255862864201845e+03 2.378049097842445114e+00
1.736282836914062500e+03 2.307378437108091930e+03 2.351084004636305735e+00
1.736303649902343750e+03 2.301775976537444876e+03 2.319467512715257751e+00
1.736324523925781250e+03 2.299322262488215529e+03 2.285855282538940880e+00
1.736345336914062500e+03 2.297916424555959566e+03 2.250785796383652393e+00
1.736366149902343750e+03 2.298431902689689196e+03 2.217097244415008994e+00
1.736387023925781250e+03 2.301013680806753655e+03 2.187483324259820616e+00
1.736407836914062500e+03 2.299253173036444423e+03 2.162066258497651550e+00
1.736428649902343750e+03 2.298251639865639845e+03 2.140879149559829830e+00
1.736449523925781250e+03 2.301974093122580598e+03 2.124781653462335385e+00
1.736470336914062500e+03 2.301271871370090594e+03 2.112732652121034338e+00
1.736491149902343750e+03 2.298363349006129283e+03 2.103628398171015768e+00
1.736512023925781250e+03 2.300122476426319736e+03 2.098688819815995199e+00
1.736532836914062500e+03 2.296752057924604742e+03 2.095814725920915667e+00
1.736553649902343750e+03 2.300873715169672323e+03 2.091493101885147254e+00
1.736574523925781250e+03 2.294717498738845279e+03 2.089052196582844356e+00
1.736595336914062500e+03 2.299311353822179626e+03 2.086859224390642975e+00
1.736616149902343750e+03 2.302142323093759842e+03 2.083969387869316847e+00
1.736637023925781250e+03 2.298582833244925496e+03 2.080325804099538711e+00
1.736657836914062500e+03 2.295752382960899013e+03 2.074559875139088128e+00
1.736678710937500000e+03 2.296611151372945642e+03 2.064181133964434256e+00
1.736699523925781250e+03 2.297188366579829562e+03 2.052024595191300094e+00
1.736720397949218750e+03 2.295904148288022043e+03 2.038114363833564813e+00
1.736741210937500000e+03 2.301058250049723938e+03 2.020885021164814166e+00
1.736762023925781250e+03 2.297893471015817340e+03 2.001161119058726179e+00
1.736782897949218750e+03 2.297250224611897465e+03 1.974125985010481310e+00
1.736803710937500000e+03 2.301601666444509647e+03 1.948658834090376768e+00
1.736824523925781250e+03 2.297364578916068240e+03 1.915881417616711158e+00
1.736845397949218750e+03 2.297618863525397046e+03 1.888076325401272459e+00
1.736866210937500000e+03 2.303331947840112662e+03 1.865288826512139675e+00
1.736887023925781250e+03 2.297955048610026097e+03 1.844374987176619074e+00
1.736907897949218750e+03 2.300363204166082596e+03 1.825925563581950906e+00
1.736928710937500000e+03 2.299347682794597404e+03 1.807879181129143031e+00
1.736949523925781250e+03 2.297711389129496183e+03 1.790968300496800891e+00
1.736970397949218750e+03 2.299450637423814442e+03 1.772802835912536290e+00
1.736991210937500000e+03 2.295331222478388554e+03 1.750795864604260732e+00
1.737012023925781250e+03 2.302071307267592601e+03 1.730769490788106157e+00
1.737032897949218750e+03 2.297584565243926136e+03 1.707761420684050568e+00
1.737053710937500000e+03 2.300318356577746272e+03 1.685126436736450239e+00
1.737074523925781250e+03 2.299100924052660503e+03 1.660340565940197743e+00
1.737095397949218750e+03 2.299342706114208340e+03 1.637473358054045480e+00
1.737116210937500000e+03 2.296025337572378703e+03 1.612960229297035530e+00
1.737137023925781250e+03 2.296881684552466140e+03 1.591494066889493020e+00
1.737157897949218750e+03 2.297245441966187627e+03 1.570054142133820552e+00
1.737178710937500000e+03 2.295985680563928327e+03 1.551522488572755876e+00
1.737199523925781250e+03 2.299708124442975077e+03 1.534601786027194992e+00
1.737220397949218750e+03 2.296462850954924306e+03 1.517777084996140058e+00
1.737241210937500000e+03 2.299940342820607384e+03 1.500752895867792924e+00
1.737262023925781250e+03 2.300094532939261626e+03 1.483819636805326692e+00
1.737282897949218750e+03 2.298874254269865560e+03 1.463607877091162912e+00
1.737303710937500000e+03 2.299217341563921764e+03 1.441537990597393515e+00
1.737324523925781250e+03 2.299156488753843405e+03 1.414166441411435216e+00
1.737345397949218750e+03 2.298947426451480169e+03 1.392180569307177818e+00
1.737366210937500000e+03 2.300362762958420262e+03 1.372707840585593697e+00
1.737387023925781250e+03 2.301800945136130395e+03 1.362008230022038413e+00
