1.790678212104111935e+03 1.990911889832407041e+03 2.971172268131152983e+00
1.790699045221961569e+03 1.991321699666721997e+03 2.964316661758524152e+00
1.790719878339054048e+03 1.992274657240893021e+03 2.972436001973404629e+00
1.790740711455507153e+03 1.991856760150314358e+03 2.981500649461894525e+00
1.790761544571260856e+03 1.991208290014893464e+03 2.966255183739840984e+00
1.790782377686374502e+03 1.990095042982479754e+03 2.973972264851253211e+00
1.790803210800906072e+03 1.988301218198315610e+03 2.970298604114983920e+00
1.790824043914914000e+03 1.989969888194122177e+03 2.971560462969415450e+00
1.790844877028339397e+03 1.990346637342022859e+03 2.971260374674580262e+00
1.790865710141240925e+03 1.989329563802286657e+03 2.975597635715026001e+00
1.790886543253677701e+03 1.988206199634174936e+03 2.973509977963802342e+00
1.790907376365648588e+03 1.988181675425711774e+03 2.966657684255424421e+00
1.790928209477211567e+03 1.990409630765056590e+03 2.972878887646658530e+00
1.793199017774093136e+03 1.995501250978469670e+03 2.968489143556054088e+00
1.793219850875761040e+03 1.996593692891280853e+03 2.965446642063597871e+00
1.793240683977428944e+03 1.995810861488680303e+03 2.967446131229351636e+00
1.793261517079155965e+03 1.993702001649861586e+03 2.968287060430664592e+00
1.793282350180882077e+03 1.998068277881495760e+03 2.976305532502121043e+00
1.793303183282549981e+03 1.995800621441794419e+03 2.980390035207286736e+00
1.793324016384276547e+03 1.994713946168832308e+03 2.970355754057762976e+00
1.793344849486001976e+03 1.994842658204672716e+03 2.968592107489166576e+00
1.793365682587728315e+03 1.997055580886200232e+03 2.998677439032384040e+00
1.793386515689396447e+03 1.996555682832512957e+03 2.971359551592312354e+00
1.793407348791180539e+03 1.994983066754243055e+03 2.970758501548708352e+00
1.793428181892907105e+03 1.995951396943125246e+03 2.973128773733185515e+00
1.793449014994634126e+03 1.995155030144574994e+03 2.981236750095441312e+00
1.793469848096360010e+03 1.992048464366337157e+03 2.974807341933028759e+00
1.793490681198144102e+03 1.995800025958415063e+03 2.972976246276665790e+00
1.793511514299928422e+03 1.995703514828300058e+03 2.975039755932253449e+00
1.793532347401654988e+03 1.995818421274324010e+03 2.966505788520014786e+00
1.793553180503439989e+03 1.995607087159749426e+03 2.973937792242208999e+00
1.793574013605224536e+03 1.994658690964443167e+03 2.976362727312262813e+00
1.793594846707008855e+03 1.994094699764627194e+03 2.964626299255655351e+00
1.793615679808851382e+03 1.994550057463481835e+03 2.968782605443893274e+00
1.793636512910635929e+03 1.997452315842001099e+03 2.985649595648425247e+00
1.793657346012478683e+03 1.994300919824786888e+03 2.972476267034112940e+00
1.793678179114320983e+03 1.994741906668901265e+03 2.967665624841224759e+00
1.793699012216163965e+03 1.992642545871664879e+03 2.972909202290079378e+00
1.793719845318006492e+03 1.995682282241617713e+03 2.967747408572924517e+00
1.793740678419849019e+03 1.993495231067366831e+03 2.996164572225608502e+00
1.793761511521750890e+03 1.994802919113822782e+03 2.971544576701766971e+00
1.793782344623593872e+03 1.992877691916236017e+03 2.966070954022657080e+00
1.793803177725495971e+03 1.995029045043925180e+03 2.971067467692884101e+00
1.793824010827396478e+03 1.993442040251990420e+03 2.969780030501489865e+00
1.793844843929355420e+03 1.994965776126565970e+03 2.975112682099857242e+00
1.793865677031256382e+03 1.991534389878403317e+03 2.965394543133805794e+00
1.793886510133214870e+03 1.994465685599132712e+03 2.982851768143253146e+00
1.793907343235174949e+03 1.995169482313393473e+03 2.968311478200394316e+00
1.793928176337134119e+03 1.993527180186847545e+03 2.984369088211994647e+00
1.793949009439093061e+03 1.995499044454084924e+03 2.973373667382111396e+00
1.793969842541109983e+03 1.996074027255759802e+03 2.967995477462160636e+00
1.793990675643126906e+03 1.994539019096630682e+03 2.964556975436281050e+00
1.794011508745144965e+03 1.993945214653677112e+03 2.971860841863784408e+00
1.794032341847162570e+03 1.994034635254382010e+03 2.967961738740813704e+00
1.794053174949237928e+03 1.993940032384345614e+03 2.989928027406316247e+00
1.794074008051255987e+03 1.993195714462146498e+03 2.974233602331907367e+00
1.794094841153331345e+03 1.993224054099230898e+03 2.964789549642509403e+00
1.794115674255464910e+03 1.994363928582101380e+03 2.969381967840287739e+00
1.794136507357539813e+03 1.995842792758087626e+03 2.965295005905129067e+00
1.794157340459674060e+03 1.992258096040586906e+03 2.972707098827996219e+00
1.794178173561807853e+03 1.994577613896015009e+03 2.974674296782092053e+00
1.794199006663941418e+03 1.995759802461349636e+03 2.968236939116114304e+00
1.794219839766133418e+03 1.995574428424771895e+03 2.968026163299486875e+00
1.794240672868325873e+03 1.993014984742087790e+03 2.988074122212979411e+00
1.794261505970518101e+03 1.994624340913891047e+03 2.984870909386723170e+00
1.794282339072709874e+03 1.993996230075608310e+03 2.966078027626177782e+00
1.794303172174959400e+03 1.993696955124324177e+03 2.966289745631991437e+00
1.794324005277210063e+03 1.995874662741670136e+03 2.965174881407763419e+00
1.794344838379460953e+03 1.992807592559883005e+03 2.971889562400654938e+00
1.794365671481768459e+03 1.992220735849918356e+03 2.965466259324639697e+00
1.794386504584077102e+03 1.992915978233291071e+03 2.966014686121114519e+00
1.794407337686385972e+03 1.992783890074345209e+03 2.996999034363390990e+00
1.794428170788752595e+03 1.993559904055908873e+03 2.968834002460811305e+00
1.794449003891118991e+03 1.995260342660059223e+03 2.978650259508362819e+00
1.794469836993486069e+03 1.992946711283973627e+03 2.977996560816575489e+00
1.794490670095852693e+03 1.992278920377867507e+03 2.999138072489568874e+00
1.794511503198277069e+03 1.995427933190972681e+03 2.975937344640110727e+00
1.794532336300702582e+03 1.992521288257176138e+03 2.989088241219041819e+00
1.794553169403127413e+03 1.993893998222397386e+03 2.971661876333001828e+00
1.794574002505609997e+03 1.992996443024902419e+03 2.968602387623378469e+00
1.794594835608092581e+03 1.993089233831395177e+03 2.964812709560419535e+00
1.794615668710634054e+03 1.991217890022993743e+03 2.968248666294401872e+00
1.794636501813175983e+03 1.992118061426875556e+03 2.963080684875214033e+00
1.794657334915716547e+03 1.992489047040226069e+03 2.975806433104668525e+00
1.794678168018258020e+03 1.990680086171281573e+03 2.963457549945601954e+00
1.794699001120857929e+03 1.993331717001847892e+03 2.973214095879495034e+00
1.794719834223457383e+03 1.989429213676114159e+03 2.978354888080913199e+00
1.794740667326115044e+03 1.993492857207924999e+03 2.994463261828474998e+00
1.794761500428772933e+03 1.992527352725749324e+03 2.963638241517833283e+00
1.794782333531430595e+03 1.993229529690036088e+03 2.963948432525259857e+00
1.794803166634146010e+03 1.992727581645870941e+03 2.970356396185704906e+00
1.794823999736862561e+03 1.991776450004389517e+03 2.962886279712123372e+00
1.794844832839637093e+03 1.988860086889732884e+03 2.968493641275153028e+00
1.794865665942352507e+03 1.991311277449100317e+03 2.965910989620566873e+00
1.794886499045185019e+03 1.991403139156267571e+03 2.971486807739818659e+00
1.794907332147959551e+03 1.992326889161784948e+03 2.966837216593317450e+00
1.794928165250791608e+03 1.988729213504572499e+03 2.963656905380178674e+00
1.794969831456573047e+03 1.992374951417957618e+03 2.962358199319288676e+00
1.794990664559463312e+03 1.988112149974599561e+03 2.980835258377330987e+00
1.795011497662412012e+03 1.991536919253453107e+03 2.967690529752605499e+00
1.795032330765360939e+03 1.990232075231395129e+03 2.976522610614853903e+00
1.795053163868309639e+03 1.992368406874229322e+03 2.988930146816145772e+00
1.795073996971315864e+03 1.992173420734081674e+03 2.964653320630160405e+00
1.795094830074382116e+03 1.991463727721751184e+03 2.967214086653532146e+00
1.795115663177388342e+03 1.990710873551021223e+03 2.965105087965386410e+00
1.795136496280511892e+03 1.992000177806166221e+03 2.965192249105901734e+00
1.795157329383577462e+03 1.992652871177509496e+03 2.972908239925197815e+00
1.795178162486759447e+03 1.992508098661002123e+03 2.965653259978794587e+00
1.795198995589882543e+03 1.991136658833282127e+03 2.966788517310479545e+00
1.795219828693063846e+03 1.990500319453743487e+03 3.002327492972916012e+00
1.795240661796304039e+03 1.989835177968530388e+03 2.980104916665024639e+00
1.795261494899543322e+03 1.990498915935088235e+03 2.970419805636285382e+00
1.795282328002783515e+03 1.987933856887599404e+03 2.969325602093848993e+00
1.795303161106081916e+03 1.988405588851737548e+03 2.964620669771633299e+00
1.795323994209380089e+03 1.990834604409041049e+03 2.968807982832204484e+00
1.795344827312736925e+03 1.988640344837614975e+03 2.965569971375983549e+00
1.795365660416093988e+03 1.991758840979429579e+03 2.963624887130396068e+00
1.795386493519509031e+03 1.993002964198084783e+03 2.968728476998460764e+00
1.795407326622922483e+03 1.990880556080019687e+03 2.969259278634542643e+00
1.795428159726395052e+03 1.991639164086170240e+03 2.965782207989084540e+00
1.795448992829926965e+03 1.990292652556718167e+03 2.969299265594849135e+00
1.795469825933399989e+03 1.991600735120207446e+03 2.968747911954446650e+00
1.795490659036988518e+03 1.991209549977703546e+03 3.005602056582703963e+00
1.795511492140519067e+03 1.989968776722442044e+03 2.972298679576598879e+00
1.795532325244166941e+03 1.991217524407738438e+03 2.980188599065256128e+00
1.795553158347813678e+03 1.991383349187414069e+03 2.968839623955553897e+00
1.795573991451461097e+03 1.991639443961509414e+03 2.966117092905417252e+00
1.795594824555166952e+03 1.992704690399020365e+03 2.966822108650507328e+00
1.795615657658873033e+03 1.990347901096315582e+03 2.966343436330861394e+00
1.795636490762636186e+03 1.990354952138556428e+03 2.967408208287052318e+00
1.795657323866458000e+03 1.991898984045899624e+03 2.963804924953515219e+00
1.795678156970280043e+03 1.990709731393616721e+03 2.965831566903243122e+00
1.795698990074160974e+03 1.991138133160286543e+03 2.967303756999561060e+00
1.795719823178040315e+03 1.988421887760420987e+03 2.966304052529959989e+00
1.795740656281979000e+03 1.992308430793237676e+03 2.964572416612939687e+00
1.795761489385917002e+03 1.992441974712162619e+03 2.970666848788207304e+00
1.795782322489913895e+03 1.991063859221579378e+03 2.967064147924333373e+00
1.795803155593968313e+03 1.992207926000994348e+03 2.968300875772422298e+00
1.795823988698022958e+03 1.989986722337988795e+03 2.971610849155447376e+00
1.795844821802078059e+03 1.990394779542783681e+03 2.970096323011889972e+00
1.795865654906250029e+03 1.992193224228762119e+03 2.966111948535921083e+00
1.795886488010362427e+03 1.991745695326663963e+03 2.968813604376215665e+00
1.795907321114591923e+03 1.992240428925381366e+03 2.964292693663372891e+00
1.795928154218821419e+03 1.991314075932531978e+03 2.982112486254713701e+00
1.795948987323109577e+03 1.991014017383834016e+03 2.969203071153366125e+00
1.795969820427396826e+03 1.988180040343394921e+03 2.962392162822974573e+00
1.795990653531742055e+03 1.992550933865831894e+03 2.963726089361780502e+00
1.796011486636146856e+03 1.989408543929362168e+03 2.963169997540838541e+00
1.796032319740550975e+03 1.992517015232815311e+03 2.973938273258107667e+00
1.796053152845012846e+03 1.991827154297222478e+03 2.986654798904182506e+00
1.796073985949474945e+03 1.992520965204063032e+03 2.964533330978655012e+00
1.796094819053995934e+03 1.990652051120823899e+03 2.966585675394865174e+00
1.796115652158574903e+03 1.992682633165295783e+03 2.970767971637736871e+00
1.796136485263211398e+03 1.991786655913535697e+03 2.966582942881359930e+00
1.796157318367847893e+03 1.992788249002711837e+03 2.967280455826148078e+00
1.796178151472543504e+03 1.991076314663610674e+03 2.964987046469171439e+00
1.796198984577239116e+03 1.991723976768802459e+03 2.969556036496709073e+00
1.796219817681992481e+03 1.991896872087519569e+03 2.993943140095189914e+00
1.796240650786803599e+03 1.989544149574537641e+03 2.976702509112858941e+00
1.796261483891672924e+03 1.989968409211902326e+03 2.965746836274971265e+00
1.796282316996542932e+03 1.991831898858880777e+03 2.966571852065409853e+00
1.796303150101471147e+03 1.992343192039440055e+03 2.966683562012756958e+00
1.796323983206457342e+03 1.991559971518590373e+03 2.965076944983528140e+00
1.796344816311443083e+03 1.990739962840321823e+03 2.965514015556973249e+00
1.796365649416487940e+03 1.989172563416320827e+03 2.978037551284461681e+00
1.796386482521591006e+03 1.992141207627537824e+03 2.976215172074808457e+00
1.796407315626752052e+03 1.994693347350020304e+03 2.965624157470326150e+00
1.796428148731912643e+03 1.991141303609027773e+03 2.966207439440388338e+00
1.796448981837130987e+03 1.991759889648142007e+03 2.972611014664857887e+00
1.796469814942408448e+03 1.992358618989632305e+03 2.969531468384134509e+00
1.796490648047743889e+03 1.991972479348253273e+03 2.970264249406727508e+00
1.796511481153137993e+03 1.992184326691312663e+03 2.992706492859730005e+00
1.796532314258531642e+03 1.989579495750020897e+03 2.976627058795871861e+00
1.796553147363983044e+03 1.994338579161718371e+03 2.979674147129395045e+00
1.796573980469493108e+03 1.991879472230270267e+03 2.975827744677304043e+00
1.796594813575002945e+03 1.993032715684224968e+03 2.965224089621619541e+00
1.796615646680630107e+03 1.991824721820521745e+03 2.970602320980387123e+00
1.796636479786256587e+03 1.990979556399864578e+03 2.971285570418805033e+00
1.796657312891941046e+03 1.991515252139387258e+03 2.970930082039657361e+00
1.796678145997683941e+03 1.993103106999668853e+03 2.985506492340638918e+00
1.796698979103485044e+03 1.990940779774592784e+03 2.974756529005416095e+00
1.796719812209287056e+03 1.990222007127212237e+03 2.964395481644484853e+00
1.796740645315203892e+03 1.990956059231149084e+03 2.970865559949317003e+00
1.796761478421121410e+03 1.991654166223060884e+03 2.966574423852511355e+00
1.796782311542114485e+03 1.991246529414641600e+03 2.972672932361205778e+00
1.796803144648149100e+03 1.993339782332813229e+03 2.974836514893589801e+00
1.796823977754241014e+03 1.991632217254549005e+03 2.977147162580501938e+00
1.796844810860334064e+03 1.987358044163880777e+03 2.969583815882417710e+00
1.796865643966541484e+03 1.990522778863465874e+03 2.967945511885862864e+00
1.796886477072808475e+03 1.992008907576568618e+03 2.968223284124107852e+00
1.796907310179076603e+03 1.992059532414905107e+03 2.971054788675565828e+00
1.796928143285460010e+03 1.992556873453066601e+03 2.965130979272781353e+00
1.796948976391843416e+03 1.994183821170384135e+03 2.968673062582412481e+00
1.796969809498285031e+03 1.994013118423662945e+03 2.970372449339134580e+00
1.796990642604784625e+03 1.991102778394181996e+03 2.983529974851910627e+00
1.797011475711399953e+03 1.992967299603546735e+03 2.969337003798401042e+00
1.797032308818015963e+03 1.993768878311440858e+03 2.967511852468909250e+00
1.797053141924690863e+03 1.991264981346728518e+03 2.963876196959123632e+00
1.797073975031423970e+03 1.991259526368438856e+03 2.963800420119048873e+00
1.797094808138213921e+03 1.992753969396137336e+03 2.967576929523748852e+00
1.797115641245062307e+03 1.993048404450717726e+03 2.963975138324454583e+00
1.797136474351970037e+03 1.992456712593482507e+03 2.964678572525377920e+00
1.797157307458935065e+03 1.994221835339385052e+03 2.970034191050382688e+00
1.797178140565958984e+03 1.989938801815132138e+03 2.986378262025989105e+00
1.797198973673041110e+03 1.992269146480743757e+03 2.992917601751512002e+00
1.797219806780180988e+03 1.994491995815717473e+03 2.997923450228130005e+00
1.797240639887437965e+03 1.992830537313160676e+03 2.969262651049578317e+00
1.797261472994693577e+03 1.990716984906978041e+03 2.964538799781537115e+00
1.797282306102008079e+03 1.993317488256065417e+03 2.964551506666928127e+00
1.797303139209438996e+03 1.991807652811629396e+03 2.964891194603505475e+00
1.797323972316869913e+03 1.993399294028119130e+03 2.977645236556087038e+00
1.797344805424418155e+03 1.993850481543538763e+03 2.967487267432338260e+00
1.797365638531965033e+03 1.992936397945502904e+03 2.993927054057444970e+00
1.797386471639629008e+03 1.991747988007994309e+03 2.997333295066443970e+00
1.797407304747350508e+03 1.992312524834788064e+03 2.972846808322277656e+00
1.797428137855130899e+03 1.993102171660995282e+03 2.964325348134425830e+00
1.797448970962969042e+03 1.995217813909525375e+03 2.968806055443236058e+00
1.797469804070865848e+03 1.994542225702974292e+03 2.988260346383178501e+00
1.797490637178879979e+03 1.993530395210265397e+03 2.981009458038671678e+00
1.797511470286950953e+03 1.992607935147974331e+03 2.990443744966469364e+00
1.797532303395022154e+03 1.994772012849251269e+03 2.967356465185720271e+00
1.797553136503268433e+03 1.994729148154926634e+03 2.968331076528157642e+00
1.797573969611513803e+03 1.992262940467494445e+03 2.981388535069842138e+00
1.797594802719818063e+03 1.997136486335635254e+03 2.980399794674565506e+00
1.797615635828238510e+03 1.992451651536120380e+03 2.967099825350706155e+00
1.797636468936716938e+03 1.990907561723352046e+03 2.970622706782577449e+00
1.797657302045254482e+03 1.994619697173312261e+03 2.968788227035957572e+00
1.797678135153850008e+03 1.993333183168513870e+03 2.968015238535132383e+00
1.797698968262561948e+03 1.993849817652947422e+03 2.969657839450640324e+00
1.797719801371331869e+03 1.991888983763313718e+03 2.968596765679392124e+00
1.797740634480158860e+03 1.993746708390502590e+03 2.969870265606100457e+00
1.797761467589102949e+03 1.994533105789644878e+03 2.984697094856842536e+00
1.797782300698106155e+03 1.993324737112569437e+03 2.967851683578991651e+00
1.797803133807166887e+03 1.994615339644913320e+03 2.966210333056170878e+00
1.797823966916344034e+03 1.994581159355403770e+03 2.967058844486490266e+00
1.797844800025580071e+03 1.993522958422752708e+03 2.964685971129095599e+00
1.797865633134873860e+03 1.990698185308456914e+03 2.969777782616908279e+00
1.797886466244284065e+03 1.992544930848658396e+03 2.965471083221410176e+00
1.797907299353752478e+03 1.992763686383259483e+03 2.966790124560292785e+00
1.797928132463278871e+03 1.994974888166126220e+03 2.969554109593264712e+00
1.797948965572921679e+03 1.993000125759623188e+03 2.970871498608224304e+00
1.797969798682680448e+03 1.992005870367977650e+03 2.993181745716525288e+00
1.797990631792440126e+03 1.992296571606153066e+03 2.968997663908797602e+00
1.798011464902373973e+03 1.992707062098847928e+03 2.968796257863298482e+00
1.798032298012308047e+03 1.994066438416740539e+03 2.965687024962225582e+00
1.798053131122358991e+03 1.993540989424601321e+03 2.967341359886615848e+00
1.798073964232526123e+03 1.991575670315338130e+03 2.973711064754453570e+00
1.798094797342751008e+03 1.993749275756953693e+03 2.968350835366960094e+00
1.798115630453092990e+03 1.992091852647909036e+03 2.967075076190601735e+00
1.798136463563492953e+03 1.993300280926466257e+03 2.970428474164862553e+00
1.798157296674009103e+03 1.992293734894215504e+03 2.981907328628493836e+00
1.798178129784640532e+03 1.994362380508521710e+03 2.972800934286966346e+00
1.798198962895331078e+03 1.992985231968106518e+03 2.974526176867111626e+00
1.798219796006080060e+03 1.994368689563193129e+03 2.972790668671645875e+00
1.798240629116945001e+03 1.993912840035431827e+03 2.967090182845342206e+00
1.798261462227927041e+03 1.994312137936867657e+03 2.968621662779073578e+00
1.798282295339025950e+03 1.994553488249364136e+03 2.982768480186902327e+00
1.798303128450181930e+03 1.993991900822251637e+03 3.010039379584657837e+00
1.798323961561455008e+03 1.995539122542761106e+03 2.984270822993567052e+00
1.798344794672786065e+03 1.995546609838871291e+03 2.974210676097607475e+00
1.798365627784291974e+03 1.994282632506483878e+03 2.974564970891079074e+00
1.798386460895856089e+03 1.993475306412220334e+03 2.975222148134406552e+00
1.798407294007477958e+03 1.992298771100977774e+03 2.971609565441568623e+00
1.798428127119274905e+03 1.992533669837033358e+03 2.978921431115837848e+00
1.798448960231130513e+03 1.993767157156361009e+03 2.969957768560639089e+00
1.798469793343102538e+03 1.995626900135521737e+03 2.977434806462334382e+00
1.798490626455189613e+03 1.994366142619174525e+03 2.968698280285505309e+00
1.798511459567393103e+03 1.993353691594324573e+03 2.991986061267717822e+00
1.798532292679655484e+03 1.995014572695748029e+03 2.969543190450128822e+00
1.798553125792092487e+03 1.992455226370149148e+03 2.972462631516863851e+00
1.798573958904587926e+03 1.992614331596296552e+03 2.983086272794921889e+00
1.798594792017200007e+03 1.996026328073310424e+03 2.978938398530384113e+00
1.798615625129928048e+03 1.995047824920052790e+03 2.984858928011405066e+00
1.798636458242772051e+03 1.991940607282444716e+03 2.973734796588608731e+00
1.798657291355732923e+03 1.995194015508126768e+03 2.971287656681041778e+00
1.798678124468810438e+03 1.994945806272922937e+03 2.989967100032597802e+00
1.798698957582003914e+03 1.994392300188723539e+03 2.988284281810145160e+00
1.798719790695314487e+03 1.993657631207781606e+03 2.971480549368182622e+00
1.798740623808741020e+03 1.994460574356071675e+03 2.976336292872746814e+00
1.798761456922341949e+03 1.994707781894794152e+03 2.972729395042936762e+00
1.798782290036001996e+03 1.992362236821509214e+03 2.997601344898452425e+00
1.798803123149778003e+03 1.994798295943545554e+03 2.979289250197155958e+00
1.798823956263669970e+03 1.994013093851729309e+03 2.977850847945112012e+00
1.798844789377737015e+03 1.994847274423772433e+03 2.981688563559829142e+00
1.798865622491920021e+03 1.993947355707677161e+03 2.980192119114721816e+00
1.798886455606219897e+03 1.993703962297593080e+03 2.976009768131591571e+00
1.798907288720635961e+03 1.994274337484356010e+03 2.977325742092041594e+00
1.798928121835168440e+03 1.992774064784765187e+03 2.977602479133619084e+00
1.798948954949875997e+03 1.992474823880657596e+03 2.973563859011708832e+00
1.798969788064699060e+03 1.994961032407101129e+03 2.974589818037318700e+00
1.798990621179638993e+03 1.993200853647588019e+03 2.977004131084903804e+00
1.799011454294754003e+03 1.994356371426232954e+03 2.992883506682194827e+00
1.799032287409984974e+03 1.994597704772417046e+03 2.976228790399887192e+00
1.799053120525331451e+03 1.993035389986265045e+03 2.986981437081380530e+00
1.799073953640853006e+03 1.992512326820772842e+03 2.981528477488141426e+00
1.799094786756491430e+03 1.995601198426178826e+03 2.979999470294675046e+00
1.799115619872304478e+03 1.991105063532910890e+03 3.001818106003146802e+00
1.799136452988233941e+03 1.993127888963749911e+03 2.981316882009047209e+00
1.799157286104280047e+03 1.992014153424872120e+03 2.988393584489886567e+00
1.799178119220501003e+03 1.991429602152350753e+03 2.987158311273664157e+00
1.799219785453407439e+03 1.994383658036715815e+03 2.989106586647644281e+00
1.799240618570094057e+03 1.992404167839992851e+03 3.007477342832588718e+00
1.799261451686955070e+03 1.992596477275769985e+03 2.982002793441886457e+00
1.799282284803932043e+03 1.994102568851192473e+03 2.990880775475738051e+00
1.799303117921083867e+03 1.993749569746017869e+03 3.003488261058125719e+00
1.799323951038410087e+03 1.992671765878017823e+03 2.987834742478950645e+00
1.799344784155852949e+03 1.993606997897200245e+03 2.978260266973736581e+00
1.799365617273529097e+03 1.993683721594840108e+03 2.978189979636888474e+00
1.799386450391320977e+03 1.993948928606950403e+03 2.984839597957838375e+00
1.799407283509287936e+03 1.994100043188191876e+03 2.982320827528545326e+00
1.799428116627429063e+03 1.993597500893334427e+03 3.005724848760291668e+00
1.799448949745687059e+03 1.995210764831124152e+03 3.002268728072816195e+00
1.799469782864177887e+03 1.995027440751712902e+03 2.980622973770345574e+00
1.799490615982842883e+03 1.993898164121295622e+03 3.000813056123745604e+00
1.799511449101682956e+03 1.992899228672373965e+03 2.991611196132967443e+00
1.799532282220639900e+03 1.992371489123562924e+03 2.982247757841046454e+00
1.799553115339830129e+03 1.992881591666262239e+03 2.986245093678930651e+00
1.799573948459194071e+03 1.993244020722624327e+03 2.986361815896857674e+00
1.799594781578731954e+03 1.995403149981572597e+03 2.992574880837476137e+00
1.799615614698503123e+03 1.991853195820628343e+03 2.986446440643875544e+00
1.799636447818449142e+03 1.994077912910886653e+03 2.986775177051656183e+00
1.799657280938511576e+03 1.993753088111762963e+03 2.988385925454261738e+00
1.799678114058865049e+03 1.995023622682190535e+03 2.991133143066891709e+00
1.799698947179334482e+03 1.993106364159500345e+03 2.985312748919668024e+00
1.799719780300036973e+03 1.992406599590780615e+03 2.987815591271705262e+00
1.799740613420972522e+03 1.991560136297164036e+03 2.992000882775895487e+00
1.799761446542082467e+03 1.991788465728546953e+03 2.991314394584925207e+00
1.799782279663367035e+03 1.991331362994396159e+03 2.993475016983961456e+00
1.799803112784884433e+03 1.991744048847752993e+03 2.999117085551459283e+00
1.799823945906634890e+03 1.990274250030309531e+03 2.998549905631063162e+00
1.799844779028559969e+03 1.991681047212850217e+03 2.995426188158548886e+00
1.799865612150717425e+03 1.993112528652671472e+03 2.996635616793677848e+00
1.799886445273107938e+03 1.992642600848833581e+03 2.995071336154580877e+00
1.799907278395731964e+03 1.991345018023476541e+03 2.997599436022967634e+00
1.799928111518529477e+03 1.994081642657066141e+03 3.000106332801835141e+00
1.799948944641560502e+03 1.992542762779665054e+03 2.995842914451023908e+00
1.799969777764823903e+03 1.992019507395866412e+03 3.018856550591113130e+00
1.799990610888379479e+03 1.992005749932482786e+03 2.995504189468126022e+00
1.800011444012109450e+03 1.991951506560586722e+03 3.003075771345095735e+00
1.800032277136072025e+03 1.993463462776148617e+03 2.999161285144005262e+00
1.800053110260324956e+03 1.992137754474000531e+03 3.040446694331972566e+00
1.800073943384752965e+03 1.991619766242573178e+03 3.005494648975767458e+00
1.800094776509472467e+03 1.994140117301925557e+03 3.009736949033980036e+00
1.800115609634425027e+03 1.992687394109533443e+03 3.011197016508385893e+00
1.800136442759667489e+03 1.990839008882475127e+03 3.004286564635799017e+00
1.800157275885143008e+03 1.991731781050236577e+03 3.005989612239064357e+00
1.800178109010852040e+03 1.993336184253632155e+03 3.012480682690998890e+00
1.800198942136850974e+03 1.990647674440438777e+03 3.001352482149827861e+00
1.800219775263141401e+03 1.995084094869221417e+03 3.000559595686788761e+00
1.800240608389664885e+03 1.991947755228076630e+03 3.019394332327965280e+00
1.800261441516478953e+03 1.993348676184304850e+03 3.001907378067175003e+00
1.800282274643584969e+03 1.992747081182377997e+03 3.001892287780173252e+00
1.800303107770981114e+03 1.991736719209767898e+03 3.003869581060730987e+00
1.800323940898610090e+03 1.991795414221174042e+03 3.035046746084074432e+00
1.800344774026588993e+03 1.995638725143055353e+03 3.028394632371653294e+00
1.800365607154800045e+03 1.993115849533621940e+03 3.004017523997632111e+00
1.800386440283361026e+03 1.992141177184126946e+03 3.021992656070210614e+00
1.800407273412213044e+03 1.990050583638014587e+03 3.012666031310297310e+00
1.800428106541356556e+03 1.992073304223765490e+03 3.016355277863083550e+00
1.800448939670847949e+03 1.993494692356059431e+03 3.027131261443948507e+00
1.800469772800631063e+03 1.990654149980703778e+03 3.025508358698128841e+00
1.800490605930705442e+03 1.991953331409546763e+03 3.021916443028738186e+00
1.800511439061187048e+03 1.991439166800037810e+03 3.014050799199278430e+00
1.800532272191901029e+03 1.992726982198896849e+03 3.020127961687759655e+00
1.800553105323022919e+03 1.992004387376381374e+03 3.020764650462913536e+00
1.800573938454435847e+03 1.991622793219258938e+03 3.037661035609592552e+00
1.800594771586256002e+03 1.990759640719458503e+03 3.023618234363070645e+00
1.800615604718366967e+03 1.991172246527314883e+03 3.020429193933200640e+00
1.800636437850886068e+03 1.992817264176330127e+03 3.029751751490405542e+00
1.800657270983696435e+03 1.992461177746954718e+03 3.028686225777016183e+00
1.800678104116914028e+03 1.992219320551188275e+03 3.039170917842378916e+00
1.800698937250539075e+03 1.991544935249329001e+03 3.030469656322370309e+00
1.800719770384513140e+03 1.993915892448108707e+03 3.043917898446893311e+00
1.800740603518835997e+03 1.992463476296372619e+03 3.039104863437864346e+00
1.800761436653566534e+03 1.992787491593607456e+03 3.047097378954045421e+00
1.800782269788704980e+03 1.994192388296032050e+03 3.050920041257150217e+00
1.800803102924249970e+03 1.994977751241564192e+03 3.056200672211843550e+00
1.800823936060202868e+03 1.989761774228357581e+03 3.061310517665806863e+00
1.800844769196622110e+03 1.993842866724494570e+03 3.060917348050528286e+00
1.800865602333391053e+03 1.992682706623898639e+03 3.069296166322827091e+00
1.800886435470624065e+03 1.993096289802290130e+03 3.065690694526973736e+00
1.800907268608265440e+03 1.990633337918199459e+03 3.061345408250784939e+00
1.800928101746372022e+03 1.991917615759495902e+03 3.063823024917584181e+00
1.800948934884944038e+03 1.990777716456620283e+03 3.068918159057388184e+00
1.800969768023923962e+03 1.993289621184954513e+03 3.073765800097277623e+00
1.800990601163427982e+03 1.993337436019640563e+03 3.085453816425697049e+00
1.801011434303396982e+03 1.995191655432372727e+03 3.082285900740125761e+00
1.801032267443833007e+03 1.993848592181068625e+03 3.086348030693385702e+00
1.801053100584791991e+03 1.988218212010631987e+03 3.096543717203700474e+00
1.801073933726217092e+03 1.992047223595157675e+03 3.095443262210274771e+00
1.801094766868165152e+03 1.993932612320784983e+03 3.105128009264425781e+00
1.801115600010637081e+03 1.994012089444550611e+03 3.112186713327277143e+00
1.801136433153632879e+03 1.992309818722534374e+03 3.105770763370492737e+00
1.801157266297153001e+03 1.994918765425289848e+03 3.111328431516777293e+00
1.801178099441255426e+03 1.991860699959085878e+03 3.098936723051401998e+00
1.801198932585881948e+03 1.992744239910288570e+03 3.100592550435861128e+00
1.801219765731091002e+03 1.991349177357195231e+03 3.099802435455359717e+00
1.801240598876822560e+03 1.996215278893589357e+03 3.106859732947002684e+00
1.801261432023195084e+03 1.993408707320987332e+03 3.101171204604962650e+00
1.801282265170206983e+03 1.991282885340112216e+03 3.104596784520980091e+00
1.801303098317801414e+03 1.994871750005659351e+03 3.110585652739262574e+00
1.801323931465978148e+03 1.993129119859848515e+03 3.102957231763486590e+00
1.803594743715508002e+03 1.992939224222286612e+03 2.969194238452442569e+00
1.803615576775790942e+03 1.991187085915526950e+03 2.974866328722534536e+00
1.803636409835551149e+03 1.994898829823402821e+03 2.968009294161163769e+00
1.803657242894786123e+03 1.991990653102817987e+03 2.966509646285740320e+00
1.803678075953615007e+03 1.989970637273497687e+03 2.967668356357838988e+00
1.803698909011978003e+03 1.991205860030745043e+03 2.988646800302847684e+00
1.803719742069873973e+03 1.995649215312917704e+03 2.970449503267955649e+00
1.803740575127364082e+03 1.993428967581163306e+03 2.980777029590485405e+00
1.803761408184504489e+03 1.993516998884321083e+03 2.987145221665224337e+00
1.803782241241294969e+03 1.993711592182671666e+03 2.973659912386776849e+00
1.803803074297735975e+03 1.993687979746317978e+03 2.972858838109486257e+00
1.803823907353771119e+03 1.993214785298164315e+03 2.971299211337676383e+00
1.803844740409572978e+03 1.991885493314476662e+03 2.979501789868990613e+00
1.803865573465023999e+03 1.992203146988932303e+03 2.970161985610239253e+00
1.803886406520186029e+03 1.994123577755515726e+03 2.998440814153083167e+00
1.803907239575114090e+03 1.995189724982592452e+03 2.968247220480404902e+00
1.803928072629751114e+03 1.992001667576420687e+03 2.970684826435260550e+00
1.803948905684098008e+03 1.990570688645500695e+03 2.980632092560840274e+00
1.803969738738270053e+03 1.991828382729446275e+03 2.971247856964250200e+00
1.803990571792150149e+03 1.993395133284141821e+03 2.968569940828632348e+00
1.804011404845855850e+03 1.993069504907660303e+03 2.973510779772266854e+00
1.804032237899328948e+03 1.990964449307983386e+03 2.967104485883732323e+00
1.804053070952627422e+03 1.991224309346835526e+03 2.968993488164578753e+00
1.804073904005693521e+03 1.992089242930833507e+03 2.969561656624613022e+00
1.804094737058642977e+03 1.993495680759023344e+03 2.977863498026465550e+00
1.804115570111358920e+03 1.993587539703563834e+03 2.979570125834534622e+00
1.804136403163900923e+03 1.992456553372481039e+03 2.969026251538409600e+00
1.804157236216326964e+03 1.991773706796696388e+03 2.968310514344870921e+00
1.804178069268577019e+03 1.991418320058632162e+03 2.985537477343985557e+00
1.804198902320653588e+03 1.990195613494548070e+03 2.971680329341862770e+00
1.804219735372613513e+03 1.993928393938654381e+03 2.975297153282271623e+00
1.804240568424455887e+03 1.993174070287238919e+03 2.968414127022103166e+00
1.804261401476183437e+03 1.993944251806960438e+03 2.985145030116640452e+00
1.804282234527735909e+03 1.994768358241362876e+03 2.967796252791538247e+00
1.804303067579171966e+03 1.994556007535799381e+03 2.972969830649587308e+00
1.804323900630549588e+03 1.992330536778014675e+03 2.993651826081038969e+00
1.804344733681753041e+03 1.994241256064506615e+03 2.966722297861219104e+00
1.804365566732897150e+03 1.992252873077170534e+03 2.967279009540387591e+00
1.804386399783925981e+03 1.993280925979758877e+03 2.967772794813191339e+00
1.804407232834896149e+03 1.993734147779068053e+03 2.971428556232662110e+00
1.804428065885750129e+03 1.991215295785873423e+03 2.971555007089091482e+00
1.804448898936487467e+03 1.990358637457833538e+03 2.971437863712663052e+00
1.804469731987167052e+03 1.992071552956512051e+03 2.971862125469122873e+00
1.804490565037787974e+03 1.992925706988719412e+03 2.967779221675014956e+00
1.804511398088292935e+03 1.994386818184098047e+03 2.966286852093675819e+00
1.804532231138739007e+03 1.990286236825327705e+03 2.976318189151443860e+00
1.804553064189126871e+03 1.991061072399995055e+03 2.972156216927337891e+00
1.804573897239456983e+03 1.990733852883017107e+03 2.979362072349430957e+00
1.804594730289669997e+03 1.992882250116615296e+03 2.973970340809184432e+00
1.804615563339883920e+03 1.992580637290956929e+03 2.966109697871460948e+00
1.804636396390039863e+03 1.990683381095102050e+03 2.974336207089362194e+00
1.804657229440078027e+03 1.991495783791773420e+03 2.968677078154569493e+00
1.804678062490117554e+03 1.992792537849355995e+03 2.978144828354111873e+00
1.804698895540100011e+03 1.992893646192502501e+03 2.975326802231668122e+00
1.804719728590022441e+03 1.989388541077569471e+03 2.965209777512916922e+00
1.804740561639945099e+03 1.990389804638828991e+03 3.007833267734715932e+00
1.804761394689750887e+03 1.991207536901254798e+03 2.966596766159135257e+00
1.804782227739557129e+03 1.989782163078762778e+03 2.968944021209261486e+00
1.804803060789362917e+03 1.992163084184589252e+03 2.990518846690672472e+00
1.804823893839052971e+03 1.989855034730140005e+03 2.966869521617150784e+00
1.804844726888742571e+03 1.990562296110952730e+03 2.977289386414109007e+00
1.804865559938431943e+03 1.989103444946440277e+03 2.975890877312519223e+00
1.804886392988064017e+03 1.992714228375598168e+03 2.968315172977001648e+00
1.804907226037637429e+03 1.990160678906731164e+03 2.965414482338512681e+00
1.804928059087209931e+03 1.990431382789943655e+03 2.965510799673222397e+00
1.804948892136784025e+03 1.993848397413566772e+03 2.979881058693853557e+00
1.804969725186299002e+03 1.991820956494551865e+03 2.985913743783457086e+00
1.804990558235813978e+03 1.992848331444139831e+03 2.971380895059223093e+00
1.805011391285270975e+03 1.992159858067218693e+03 2.983608766624376241e+00
1.805032224334727971e+03 1.991281458910704487e+03 2.967960614110163764e+00
1.805053057384184967e+03 1.992726301764951813e+03 2.970036920388647417e+00
1.805073890433583983e+03 1.991117432991949045e+03 2.998190811131542066e+00
1.805094723483040070e+03 1.987959606390627187e+03 2.972389961175825768e+00
1.805115556532381106e+03 1.991692223894340714e+03 2.972747360216771106e+00
1.805136389581779895e+03 1.990884520781849915e+03 2.971686908212965772e+00
1.805157222631178456e+03 1.989176480823437259e+03 2.964530274878532268e+00
1.805178055680519037e+03 1.990213632084653227e+03 2.965413999939981338e+00
1.805198888729858936e+03 1.992146987313865566e+03 2.974778489273058213e+00
1.805219721779199972e+03 1.990709234107682732e+03 2.967269689015245682e+00
1.805240554828540553e+03 1.991636612622087341e+03 2.966957755934601870e+00
1.805261387877822926e+03 1.990528330101490610e+03 2.972276861415464211e+00
1.805282220927163962e+03 1.993218707521050419e+03 2.966744478326809986e+00
1.805303053976445426e+03 1.990421313384996893e+03 2.967578214982063756e+00
1.805323887025786007e+03 1.992149062037867679e+03 2.971825863404910617e+00
1.805344720075067926e+03 1.991223050161822130e+03 2.972902946912780564e+00
1.805365553124350981e+03 1.992544389534407173e+03 2.973902196849826041e+00
1.805386386173692017e+03 1.991169060232494985e+03 2.972113861849894345e+00
1.805407219222973936e+03 1.989613000338416896e+03 2.971903842340817725e+00
1.805428052272256537e+03 1.992550159827658490e+03 2.974713730061746997e+00
1.805448885321538000e+03 1.993356459434044609e+03 2.977895203057533191e+00
1.805469718370879036e+03 1.993646394436971832e+03 2.977612087596646528e+00
1.805490551420160955e+03 1.990479980892303729e+03 2.968300554486134946e+00
1.805511384469444010e+03 1.990713418835499397e+03 2.982703414848634882e+00
1.805532217518783909e+03 1.991839104512971289e+03 2.978083184540103900e+00
1.805553050568066055e+03 1.993578034935806727e+03 2.970515800152814911e+00
1.805573883617406864e+03 1.989266476732353794e+03 2.978014654334848021e+00
1.805594716666747445e+03 1.990062520575551844e+03 2.969022557646698424e+00
1.805615549716030046e+03 1.992132967353804361e+03 2.967029595052924407e+00
1.805636382765370399e+03 1.991378576964037620e+03 2.971518259869488698e+00
1.805657215814711435e+03 1.990076431411702742e+03 2.977330226462087559e+00
1.805678048864052016e+03 1.991525252015336491e+03 2.968354690734805956e+00
1.805698881913449895e+03 1.990697068817801437e+03 2.968341036284481316e+00
1.805719714962790476e+03 1.992219353520566301e+03 2.972553266428194618e+00
1.805740548012189947e+03 1.993035367782163121e+03 2.966716350896601462e+00
1.805761381061588509e+03 1.989693063943881725e+03 2.969458565729446775e+00
1.805782214110987070e+03 1.994002106060707092e+03 2.971749807903815821e+00
1.805803047160386086e+03 1.992694696660150839e+03 2.975868925253685848e+00
1.805823880209784875e+03 1.991087502345147186e+03 2.972327395882800261e+00
1.805844713259241871e+03 1.992525626308500023e+03 2.966299229987792607e+00
1.805865546308698868e+03 1.992035117948092648e+03 2.971898387090877502e+00
1.805886379358155409e+03 1.990534209833325576e+03 2.966128185421782248e+00
1.805907212407612406e+03 1.991989000238209883e+03 2.965561931811766083e+00
1.805928045457128064e+03 1.991051535575940534e+03 2.968860343087119880e+00
1.805948878506585061e+03 1.990650557799656326e+03 2.974852383581673365e+00
1.805969711556100037e+03 1.992122282888608879e+03 2.967944547911490094e+00
1.805990544605673449e+03 1.992010474096365442e+03 2.972990681386971534e+00
1.806011377655188880e+03 1.994284130139157469e+03 2.988137793993294711e+00
1.806032210704762520e+03 1.992443029660051479e+03 2.968815531760283122e+00
1.806053043754335931e+03 1.991479695804348921e+03 2.968831111402227663e+00
1.806073876803968005e+03 1.992016686856981778e+03 2.967353894076409038e+00
1.806094709853540962e+03 1.992037287074496589e+03 2.973473094540712403e+00
1.806115542903171900e+03 1.991574168724182982e+03 2.966551599164074737e+00
1.806136375952861954e+03 1.993504249937717759e+03 2.975530170034517585e+00
1.806157209002494028e+03 1.992131597032161835e+03 2.975367989741342978e+00
1.806178042052183400e+03 1.991623881197917171e+03 2.968956066810007233e+00
1.806198875101873455e+03 1.994257572475209145e+03 2.991589518821239135e+00
1.806219708151621489e+03 1.991299514612891244e+03 2.970483374258405807e+00
1.806240541201370434e+03 1.990639005803068585e+03 2.970547262563505431e+00
1.806261374251118923e+03 1.994073758305341698e+03 2.999991257972695724e+00
1.806282207300926075e+03 1.992250411961674672e+03 2.974086743113994569e+00
1.806303040350731862e+03 1.993105839329240780e+03 2.969748720527332964e+00
1.806323873400538105e+03 1.992624417336668330e+03 2.979635739689559859e+00
1.806344706450403010e+03 1.993010610019003707e+03 2.966635985340810855e+00
1.806365539500267005e+03 1.989917122865551391e+03 2.973869326852368378e+00
1.806386372550131910e+03 1.990319984679088293e+03 2.974123298269684579e+00
1.806407205600055022e+03 1.992512418757535897e+03 2.990393835558796010e+00
1.806428038649977452e+03 1.991769016349828689e+03 2.968438704382289295e+00
1.806448871699958090e+03 1.991519674575921044e+03 2.982298443131782051e+00
1.806469704749880975e+03 1.992356047837097094e+03 2.971461292757398454e+00
1.806490537799920048e+03 1.991892793485538505e+03 2.970657057345387653e+00
1.806511370849958894e+03 1.991253137064133170e+03 2.975103546392187326e+00
1.806532203899998422e+03 1.993452687193620704e+03 2.970131161294970568e+00
1.806553036950037040e+03 1.994617837975619295e+03 2.975148743829894027e+00
1.806573870000133866e+03 1.991300186275294436e+03 2.969534679913666153e+00
1.806594703050290036e+03 1.991085338052651196e+03 2.969349208391379502e+00
1.806615536100387089e+03 1.991850659341472920e+03 2.966730655737289446e+00
1.806636369150601013e+03 1.993295583409749497e+03 2.973608278069969746e+00
1.806657202200756501e+03 1.990571456740703297e+03 2.984863560815564476e+00
1.806678035251027950e+03 1.992715033951348687e+03 2.980748234715123512e+00
1.806698868301241873e+03 1.993329782042297438e+03 2.974902233152203035e+00
1.806719701351514004e+03 1.991467346350033495e+03 2.977137872949585429e+00
1.806740534401844570e+03 1.991377994630215198e+03 2.970231981304846336e+00
1.806761367452116474e+03 1.992447992371327473e+03 2.968248184356481190e+00
1.806782200502505020e+03 1.996223155986552683e+03 2.993303613692182008e+00
1.806803033552892884e+03 1.992591212404282714e+03 2.967378801604114713e+00
1.806823866603281431e+03 1.991694389343175317e+03 2.965448089243026608e+00
1.806844699653727957e+03 1.991948699121901655e+03 2.976903700609106806e+00
1.806865532704174484e+03 1.993144537328533261e+03 2.970179003063905920e+00
1.806886365754679900e+03 1.992498026952688633e+03 2.967557004848663027e+00
1.806907198805185089e+03 1.992754848026403351e+03 2.967852165581299051e+00
1.806928031855690051e+03 1.992781852775111247e+03 2.968647202167596699e+00
1.806948864906310973e+03 1.993743585209153935e+03 2.968846851576011137e+00
1.806969697956873915e+03 1.992177900184022974e+03 2.975436260388756970e+00
1.806990531007495065e+03 1.992328835073974687e+03 2.977550432753380605e+00
1.807011364058174877e+03 1.994347578677354704e+03 2.979812889881445770e+00
1.807032197108854007e+03 1.992939214099666287e+03 2.972722818478939821e+00
1.807053030159592026e+03 1.991188076016788727e+03 2.988168432561970622e+00
1.807073863210329591e+03 1.993698335510998731e+03 2.969815996423398552e+00
1.807094696261125591e+03 1.993483606614682913e+03 2.964424917921542058e+00
1.807115529311920909e+03 1.993926295952094506e+03 2.976414474050596670e+00
1.807136362362774889e+03 1.995184417255475864e+03 2.970718855255032764e+00
1.807157195413628870e+03 1.991440699280424496e+03 2.978834351543083958e+00
1.807178028464541512e+03 1.995322985323253533e+03 2.971247375512799493e+00
1.807198861515454155e+03 1.993369247372557084e+03 2.966929951961075673e+00
1.807219694566424550e+03 1.992359994188272367e+03 2.971497238329920521e+00
1.807240527617394946e+03 1.991700477459202602e+03 2.974316167375819386e+00
1.807261360668423549e+03 1.993261583488960241e+03 2.972101508171941742e+00
1.807282193719509905e+03 1.992163158890233944e+03 2.972802698686029643e+00
1.807303026770596944e+03 1.993264401363408297e+03 2.968950927359666370e+00
1.807323859821684891e+03 1.991816259067937381e+03 3.004402109797141396e+00
1.807344692872829910e+03 1.992675031588723186e+03 2.968830308329899026e+00
1.807365525924033136e+03 1.994824743673623516e+03 2.965588301500905022e+00
1.807386358975236590e+03 1.992851279921276500e+03 2.985928116348988581e+00
1.807407192026498024e+03 1.993282774966618945e+03 2.971906409513795477e+00
1.807428025077817892e+03 1.991703472482188090e+03 2.969695251962121141e+00
1.807448858129137534e+03 1.990617406817229721e+03 2.966807643526786720e+00
1.807469691180456948e+03 1.992475990108388032e+03 2.968638367812775236e+00
1.807490524231893460e+03 1.992137250286566086e+03 2.975092487340106118e+00
1.807511357283271082e+03 1.993045957865304445e+03 2.972647908784289417e+00
1.807532190334765573e+03 1.993610810970955526e+03 2.979370074675201874e+00
1.807553023386260520e+03 1.989931596630934791e+03 2.989016134617364262e+00
1.807573856437755012e+03 1.991552397709917386e+03 2.984329462952242995e+00
1.807594689489307484e+03 1.992992798789249036e+03 2.967967683210027907e+00
1.807615522540917937e+03 1.993528708946464803e+03 2.975807715008088383e+00
1.807636355592529071e+03 1.995842546488150219e+03 2.988251729582537486e+00
1.807657188644197959e+03 1.992038681470266738e+03 2.971196822676348770e+00
1.807678021695925054e+03 1.993182035843280346e+03 2.969573699720020166e+00
1.807698854747652149e+03 1.992490579455977695e+03 2.966656398398241468e+00
1.807719687799437452e+03 1.992675704265301192e+03 2.972100064232205963e+00
1.807740520851281872e+03 1.993626552246418441e+03 2.967498997573233321e+00
1.807761353903125610e+03 1.994474874458865543e+03 2.978136822736074940e+00
1.807782186954968893e+03 1.995892864676963882e+03 2.971631067575890572e+00
1.807803020006929955e+03 1.996064788868003234e+03 2.967454004999833472e+00
1.807823853058890563e+03 1.993792758585993852e+03 2.967612922146093624e+00
1.807844686110850489e+03 1.993880107757159067e+03 2.968453482827702050e+00
1.807865519162927058e+03 1.993700308249864747e+03 2.979651742849656060e+00
1.807886352215004081e+03 1.992869246018963395e+03 2.970973898481193753e+00
1.807907185267080422e+03 1.993727159141917355e+03 2.968803003741476765e+00
1.807928018319273406e+03 1.993746513668373836e+03 2.965697958303038728e+00
1.807948851371465935e+03 1.993142815875269662e+03 2.967575001335232443e+00
1.807969684423659146e+03 1.996797673267988557e+03 2.978424531137746634e+00
1.808011350528277944e+03 1.993981599674003974e+03 2.968744217716408507e+00
1.808032183580587571e+03 1.993372154558368265e+03 2.967449505704973678e+00
1.808053016633012930e+03 1.992961279949821801e+03 2.974440892357981703e+00
1.808073849685438972e+03 1.992112993081080049e+03 2.975738491433172594e+00
1.808094682737922994e+03 1.990959705293096931e+03 2.987938476051660963e+00
1.808115515790406562e+03 1.993878419179443654e+03 2.971479907483167260e+00
1.808136348842949474e+03 1.993532221403104813e+03 2.967625455188905192e+00
1.808157181895549456e+03 1.992940430030009338e+03 2.965666122874954347e+00
1.808178014948207874e+03 1.993428018053381948e+03 2.973283698974896527e+00
1.808198848000866974e+03 1.991697237522350406e+03 2.982508370195076530e+00
1.808219681053582917e+03 1.989337695594818797e+03 2.975245707647357296e+00
1.808240514106359115e+03 1.986813827076011194e+03 2.975482414305175460e+00
1.808261347159133948e+03 1.994026806582406834e+03 2.966855217446011661e+00
1.808282180212024969e+03 1.992320268103181661e+03 2.968673544451358115e+00
1.808303013264916444e+03 1.992196749322602045e+03 2.971060245474461681e+00
1.808323846317807465e+03 1.990867272920522737e+03 2.965922082907756163e+00
1.808344679370816038e+03 1.995235108775759272e+03 2.969819528767239092e+00
1.808365512423823930e+03 1.991753586231091731e+03 2.973372705167559360e+00
1.808386345476890028e+03 1.995604887747568227e+03 2.967344091701723752e+00
1.808407178530013880e+03 1.993189591041005087e+03 2.971972673898913175e+00
1.808428011583137959e+03 1.994537704295702724e+03 2.973117867718446217e+00
1.808448844636321155e+03 1.994966053358499266e+03 2.967187088599234190e+00
1.808469677689562104e+03 1.993960014537784900e+03 2.974097485245835948e+00
1.808490510742860579e+03 1.995117065709905319e+03 2.978390270159267494e+00
1.808511343796217488e+03 1.994582794971914609e+03 2.973893217764636443e+00
1.808532176849574398e+03 1.987417702766843831e+03 2.967931694889932359e+00
1.808553009902990425e+03 1.991999537022965796e+03 2.968124323716511359e+00
1.808573842956463977e+03 1.993935180664062500e+03 2.995013065723584056e+00
1.808594676009995510e+03 1.994019644574169433e+03 2.969532271266842827e+00
1.808615509063586160e+03 1.993887768197648256e+03 3.011975070916063313e+00
1.808636342117175900e+03 1.996384551527547274e+03 2.968822759439393000e+00
1.808657175170823393e+03 1.994501305456838281e+03 2.972201298751942389e+00
1.808678008224530004e+03 1.996619072973980792e+03 2.971093146549537600e+00
1.808698841278294594e+03 1.994833756752146655e+03 2.985254447737548666e+00
1.808719674332117393e+03 1.992264397669482150e+03 2.991745400698819335e+00
1.808740507385940418e+03 1.994599488243574342e+03 2.975142653435054019e+00
1.808761340439879405e+03 1.994662862055097094e+03 2.965779957074391682e+00
1.808782173493818846e+03 1.994516350546968170e+03 2.971327776823724953e+00
1.808803006547816494e+03 1.995215085453586426e+03 2.984639420703722568e+00
1.808823839601871896e+03 1.990075286365535248e+03 2.972628659735628620e+00
1.808844672655985960e+03 1.994381982934923371e+03 2.971283484155103238e+00
1.808865505710099114e+03 1.994460488071607415e+03 2.997557122304268962e+00
1.808886338764330048e+03 1.993842251177022490e+03 2.968712736197053115e+00
1.808907171818560073e+03 1.992734795378946274e+03 2.967655020105836705e+00
1.808928004872848533e+03 1.994382547293940206e+03 2.973634255695462691e+00
1.808948837942271439e+03 1.991378127817481982e+03 2.972570109779776537e+00
1.808969670996676086e+03 1.993946475092369383e+03 2.976060559661538374e+00
1.808990504051138942e+03 1.997291854790124944e+03 2.968619092765545364e+00
1.809011337105660914e+03 1.993833294364298808e+03 2.991806284870631050e+00
1.809032170160239957e+03 1.993626174922933160e+03 2.977609205060994135e+00
1.809053003214819455e+03 1.991389546290875160e+03 2.969634717319468820e+00
1.809073836269516050e+03 1.993801477021669598e+03 2.965735420768099484e+00
1.809094669324211964e+03 1.991490782059589037e+03 2.967777775632317816e+00
1.809115502379024065e+03 1.993539948896052010e+03 2.973369658152756223e+00
1.809136335433835939e+03 1.992093713798414910e+03 2.976228790399887192e+00
1.809157168488764910e+03 1.992425727573554241e+03 2.966493893710779428e+00
1.809178001543693881e+03 1.994721561941970322e+03 2.968719482265019138e+00
1.809198834598681060e+03 1.994910729094233375e+03 2.966069989439051646e+00
1.809219667653725992e+03 1.991336517778984671e+03 2.984921230637886058e+00
1.809240500708888021e+03 1.995437046360836803e+03 2.975986214667355689e+00
1.809261333764049141e+03 1.992550089211568093e+03 2.966199562360900988e+00
1.809282166819269150e+03 1.994701077666663650e+03 2.967378640911057630e+00
1.809302999874547595e+03 1.992633918993990619e+03 2.973188595720126060e+00
1.809323832929884020e+03 1.995611035960794652e+03 2.974486420482905125e+00
1.809344665985278425e+03 1.991983867212250516e+03 2.971611330548009189e+00
1.809365499040732402e+03 1.991286022456510409e+03 2.972679188222521418e+00
1.809386332096300976e+03 1.994251601268326112e+03 2.977859334714484163e+00
1.809407165151870004e+03 1.993523186677979311e+03 2.974930603756660741e+00
1.809427998207498149e+03 1.995949666899133263e+03 2.967978286828254930e+00
1.809448831263182910e+03 1.990006469919917663e+03 2.994184738799701151e+00
1.809469664318927016e+03 1.995110398137573611e+03 2.969285294308477319e+00
1.809490497374787537e+03 1.993822620967006742e+03 2.968355815216150884e+00
1.809511330430646922e+03 1.994223083033465628e+03 2.965901664796339876e+00
1.809532163486623404e+03 1.992121058739751561e+03 2.970655612703550830e+00
1.809552996542600567e+03 1.995266186093854913e+03 2.979958346799032931e+00
1.809573829598693010e+03 1.993545531465128533e+03 2.973208643033610876e+00
1.809594662654786134e+03 1.991935016478056241e+03 2.996280748880324918e+00
1.809615495710996129e+03 1.992892418415827024e+03 2.979862016389139612e+00
1.809636328767262967e+03 1.993017589574941894e+03 2.968491392416455543e+00
1.809657161823588922e+03 1.993003169156429067e+03 3.025363988494345957e+00
1.809677994879973539e+03 1.994559747206882548e+03 2.968340233079565404e+00
1.809698827936415910e+03 1.993304447882769182e+03 2.965762914379138415e+00
1.809719660992916033e+03 1.994627522498902181e+03 2.967038916332287446e+00
1.809740494049533027e+03 1.992024034016143560e+03 2.974459167815792782e+00
1.809761327106150020e+03 1.995664072800617760e+03 2.972770618539489540e+00
1.809782160162882974e+03 1.994871249850210006e+03 2.971994333849674597e+00
1.809802993219674590e+03 1.991521862477429067e+03 2.966734191754692329e+00
1.809823826276524414e+03 1.990432444249196351e+03 2.966500805565194021e+00
1.809844659333431991e+03 1.991331122624448881e+03 2.990905805935390571e+00
1.809865492390456438e+03 1.993776969772228995e+03 2.979579727952351487e+00
1.809886325447480885e+03 1.994054205729344631e+03 2.969823542789230331e+00
1.809907158504621975e+03 1.990666338241158428e+03 2.969331062070505567e+00
1.809927991561819908e+03 1.993854280293121519e+03 2.973538682572152148e+00
1.809948824619078096e+03 1.993061580155562069e+03 2.967090664971354652e+00
1.809969657676452016e+03 1.995763267488584233e+03 2.986228167780209386e+00
1.809990490733825027e+03 1.992753217203242230e+03 2.968429548134631002e+00
1.810011323791315135e+03 1.994538567661888010e+03 2.969026090934517637e+00
1.810032156848863451e+03 1.990464264302180709e+03 2.970654489092747763e+00
1.810052989906527955e+03 1.989627073366286368e+03 2.987021984978536437e+00
1.810073822964192004e+03 1.994121849210178880e+03 2.971449417785208436e+00
1.810094656021973606e+03 1.993545566713891276e+03 2.972766929300442840e+00
1.810115489079813415e+03 1.995533792365317368e+03 2.968501512267177400e+00
1.810136322137768957e+03 1.993240764317461299e+03 2.970396689436403559e+00
1.810157155195782479e+03 1.995252317386775758e+03 2.972560164193238652e+00
1.810177988253854437e+03 1.992748968317946719e+03 2.971252510990916029e+00
1.810198821311985057e+03 1.992421428513831188e+03 2.967104003759965636e+00
1.810219654370231410e+03 1.993684582073896763e+03 2.967248958776768308e+00
1.810240487428536426e+03 1.992867817360201343e+03 2.969807647230347403e+00
1.810261320486958539e+03 1.993112337480991073e+03 2.985573093728915328e+00
1.810282153545379060e+03 1.995484424069734587e+03 2.967995959441115605e+00
1.810302986603916906e+03 1.993385845546767086e+03 2.981330317089122328e+00
1.810323819662571395e+03 1.992618253662281177e+03 2.973104555910945024e+00
1.810344652721283410e+03 1.992699311880171081e+03 2.967143698354457904e+00
1.810365485780053859e+03 1.994006629575456373e+03 2.987653758669075454e+00
1.810386318838941406e+03 1.995014192482694625e+03 2.969395135752229908e+00
1.810407151897886479e+03 1.993679922132335378e+03 2.967749175976431619e+00
1.810427984956947967e+03 1.994664388043864847e+03 2.989075000535397209e+00
1.810448818016067435e+03 1.993319942726237059e+03 2.966533596469032474e+00
1.810469651075246020e+03 1.995193534297154429e+03 2.974252680671883642e+00
1.810490484134541020e+03 1.994475135280758650e+03 2.978920470693256384e+00
1.810511317193892864e+03 1.995068911369653961e+03 2.970452232224618960e+00
1.810532150253362033e+03 1.992352383528379278e+03 2.969593450290757719e+00
1.810552983312948072e+03 1.993712575752085286e+03 2.968156293429738302e+00
1.810573816372532974e+03 1.994132558337359114e+03 2.983653835222018103e+00
1.810594649432292954e+03 1.992585244588255364e+03 2.969995498396932998e+00
1.810615482492112051e+03 1.993443380068106535e+03 2.970318992001634406e+00
1.810636315551988446e+03 1.993820245233599962e+03 2.998340783639175555e+00
1.810657148611981029e+03 1.994405732652939605e+03 2.973229812849913500e+00
1.810677981672090482e+03 1.992499834347828710e+03 2.976101576794372150e+00
1.810698814732258597e+03 1.990901434406036287e+03 2.976100134795383934e+00
1.810719647792543128e+03 1.993212596266027049e+03 2.970570538112066838e+00
1.810740480852884957e+03 1.995281106466728261e+03 2.969851801350508858e+00
1.810761313913342974e+03 1.991651525949754159e+03 2.968064560313992573e+00
1.810782146973860108e+03 1.993045550584236253e+03 3.007436277962247662e+00
1.810802980034493885e+03 1.993091580445472573e+03 2.966097640711343519e+00
1.810823813095242940e+03 1.991764269746443233e+03 2.971004553556082506e+00
1.810844646156108865e+03 1.994358676904436606e+03 2.971196341216628678e+00
1.810865479217033453e+03 1.994370057885565984e+03 2.966470425433758606e+00
1.810886312278074456e+03 1.995119388611008162e+03 2.974885883867428582e+00
1.810907145339173894e+03 1.993815789432064093e+03 2.967245262672524309e+00
1.810927978400389975e+03 1.994530648959553218e+03 2.968539903133212032e+00
1.810948811461722016e+03 1.995331451682469833e+03 2.997728282390100585e+00
1.810969644523170473e+03 1.994451269135976645e+03 2.977542105248117466e+00
1.810990477584735572e+03 1.991196032559199011e+03 2.969457441665694031e+00
1.811011310646357970e+03 1.992935191194294475e+03 2.969414245179115674e+00
1.811032143708097010e+03 1.994927034452013459e+03 2.976664543905779059e+00
1.811052976769952465e+03 1.993615573171991173e+03 2.975888794277393945e+00
1.811073809831867038e+03 1.993164705649370489e+03 2.972653362658749021e+00
1.811094642893955097e+03 1.994921572203324558e+03 2.975246188451801554e+00
1.811115475956101591e+03 1.993281935848587409e+03 2.982412282032705697e+00
1.811136309018364955e+03 1.993258272826379198e+03 2.975456292558467553e+00
1.811157142080744961e+03 1.994688771428584459e+03 2.968277261137648004e+00
1.811177975143240019e+03 1.995285393685420104e+03 2.972188303705387113e+00
1.811198808205851947e+03 1.993098426062311091e+03 2.969408303605778787e+00
1.811219641268581427e+03 1.993909417188510133e+03 2.977096549757355159e+00
1.811240474331368432e+03 1.994397404196168509e+03 2.975895684311089529e+00
1.811261307394330970e+03 1.992905302133128089e+03 2.978946882201416457e+00
1.811282140457350124e+03 1.994591699034960811e+03 2.973100867086271748e+00
1.811302973520544128e+03 1.993512766320974151e+03 2.973301179680647888e+00
1.811323806583855458e+03 1.993249238344686546e+03 2.981306325832229209e+00
1.811344639647224994e+03 1.994494803636781398e+03 2.985358909869924915e+00
1.811365472710768017e+03 1.993883398198490340e+03 2.973202869421186278e+00
1.811386305774369475e+03 1.994872444243996370e+03 2.973370620368294581e+00
1.811407138838146466e+03 1.992931469005866575e+03 2.979249557373444102e+00
1.811427971902039417e+03 1.994751464773888529e+03 2.977492620169128301e+00
1.811448804966049465e+03 1.994981734479810939e+03 2.975296191689777103e+00
1.811469638030175020e+03 1.991233176734123390e+03 2.970821099882543503e+00
1.811490471094416989e+03 1.996842706370154247e+03 2.971962405422653664e+00
1.811511304158775602e+03 1.990349400439202100e+03 2.970288811458259737e+00
1.811532137223309064e+03 1.992168025084741203e+03 2.970583379715965311e+00
1.811552970287958942e+03 1.991503741586427850e+03 2.975211890873196374e+00
1.811573803352725008e+03 1.994673911576525143e+03 2.971782380434778492e+00
1.811594636417607035e+03 1.995286205574771657e+03 2.971282200299789622e+00
1.811615469482605931e+03 1.996827482398522534e+03 2.977793521586435954e+00
1.811636302547779906e+03 1.994943134436084165e+03 2.988031673605670235e+00
1.811657135613069840e+03 1.993592591439542502e+03 2.988387521088302190e+00
1.811677968678475963e+03 1.992603376441798218e+03 2.986502642924303341e+00
1.811698801744056482e+03 1.994268094237278774e+03 2.982682632009073576e+00
1.811719634809754552e+03 1.994527042963512031e+03 2.983272328809724705e+00
1.811740467875568584e+03 1.993711832353568525e+03 2.995885093217070416e+00
1.811761300941557465e+03 1.996764392930943359e+03 2.980926758458589454e+00
1.811782134007662080e+03 1.992872436055979506e+03 2.974316808648743926e+00
1.811802967073941090e+03 1.996524275225023075e+03 2.980186999041397389e+00
1.811823800140336971e+03 1.995108340192575042e+03 3.000235071509225193e+00
1.811844633206907929e+03 1.996417988985880811e+03 2.979132876615811831e+00
1.811865466273594848e+03 1.995257659609765597e+03 2.975491228339743888e+00
1.811886299340456844e+03 1.997607316450952112e+03 2.975956732517446746e+00
1.811907132407434574e+03 1.993878267087549148e+03 2.973714271770136808e+00
1.811927965474586472e+03 1.994205211938548473e+03 2.987085040654199108e+00
1.811948798541914130e+03 1.995265440565856579e+03 2.977058589575314329e+00
1.811969631609357975e+03 1.996053801454824224e+03 2.985646720872700666e+00
1.811990464676976444e+03 1.993644233737397144e+03 2.997523716314952846e+00
1.812011297744711101e+03 1.996201957757357150e+03 2.976753929570658208e+00
1.812032130812619926e+03 1.996016403096414933e+03 2.975137043849829244e+00
1.812052963880704056e+03 1.996074937099236877e+03 2.975709968288013929e+00
1.812073796948963036e+03 1.994575962937427221e+03 2.981456827790569086e+00
1.812094630017337977e+03 1.994399842279836548e+03 2.981126385251271049e+00
1.812115463085946431e+03 1.994587637933331962e+03 2.983082276619200002e+00
1.812136296154669935e+03 1.996158712654275632e+03 3.005749914247203503e+00
1.812157129223568518e+03 1.993851957951890881e+03 2.983799744132628273e+00
1.812177962292642405e+03 1.994107764626842027e+03 2.975610295375361591e+00
1.812198795361890461e+03 1.997214787465550899e+03 2.980212279317928648e+00
1.812219628431313595e+03 1.995942676723477916e+03 2.976130416627420505e+00
1.812240461500910897e+03 1.995533766911764133e+03 2.977540183512826122e+00
1.812261294570683049e+03 1.994733963004474163e+03 2.979487866423857767e+00
1.812282127640628914e+03 1.997531093412487053e+03 2.991937611954521348e+00
1.812302960710750540e+03 1.995677952962925019e+03 2.978988179726662189e+00
1.812323793781046561e+03 1.994473550787300383e+03 2.998494565260699130e+00
1.812344626851575413e+03 1.993901938492593445e+03 2.985496589849080618e+00
1.812365459922220452e+03 1.993894481957303242e+03 2.983189851802015458e+00
1.812386292993097868e+03 1.995440461269722846e+03 2.979770643637540406e+00
1.812407126064150589e+03 1.995833257850881409e+03 2.982700537233332838e+00
1.812427959135436140e+03 1.995536776918011810e+03 2.989112329541284030e+00
1.812448792206837879e+03 1.994713697910248129e+03 2.984436034532130577e+00
1.812469625278531566e+03 1.995929928048542251e+03 2.980879569082101277e+00
1.812511291422384602e+03 1.994371628790929890e+03 2.981168932182386655e+00
1.812532124494601021e+03 1.994936490076647488e+03 3.006054332178687449e+00
1.812552957567050044e+03 1.993710650619438411e+03 2.981308724966606150e+00
1.812573790639732579e+03 1.991043263500120474e+03 2.991147809385275469e+00
1.812594623712589510e+03 1.993942399915842316e+03 2.987506920714722014e+00
1.812615456785679498e+03 1.988621149104704955e+03 2.979553162017433365e+00
1.812636289858944565e+03 1.993684044236076943e+03 2.989201502501729113e+00
1.812657122932442007e+03 1.996008940223597847e+03 2.983639771335543589e+00
1.812677956006171598e+03 1.993057596036938094e+03 2.987065725006366801e+00
1.812698789080134020e+03 1.993174478183354267e+03 3.014852790591604936e+00
1.812719622154300851e+03 1.992220556493886079e+03 2.986054591942687964e+00
1.812740455228700966e+03 1.994257771711671239e+03 2.987112337761705927e+00
1.812761288303303900e+03 1.996278230916812618e+03 2.995948121511711193e+00
1.812782121378169450e+03 1.991784604480527150e+03 2.993248654238988671e+00
1.812802954453268057e+03 1.991802283015413877e+03 2.993202137043725397e+00
1.812823787528599041e+03 1.993038071191996778e+03 2.988573247069675975e+00
1.812844620604161946e+03 1.991327694961965562e+03 2.992119292833898214e+00
1.812865453679987468e+03 1.990867872869450593e+03 2.989269776244027010e+00
1.812886286756046047e+03 1.993317888565372641e+03 2.986434625257190945e+00
1.812907119832337457e+03 1.994185979313507460e+03 3.020021860157246607e+00
1.812927952908919906e+03 1.992810386640060415e+03 2.992528671853901479e+00
1.812948785985735412e+03 1.991148837800172942e+03 3.002702767086796065e+00
1.812969619062812399e+03 1.991181282987767418e+03 2.989079945857837206e+00
1.812990452140122443e+03 1.990723034578333454e+03 2.998753606643829617e+00
1.813011285217751947e+03 1.993658794248019376e+03 2.991281556514163498e+00
1.813032118295614964e+03 1.992642578015057779e+03 2.999131871818594419e+00
1.813052951373769019e+03 1.991511727971725804e+03 2.995267154706565460e+00
1.813073784452185009e+03 1.990801781958622769e+03 2.998527483362699808e+00
1.813094617530863161e+03 1.990467228636681966e+03 3.033486082262335959e+00
1.813115450609861000e+03 1.994543889752296536e+03 3.003209622368820053e+00
1.813136283689121001e+03 1.992152068144469695e+03 2.997301636559941418e+00
1.813157116768672495e+03 1.991539440798901751e+03 3.002429455286529603e+00
1.813177949848513890e+03 1.991772978485106478e+03 2.997704581436996474e+00
1.813198782928675428e+03 1.994445510865831466e+03 3.004326878974313608e+00
1.813219616009128458e+03 1.997236630783592091e+03 3.009073206266166256e+00
1.813240449089872982e+03 1.992485756991114840e+03 3.008036181567086853e+00
1.813261282170937420e+03 1.991580250655296595e+03 3.006459434653053098e+00
1.813282115252322455e+03 1.992553597029877210e+03 3.004695714184527411e+00
1.813302948334026951e+03 1.995018460024079786e+03 3.005722310471480530e+00
1.813323781416052043e+03 1.995055343275761743e+03 3.017378539364409029e+00
1.813344614498397050e+03 1.992084693629297590e+03 3.009278096414496950e+00
1.813365447581091530e+03 1.990935920711059907e+03 3.004537647495821862e+00
1.813386280664105016e+03 1.993974360214533817e+03 3.012771917077131434e+00
1.813407113747468429e+03 1.991138349882048033e+03 3.005239679359286598e+00
1.813427946831181089e+03 1.993440078717398364e+03 3.013587223626808864e+00
1.813448779915243449e+03 1.992083073909158657e+03 3.009079227985359761e+00
1.813469612999655055e+03 1.994436805952513851e+03 3.016664316025409853e+00
1.813490446084445011e+03 1.994083032192287874e+03 3.013641653941553589e+00
1.813511279169583986e+03 1.987149289742417977e+03 3.010699108210288077e+00
