1.816094909667968750e+03 1.603154831125392320e+03 2.412884471083246218e+00
1.816115722656250000e+03 1.604834023250519749e+03 2.410467835600052844e+00
1.816136535644531250e+03 1.605886060962141983e+03 2.408479920604301494e+00
1.816157409667968750e+03 1.606964322514505284e+03 2.410697492914394946e+00
1.816178222656250000e+03 1.605215730522641934e+03 2.411064879339930744e+00
1.816199035644531250e+03 1.604981272477868515e+03 2.409201162278884478e+00
1.816219909667968750e+03 1.605931190957395529e+03 2.410042981124593808e+00
1.816240722656250000e+03 1.606433418525166871e+03 2.413342217205971085e+00
1.816261535644531250e+03 1.607071753312244255e+03 2.407249936499096243e+00
1.816282409667968750e+03 1.606191175151627021e+03 2.419275968865787441e+00
1.816303222656250000e+03 1.606084253150043878e+03 2.411744816833538252e+00
1.816324035644531250e+03 1.603260545772813430e+03 2.408698285532062666e+00
1.816344909667968750e+03 1.604497795534957049e+03 2.405283448929885548e+00
1.816365722656250000e+03 1.606572186542038935e+03 2.408514270343440788e+00
1.816386535644531250e+03 1.595208037808824656e+03 2.403131520196728044e+00
1.816407409667968750e+03 1.600751952096953346e+03 2.408587719726932530e+00
1.816428222656250000e+03 1.607593241560215120e+03 2.411077734378765491e+00
1.816449035644531250e+03 1.600273122810441237e+03 2.405905959069622124e+00
1.816469848632812500e+03 1.597300222296621996e+03 2.411321373847719496e+00
1.816490661621093750e+03 1.590356644372677920e+03 2.422823418757843683e+00
1.816511535644531250e+03 1.602086966423106333e+03 2.405612910758900824e+00
1.816532348632812500e+03 1.603129786566012172e+03 2.407073239285557609e+00
1.816553161621093750e+03 1.599455559275005726e+03 2.420442809899893799e+00
1.816574035644531250e+03 1.596129409205934280e+03 2.413571107103370306e+00
1.816594848632812500e+03 1.598587265986148850e+03 2.403902766808188929e+00
1.816615661621093750e+03 1.599943025221590688e+03 2.411282318041038319e+00
1.816636535644531250e+03 1.599185068248562629e+03 2.422372582296067112e+00
1.816657348632812500e+03 1.604136655500973802e+03 2.419730633806052911e+00
1.816678161621093750e+03 1.603259858102689350e+03 2.422693717147698766e+00
1.816699035644531250e+03 1.605726360200338604e+03 2.406882958330911482e+00
1.816719848632812500e+03 1.603689019201671499e+03 2.405303967274779353e+00
1.816740661621093750e+03 1.606017917653408404e+03 2.413377090482438092e+00
1.816761535644531250e+03 1.604640204070158461e+03 2.405676835399333857e+00
1.816782348632812500e+03 1.603880212445516008e+03 2.406923571353819291e+00
1.816803161621093750e+03 1.604371299518582191e+03 2.410525993784639720e+00
1.816824035644531250e+03 1.604133810750325438e+03 2.418451757057518581e+00
1.816844848632812500e+03 1.600386096866001708e+03 2.405646607680292703e+00
1.816865661621093750e+03 1.603116588153793145e+03 2.406792418539904332e+00
1.816886535644531250e+03 1.606450517434689345e+03 2.410580886702254677e+00
1.816907348632812500e+03 1.607917449091264643e+03 2.420993570702897557e+00
1.816928161621093750e+03 1.606240380426659158e+03 2.409022331897538560e+00
1.816949035644531250e+03 1.605201169971316176e+03 2.407215865848445269e+00
1.816969848632812500e+03 1.604995581298438083e+03 2.406575168585685986e+00
1.816990661621093750e+03 1.606560760753396153e+03 2.407770444390083142e+00
1.817011535644531250e+03 1.603786243066586167e+03 2.411323746838373250e+00
1.817032348632812500e+03 1.605856911250595886e+03 2.410357252051971599e+00
1.817053161621093750e+03 1.607700279022844597e+03 2.407669045286004117e+00
1.817074035644531250e+03 1.604786586435106983e+03 2.408997094665270122e+00
1.817094848632812500e+03 1.606465685469982645e+03 2.405888121504871968e+00
1.817115661621093750e+03 1.607787319865592963e+03 2.406893260235736687e+00
1.817136535644531250e+03 1.606716274819451655e+03 2.429271502928939341e+00
1.817157348632812500e+03 1.607998036524667668e+03 2.409655551433937948e+00
1.817178161621093750e+03 1.604391420135733370e+03 2.414886728951437078e+00
1.817199035644531250e+03 1.609115051508699935e+03 2.407955902601983222e+00
1.817219848632812500e+03 1.606778430595902819e+03 2.405918643479652008e+00
1.817240661621093750e+03 1.604460597553152638e+03 2.406079769305707661e+00
1.817261535644531250e+03 1.608593213591026370e+03 2.410411852076499439e+00
1.817282348632812500e+03 1.606311409479555778e+03 2.405824202478477059e+00
1.817303161621093750e+03 1.602483330120694973e+03 2.405935291666329690e+00
1.817324035644531250e+03 1.607425599839849383e+03 2.409076962177087111e+00
1.817344848632812500e+03 1.609017323548703189e+03 2.407544865175315962e+00
1.817365661621093750e+03 1.607445256288981682e+03 2.407798962118719022e+00
1.817386535644531250e+03 1.608323163652740277e+03 2.410741305325985184e+00
1.817407348632812500e+03 1.608418046715864421e+03 2.417671246937900698e+00
1.817428161621093750e+03 1.605616325493581598e+03 2.410956597638838073e+00
1.817449035644531250e+03 1.608713041248063746e+03 2.406722282531400303e+00
1.817469848632812500e+03 1.607905511751898075e+03 2.413079515338226511e+00
1.817490661621093750e+03 1.608478494171826242e+03 2.412606500834450607e+00
1.817511535644531250e+03 1.610098790555690130e+03 2.406777163141365250e+00
1.817532348632812500e+03 1.606577174866057703e+03 2.405894265569883839e+00
1.817553161621093750e+03 1.608211892217745117e+03 2.406869882772825875e+00
1.817574035644531250e+03 1.605814777673761228e+03 2.409769036396819608e+00
1.817594848632812500e+03 1.607836377912263060e+03 2.407678155536360887e+00
1.817615661621093750e+03 1.609126670573755746e+03 2.413309813256628189e+00
1.817636535644531250e+03 1.606126948912150510e+03 2.409144852428535710e+00
1.817657348632812500e+03 1.607684645215799037e+03 2.415044590951011649e+00
1.817678161621093750e+03 1.609603510787133928e+03 2.407956100627677287e+00
1.817699035644531250e+03 1.611529415380741739e+03 2.414865206003284026e+00
1.817719848632812500e+03 1.611525542181498849e+03 2.407699544684333226e+00
1.817740661621093750e+03 1.608526870010350649e+03 2.416394733607478695e+00
1.817761535644531250e+03 1.606727331675787582e+03 2.410680778714596517e+00
1.817782348632812500e+03 1.608210482923842847e+03 2.407037779425580837e+00
1.817803161621093750e+03 1.607820429742198712e+03 2.411583674052295123e+00
1.817824035644531250e+03 1.607625952722845796e+03 2.407568731228074022e+00
1.817844848632812500e+03 1.607860863079157525e+03 2.410972321036970456e+00
1.817865661621093750e+03 1.609960028605331445e+03 2.407944714123821939e+00
1.817886535644531250e+03 1.609431899499950305e+03 2.408877139969983983e+00
1.817907348632812500e+03 1.608314295101900143e+03 2.437390545074787696e+00
1.817928161621093750e+03 1.610044890013572058e+03 2.408884068208979823e+00
1.817949035644531250e+03 1.609139638845127820e+03 2.404937980946641130e+00
1.817969848632812500e+03 1.611651445916129887e+03 2.408351228464909344e+00
1.817990661621093750e+03 1.609515974094044395e+03 2.406277445847178953e+00
1.818011535644531250e+03 1.606395644754659997e+03 2.405403186366716906e+00
1.818032348632812500e+03 1.609438299304315024e+03 2.407226562500000000e+00
1.818053161621093750e+03 1.609096053364526824e+03 2.411549565763885905e+00
1.818074035644531250e+03 1.609748507329182530e+03 2.419274786270793953e+00
1.818094848632812500e+03 1.612729371664094515e+03 2.407877483147021547e+00
1.818115661621093750e+03 1.611684448623992694e+03 2.411882916526721932e+00
1.818136535644531250e+03 1.610988531353616963e+03 2.409554033764771397e+00
1.818157348632812500e+03 1.610325843905457532e+03 2.412760460584749467e+00
1.818178161621093750e+03 1.609148489975175380e+03 2.413636203890603849e+00
1.818199035644531250e+03 1.609691445192702986e+03 2.407516047344024468e+00
1.818219848632812500e+03 1.609997952249165110e+03 2.413199162345195603e+00
1.818240661621093750e+03 1.610231307961660832e+03 2.407483069814887244e+00
1.818261535644531250e+03 1.609677070986640729e+03 2.415412895494059242e+00
1.818282348632812500e+03 1.607961224973168100e+03 2.417080175166134826e+00
1.818303161621093750e+03 1.609167357159160247e+03 2.409603308957070755e+00
1.818324035644531250e+03 1.611828596213814990e+03 2.410214217862962194e+00
1.818344848632812500e+03 1.609963864349832875e+03 2.406791923236275554e+00
1.818365661621093750e+03 1.607625720665106201e+03 2.410363681466930696e+00
1.818386535644531250e+03 1.611093710063543767e+03 2.408666116058570950e+00
1.818407348632812500e+03 1.609717260692844548e+03 2.408522387501301765e+00
1.818428161621093750e+03 1.611604626553387789e+03 2.449325340178350796e+00
1.818449035644531250e+03 1.611158910812957629e+03 2.422721173530720584e+00
1.818469848632812500e+03 1.609406665101958197e+03 2.440757726364620961e+00
1.818490661621093750e+03 1.610688285695532613e+03 2.406779045306154607e+00
1.818511535644531250e+03 1.611403305861704439e+03 2.407953229253521066e+00
1.818532348632812500e+03 1.612221537574612739e+03 2.410472187621620854e+00
1.818553161621093750e+03 1.610270791016020667e+03 2.426097118311224321e+00
1.818574035644531250e+03 1.611490219805661354e+03 2.418682824909753837e+00
1.818594848632812500e+03 1.610673764143141170e+03 2.407626860416502090e+00
1.818615661621093750e+03 1.612246263919140802e+03 2.411725243008853603e+00
1.818636535644531250e+03 1.611528637974782441e+03 2.414983283670198322e+00
1.818657348632812500e+03 1.609593329213346578e+03 2.405773858855988490e+00
1.818678161621093750e+03 1.612238176531862337e+03 2.406470746900629898e+00
1.818699035644531250e+03 1.607816185000350060e+03 2.410988044332561753e+00
1.818719848632812500e+03 1.611538834769624145e+03 2.422172085168280642e+00
1.818740661621093750e+03 1.611216933147470627e+03 2.406754973298146361e+00
1.818761535644531250e+03 1.609561736074748524e+03 2.405696854859920020e+00
1.818782348632812500e+03 1.612192753734344933e+03 2.418360467342720810e+00
1.818803161621093750e+03 1.611699154696645337e+03 2.406809060682575385e+00
1.818824035644531250e+03 1.612576228042518778e+03 2.409188989962279592e+00
1.818844848632812500e+03 1.609584941780997042e+03 2.408400033293354614e+00
1.818865661621093750e+03 1.612117873464391550e+03 2.412880419844960045e+00
1.818886535644531250e+03 1.610068917534484399e+03 2.420579428387864773e+00
1.818907348632812500e+03 1.612709350350186241e+03 2.406252576157813294e+00
1.818928161621093750e+03 1.609955515618503796e+03 2.409824836981742546e+00
1.818949035644531250e+03 1.613072603299155844e+03 2.404914187924745317e+00
1.818969848632812500e+03 1.613281261161363545e+03 2.412717376561158034e+00
1.818990661621093750e+03 1.610203255221237896e+03 2.406179947266860353e+00
1.819011535644531250e+03 1.611822172053093027e+03 2.411076547762667666e+00
1.819032348632812500e+03 1.610569916421517064e+03 2.419261974787978442e+00
1.819053161621093750e+03 1.611327244190645615e+03 2.407774702266850309e+00
1.819074035644531250e+03 1.609259225258217839e+03 2.412830816327115269e+00
1.819094848632812500e+03 1.610089319802850696e+03 2.411589605879296272e+00
1.819115661621093750e+03 1.610017916311820954e+03 2.423568232125731470e+00
1.819136535644531250e+03 1.613090920296273680e+03 2.414088276845844927e+00
1.819157348632812500e+03 1.609712713016025191e+03 2.406395944900596273e+00
1.819178161621093750e+03 1.610707317684305508e+03 2.409582332492360646e+00
1.819199035644531250e+03 1.611917814919464490e+03 2.406625297310587275e+00
1.819219848632812500e+03 1.611723243145674132e+03 2.412266726902054348e+00
1.819240661621093750e+03 1.611334819245830658e+03 2.412339963200249127e+00
1.819261535644531250e+03 1.610824395163470626e+03 2.408550500373181080e+00
1.819282348632812500e+03 1.610365782563531411e+03 2.409894486962750104e+00
1.819303161621093750e+03 1.609781815250584941e+03 2.406649865948619293e+00
1.819324035644531250e+03 1.612425179788387823e+03 2.414094696324032618e+00
1.819344848632812500e+03 1.609398132432125294e+03 2.406250990830254732e+00
1.819365661621093750e+03 1.612407543271490567e+03 2.418368058519481334e+00
1.819386535644531250e+03 1.609944326564735093e+03 2.409736881217623417e+00
1.819407348632812500e+03 1.610803616414690850e+03 2.408998480245665874e+00
1.819428161621093750e+03 1.611076356674879435e+03 2.412411220676119239e+00
1.819449035644531250e+03 1.613447376699402412e+03 2.413770639498243664e+00
1.819469848632812500e+03 1.612343567437502315e+03 2.420675263576147707e+00
1.819490661621093750e+03 1.612069425228092541e+03 2.445679170947868020e+00
1.819511535644531250e+03 1.612859124049058892e+03 2.411324043462040656e+00
1.819532348632812500e+03 1.611387992920107081e+03 2.410768700041058921e+00
1.819553161621093750e+03 1.611327027030817362e+03 2.411578434259641135e+00
1.819574035644531250e+03 1.610931102786836163e+03 2.407843817445941781e+00
1.819594848632812500e+03 1.611468273353075801e+03 2.406314898519855472e+00
1.819615661621093750e+03 1.612653752969491961e+03 2.407963724604511135e+00
1.819636535644531250e+03 1.611971505673124057e+03 2.409751623183810754e+00
1.819657348632812500e+03 1.610902830321360852e+03 2.412307051616625397e+00
1.819678161621093750e+03 1.612218790536493998e+03 2.406589236436016410e+00
1.819699035644531250e+03 1.611984628856475865e+03 2.408615633864813699e+00
1.819719848632812500e+03 1.612577337223550785e+03 2.414731226273765241e+00
1.819740661621093750e+03 1.613627978250184697e+03 2.406716338707921565e+00
1.819761535644531250e+03 1.610593883290104714e+03 2.412439387059109208e+00
1.819782348632812500e+03 1.609950215264606413e+03 2.411706954190712793e+00
1.819803161621093750e+03 1.609062875694708282e+03 2.424658965680228651e+00
1.819824035644531250e+03 1.609684121739561988e+03 2.414142891245881994e+00
1.819844848632812500e+03 1.609996899949345334e+03 2.419048801467600818e+00
1.819865661621093750e+03 1.612571232122618312e+03 2.407246370988480155e+00
1.819886535644531250e+03 1.610417862118619723e+03 2.434395304486236977e+00
1.819907348632812500e+03 1.607336779148998403e+03 2.406102460821532674e+00
1.819928161621093750e+03 1.611191179353439111e+03 2.408322816273606115e+00
1.819949035644531250e+03 1.611695556640625000e+03 2.408639390323085827e+00
1.819969848632812500e+03 1.610104113444995846e+03 2.405772669623822857e+00
1.819990661621093750e+03 1.610318886754916775e+03 2.413666529108570380e+00
1.820011535644531250e+03 1.610666323897232587e+03 2.417854565218380269e+00
1.820032348632812500e+03 1.611705484660435104e+03 2.409607365705116688e+00
1.820053161621093750e+03 1.609165395416779802e+03 2.409953351499274810e+00
1.820074035644531250e+03 1.609511783605117444e+03 2.407418697961050569e+00
1.820094848632812500e+03 1.609277417296511430e+03 2.415727356078294807e+00
1.820115661621093750e+03 1.611468736833416187e+03 2.408489423751179359e+00
1.820136535644531250e+03 1.612139186893581382e+03 2.404285669494348632e+00
1.820157348632812500e+03 1.609650138716021729e+03 2.412252197979409818e+00
1.820178161621093750e+03 1.609492079970802934e+03 2.411918898254879817e+00
1.820199035644531250e+03 1.610564662584340113e+03 2.409247871736031943e+00
1.820219848632812500e+03 1.610543430912537360e+03 2.426598747459219663e+00
1.820240661621093750e+03 1.611823890991776352e+03 2.409261429184320402e+00
1.820261474609375000e+03 1.610565344965002168e+03 2.411164553538796440e+00
1.820282287597656250e+03 1.610847595636126243e+03 2.408869716834662000e+00
1.820303161621093750e+03 1.610445600622185111e+03 2.407066602982781856e+00
1.820323974609375000e+03 1.611217659650297946e+03 2.406156761047403503e+00
1.820344787597656250e+03 1.610597793911880217e+03 2.407069475414587156e+00
1.820365661621093750e+03 1.610977367273688969e+03 2.407001922834870022e+00
1.820386474609375000e+03 1.610723533424404422e+03 2.416242880221167511e+00
1.820407287597656250e+03 1.609646710307874855e+03 2.415041925449425086e+00
1.820428161621093750e+03 1.610660299626188362e+03 2.412692276798260149e+00
1.820448974609375000e+03 1.610119751409025866e+03 2.409776951452045068e+00
1.820469787597656250e+03 1.611397673924919673e+03 2.408193125707900339e+00
1.820490661621093750e+03 1.610961338732688091e+03 2.407702218314469178e+00
1.820511474609375000e+03 1.607427410076429624e+03 2.408133525105605077e+00
1.820532287597656250e+03 1.607885844742258541e+03 2.410293352626466490e+00
1.820553161621093750e+03 1.609211385044018925e+03 2.417789680616836634e+00
1.820573974609375000e+03 1.608689581414124859e+03 2.408196194801970780e+00
1.820594787597656250e+03 1.608392293698227149e+03 2.415706630181282399e+00
1.820615661621093750e+03 1.610407173339558767e+03 2.408324994223477677e+00
1.820636474609375000e+03 1.609233757694415317e+03 2.408267772886576896e+00
1.820657287597656250e+03 1.610786949486966023e+03 2.408003329290578698e+00
1.820678161621093750e+03 1.608860255670008883e+03 2.404707674433880449e+00
1.820698974609375000e+03 1.608652400527621239e+03 2.405178079019695936e+00
1.820719787597656250e+03 1.607625776820365672e+03 2.412644151719421703e+00
1.820740661621093750e+03 1.611073374696012706e+03 2.411895272949931002e+00
1.820761474609375000e+03 1.607478993664653899e+03 2.405744821602548988e+00
1.820782287597656250e+03 1.608466655895947042e+03 2.406879887562288545e+00
1.820803161621093750e+03 1.609707803695951043e+03 2.406776172527727464e+00
1.820823974609375000e+03 1.610431546928220314e+03 2.409615973903957098e+00
1.820844787597656250e+03 1.609033803128295176e+03 2.404220319531600758e+00
1.820865661621093750e+03 1.605698079810253830e+03 2.407929168983800938e+00
1.820886474609375000e+03 1.608957562075278929e+03 2.405177880765279053e+00
1.820907287597656250e+03 1.610062722347689487e+03 2.406481248717148524e+00
1.820928161621093750e+03 1.608581560713832459e+03 2.407711031370562083e+00
1.820948974609375000e+03 1.609574075849237033e+03 2.408273910880545987e+00
1.820969787597656250e+03 1.609242798153312833e+03 2.405313978577593215e+00
1.820990661621093750e+03 1.607539739664111721e+03 2.405916661544992952e+00
1.821011474609375000e+03 1.607679144084162090e+03 2.409191859863605067e+00
1.821032287597656250e+03 1.610352206319888410e+03 2.408707391889611138e+00
1.821053161621093750e+03 1.607865419353289326e+03 2.413616151501379647e+00
1.821073974609375000e+03 1.608045214092231390e+03 2.413408505637159251e+00
1.821094787597656250e+03 1.610281813739158906e+03 2.413599259950640175e+00
1.821115661621093750e+03 1.608379350260735919e+03 2.405434408311311500e+00
1.821157287597656250e+03 1.607666934318596077e+03 2.407003210511738711e+00
1.821178161621093750e+03 1.609112075550350482e+03 2.407811438518787650e+00
1.821198974609375000e+03 1.608535313789933753e+03 2.407239636120685145e+00
1.821219787597656250e+03 1.607873641448552007e+03 2.408067685516198875e+00
1.821240661621093750e+03 1.608649552934019312e+03 2.408676608303291999e+00
1.821261474609375000e+03 1.606214467931388072e+03 2.405898526767048295e+00
1.821282287597656250e+03 1.609717447863167990e+03 2.410695811609598227e+00
1.821303161621093750e+03 1.608084758518252556e+03 2.410320752432786762e+00
1.821323974609375000e+03 1.609525426047991687e+03 2.411579620628786280e+00
1.821344787597656250e+03 1.608406985015599048e+03 2.416860594586910160e+00
1.821365661621093750e+03 1.608413949507901862e+03 2.404983286174979806e+00
1.821386474609375000e+03 1.604034860951628616e+03 2.409267168810974802e+00
1.821407287597656250e+03 1.607602258301469647e+03 2.405181647596407846e+00
1.821428161621093750e+03 1.608939740730290168e+03 2.411045102223273062e+00
1.821448974609375000e+03 1.610062087447288604e+03 2.410213030821730218e+00
1.821469787597656250e+03 1.606270213029499473e+03 2.405546903068520148e+00
1.821490661621093750e+03 1.602327048921000596e+03 2.405953128881363590e+00
1.821511474609375000e+03 1.609774146689849886e+03 2.407256869421287249e+00
1.821532287597656250e+03 1.608922159941080736e+03 2.413411864465981882e+00
1.821553161621093750e+03 1.608955070025700934e+03 2.412362101670562975e+00
1.821573974609375000e+03 1.607758992527850296e+03 2.423295717992507203e+00
1.821594787597656250e+03 1.608720893137860230e+03 2.407069178266628473e+00
1.821615661621093750e+03 1.607205433920318683e+03 2.408531197556313952e+00
1.821636474609375000e+03 1.609526308992579061e+03 2.404997363336906169e+00
1.821657287597656250e+03 1.608757145496231033e+03 2.405582682236605319e+00
1.821678161621093750e+03 1.607394727605865910e+03 2.408961069295252777e+00
1.821698974609375000e+03 1.606896576831068614e+03 2.410651009349838336e+00
1.821719787597656250e+03 1.609792021007106996e+03 2.407584476751607472e+00
1.821740661621093750e+03 1.609213450104064577e+03 2.406596864743006492e+00
1.821761474609375000e+03 1.607362404250661257e+03 2.420172702207076032e+00
1.821782287597656250e+03 1.608128075441585452e+03 2.403843654924707529e+00
1.821803161621093750e+03 1.609181545295980868e+03 2.421395038914294862e+00
1.821823974609375000e+03 1.609265769125340512e+03 2.407328376396581149e+00
1.821844787597656250e+03 1.610472152009167303e+03 2.407852927035038171e+00
1.821865661621093750e+03 1.610049307967438835e+03 2.413280965472223372e+00
1.821886474609375000e+03 1.608585444766615637e+03 2.411308520107762199e+00
1.821907287597656250e+03 1.609566679361202659e+03 2.412661346416329344e+00
1.821928161621093750e+03 1.613038690738142350e+03 2.408512092564726537e+00
1.821948974609375000e+03 1.609767378014786800e+03 2.407329564860220206e+00
1.821969787597656250e+03 1.609057769433247813e+03 2.410336974553993539e+00
1.821990661621093750e+03 1.610011797965324831e+03 2.409520886231136583e+00
1.822011474609375000e+03 1.610014356554505412e+03 2.406817183591373865e+00
1.822032287597656250e+03 1.609241192171307375e+03 2.405491597933418380e+00
1.822053161621093750e+03 1.611327481000844728e+03 2.410267139523834867e+00
1.822073974609375000e+03 1.610161435488422057e+03 2.407506936480233506e+00
1.822094787597656250e+03 1.607434119741291397e+03 2.407902435068809410e+00
1.822115661621093750e+03 1.609556861278836777e+03 2.414667146383933538e+00
1.822136474609375000e+03 1.609322199786109650e+03 2.418817472872133223e+00
1.822157287597656250e+03 1.610390809182756811e+03 2.406609050170244846e+00
1.822178161621093750e+03 1.612646257876677055e+03 2.405359970562031435e+00
1.822198974609375000e+03 1.611069447817639229e+03 2.414788985580137659e+00
1.822219787597656250e+03 1.610641552420884864e+03 2.408062933115276749e+00
1.822240661621093750e+03 1.609288139943622809e+03 2.406887812118486014e+00
1.822261474609375000e+03 1.610831244618313804e+03 2.423374425582514480e+00
1.822282287597656250e+03 1.611017923920554040e+03 2.423137212825339670e+00
1.822303161621093750e+03 1.612279640203558074e+03 2.411470669961328639e+00
1.822323974609375000e+03 1.611050212099198689e+03 2.408159959441811715e+00
1.822344787597656250e+03 1.609643297671525943e+03 2.410820719473530271e+00
1.822365661621093750e+03 1.609491427117539388e+03 2.416449789203209075e+00
1.822386474609375000e+03 1.610857302714879552e+03 2.407622107145436008e+00
1.822407287597656250e+03 1.609752994929968509e+03 2.407223987384525365e+00
1.822428161621093750e+03 1.611383503003667556e+03 2.407914910932742458e+00
1.822448974609375000e+03 1.609952898417697725e+03 2.416304846238328974e+00
1.822469787597656250e+03 1.610383272532904130e+03 2.417237302122853038e+00
1.822490661621093750e+03 1.609961978228562430e+03 2.408000259950693334e+00
1.822511474609375000e+03 1.610303238868049448e+03 2.409564225302860851e+00
1.822532287597656250e+03 1.611255601675558410e+03 2.408499223832125669e+00
1.822553161621093750e+03 1.609050185471573286e+03 2.411115606902463071e+00
1.822573974609375000e+03 1.608921234723880843e+03 2.405687142469154605e+00
1.822594787597656250e+03 1.614218727378843141e+03 2.408290839782839310e+00
1.822615661621093750e+03 1.612326479125382093e+03 2.430151695728418826e+00
1.822636474609375000e+03 1.610693634987687346e+03 2.421794668526608518e+00
1.822657287597656250e+03 1.612127268055241075e+03 2.435307715083409263e+00
1.822678161621093750e+03 1.612018558507883654e+03 2.407550311805701782e+00
1.822698974609375000e+03 1.610261129028326650e+03 2.413823384414493400e+00
1.822719787597656250e+03 1.610144485615836174e+03 2.405045046632301009e+00
1.822740661621093750e+03 1.610218283690850512e+03 2.414344055151271817e+00
1.822761474609375000e+03 1.611623664425129618e+03 2.410282372833268738e+00
1.822782287597656250e+03 1.610684098127423567e+03 2.422293153165620883e+00
1.822803161621093750e+03 1.611463347848841522e+03 2.410105897943187081e+00
1.822823974609375000e+03 1.611616796462405546e+03 2.408222232442699173e+00
1.822844787597656250e+03 1.611444179312417646e+03 2.408028873967529293e+00
1.822865661621093750e+03 1.611523975164437843e+03 2.416299123328827125e+00
1.822886474609375000e+03 1.611523775910730819e+03 2.407421569972751474e+00
1.822907287597656250e+03 1.610673809104453767e+03 2.405610532134849766e+00
1.822928161621093750e+03 1.610365047020090060e+03 2.413636401450260038e+00
1.822948974609375000e+03 1.614466569699350657e+03 2.422029256522700180e+00
1.822969787597656250e+03 1.609840186845581684e+03 2.415955526580486179e+00
1.822990661621093750e+03 1.613113730773709676e+03 2.409982436974821507e+00
1.823011474609375000e+03 1.610257586509431121e+03 2.405416269897590276e+00
1.823032287597656250e+03 1.610795816555468946e+03 2.407035105057414803e+00
1.823053161621093750e+03 1.611311680626011139e+03 2.406393269819121272e+00
1.823073974609375000e+03 1.611913352790884801e+03 2.406558227614526313e+00
1.823094787597656250e+03 1.609629701082702240e+03 2.410156942457102769e+00
1.823115661621093750e+03 1.610767876185852629e+03 2.405000932181766693e+00
1.823136474609375000e+03 1.611866844194853002e+03 2.420842399733391215e+00
1.823157287597656250e+03 1.610475453333156565e+03 2.405804877787338647e+00
1.823178161621093750e+03 1.610235175476340373e+03 2.407085224203914908e+00
1.823198974609375000e+03 1.611099167970896133e+03 2.408270841885516766e+00
1.823219787597656250e+03 1.612664817499173523e+03 2.420432762669923132e+00
1.823240661621093750e+03 1.611967256492960132e+03 2.413568242409275921e+00
1.823261474609375000e+03 1.609391448570921284e+03 2.413368495699053984e+00
1.823282287597656250e+03 1.612818870523459054e+03 2.407779455236673805e+00
1.823303161621093750e+03 1.612210005409032419e+03 2.415459386125237362e+00
1.823323974609375000e+03 1.610917091935212738e+03 2.427493365010584547e+00
1.823344787597656250e+03 1.611777031314064971e+03 2.410295034211999088e+00
1.823365661621093750e+03 1.609835032199098123e+03 2.408058180704975459e+00
1.823386474609375000e+03 1.612003428420502814e+03 2.409082900176304776e+00
1.823407287597656250e+03 1.611024068254795793e+03 2.406714456494092769e+00
1.823428161621093750e+03 1.611434208467796452e+03 2.405774354369217605e+00
1.823448974609375000e+03 1.613724051640690277e+03 2.416799530673999552e+00
1.823469787597656250e+03 1.610974035746615527e+03 2.428027895602212549e+00
1.823490661621093750e+03 1.611727064900405821e+03 2.406110982470892168e+00
1.823511474609375000e+03 1.610691937881730837e+03 2.408837351697364682e+00
1.823532287597656250e+03 1.610007147377236606e+03 2.404985169743674600e+00
1.823553161621093750e+03 1.612034758384676707e+03 2.412938124646295535e+00
1.823573974609375000e+03 1.611150251189165601e+03 2.404753479724749621e+00
1.823594787597656250e+03 1.611595369322055149e+03 2.410018941717777530e+00
1.823615661621093750e+03 1.610603114738451268e+03 2.406776172527727464e+00
1.823636474609375000e+03 1.609939076681416736e+03 2.413756119627976204e+00
1.823657287597656250e+03 1.611801962205465770e+03 2.413336981231433587e+00
1.823678161621093750e+03 1.612153256279876814e+03 2.414242537121250809e+00
1.823698974609375000e+03 1.609858575690131374e+03 2.406701082827134019e+00
1.823719787597656250e+03 1.609907229667212277e+03 2.414816828034326068e+00
1.823740661621093750e+03 1.611620737560518819e+03 2.409694435724075490e+00
1.823761474609375000e+03 1.609978355624223923e+03 2.416566605524363975e+00
1.823782287597656250e+03 1.608900790513021548e+03 2.444112562518698351e+00
1.823803161621093750e+03 1.612661340927066703e+03 2.410650020328088505e+00
1.823823974609375000e+03 1.610796164223410415e+03 2.413608742941047769e+00
1.823844787597656250e+03 1.612752069658641631e+03 2.408880208192568873e+00
1.823865661621093750e+03 1.611124979216983320e+03 2.412769551610697949e+00
1.823886474609375000e+03 1.610595602622830484e+03 2.412163243483763875e+00
1.823907287597656250e+03 1.610092938810872511e+03 2.411520499189562017e+00
1.823928161621093750e+03 1.613152574635093060e+03 2.410004893887564670e+00
1.823948974609375000e+03 1.610685310028415415e+03 2.413493660383668526e+00
1.823969787597656250e+03 1.611770456444467072e+03 2.410419468285974531e+00
1.823990661621093750e+03 1.612841982181643289e+03 2.422881870779798774e+00
1.824011474609375000e+03 1.609811781643414179e+03 2.424680205033168168e+00
1.824032287597656250e+03 1.611597705772380550e+03 2.407164362786682332e+00
1.824053100585937500e+03 1.611938292395720282e+03 2.408131346982566257e+00
1.824073913574218750e+03 1.609765028182035621e+03 2.408883375385976855e+00
1.824094787597656250e+03 1.614023523906138280e+03 2.407216757237890192e+00
1.824115600585937500e+03 1.611215036269597249e+03 2.408822010272417824e+00
1.824136413574218750e+03 1.612699803385596397e+03 2.407177733879775516e+00
1.824157287597656250e+03 1.612370325085845479e+03 2.413199656333753218e+00
1.824178100585937500e+03 1.611516309415256728e+03 2.423400201762563100e+00
1.824198913574218750e+03 1.613623645016311002e+03 2.408124416577971161e+00
1.824219787597656250e+03 1.608722336546180259e+03 2.406371869060264235e+00
1.824240600585937500e+03 1.610060467750289945e+03 2.410516993204990577e+00
1.824261413574218750e+03 1.612723758808952653e+03 2.409078347711547163e+00
1.824282287597656250e+03 1.609098269333984945e+03 2.411354298884453851e+00
1.824303100585937500e+03 1.609811564715937720e+03 2.406380191600213436e+00
1.824323913574218750e+03 1.610314270002811554e+03 2.407129003315928717e+00
1.824344787597656250e+03 1.611629624873978173e+03 2.414212910432340653e+00
1.824365600585937500e+03 1.610632047196164876e+03 2.405027103548925016e+00
1.824386413574218750e+03 1.612380337507318472e+03 2.414489510803126127e+00
1.824407287597656250e+03 1.609557196841826681e+03 2.416547564059936537e+00
1.824428100585937500e+03 1.613169102227896701e+03 2.406210168285888074e+00
1.824448913574218750e+03 1.612047665803786913e+03 2.412480400677855297e+00
1.824469787597656250e+03 1.608690886547022046e+03 2.407393245845560248e+00
1.824490600585937500e+03 1.610899602481566490e+03 2.413819532296702430e+00
1.824511413574218750e+03 1.611251687796236865e+03 2.407315501336215302e+00
1.824532287597656250e+03 1.610729880468594502e+03 2.407069475414587156e+00
1.824553100585937500e+03 1.610468440530023599e+03 2.422912375483781577e+00
1.824573913574218750e+03 1.611448890329601227e+03 2.418223427716347462e+00
1.824594787597656250e+03 1.611918762947729874e+03 2.408245596778002096e+00
1.824615600585937500e+03 1.609601140839271011e+03 2.405767218968875021e+00
1.824636413574218750e+03 1.611361584542451510e+03 2.415567663383300090e+00
1.824657287597656250e+03 1.609985303767472715e+03 2.405138031295701140e+00
1.824678100585937500e+03 1.610969794672249691e+03 2.407966595966152035e+00
1.824698913574218750e+03 1.612398100407000584e+03 2.410342019215772513e+00
1.824719787597656250e+03 1.609419804310682593e+03 2.407153863950421524e+00
1.824740600585937500e+03 1.608059601986402186e+03 2.418373776532995123e+00
1.824761413574218750e+03 1.612638582827258233e+03 2.405679213957827134e+00
1.824782287597656250e+03 1.609188565961163022e+03 2.406359385196370937e+00
1.824803100585937500e+03 1.613247850779734790e+03 2.406834618034765949e+00
1.824823913574218750e+03 1.609479811647021279e+03 2.410243498028279863e+00
1.824844787597656250e+03 1.611099408750278599e+03 2.414918420649764919e+00
1.824865600585937500e+03 1.609414380811527280e+03 2.407025596168759662e+00
1.824886413574218750e+03 1.610725798058042074e+03 2.404918450858477996e+00
1.824907287597656250e+03 1.608414496471119719e+03 2.403886997169357720e+00
1.824928100585937500e+03 1.609158884229883142e+03 2.405206230980995397e+00
1.824948913574218750e+03 1.609412941520937920e+03 2.407384134517021490e+00
1.824969787597656250e+03 1.608888958530043055e+03 2.412515187586282028e+00
1.824990600585937500e+03 1.610680467555391715e+03 2.411121144349551937e+00
1.825011413574218750e+03 1.609069877297868970e+03 2.416786410116546158e+00
1.825032287597656250e+03 1.609478059986451171e+03 2.412792180211324577e+00
1.825053100585937500e+03 1.608933384807458879e+03 2.408929794086605458e+00
1.825073913574218750e+03 1.609220033818978891e+03 2.412271965199640267e+00
1.825094787597656250e+03 1.611815330426416040e+03 2.409477249528892084e+00
1.825115600585937500e+03 1.608360917946499967e+03 2.401184993501408016e+00
1.825136413574218750e+03 1.610255255030493117e+03 2.411499045064738223e+00
1.825157287597656250e+03 1.612447687840192430e+03 2.409263606285695136e+00
1.825178100585937500e+03 1.607642882243947270e+03 2.410484056731416747e+00
1.825198913574218750e+03 1.609945200568240580e+03 2.417708621722895579e+00
1.825219787597656250e+03 1.610789915132964552e+03 2.417932266674984287e+00
1.825240600585937500e+03 1.608647434567018990e+03 2.413307145838977430e+00
1.825261413574218750e+03 1.608608282336455886e+03 2.410458538073104950e+00
1.825282287597656250e+03 1.608858133814153916e+03 2.409676032550463809e+00
1.825303100585937500e+03 1.610358220878194970e+03 2.405311599657926624e+00
1.825323913574218750e+03 1.608413346965068285e+03 2.406531379398427095e+00
1.825344787597656250e+03 1.609142485972787881e+03 2.416899461605162447e+00
1.825365600585937500e+03 1.609518580371455528e+03 2.407730340762716192e+00
1.825386413574218750e+03 1.609678702303111322e+03 2.412838424901044831e+00
1.825407287597656250e+03 1.608053543462953030e+03 2.409582134600314784e+00
1.825428100585937500e+03 1.608702758173877100e+03 2.405613208086741839e+00
1.825448913574218750e+03 1.609625208868765867e+03 2.407134054700694303e+00
1.825469787597656250e+03 1.609232257844140122e+03 2.410848607756506112e+00
1.825490600585937500e+03 1.608908550674967046e+03 2.405587439537431038e+00
1.825511413574218750e+03 1.607577158171912515e+03 2.411630139639974413e+00
1.825532287597656250e+03 1.609557422606776981e+03 2.413099078177747714e+00
1.825553100585937500e+03 1.607602744606460647e+03 2.405807454421792446e+00
1.825573913574218750e+03 1.608412609614838630e+03 2.412094153228792948e+00
1.825594787597656250e+03 1.608335332303954146e+03 2.413712757046507562e+00
1.825615600585937500e+03 1.608315853990040523e+03 2.420348640108042737e+00
1.825636413574218750e+03 1.606793192538579660e+03 2.405428659539253999e+00
1.825657287597656250e+03 1.608395185708661074e+03 2.408284404833999304e+00
1.825678100585937500e+03 1.608091546976869495e+03 2.404803745565841311e+00
1.825698913574218750e+03 1.608001541374625049e+03 2.407944912150436156e+00
1.825719787597656250e+03 1.607603337074444653e+03 2.406794994117130049e+00
1.825740600585937500e+03 1.608647223314871553e+03 2.407036293665855364e+00
1.825761413574218750e+03 1.609175343317470151e+03 2.406298153878460244e+00
1.825782287597656250e+03 1.609319769779469652e+03 2.406057870303672352e+00
1.825803100585937500e+03 1.606918295215668422e+03 2.419737530969116701e+00
1.825823913574218750e+03 1.608777484641995670e+03 2.422829913496588716e+00
1.825844787597656250e+03 1.608847706293501233e+03 2.407189619233506939e+00
1.825865600585937500e+03 1.608828941730214638e+03 2.407016978705968313e+00
1.825886413574218750e+03 1.609480195037385329e+03 2.417367888256074071e+00
1.825907287597656250e+03 1.607751827879554412e+03 2.405072208835301151e+00
1.825928100585937500e+03 1.607004892709910109e+03 2.407819954119808870e+00
1.825948913574218750e+03 1.609063028940917093e+03 2.411178396851649808e+00
1.825969787597656250e+03 1.608594681177461098e+03 2.404760816421874114e+00
1.825990600585937500e+03 1.609863683258065748e+03 2.423376098091064357e+00
1.826011413574218750e+03 1.608793250066456267e+03 2.412379298377836712e+00
1.826032287597656250e+03 1.606839097656425793e+03 2.404090903513670607e+00
1.826053100585937500e+03 1.608796038033678997e+03 2.412740005651123898e+00
1.826073913574218750e+03 1.607824766067126802e+03 2.426656715543835219e+00
1.826094787597656250e+03 1.607267927720299440e+03 2.415380914158207215e+00
1.826115600585937500e+03 1.606961608842687838e+03 2.409886869094123085e+00
1.826157287597656250e+03 1.605405514053639763e+03 2.410163669172889822e+00
1.826178100585937500e+03 1.605910968435329096e+03 2.404739599425713692e+00
1.826198913574218750e+03 1.604676909875709498e+03 2.416803378042002404e+00
1.826219787597656250e+03 1.608973953415949609e+03 2.411614618256010534e+00
1.826240600585937500e+03 1.609673647699114099e+03 2.411886672886074834e+00
1.826261413574218750e+03 1.606138811444510111e+03 2.408254902848431023e+00
1.826282287597656250e+03 1.606806407430966601e+03 2.406812626841033254e+00
1.826303100585937500e+03 1.609101745867891168e+03 2.422298861913662282e+00
1.826323913574218750e+03 1.607235698562723201e+03 2.436365401469229308e+00
1.826344787597656250e+03 1.607395221410441764e+03 2.408485167137943250e+00
1.826365600585937500e+03 1.611708522139158958e+03 2.408818447088770576e+00
1.826386413574218750e+03 1.608327585537296045e+03 2.411518126392517392e+00
1.829094726562500000e+03 1.602545925390307730e+03 2.411324043462040656e+00
1.829115539550781250e+03 1.605504073101758649e+03 2.409279142815666130e+00
1.829136413574218750e+03 1.602618829974106802e+03 2.409524448376022754e+00
1.829157226562500000e+03 1.603043965123475346e+03 2.409916845762776649e+00
1.829178039550781250e+03 1.601072956588756142e+03 2.413845509279680002e+00
1.829198913574218750e+03 1.604036618985564928e+03 2.412023084077716373e+00
1.829219726562500000e+03 1.605248675189388905e+03 2.425050487189386317e+00
1.829240539550781250e+03 1.603710243767040311e+03 2.418468910463834387e+00
1.829261413574218750e+03 1.603275547047265036e+03 2.412618853551764087e+00
1.829282226562500000e+03 1.606451781800443314e+03 2.421676430714248873e+00
1.829303039550781250e+03 1.603572675007956150e+03 2.411640124681313502e+00
1.829323913574218750e+03 1.605539046649544844e+03 2.412439782374425246e+00
1.829344726562500000e+03 1.604353748591442127e+03 2.413574663270619425e+00
1.829365539550781250e+03 1.604126344681383216e+03 2.419953599280047385e+00
1.829386413574218750e+03 1.602357246887244401e+03 2.411621340905914845e+00
1.829407226562500000e+03 1.606315350685770227e+03 2.416725640289888233e+00
1.829428039550781250e+03 1.603507779596611044e+03 2.412320888373154393e+00
1.829448913574218750e+03 1.607733713046817229e+03 2.413376102577859061e+00
1.829469726562500000e+03 1.605406618184343642e+03 2.410370308692092678e+00
1.829490539550781250e+03 1.605141286839094846e+03 2.413828421790022105e+00
1.829511413574218750e+03 1.608542439000126478e+03 2.412365659620056668e+00
1.829532226562500000e+03 1.605529070100587205e+03 2.415380025781721951e+00
1.829553039550781250e+03 1.607148514540543147e+03 2.424912645791942545e+00
1.829573913574218750e+03 1.606536381938892191e+03 2.412541870386333276e+00
1.829594726562500000e+03 1.604753778013842293e+03 2.416893246870113199e+00
1.829615539550781250e+03 1.605417280806080498e+03 2.423982847379673622e+00
1.829636413574218750e+03 1.605352141754316108e+03 2.413260416155214916e+00
1.829657226562500000e+03 1.604618092755550379e+03 2.425091779092891642e+00
1.829678039550781250e+03 1.606038612382605379e+03 2.412814610972800811e+00
1.829698913574218750e+03 1.605708540882068974e+03 2.414606619440928359e+00
1.829719726562500000e+03 1.608458270923593318e+03 2.413673641156650618e+00
1.829740539550781250e+03 1.606296292592184045e+03 2.412868760145591374e+00
1.829761413574218750e+03 1.604130045736888860e+03 2.412172040241157944e+00
1.829782226562500000e+03 1.607655052541007763e+03 2.415768609953601764e+00
1.829803039550781250e+03 1.606284839991399622e+03 2.413588492760113002e+00
1.829823913574218750e+03 1.604736843751578135e+03 2.409645063451799629e+00
1.829844726562500000e+03 1.606367423603000816e+03 2.411076053339121117e+00
1.829865539550781250e+03 1.605634102352837090e+03 2.413702286693676591e+00
1.829886413574218750e+03 1.605358043427855819e+03 2.413314357739169580e+00
1.829907226562500000e+03 1.606735728007319949e+03 2.425011849128640318e+00
1.829928039550781250e+03 1.605252171167585402e+03 2.417970229042106123e+00
1.829948913574218750e+03 1.606628584166775454e+03 2.420421631866456647e+00
1.829969726562500000e+03 1.608498991557651607e+03 2.420128370931407868e+00
1.829990539550781250e+03 1.607089880913200886e+03 2.410710349912306594e+00
1.830011413574218750e+03 1.608085512412936851e+03 2.413576145005427165e+00
1.830032226562500000e+03 1.607684661229479843e+03 2.410513432526841360e+00
1.830053039550781250e+03 1.606021318929716244e+03 2.419795269305902163e+00
1.830073913574218750e+03 1.607727825739720402e+03 2.420241561844991729e+00
1.830094726562500000e+03 1.606507741285738575e+03 2.413286695539036408e+00
1.830115539550781250e+03 1.609071627916656098e+03 2.417630913078453680e+00
1.830136413574218750e+03 1.608613276240703954e+03 2.415684028881380563e+00
1.830157226562500000e+03 1.605562850087434526e+03 2.413832866524405318e+00
1.830178039550781250e+03 1.607541108608618060e+03 2.443153573935486378e+00
1.830198913574218750e+03 1.608808408053461335e+03 2.439525838337845531e+00
1.830219726562500000e+03 1.609539129662188088e+03 2.415502519944585647e+00
1.830240539550781250e+03 1.609451285164883075e+03 2.414051537349956700e+00
1.830261413574218750e+03 1.610365901773298219e+03 2.413205584188557573e+00
1.830282226562500000e+03 1.607122326567416849e+03 2.416136705452995859e+00
1.830303039550781250e+03 1.606169027002161783e+03 2.411422520502720879e+00
1.830323913574218750e+03 1.608460549772986269e+03 2.417400632313178477e+00
1.830344726562500000e+03 1.610482692115008604e+03 2.422843198135249398e+00
1.830365539550781250e+03 1.612182150528240754e+03 2.413013711895895419e+00
1.830386413574218750e+03 1.611350149313613201e+03 2.413334412635997239e+00
1.830407226562500000e+03 1.611790011267097043e+03 2.428992267016826023e+00
1.830428039550781250e+03 1.607292215468705535e+03 2.411944401462406962e+00
1.830448913574218750e+03 1.608244547876938213e+03 2.419732111771221827e+00
1.830469726562500000e+03 1.610703923050495860e+03 2.413783085031812270e+00
1.830490539550781250e+03 1.610502844701323284e+03 2.413890351018352032e+00
1.830511413574218750e+03 1.611128396936078843e+03 2.417500045287201971e+00
1.830532226562500000e+03 1.611516724019213370e+03 2.416829322953493620e+00
1.830553039550781250e+03 1.612000040709940549e+03 2.414537204129547643e+00
1.830573913574218750e+03 1.612516560384909326e+03 2.415455536616506915e+00
1.830594726562500000e+03 1.610417703945587391e+03 2.416122890549052382e+00
1.830615539550781250e+03 1.608101965620738611e+03 2.414319466059099195e+00
1.830636413574218750e+03 1.611453946747148620e+03 2.416101477291833000e+00
1.830657226562500000e+03 1.611327951818660722e+03 2.414782962879376438e+00
1.830678039550781250e+03 1.610022327300906909e+03 2.413858151968737431e+00
1.830698913574218750e+03 1.610864276885945628e+03 2.413882251911333210e+00
1.830719726562500000e+03 1.610357704042433170e+03 2.413967093647182427e+00
1.830740539550781250e+03 1.610876830880481748e+03 2.417645212445469038e+00
1.830761413574218750e+03 1.610205168401739684e+03 2.416396608281008884e+00
1.830782226562500000e+03 1.611140214231556001e+03 2.420317906077524395e+00
1.830803039550781250e+03 1.613722876757928361e+03 2.419909461038074028e+00
1.830823913574218750e+03 1.610236506121017101e+03 2.447564888426176477e+00
1.830844726562500000e+03 1.610400721163601247e+03 2.416419005583856805e+00
1.830865539550781250e+03 1.610175492578646754e+03 2.432293638001214120e+00
1.830886413574218750e+03 1.611494298504889684e+03 2.412282935936971739e+00
1.830907226562500000e+03 1.611802804506972734e+03 2.414740309880165192e+00
1.830928039550781250e+03 1.611153559480166450e+03 2.414422758312921413e+00
1.830948913574218750e+03 1.610857422405015768e+03 2.423248295435398880e+00
1.830969726562500000e+03 1.613296886737923614e+03 2.441770578284601534e+00
1.830990539550781250e+03 1.611810222260551882e+03 2.420991207190346106e+00
1.831011413574218750e+03 1.611438072402877879e+03 2.431416770098909552e+00
1.831032226562500000e+03 1.609976913020516349e+03 2.414856221596616503e+00
1.831053039550781250e+03 1.610491180990922203e+03 2.417039831443298148e+00
1.831073913574218750e+03 1.610401164509923547e+03 2.427883643842329686e+00
1.831094726562500000e+03 1.612039593032798848e+03 2.433460507488031332e+00
1.831115539550781250e+03 1.610078540351917809e+03 2.419402109012471325e+00
1.831136413574218750e+03 1.610568562554991331e+03 2.414081067257682456e+00
1.831157226562500000e+03 1.606105380672893489e+03 2.414418709655781647e+00
1.831178039550781250e+03 1.610631678709848757e+03 2.412609366670501743e+00
1.831198913574218750e+03 1.612929871853381883e+03 2.415843023057260730e+00
1.831219726562500000e+03 1.610598437748018114e+03 2.444477755387033824e+00
1.831240539550781250e+03 1.612240374853291996e+03 2.417135017875731595e+00
1.831261413574218750e+03 1.607768887545448251e+03 2.415220211406442719e+00
1.831282226562500000e+03 1.612636848041424400e+03 2.417481701534097915e+00
1.831303039550781250e+03 1.613566465411046238e+03 2.413338166736097357e+00
1.831323913574218750e+03 1.611888800809358372e+03 2.415249825739284262e+00
1.831344726562500000e+03 1.611646242506656563e+03 2.412878740061236815e+00
1.831365539550781250e+03 1.608470730769468219e+03 2.413808864861504588e+00
1.831386413574218750e+03 1.611409823262076770e+03 2.414263473095509926e+00
1.831407226562500000e+03 1.610137944170533501e+03 2.411913164938542575e+00
1.831428039550781250e+03 1.609290132956790558e+03 2.427456631965490441e+00
1.831448913574218750e+03 1.613042171748458031e+03 2.414704370194117544e+00
1.831469726562500000e+03 1.612172402074466618e+03 2.417016946685054624e+00
1.831490539550781250e+03 1.612312593375539564e+03 2.414896503070977030e+00
1.831511413574218750e+03 1.610023649349989455e+03 2.447249842514452212e+00
1.831532165527343750e+03 1.612308995404346888e+03 2.414025760111809138e+00
1.831553039550781250e+03 1.610218639147845352e+03 2.415462939512465823e+00
1.831573852539062500e+03 1.608292976395522828e+03 2.411458509100515624e+00
1.831594665527343750e+03 1.610722518971020236e+03 2.412033561719767683e+00
1.831615539550781250e+03 1.611987885249767032e+03 2.417124266435399793e+00
1.831636352539062500e+03 1.612491099684304118e+03 2.415842529609215195e+00
1.831657165527343750e+03 1.612033170619814882e+03 2.412987725958215535e+00
1.831678039550781250e+03 1.607010906841761653e+03 2.418495626158955858e+00
1.831698852539062500e+03 1.608769616057571739e+03 2.417877442048721015e+00
1.831719665527343750e+03 1.612564345439652243e+03 2.424932703087232522e+00
1.831740539550781250e+03 1.612023820615621162e+03 2.412823207729192898e+00
1.831761352539062500e+03 1.611767208853703551e+03 2.413302897723298202e+00
1.831782165527343750e+03 1.609995542722476102e+03 2.414139039637911655e+00
1.831803039550781250e+03 1.608018966438925190e+03 2.412003018277685484e+00
1.831823852539062500e+03 1.609802266041798703e+03 2.418893073530095972e+00
1.831844665527343750e+03 1.610440691068355591e+03 2.414730535128401190e+00
1.831865539550781250e+03 1.612658032556173339e+03 2.409287257396586224e+00
1.831886352539062500e+03 1.609143601206580570e+03 2.413311986705867884e+00
1.831907165527343750e+03 1.611467392367662569e+03 2.413231864169483210e+00
1.831928039550781250e+03 1.611904570658643706e+03 2.421470657558389750e+00
1.831948852539062500e+03 1.610987131639474910e+03 2.411746991693141329e+00
1.831969665527343750e+03 1.609412188999299133e+03 2.410705108221437243e+00
1.831990539550781250e+03 1.608044444897165022e+03 2.414246586073829359e+00
1.832011352539062500e+03 1.610579013147360683e+03 2.415573091923893134e+00
1.832032165527343750e+03 1.610309860987910042e+03 2.409786251608715180e+00
1.832053039550781250e+03 1.611423181371341343e+03 2.413227121938448239e+00
1.832073852539062500e+03 1.611671128877138017e+03 2.413406826220995338e+00
1.832094665527343750e+03 1.611792700541626118e+03 2.409891321098192929e+00
1.832115539550781250e+03 1.611863659256163601e+03 2.413963340525165258e+00
1.832136352539062500e+03 1.610120233350103490e+03 2.408486849985935763e+00
1.832157165527343750e+03 1.612446203497758006e+03 2.415103231241619408e+00
1.832178039550781250e+03 1.612461302123871519e+03 2.411083667450495849e+00
1.832198852539062500e+03 1.612154514863764916e+03 2.413710386404561259e+00
1.832219665527343750e+03 1.612950463349828624e+03 2.412682493749086277e+00
1.832240539550781250e+03 1.612203294504834503e+03 2.431314984313632355e+00
1.832261352539062500e+03 1.612429651183839269e+03 2.420521708756154577e+00
1.832282165527343750e+03 1.608558436512615117e+03 2.416938327998390701e+00
1.832303039550781250e+03 1.611190907572320839e+03 2.410825466438096143e+00
1.832323852539062500e+03 1.609114692666708834e+03 2.408143722655448737e+00
1.832344665527343750e+03 1.612284059324083273e+03 2.417353883132373760e+00
1.832365539550781250e+03 1.610771260426004119e+03 2.414477858874181759e+00
1.832386352539062500e+03 1.610899700654689468e+03 2.414896700527529916e+00
1.832407165527343750e+03 1.610139599190529225e+03 2.412226006163098013e+00
1.832428039550781250e+03 1.606432627798992598e+03 2.413236408798814292e+00
1.832448852539062500e+03 1.611098813201030453e+03 2.415484654543060383e+00
1.832469665527343750e+03 1.609598939493937905e+03 2.411216267794260570e+00
1.832490539550781250e+03 1.610146537416927004e+03 2.408235795664945389e+00
1.832511352539062500e+03 1.610710856331011428e+03 2.413228505090129428e+00
1.832532165527343750e+03 1.611447885260905423e+03 2.407785198396025894e+00
1.832553039550781250e+03 1.611050402389792453e+03 2.419141247867976574e+00
1.832573852539062500e+03 1.607582515176032757e+03 2.408338754861222508e+00
1.832594665527343750e+03 1.611677833058994111e+03 2.418768385390951181e+00
1.832615539550781250e+03 1.610326238329824264e+03 2.410911998008200552e+00
1.832636352539062500e+03 1.611209401885186480e+03 2.409026389623937003e+00
1.832657165527343750e+03 1.611985640304836124e+03 2.410561600143912298e+00
1.832678039550781250e+03 1.610853112208555558e+03 2.408377660411605170e+00
1.832698852539062500e+03 1.610226878421152605e+03 2.407592299960857218e+00
1.832719665527343750e+03 1.609911544735791040e+03 2.422557611557904611e+00
1.832740539550781250e+03 1.609693123068086607e+03 2.409715213331814709e+00
1.832761352539062500e+03 1.611305221582403419e+03 2.409708782186658738e+00
1.832782165527343750e+03 1.611073766971332361e+03 2.407234683999991631e+00
1.832803039550781250e+03 1.611289234703098828e+03 2.412059063714934393e+00
1.832823852539062500e+03 1.612105906755371961e+03 2.407840450849945135e+00
1.832844665527343750e+03 1.610967750620767447e+03 2.408934346832103390e+00
1.832865539550781250e+03 1.610052407617381505e+03 2.415466789009398152e+00
1.832886352539062500e+03 1.611877631632338989e+03 2.408026002680149880e+00
1.832907165527343750e+03 1.608899676649295316e+03 2.408864471138573826e+00
1.832928039550781250e+03 1.610322003452123226e+03 2.410505025349229058e+00
1.832948852539062500e+03 1.608762979823675778e+03 2.404992803138544577e+00
1.832969665527343750e+03 1.609857959680793101e+03 2.411031258145087897e+00
1.832990539550781250e+03 1.610347060403365504e+03 2.409504163869476745e+00
1.833011352539062500e+03 1.611127555431333121e+03 2.420041282238643454e+00
1.833032165527343750e+03 1.611494211127024528e+03 2.409437866974027287e+00
1.833053039550781250e+03 1.611304425882851774e+03 2.411207467549941974e+00
1.833073852539062500e+03 1.610284865444839170e+03 2.412056197225051601e+00
1.833094665527343750e+03 1.612345020883087500e+03 2.404801366141433139e+00
1.833115539550781250e+03 1.612933742374556459e+03 2.407789456246702819e+00
1.833136352539062500e+03 1.611063185788860892e+03 2.407052042672283676e+00
1.833157165527343750e+03 1.608739924217690259e+03 2.414598423995969245e+00
1.833178039550781250e+03 1.612473765010729039e+03 2.411783667439227674e+00
1.833198852539062500e+03 1.610772873836133385e+03 2.415618691183243794e+00
1.833219665527343750e+03 1.609440917624693384e+03 2.411747485979141459e+00
1.833240539550781250e+03 1.610344669763061120e+03 2.409839677345323228e+00
1.833261352539062500e+03 1.612974132418561567e+03 2.411367646744248194e+00
1.833282165527343750e+03 1.609300456138823847e+03 2.407315996532117808e+00
1.833303039550781250e+03 1.609603136645281438e+03 2.407343430225992176e+00
1.833323852539062500e+03 1.610241525388537411e+03 2.406580419271836302e+00
1.833344665527343750e+03 1.612003954933225486e+03 2.422169722805703973e+00
1.833365539550781250e+03 1.609467811083018205e+03 2.405668510426086204e+00
1.833386352539062500e+03 1.610001410732034856e+03 2.406879392276660035e+00
1.833407165527343750e+03 1.610517968112302015e+03 2.407773712063622895e+00
1.833428039550781250e+03 1.610537333242970135e+03 2.410430645277087613e+00
1.833448852539062500e+03 1.609652461833040661e+03 2.407337190821277506e+00
1.833469665527343750e+03 1.609098728074444580e+03 2.414218440775202978e+00
1.833490539550781250e+03 1.610563034701145170e+03 2.414670207249394185e+00
1.833511352539062500e+03 1.610399750594216130e+03 2.408211936222982352e+00
1.833532165527343750e+03 1.610533284582772694e+03 2.408869024007531667e+00
1.833553039550781250e+03 1.611744899118752301e+03 2.410818345987742362e+00
1.833573852539062500e+03 1.611359906242181069e+03 2.441548823961961823e+00
1.833594665527343750e+03 1.608132836677319801e+03 2.412743365410578544e+00
1.833615539550781250e+03 1.609366586356488824e+03 2.408315886420001828e+00
1.833636352539062500e+03 1.610431344989482341e+03 2.409436976406298392e+00
1.833657165527343750e+03 1.609446331111297241e+03 2.412468936700415512e+00
1.833678039550781250e+03 1.611625709158412064e+03 2.407681423335154225e+00
1.833698852539062500e+03 1.611340457597001887e+03 2.405418351361849894e+00
1.833719665527343750e+03 1.611454611606879098e+03 2.422582904353697497e+00
1.833740539550781250e+03 1.610569537957940383e+03 2.406643624745786969e+00
1.833761352539062500e+03 1.609322207031068046e+03 2.405406952845020374e+00
1.833782165527343750e+03 1.607694528300746924e+03 2.405692295987504892e+00
1.833803039550781250e+03 1.607868884844518334e+03 2.407705981196297973e+00
1.833823852539062500e+03 1.605803514867027388e+03 2.405074587991755219e+00
1.833844665527343750e+03 1.610605334587982725e+03 2.408174711061338513e+00
1.833865539550781250e+03 1.610106752347439851e+03 2.408753121121121055e+00
1.833886352539062500e+03 1.609299897003006890e+03 2.406278337584255134e+00
1.833907165527343750e+03 1.605960921038472634e+03 2.409511288203426638e+00
1.833928039550781250e+03 1.609544201436525100e+03 2.408413892496383379e+00
1.833948852539062500e+03 1.608995949562427995e+03 2.406761412336221539e+00
1.833969665527343750e+03 1.610093396475298050e+03 2.410552698603401378e+00
1.833990539550781250e+03 1.608463761717687930e+03 2.404965441766789613e+00
1.834011352539062500e+03 1.610317311017960719e+03 2.405978001666003063e+00
1.834032165527343750e+03 1.609628774996192533e+03 2.409610729832462273e+00
1.834053039550781250e+03 1.610333942182865258e+03 2.407214182111926615e+00
1.834073852539062500e+03 1.610199125834777078e+03 2.412650080939094721e+00
1.834094665527343750e+03 1.609463992770954974e+03 2.408693534375327072e+00
1.834115539550781250e+03 1.610720650485339320e+03 2.406101469930113534e+00
1.834136352539062500e+03 1.611439824013335055e+03 2.409517324080984402e+00
1.834157165527343750e+03 1.610205201262822129e+03 2.410855728117482055e+00
1.834178039550781250e+03 1.606829749570714966e+03 2.404807314698039544e+00
1.834198852539062500e+03 1.610448081340055751e+03 2.410501761378254226e+00
1.834219665527343750e+03 1.609265954107191419e+03 2.404356669868504159e+00
1.834240539550781250e+03 1.610055867679890525e+03 2.408320143332435492e+00
1.834282165527343750e+03 1.606253929764526447e+03 2.408103724251289268e+00
1.834303039550781250e+03 1.607058100338655322e+03 2.407995705439137435e+00
1.834323852539062500e+03 1.608560228825609784e+03 2.426993885493110792e+00
1.834344665527343750e+03 1.605792184127019709e+03 2.406168255098650288e+00
1.834365539550781250e+03 1.605906956817680339e+03 2.408462300086912755e+00
1.834386352539062500e+03 1.605281028325276566e+03 2.416939709026245442e+00
1.834407165527343750e+03 1.606242898762043978e+03 2.414021513260724117e+00
1.834428039550781250e+03 1.606169394472080057e+03 2.415781933423113426e+00
1.834448852539062500e+03 1.606702421526351827e+03 2.408296383724975342e+00
1.834469665527343750e+03 1.608944965218364132e+03 2.407020544556382369e+00
1.834490539550781250e+03 1.604733811348895870e+03 2.407598736759531732e+00
1.834511352539062500e+03 1.606494045005473254e+03 2.411042926730536884e+00
1.834532165527343750e+03 1.605410186639884387e+03 2.407162877105087251e+00
1.834553039550781250e+03 1.606817111408221535e+03 2.444282485432342167e+00
1.834573852539062500e+03 1.604775228370518562e+03 2.409246684218679491e+00
1.834594665527343750e+03 1.607007934750097775e+03 2.407177436745180366e+00
1.834615478515625000e+03 1.608037964507898778e+03 2.407787079772834904e+00
1.834636291503906250e+03 1.605699723390795043e+03 2.408471605320023912e+00
1.834657165527343750e+03 1.606020633490913497e+03 2.410240431541155193e+00
1.834677978515625000e+03 1.606327482295929713e+03 2.435025646536806310e+00
1.834698791503906250e+03 1.606105480086681609e+03 2.406340560199781375e+00
1.834719665527343750e+03 1.604297146408360049e+03 2.405921913668269685e+00
1.834740478515625000e+03 1.605126418322424570e+03 2.415720447465715015e+00
1.834761291503906250e+03 1.605870402933251853e+03 2.412247849169220970e+00
1.834782165527343750e+03 1.605330434412397153e+03 2.408436067055344854e+00
1.834802978515625000e+03 1.607120371666643450e+03 2.409204230088813237e+00
1.834823791503906250e+03 1.606378218557840228e+03 2.404507389970268250e+00
1.834844665527343750e+03 1.606345673102385263e+03 2.404397920519599552e+00
1.834865478515625000e+03 1.605197450049347935e+03 2.422142457037537167e+00
1.834886291503906250e+03 1.607119744851504265e+03 2.409625274681934215e+00
1.834907165527343750e+03 1.605849984894147383e+03 2.409134362223107839e+00
1.834927978515625000e+03 1.604860657576914036e+03 2.412347573322335403e+00
1.834948791503906250e+03 1.604816583304072765e+03 2.405009556868315190e+00
1.834969665527343750e+03 1.607106608622615568e+03 2.411877677384171026e+00
1.834990478515625000e+03 1.606990000560311728e+03 2.420870763475094556e+00
1.835011291503906250e+03 1.607166202019223874e+03 2.406963589369506273e+00
1.835032165527343750e+03 1.606639796027554212e+03 2.408847843196233018e+00
1.835052978515625000e+03 1.605383843545020454e+03 2.409497732161012706e+00
1.835073791503906250e+03 1.605169224962897260e+03 2.407054915121464411e+00
1.835094665527343750e+03 1.604658369764876397e+03 2.404554884676249227e+00
1.835115478515625000e+03 1.607802354707695713e+03 2.408917422452118817e+00
1.835136291503906250e+03 1.604522555914173381e+03 2.411509722717540605e+00
1.835157165527343750e+03 1.606508857610983114e+03 2.409494169976629685e+00
1.835177978515625000e+03 1.608005741494199810e+03 2.409681573305693991e+00
1.835198791503906250e+03 1.606770899209769368e+03 2.406390891966424750e+00
1.835219665527343750e+03 1.605640763053628461e+03 2.410341030067236545e+00
1.835240478515625000e+03 1.604352635300431075e+03 2.434895517821809907e+00
1.835261291503906250e+03 1.606542167390969780e+03 2.413484572085266677e+00
1.835282165527343750e+03 1.604130748434275347e+03 2.404929356003403296e+00
1.835302978515625000e+03 1.606642000324830406e+03 2.406457470953783151e+00
1.835323791503906250e+03 1.606385611741386583e+03 2.413611410025386927e+00
1.835344665527343750e+03 1.605807023104724522e+03 2.427231507151025980e+00
1.835365478515625000e+03 1.604793061255375505e+03 2.404999742567401455e+00
1.835386291503906250e+03 1.607004253210484194e+03 2.412557879924710935e+00
1.835407165527343750e+03 1.606352638770859585e+03 2.405224073602765245e+00
1.835427978515625000e+03 1.608020583837141658e+03 2.417719370564637593e+00
1.835448791503906250e+03 1.605756205879823710e+03 2.405010746477825645e+00
1.835469665527343750e+03 1.607594405546966982e+03 2.405200283410991346e+00
1.835490478515625000e+03 1.606410975388978613e+03 2.414618764446762267e+00
1.835511291503906250e+03 1.607471686358009720e+03 2.409629826113393491e+00
1.835532165527343750e+03 1.607282821823565655e+03 2.403796443718658971e+00
1.835552978515625000e+03 1.606030801381803258e+03 2.410841487374500325e+00
1.835573791503906250e+03 1.603370130504065628e+03 2.408916927585417866e+00
1.835594665527343750e+03 1.597613925829342861e+03 2.408754110921727865e+00
1.835615478515625000e+03 1.598273527118898301e+03 2.405301290978849593e+00
1.835636291503906250e+03 1.602048422747954646e+03 2.429025934067564396e+00
1.835657165527343750e+03 1.606373726224793472e+03 2.404695479371711020e+00
1.835677978515625000e+03 1.602671812224966516e+03 2.407432364744711339e+00
1.835698791503906250e+03 1.605430753380127271e+03 2.405118701091301769e+00
1.835719665527343750e+03 1.602857196670802978e+03 2.409426883282368870e+00
1.835740478515625000e+03 1.606608289994294410e+03 2.405718360728503757e+00
1.835761291503906250e+03 1.606251452720741554e+03 2.422049042385538087e+00
1.835782165527343750e+03 1.607223419618761227e+03 2.406627674931681504e+00
1.835802978515625000e+03 1.605880811613483729e+03 2.405477721893537701e+00
1.835823791503906250e+03 1.606301431191737493e+03 2.404395342374639810e+00
1.835844665527343750e+03 1.605595922242927145e+03 2.414769140230666356e+00
1.835865478515625000e+03 1.605323663208756670e+03 2.415392857854779418e+00
1.835886291503906250e+03 1.607747134465460704e+03 2.418334933209651538e+00
1.835907165527343750e+03 1.607394146583974361e+03 2.404376502000633575e+00
1.835927978515625000e+03 1.607158965685811609e+03 2.404873838387026286e+00
1.835948791503906250e+03 1.604641990483570908e+03 2.409796046415763726e+00
1.835969665527343750e+03 1.606403311468789070e+03 2.426570155910934723e+00
1.835990478515625000e+03 1.608936869619005165e+03 2.408046992702027822e+00
1.836011291503906250e+03 1.605557144868503883e+03 2.405631345015552647e+00
1.836032165527343750e+03 1.606394583940499160e+03 2.410855728117482055e+00
1.836052978515625000e+03 1.605054812034605220e+03 2.404661669973510829e+00
1.836073791503906250e+03 1.610262325640579547e+03 2.406467477457830739e+00
1.836094665527343750e+03 1.605294329044133747e+03 2.408733621966234750e+00
1.836115478515625000e+03 1.604286668398738584e+03 2.439238979448024924e+00
1.836136291503906250e+03 1.605824838117074478e+03 2.410253290977165896e+00
1.836157165527343750e+03 1.606922810989583013e+03 2.403710350308695620e+00
1.836177978515625000e+03 1.606444483913383237e+03 2.411168113255406809e+00
1.836198791503906250e+03 1.606999748504220179e+03 2.410583952756288451e+00
1.836219665527343750e+03 1.607094503987055077e+03 2.409171374630976636e+00
1.836240478515625000e+03 1.605642727885079239e+03 2.407420678659142332e+00
1.836261291503906250e+03 1.604454181562009808e+03 2.409380474158573371e+00
1.836282165527343750e+03 1.604912849035755698e+03 2.415668237454652090e+00
1.836302978515625000e+03 1.609442405243264830e+03 2.405320917079849075e+00
1.836323791503906250e+03 1.606300595648255921e+03 2.405117313275777935e+00
1.836344665527343750e+03 1.604542433278852968e+03 2.412498683632605001e+00
1.836365478515625000e+03 1.605882165028403506e+03 2.403666012983383560e+00
1.836386291503906250e+03 1.606006826259477975e+03 2.407900355751869448e+00
1.836407165527343750e+03 1.606662359472134312e+03 2.415634186839490383e+00
1.836427978515625000e+03 1.607350767500842494e+03 2.404161215455890233e+00
1.836448791503906250e+03 1.608586951180046981e+03 2.412188744107916616e+00
1.836469665527343750e+03 1.608988224255862178e+03 2.415208563002689157e+00
1.836490478515625000e+03 1.606715992960937001e+03 2.408726198388623452e+00
1.836511291503906250e+03 1.606002768700950583e+03 2.407496241074397414e+00
1.836532165527343750e+03 1.607170517879787212e+03 2.404766071069571520e+00
1.836552978515625000e+03 1.608975492257929091e+03 2.410081661312906132e+00
1.836573791503906250e+03 1.605160872702124379e+03 2.404545564286012738e+00
1.836594665527343750e+03 1.607322932665824055e+03 2.412773405404837757e+00
1.836615478515625000e+03 1.606756417338589017e+03 2.423345795992463358e+00
1.836636291503906250e+03 1.606821717577483696e+03 2.406111973358393552e+00
1.836657165527343750e+03 1.607963012222415955e+03 2.444184551969116992e+00
1.836677978515625000e+03 1.607068283750806131e+03 2.406335110831177904e+00
1.836698791503906250e+03 1.608272345397715299e+03 2.409334855790423280e+00
1.836719665527343750e+03 1.607354898472722198e+03 2.409580749355537677e+00
1.836740478515625000e+03 1.607649791266384682e+03 2.412026642527290488e+00
1.836761291503906250e+03 1.607919790534471076e+03 2.417969243014135738e+00
1.836782165527343750e+03 1.609631280998889679e+03 2.407857184765949565e+00
1.836802978515625000e+03 1.606681736067270094e+03 2.406016350834082829e+00
1.836823791503906250e+03 1.608427854383369777e+03 2.414009365250088912e+00
1.836844665527343750e+03 1.608591886559335308e+03 2.407990655861908191e+00
1.836865478515625000e+03 1.607535831400330153e+03 2.405606765975292216e+00
1.836886291503906250e+03 1.609061472620340510e+03 2.406906830946907938e+00
1.836907165527343750e+03 1.608613489163961503e+03 2.407113056717998578e+00
1.836927978515625000e+03 1.610773483166801952e+03 2.411312573986992280e+00
1.836948791503906250e+03 1.610803916212901640e+03 2.406965966656432254e+00
1.836969665527343750e+03 1.607427466345096718e+03 2.414282532574579587e+00
1.836990478515625000e+03 1.607577776726499224e+03 2.409566600023990368e+00
1.837011291503906250e+03 1.609685024404993555e+03 2.411675220290672161e+00
1.837032165527343750e+03 1.606894094302901976e+03 2.442211390675591343e+00
1.837052978515625000e+03 1.609368431799649670e+03 2.406097902717625914e+00
1.837073791503906250e+03 1.606807149395364604e+03 2.427708644838006968e+00
1.837094665527343750e+03 1.606444141608807740e+03 2.418547183658764421e+00
1.837115478515625000e+03 1.608640452723903309e+03 2.407256077088333335e+00
1.837136291503906250e+03 1.609090418849684056e+03 2.409438361733734268e+00
1.837157165527343750e+03 1.609053513179825813e+03 2.411597020642529454e+00
1.837177978515625000e+03 1.609105577396842591e+03 2.410049411377949813e+00
1.837198791503906250e+03 1.609601565038989975e+03 2.407321443680324968e+00
1.837219665527343750e+03 1.607681759014307318e+03 2.405350256810985687e+00
1.837240478515625000e+03 1.607085919816078786e+03 2.408523773354787956e+00
1.837261291503906250e+03 1.608034555780829351e+03 2.405422712519219797e+00
1.837282165527343750e+03 1.607802775212079268e+03 2.409948108161917180e+00
1.837302978515625000e+03 1.609018148997589378e+03 2.414000278893227769e+00
1.837323791503906250e+03 1.605913624553367526e+03 2.407897682341737067e+00
1.837344665527343750e+03 1.607370475040980182e+03 2.408802016784877598e+00
1.837365478515625000e+03 1.609051636217529676e+03 2.409859167550663983e+00
1.837386291503906250e+03 1.607709367601324857e+03 2.411088710549987635e+00
1.837407165527343750e+03 1.608187720860714535e+03 2.406849873069136780e+00
1.837427978515625000e+03 1.607338145209291724e+03 2.454819209634336197e+00
1.837448791503906250e+03 1.608228430007283578e+03 2.410735865905083486e+00
1.837469665527343750e+03 1.608588536905409683e+03 2.411705767884205986e+00
1.837490478515625000e+03 1.608379735254561410e+03 2.414414858487811344e+00
1.837511291503906250e+03 1.609280314460853560e+03 2.412608180807721325e+00
1.837532165527343750e+03 1.606498051643503004e+03 2.406642634077182485e+00
1.837552978515625000e+03 1.608216023740324999e+03 2.409267861523611831e+00
1.837573791503906250e+03 1.607793046517922221e+03 2.407047981617592480e+00
1.837594665527343750e+03 1.607745762956871431e+03 2.404684077428373534e+00
1.837615478515625000e+03 1.612235590082467979e+03 2.411141613016796637e+00
1.837636291503906250e+03 1.611041638481309974e+03 2.413990007318201236e+00
1.837657104492187500e+03 1.608373035009317164e+03 2.407423253564224819e+00
1.837677917480468750e+03 1.607926501343568816e+03 2.405965614853204038e+00
1.837698791503906250e+03 1.610422029174201043e+03 2.411563406866619186e+00
1.837719604492187500e+03 1.608501041942033680e+03 2.405350256810985687e+00
1.837740417480468750e+03 1.609887090148944935e+03 2.406435971690489062e+00
1.837761291503906250e+03 1.609835468791948870e+03 2.405960561015264787e+00
1.837782104492187500e+03 1.609021371791736328e+03 2.408561488061382594e+00
1.837802917480468750e+03 1.610906411613515274e+03 2.409427674901459593e+00
1.837823791503906250e+03 1.609361304477297608e+03 2.416304550226100911e+00
1.837844604492187500e+03 1.608515094057041324e+03 2.437586758365602346e+00
1.837865417480468750e+03 1.609892518318537668e+03 2.409432127754001396e+00
1.837886291503906250e+03 1.610771395249496663e+03 2.409241241423324187e+00
1.837907104492187500e+03 1.610173864355865362e+03 2.406869189370035134e+00
1.837927917480468750e+03 1.609949098860758795e+03 2.404842410882509274e+00
1.837948791503906250e+03 1.611415002167604598e+03 2.430280018280741139e+00
1.837969604492187500e+03 1.610625183315812365e+03 2.405485849298036438e+00
1.837990417480468750e+03 1.609272061855064521e+03 2.416297445921749443e+00
1.838011291503906250e+03 1.613568124935429296e+03 2.408302818641807619e+00
1.838032104492187500e+03 1.609220547245979105e+03 2.410662877579189622e+00
1.838052917480468750e+03 1.611024188602754521e+03 2.405284836649551394e+00
1.838073791503906250e+03 1.611305485067513700e+03 2.410027944157468127e+00
1.838094604492187500e+03 1.612733176801385980e+03 2.405418846948312872e+00
1.838115417480468750e+03 1.610707239289733025e+03 2.407942040762938163e+00
1.838136291503906250e+03 1.611058761520162307e+03 2.407210814635355689e+00
1.838157104492187500e+03 1.611255845360888543e+03 2.408554558894480557e+00
1.838177917480468750e+03 1.609351359997685222e+03 2.406385145479374099e+00
1.838198791503906250e+03 1.612228127715073697e+03 2.406811240002260988e+00
1.838219604492187500e+03 1.609515284032804857e+03 2.406299144688886837e+00
1.838240417480468750e+03 1.609020093609899050e+03 2.408220054399891730e+00
1.838261291503906250e+03 1.608142038534724406e+03 2.411588913833564440e+00
1.838282104492187500e+03 1.609047613959224464e+03 2.412491568120739061e+00
1.838302917480468750e+03 1.608253059338397861e+03 2.408072932947988853e+00
1.838323791503906250e+03 1.609192435470379451e+03 2.407488813681278206e+00
1.838344604492187500e+03 1.611305322389358480e+03 2.404311154506742820e+00
1.838365417480468750e+03 1.609194715333477006e+03 2.406331543965045672e+00
1.838386291503906250e+03 1.609554964585928019e+03 2.403661747828432116e+00
1.838407104492187500e+03 1.611544481623753882e+03 2.406458659847531045e+00
1.838427917480468750e+03 1.609474288859234775e+03 2.413900623017434022e+00
1.838448791503906250e+03 1.609580446442877701e+03 2.413005115818207980e+00
1.838469604492187500e+03 1.609957605809751840e+03 2.409201162278884478e+00
1.838490417480468750e+03 1.608203849614940737e+03 2.410182761072790836e+00
1.838511291503906250e+03 1.609890984703924005e+03 2.406442411582132568e+00
1.838532104492187500e+03 1.610465892990356451e+03 2.406080264755936504e+00
1.838552917480468750e+03 1.609997642509640400e+03 2.406267636717528635e+00
1.838573791503906250e+03 1.610569443275840513e+03 2.408869518884073635e+00
1.838594604492187500e+03 1.610287357286982342e+03 2.410917535922942445e+00
1.838615417480468750e+03 1.608346718844153429e+03 2.420225110578861916e+00
1.838636291503906250e+03 1.609267298313522360e+03 2.409867478047136746e+00
1.838657104492187500e+03 1.611439697494474103e+03 2.424082482184162224e+00
1.838677917480468750e+03 1.610581267469796558e+03 2.423089295193825432e+00
1.838698791503906250e+03 1.609027335308623833e+03 2.405472270570255588e+00
1.838740417480468750e+03 1.610285495258466199e+03 2.407483069814887244e+00
1.838761291503906250e+03 1.609995628837751156e+03 2.405552849781530167e+00
1.838782104492187500e+03 1.610014007099881383e+03 2.410486925090848942e+00
1.838802917480468750e+03 1.608015502580466546e+03 2.405625101170249192e+00
1.838823791503906250e+03 1.608944861359512288e+03 2.406373751542057349e+00
1.838844604492187500e+03 1.610286978419544539e+03 2.410173462446134618e+00
1.838865417480468750e+03 1.612261616302770108e+03 2.408874764569169713e+00
1.838886291503906250e+03 1.609706921169468842e+03 2.409162270027229713e+00
1.838907104492187500e+03 1.607268004119982834e+03 2.414073265076371655e+00
1.838927917480468750e+03 1.609300948957846686e+03 2.430263536864276208e+00
1.838948791503906250e+03 1.607827284233062755e+03 2.409081910510785018e+00
1.838969604492187500e+03 1.609117666617981968e+03 2.407784010157283827e+00
1.838990417480468750e+03 1.608578666468128176e+03 2.404532674325090547e+00
1.839011291503906250e+03 1.609547146542779728e+03 2.408214609284255125e+00
1.839032104492187500e+03 1.609280892352733872e+03 2.404315021858557611e+00
1.839052917480468750e+03 1.609612286255450044e+03 2.406499379103846259e+00
1.839073791503906250e+03 1.608328406225359004e+03 2.404511257006463065e+00
1.839094604492187500e+03 1.606522794846224542e+03 2.405034736810700124e+00
1.839115417480468750e+03 1.608284922212647416e+03 2.424856897438069314e+00
1.839136291503906250e+03 1.608822109038778535e+03 2.407366505979118276e+00
1.839157104492187500e+03 1.609984743478587006e+03 2.408335883943291567e+00
1.839177917480468750e+03 1.607390528051014144e+03 2.406089083752943392e+00
1.839198791503906250e+03 1.608171550781576343e+03 2.407462867141472618e+00
1.839219604492187500e+03 1.608936974703175338e+03 2.406621929010016814e+00
1.839240417480468750e+03 1.608074103806727862e+03 2.404122142500670023e+00
1.839261291503906250e+03 1.609121370575948049e+03 2.411011678527369195e+00
1.839282104492187500e+03 1.609122215419673239e+03 2.413973809745702859e+00
1.839302917480468750e+03 1.608683376725455219e+03 2.408042438278860775e+00
1.839323791503906250e+03 1.610193440454109805e+03 2.409925650720015522e+00
1.839344604492187500e+03 1.608757162845284256e+03 2.407133856607373890e+00
1.839365417480468750e+03 1.610132241597631719e+03 2.408977498514336180e+00
1.839386291503906250e+03 1.608427363516641435e+03 2.408348753548680499e+00
1.839407104492187500e+03 1.608510067806797679e+03 2.409751128488421656e+00
1.839427917480468750e+03 1.609911443217925353e+03 2.412632688520068847e+00
1.839448791503906250e+03 1.608305230457218840e+03 2.409595294385978637e+00
1.839469604492187500e+03 1.610772581747364939e+03 2.405357789927456302e+00
1.839490417480468750e+03 1.611099304413189429e+03 2.408242725749015101e+00
1.839532104492187500e+03 1.606408337582619424e+03 2.410496914867744422e+00
1.839552917480468750e+03 1.606686160054225411e+03 2.407244192062726107e+00
1.839573791503906250e+03 1.603007047086905914e+03 2.408255100849538977e+00
1.839594604492187500e+03 1.601855237198850773e+03 2.409992230984523864e+00
1.839615417480468750e+03 1.605146505772496312e+03 2.405206429233075482e+00
1.839636291503906250e+03 1.608671946169248031e+03 2.405584069783651469e+00
1.839657104492187500e+03 1.606386769523104931e+03 2.408293017761629073e+00
1.839677917480468750e+03 1.605217847783956358e+03 2.414599411400450091e+00
1.839698791503906250e+03 1.604722323814145739e+03 2.410268821127655503e+00
1.839719604492187500e+03 1.607281517040247081e+03 2.410420160667460898e+00
1.839740417480468750e+03 1.605703158406873399e+03 2.409567391597180031e+00
1.839761291503906250e+03 1.603989483752408432e+03 2.440529627774305155e+00
1.839782104492187500e+03 1.596044574712678468e+03 2.405471081188988780e+00
1.839802917480468750e+03 1.603979198413061795e+03 2.411293985411573804e+00
1.839823791503906250e+03 1.608245986273571361e+03 2.408802709631280958e+00
1.839844604492187500e+03 1.605077015270875108e+03 2.409785954795759189e+00
1.839865417480468750e+03 1.606329832710770688e+03 2.410932567341691257e+00
1.839886291503906250e+03 1.605842948185088517e+03 2.410100259238714848e+00
1.839907104492187500e+03 1.601907601706390551e+03 2.411019095067939766e+00
1.839927917480468750e+03 1.605720287891659837e+03 2.411193130004451568e+00
