1.816099060058593750e+03 2.490386176670087025e+03 1.598600150714372337e+00
1.816119934082031250e+03 2.486177731996158400e+03 1.598697388404435316e+00
1.816140747070312500e+03 2.490164484113014169e+03 1.599322655474525234e+00
1.816161560058593750e+03 2.486628719510115843e+03 1.598166908785816576e+00
1.816182434082031250e+03 2.488554540236866160e+03 1.598608278938006722e+00
1.816203247070312500e+03 2.486823327022247668e+03 1.600503189712964014e+00
1.816224060058593750e+03 2.485705260958817234e+03 1.599971446140131981e+00
1.816244934082031250e+03 2.487332101290515766e+03 1.598809010577585177e+00
1.816265747070312500e+03 2.486547415555534826e+03 1.599167833882764400e+00
1.816286560058593750e+03 2.483909903287714315e+03 1.598768448712022172e+00
1.816307434082031250e+03 2.484962768798866364e+03 1.599166119356576932e+00
1.816328247070312500e+03 2.486220614666190613e+03 1.598532289619772229e+00
1.816349060058593750e+03 2.487209636264009532e+03 1.598789251709122228e+00
1.816369934082031250e+03 2.485601392293503977e+03 1.599273832758097535e+00
1.816390747070312500e+03 2.478866713771067680e+03 1.597826214169505876e+00
1.816411560058593750e+03 2.482146763793090486e+03 1.598054794183735972e+00
1.816432434082031250e+03 2.484780089514425072e+03 1.598740561832488805e+00
1.816453247070312500e+03 2.479971366518988361e+03 1.597453806392835851e+00
1.816474060058593750e+03 2.479110397778400966e+03 1.600120751473545821e+00
1.816494934082031250e+03 2.476919857620834136e+03 1.597104450619991622e+00
1.816515747070312500e+03 2.478586391133826510e+03 1.597759961630348835e+00
1.816536560058593750e+03 2.478196045734054678e+03 1.598312728054230414e+00
1.816557434082031250e+03 2.480251444406012524e+03 1.597864487188552118e+00
1.816578247070312500e+03 2.474330318606378114e+03 1.596655273250845219e+00
1.816599060058593750e+03 2.476233150416282115e+03 1.596794959523992974e+00
1.816619934082031250e+03 2.477071029388256648e+03 1.597959979223380067e+00
1.816640747070312500e+03 2.480225773667069916e+03 1.597406120586406741e+00
1.816661560058593750e+03 2.477944201984453684e+03 1.598048826452838744e+00
1.816682434082031250e+03 2.477762387974528792e+03 1.598166610420733491e+00
1.816703247070312500e+03 2.479333379224542114e+03 1.597418060828025732e+00
1.816724060058593750e+03 2.477545614715078045e+03 1.598648994005039681e+00
1.816744934082031250e+03 2.476386532770645317e+03 1.598277300043732474e+00
1.816765747070312500e+03 2.482940141760347615e+03 1.598294231001457177e+00
1.816786560058593750e+03 2.478021984952416460e+03 1.598068743667779401e+00
1.816807434082031250e+03 2.480595626571799585e+03 1.599744406789166629e+00
1.816828247070312500e+03 2.479693284148831935e+03 1.597806368539447019e+00
1.816849060058593750e+03 2.472821186963734363e+03 1.600772346408521951e+00
1.816869934082031250e+03 2.478441886222623907e+03 1.599344271163037012e+00
1.816890747070312500e+03 2.477367451008368789e+03 1.597312834376233504e+00
1.816911560058593750e+03 2.477857276189243294e+03 1.597851281981472082e+00
1.816932434082031250e+03 2.479215348493814872e+03 1.599463077697361069e+00
1.816953247070312500e+03 2.474657482670598711e+03 1.598186227806384307e+00
1.816974060058593750e+03 2.479410538235271815e+03 1.598365532978661241e+00
1.816994934082031250e+03 2.477845237984205596e+03 1.597979524545702468e+00
1.817015747070312500e+03 2.478972915436833773e+03 1.599189302576800698e+00
1.817036560058593750e+03 2.476022852252010580e+03 1.604009628866313708e+00
1.817057434082031250e+03 2.474739162244039562e+03 1.597468358116017617e+00
1.817078247070312500e+03 2.476531357106841369e+03 1.597824796632676181e+00
1.817099060058593750e+03 2.477589751277084360e+03 1.598181379425488879e+00
1.817119934082031250e+03 2.476414226195603078e+03 1.599173648349191179e+00
1.817140747070312500e+03 2.477369294991809056e+03 1.597975346939645380e+00
1.817161560058593750e+03 2.474796483617350532e+03 1.597798683887168281e+00
1.817182434082031250e+03 2.476779364380664902e+03 1.599947827203802797e+00
1.817203247070312500e+03 2.476910718559453471e+03 1.597167371646555978e+00
1.817224060058593750e+03 2.476858841044914698e+03 1.598234561630193840e+00
1.817244934082031250e+03 2.477348994153628155e+03 1.600305575754523035e+00
1.817265747070312500e+03 2.478314456786680239e+03 1.598915182353559894e+00
1.817286621093750000e+03 2.476061464140664611e+03 1.598129538125706128e+00
1.817307434082031250e+03 2.477211988892167028e+03 1.598868882186120777e+00
1.817328308105468750e+03 2.478772079705757278e+03 1.598415725872933013e+00
1.817349121093750000e+03 2.478381441130835356e+03 1.599066599143035505e+00
1.817369934082031250e+03 2.475883962790984697e+03 1.597925065609950845e+00
1.817390808105468750e+03 2.477564220613146063e+03 1.598633259917087601e+00
1.817411621093750000e+03 2.478014695210575610e+03 1.599057280453856977e+00
1.817432434082031250e+03 2.476894457243864508e+03 1.599161124856771199e+00
1.817453308105468750e+03 2.478817736919784238e+03 1.598599777859085691e+00
1.817474121093750000e+03 2.479123410252459507e+03 1.598748838470490430e+00
1.817494934082031250e+03 2.476261797771506735e+03 1.603584910671980390e+00
1.817515808105468750e+03 2.476461744381447716e+03 1.599529632332034046e+00
1.817536621093750000e+03 2.476391294501894208e+03 1.599183562711136375e+00
1.817557434082031250e+03 2.478336239315538023e+03 1.600236148096678024e+00
1.817578308105468750e+03 2.476523608024900113e+03 1.600646412924785933e+00
1.817599121093750000e+03 2.477073066107915110e+03 1.598738399460545967e+00
1.817619934082031250e+03 2.476630007302748709e+03 1.599074277702108748e+00
1.817640808105468750e+03 2.475791400921968943e+03 1.598396409626194226e+00
1.817661621093750000e+03 2.477540093946307934e+03 1.599388992349730865e+00
1.817682434082031250e+03 2.476552818105365986e+03 1.601222751215842122e+00
1.817703308105468750e+03 2.476261791396110766e+03 1.601008547372297919e+00
1.817724121093750000e+03 2.475312918473991886e+03 1.599839786614419834e+00
1.817744934082031250e+03 2.475560245263938668e+03 1.598739294235497654e+00
1.817765808105468750e+03 2.473248174385103539e+03 1.598420648122425902e+00
1.817786621093750000e+03 2.476119352169984268e+03 1.598660328417937704e+00
1.817807434082031250e+03 2.476697349985852725e+03 1.601111744042179597e+00
1.817828308105468750e+03 2.477137284967959204e+03 1.600366136262519445e+00
1.817849121093750000e+03 2.479058649008117300e+03 1.602194163734740329e+00
1.817869934082031250e+03 2.479463447262133741e+03 1.599608182615550600e+00
1.817890808105468750e+03 2.478582673171252281e+03 1.601423825098585052e+00
1.817911621093750000e+03 2.476643339762318192e+03 1.599642612358826099e+00
1.817932434082031250e+03 2.477517055592577890e+03 1.599200931332399600e+00
1.817953308105468750e+03 2.477310971306623742e+03 1.599108197109254892e+00
1.817974121093750000e+03 2.476150678602702556e+03 1.600131628463362876e+00
1.817994934082031250e+03 2.473743252399848188e+03 1.599507199332326435e+00
1.818015808105468750e+03 2.474594863656527650e+03 1.598558092089680693e+00
1.818036621093750000e+03 2.475580026247581372e+03 1.598670618802154886e+00
1.818057434082031250e+03 2.477250640376063984e+03 1.599218970644907145e+00
1.818078308105468750e+03 2.473608927609264811e+03 1.598429895944118329e+00
1.818099121093750000e+03 2.475091746045669424e+03 1.598576213228547260e+00
1.818119934082031250e+03 2.476060111504100405e+03 1.600659595072445596e+00
1.818140808105468750e+03 2.474346135754892657e+03 1.599720113831302637e+00
1.818161621093750000e+03 2.474182017804394491e+03 1.598988767783654952e+00
1.818182434082031250e+03 2.475423462432559063e+03 1.599168206605605436e+00
1.818203308105468750e+03 2.476492575414522435e+03 1.600925821428892171e+00
1.818224121093750000e+03 2.477266919303334817e+03 1.600246577336245091e+00
1.818244934082031250e+03 2.475154230496092623e+03 1.600867739454473027e+00
1.818265808105468750e+03 2.475545269132012891e+03 1.599138835779439827e+00
1.818286621093750000e+03 2.474297695418646072e+03 1.600117324461436397e+00
1.818307434082031250e+03 2.473911682860303245e+03 1.602497479203215835e+00
1.818328308105468750e+03 2.475737974441454753e+03 1.599247445509222487e+00
1.818349121093750000e+03 2.473651473941404674e+03 1.599502205897554319e+00
1.818369934082031250e+03 2.471978138419535753e+03 1.598770611043322853e+00
1.818390808105468750e+03 2.475347784450512790e+03 1.599530004970568742e+00
1.818411621093750000e+03 2.476229816435145040e+03 1.602481113388004585e+00
1.818432434082031250e+03 2.474402972447458069e+03 1.601705926194998630e+00
1.818453308105468750e+03 2.475499026808812232e+03 1.599995586269966630e+00
1.818474121093750000e+03 2.476213008546619221e+03 1.599380495420483106e+00
1.818494934082031250e+03 2.473476482733980902e+03 1.599559815772072957e+00
1.818515808105468750e+03 2.474065121757974339e+03 1.598975795522098453e+00
1.818536621093750000e+03 2.475219863371597967e+03 1.599744928413050493e+00
1.818557434082031250e+03 2.474352893933294581e+03 1.599048707211849996e+00
1.818578308105468750e+03 2.473223896359505488e+03 1.598780900717717390e+00
1.818599121093750000e+03 2.473200613217903538e+03 1.599616678335357589e+00
1.818619934082031250e+03 2.473542683667682468e+03 1.599420445502016230e+00
1.818640808105468750e+03 2.474599074054596713e+03 1.598496344444335637e+00
1.818661621093750000e+03 2.473250662735733385e+03 1.598860158816067578e+00
1.818682434082031250e+03 2.473279636825446232e+03 1.598945526502517200e+00
1.818703308105468750e+03 2.474284537321402695e+03 1.599722647469906001e+00
1.818724182128906250e+03 2.475262765500974183e+03 1.600409413647108980e+00
1.818744995117187500e+03 2.475332291262422132e+03 1.600712992831226256e+00
1.818765808105468750e+03 2.474972530345064115e+03 1.599762589007045044e+00
1.818786682128906250e+03 2.473343197701668942e+03 1.603901118638665135e+00
1.818807495117187500e+03 2.475063981435314417e+03 1.599705209993583566e+00
1.818828308105468750e+03 2.474285514530346063e+03 1.599549903742226942e+00
1.818849182128906250e+03 2.475512373276216294e+03 1.601039670878026566e+00
1.818869995117187500e+03 2.474868567230678764e+03 1.599657442258001439e+00
1.818890808105468750e+03 2.473142314678196726e+03 1.600935352628549690e+00
1.818911682128906250e+03 2.471620370741966326e+03 1.599072935820657460e+00
1.818932495117187500e+03 2.472536155554023480e+03 1.599545506656687932e+00
1.818953308105468750e+03 2.473310536522810708e+03 1.603125725759003695e+00
1.818974182128906250e+03 2.475727887409287177e+03 1.602456564351794066e+00
1.818994995117187500e+03 2.470794456573823027e+03 1.598974006236383083e+00
1.819015808105468750e+03 2.470051872876572816e+03 1.598733403624527982e+00
1.819036682128906250e+03 2.473576981843440990e+03 1.601939459377101249e+00
1.819057495117187500e+03 2.473277900986015538e+03 1.599819444363137499e+00
1.819078308105468750e+03 2.474049301786981232e+03 1.599653269033943337e+00
1.819099182128906250e+03 2.470899608521425762e+03 1.599401141389451775e+00
1.819119995117187500e+03 2.472896707251865791e+03 1.601202575433943620e+00
1.819140808105468750e+03 2.471673188409029535e+03 1.600133863452113392e+00
1.819161682128906250e+03 2.472691574481185398e+03 1.599479996103286839e+00
1.819182495117187500e+03 2.472715674511199268e+03 1.600838399809895840e+00
1.819203308105468750e+03 2.473339393344356267e+03 1.600010263886909367e+00
1.819224182128906250e+03 2.473774008066444821e+03 1.600460287286070038e+00
1.819244995117187500e+03 2.474218146725639144e+03 1.599771978104220338e+00
1.819265808105468750e+03 2.472561342735409653e+03 1.601413850166091279e+00
1.819286682128906250e+03 2.471066799378486849e+03 1.599115726374580104e+00
1.819307495117187500e+03 2.474226131660193005e+03 1.605291946217173749e+00
1.819328308105468750e+03 2.474051506758364212e+03 1.601056795993950121e+00
1.819349182128906250e+03 2.473265243307117998e+03 1.600754175660005663e+00
1.819369995117187500e+03 2.474625640644451778e+03 1.601844055734200190e+00
1.819390808105468750e+03 2.470893153075896862e+03 1.603762868947037346e+00
1.819411682128906250e+03 2.473660692666277100e+03 1.599918247160856177e+00
1.819432495117187500e+03 2.472019209434575259e+03 1.601199299637247941e+00
1.819453308105468750e+03 2.472920739828613478e+03 1.601511140325495797e+00
1.819474182128906250e+03 2.471499694487014949e+03 1.601430896841446128e+00
1.819494995117187500e+03 2.474008890729126961e+03 1.604102525626004638e+00
1.819515808105468750e+03 2.474253248234020703e+03 1.602648631923228262e+00
1.819536682128906250e+03 2.471278027102746364e+03 1.600850091052509194e+00
1.819557495117187500e+03 2.473800155153998276e+03 1.601186419735262767e+00
1.819578308105468750e+03 2.475363347791259457e+03 1.600319282146400512e+00
1.819599182128906250e+03 2.473830871873185515e+03 1.602802745412327479e+00
1.819619995117187500e+03 2.472122203750647714e+03 1.601842865013209050e+00
1.819640808105468750e+03 2.472222643221809449e+03 1.601387125973568804e+00
1.819661682128906250e+03 2.472716458587100988e+03 1.599588657193748764e+00
1.819682495117187500e+03 2.473788329343282840e+03 1.601748125437495007e+00
1.819703308105468750e+03 2.472335398806787907e+03 1.600138333420249248e+00
1.819724182128906250e+03 2.473582401206520444e+03 1.599766985495916005e+00
1.819744995117187500e+03 2.472010702889521326e+03 1.600234658199762627e+00
1.819765808105468750e+03 2.472775939031834696e+03 1.599673613398394423e+00
1.819786682128906250e+03 2.471069415774484241e+03 1.599409787275623884e+00
1.819807495117187500e+03 2.474437494049226643e+03 1.604325678817355438e+00
1.819828308105468750e+03 2.473322936436163218e+03 1.599840606260149567e+00
1.819849182128906250e+03 2.475644540422895261e+03 1.603021617627033102e+00
1.819869995117187500e+03 2.473920906376601579e+03 1.601443551461257719e+00
1.819890808105468750e+03 2.473756678589563307e+03 1.600758048131902367e+00
1.819911682128906250e+03 2.473710572459199739e+03 1.603117917883624122e+00
1.819932495117187500e+03 2.474141718289240089e+03 1.600700481382264062e+00
1.819953308105468750e+03 2.474272499244657865e+03 1.603097914677000579e+00
1.819974182128906250e+03 2.470964946367796074e+03 1.600521065384756580e+00
1.819994995117187500e+03 2.474205652200949771e+03 1.601127230414323810e+00
1.820015808105468750e+03 2.471630713444131743e+03 1.604509498656042865e+00
1.820036682128906250e+03 2.473333532151512827e+03 1.601051658478406248e+00
1.820057495117187500e+03 2.474201324258248860e+03 1.600669351281315489e+00
1.820078308105468750e+03 2.472102722732847269e+03 1.601567635876864237e+00
1.820099182128906250e+03 2.473092556057516504e+03 1.602676302038818168e+00
1.820119995117187500e+03 2.472042294269546801e+03 1.599802380516969880e+00
1.820140808105468750e+03 2.470586116749470875e+03 1.602961529284990583e+00
1.820161682128906250e+03 2.473627925074380073e+03 1.601560564737778858e+00
1.820182495117187500e+03 2.472045578058254250e+03 1.601247989197658983e+00
1.820203308105468750e+03 2.470688511907849715e+03 1.599988135651469134e+00
1.820224182128906250e+03 2.471682791751682089e+03 1.600333658833474892e+00
1.820244995117187500e+03 2.468698180366830911e+03 1.599897756886049738e+00
1.820265808105468750e+03 2.470747833970197462e+03 1.600344683355758857e+00
1.820286682128906250e+03 2.471945983702461490e+03 1.599843959351943345e+00
1.820307495117187500e+03 2.473278731790237089e+03 1.600547580596876962e+00
1.820328369140625000e+03 2.470090756767158382e+03 1.600199123747253926e+00
1.820349182128906250e+03 2.471679480771967974e+03 1.605063431339031510e+00
1.820370056152343750e+03 2.471099536457434169e+03 1.600255516630347152e+00
1.820390869140625000e+03 2.472299020137017578e+03 1.601388838121836633e+00
1.820411682128906250e+03 2.471289033266350089e+03 1.601198555137064439e+00
1.820432556152343750e+03 2.470151007899271917e+03 1.603753205888595934e+00
1.820453369140625000e+03 2.469028162327990231e+03 1.600675905037090452e+00
1.820474182128906250e+03 2.469986617770532575e+03 1.600210223692426492e+00
1.820495056152343750e+03 2.471023359469936167e+03 1.601451888567903659e+00
1.820515869140625000e+03 2.471296890894507669e+03 1.600323528124416139e+00
1.820536682128906250e+03 2.471944345087702914e+03 1.601609689901194455e+00
1.820557556152343750e+03 2.469373992119846207e+03 1.599550872589957873e+00
1.820578369140625000e+03 2.470861043039950800e+03 1.600582585962590842e+00
1.820599182128906250e+03 2.471304175687576844e+03 1.600832963725333125e+00
1.820620056152343750e+03 2.470531360839411263e+03 1.600640305904327265e+00
1.820640869140625000e+03 2.470007717285107901e+03 1.601107946879989585e+00
1.820661682128906250e+03 2.471995710701071857e+03 1.601822399357829108e+00
1.820682556152343750e+03 2.470976705196349030e+03 1.601852316336706439e+00
1.820703369140625000e+03 2.469996595803665969e+03 1.602195354194652976e+00
1.820724182128906250e+03 2.469597222824165783e+03 1.602762954014558705e+00
1.820745056152343750e+03 2.470412300074237010e+03 1.603343959080519632e+00
1.820765869140625000e+03 2.470383103433899123e+03 1.606008545654477482e+00
1.820786682128906250e+03 2.471138945660273748e+03 1.600653041249890718e+00
1.820807556152343750e+03 2.470538409444424360e+03 1.600611706864323525e+00
1.820828369140625000e+03 2.470162336267607316e+03 1.601576716662320266e+00
1.820849182128906250e+03 2.469972382215194102e+03 1.600505498665132365e+00
1.820870056152343750e+03 2.469781313825404141e+03 1.601899646535194233e+00
1.820890869140625000e+03 2.467710853166720881e+03 1.600965360644406976e+00
1.820911682128906250e+03 2.469282787219044167e+03 1.600867143730997144e+00
1.820932556152343750e+03 2.467163004027212537e+03 1.600813006434678609e+00
1.820953369140625000e+03 2.467119907696138853e+03 1.600575361513640660e+00
1.820974182128906250e+03 2.471236905854419092e+03 1.600654381806687176e+00
1.820995056152343750e+03 2.472293047888406818e+03 1.605434890724158903e+00
1.821015869140625000e+03 2.470423079421167586e+03 1.603040803776684342e+00
1.821036682128906250e+03 2.469094297362157249e+03 1.604630002901842989e+00
1.821057556152343750e+03 2.468118360221620151e+03 1.601266749917539256e+00
1.821078369140625000e+03 2.472056394533985440e+03 1.600845846471114164e+00
1.821099182128906250e+03 2.470636060952587286e+03 1.600991868498224502e+00
1.821120056152343750e+03 2.467659429171989814e+03 1.601953895938876604e+00
1.821161682128906250e+03 2.472842733598919040e+03 1.601208456961192406e+00
1.821182556152343750e+03 2.473483596537571884e+03 1.604156106030600437e+00
1.821203369140625000e+03 2.473744499686976269e+03 1.602557213010405990e+00
1.821224182128906250e+03 2.469658370049467976e+03 1.601041532312543536e+00
1.821245056152343750e+03 2.475004549066525669e+03 1.603664897703375170e+00
1.821265869140625000e+03 2.470521313014643056e+03 1.603770822343765001e+00
1.821286682128906250e+03 2.471525700088795475e+03 1.602826024781402348e+00
1.821307556152343750e+03 2.473539240372118456e+03 1.603318902794711676e+00
1.821328369140625000e+03 2.473962343817268902e+03 1.601273896800629482e+00
1.821349182128906250e+03 2.470909754687299028e+03 1.601517690636488300e+00
1.821370056152343750e+03 2.473960799272021632e+03 1.602158151904292893e+00
1.821390869140625000e+03 2.471321948388460896e+03 1.603748225674201500e+00
1.821411682128906250e+03 2.474014000049152855e+03 1.604448648745475214e+00
1.821432556152343750e+03 2.471931765309582261e+03 1.603993501440758473e+00
1.821453369140625000e+03 2.474015810869045708e+03 1.602472037727525667e+00
1.821474182128906250e+03 2.473936168208695108e+03 1.601744999605807074e+00
1.821495056152343750e+03 2.473122823278058604e+03 1.602284636167323306e+00
1.821515869140625000e+03 2.472364690083213191e+03 1.602562048152682772e+00
1.821536682128906250e+03 2.477066786528002922e+03 1.604218378926181687e+00
1.821557556152343750e+03 2.476644347061608642e+03 1.603690840595556555e+00
1.821578369140625000e+03 2.472010307687286513e+03 1.602748375984193840e+00
1.821599182128906250e+03 2.476323447770476378e+03 1.605818958557964082e+00
1.821620056152343750e+03 2.474958526231692304e+03 1.603565656692259145e+00
1.821640869140625000e+03 2.472353761608545483e+03 1.602655921408630890e+00
1.821661682128906250e+03 2.474335364076079259e+03 1.606590380394257833e+00
1.821682556152343750e+03 2.473484953784228765e+03 1.602095501295030644e+00
1.821703369140625000e+03 2.471603678738389590e+03 1.601577609851551287e+00
1.821724182128906250e+03 2.473905844320839151e+03 1.601668265967442162e+00
1.821745056152343750e+03 2.476000846045154503e+03 1.602779614458330171e+00
1.821765869140625000e+03 2.472154833181047252e+03 1.601681439705053833e+00
1.821786682128906250e+03 2.476237482989831733e+03 1.603306039920218584e+00
1.821807556152343750e+03 2.473866847674818473e+03 1.602358662030463732e+00
1.821828369140625000e+03 2.473436569655081257e+03 1.602673326780494456e+00
1.821849182128906250e+03 2.473538145588233419e+03 1.604300043415501031e+00
1.821870056152343750e+03 2.475484210882670141e+03 1.603602528975965003e+00
1.821890869140625000e+03 2.473493930247873323e+03 1.606832180572899116e+00
1.821911682128906250e+03 2.473371968637343798e+03 1.602943085876743945e+00
1.821932556152343750e+03 2.473226445536914071e+03 1.603786357369406224e+00
1.821953369140625000e+03 2.474709652118879148e+03 1.604606749704584168e+00
1.821974182128906250e+03 2.474385893732425302e+03 1.603608401700945096e+00
1.821995056152343750e+03 2.475023912366426430e+03 1.604854494076897176e+00
1.822015869140625000e+03 2.475305420013763069e+03 1.603350055802999385e+00
1.822036682128906250e+03 2.474690540839641017e+03 1.603629364923568001e+00
1.822057556152343750e+03 2.472736503001642632e+03 1.604206935162469705e+00
1.822078369140625000e+03 2.473115320295920810e+03 1.603701024366892325e+00
1.822099182128906250e+03 2.475663442058245892e+03 1.603965631083478449e+00
1.822120056152343750e+03 2.472839487921982254e+03 1.603706748064000154e+00
1.822140869140625000e+03 2.474161655090498698e+03 1.603280313861641604e+00
1.822161682128906250e+03 2.474884053113160462e+03 1.604797148556710074e+00
1.822182556152343750e+03 2.475658029896729659e+03 1.602949481598799908e+00
1.822203369140625000e+03 2.474978893936684472e+03 1.603713363740400633e+00
1.822224182128906250e+03 2.474631478351256192e+03 1.603446931099389738e+00
1.822245056152343750e+03 2.473333421816038481e+03 1.604638546324176129e+00
1.822265930175781250e+03 2.477322761236165206e+03 1.604517002575527318e+00
1.822286743164062500e+03 2.474061516588343238e+03 1.603671290546718975e+00
1.822307556152343750e+03 2.476619768365354048e+03 1.604400650728826427e+00
1.822328430175781250e+03 2.477230835690617369e+03 1.607822447098193219e+00
1.822349243164062500e+03 2.476833070011775362e+03 1.608744747861693192e+00
1.822370056152343750e+03 2.475207597820070077e+03 1.603053668779427454e+00
1.822390930175781250e+03 2.474253743883741663e+03 1.603573462387577031e+00
1.822411743164062500e+03 2.475035416931085365e+03 1.602990532602587059e+00
1.822432556152343750e+03 2.476075478435392597e+03 1.603964887867321831e+00
1.822453430175781250e+03 2.474330408751002324e+03 1.603975887431272396e+00
1.822474243164062500e+03 2.479975841727784427e+03 1.604004723767866292e+00
1.822495056152343750e+03 2.474799532377371179e+03 1.605094550488060712e+00
1.822515930175781250e+03 2.477281449455276743e+03 1.603980643976104847e+00
1.822536743164062500e+03 2.474634006522409891e+03 1.603640812808887040e+00
1.822557556152343750e+03 2.478545108182390777e+03 1.603803378827605153e+00
1.822578430175781250e+03 2.476460268767498746e+03 1.604075400328287104e+00
1.822599243164062500e+03 2.472846465225312386e+03 1.603235924287052860e+00
1.822620056152343750e+03 2.478338529944562197e+03 1.606255257445759588e+00
1.822640930175781250e+03 2.477758150321608355e+03 1.604169853834809034e+00
1.822661743164062500e+03 2.476305802151536682e+03 1.603749489312153775e+00
1.822682556152343750e+03 2.474597491182449176e+03 1.604690994511470015e+00
1.822703430175781250e+03 2.476483110860237048e+03 1.604208569990855260e+00
1.822724243164062500e+03 2.474770870954728252e+03 1.604109139670136797e+00
1.822745056152343750e+03 2.476035717136192034e+03 1.603556661510532555e+00
1.822765930175781250e+03 2.478681215954169602e+03 1.603745252404503718e+00
1.822786743164062500e+03 2.478032982146634822e+03 1.604729326663231204e+00
1.822807556152343750e+03 2.476895667703260642e+03 1.605529635497715102e+00
1.822828430175781250e+03 2.479026013799203611e+03 1.609482030179834489e+00
1.822849243164062500e+03 2.476749651994234682e+03 1.605798395103748222e+00
1.822870056152343750e+03 2.479164744709977185e+03 1.606247984294888242e+00
1.822890930175781250e+03 2.478262841072701576e+03 1.607602448825152797e+00
1.822911743164062500e+03 2.478288447876032933e+03 1.605396426908480834e+00
1.822932556152343750e+03 2.477688137529847154e+03 1.605361600766917141e+00
1.822953430175781250e+03 2.481268612395191667e+03 1.605062391547979361e+00
1.822974243164062500e+03 2.477774187979909129e+03 1.606263866438923271e+00
1.822995056152343750e+03 2.477459623263193407e+03 1.604627402720799845e+00
1.823015930175781250e+03 2.478740405075940544e+03 1.605105616579406203e+00
1.823036743164062500e+03 2.479905914638079139e+03 1.605023844532898147e+00
1.823057556152343750e+03 2.479582770220505608e+03 1.605477437462238921e+00
1.823078430175781250e+03 2.478112083718518534e+03 1.605567427895256083e+00
1.823099243164062500e+03 2.479472329547007575e+03 1.605032905764182560e+00
1.823120056152343750e+03 2.478992048959960357e+03 1.605159609098659956e+00
1.823140930175781250e+03 2.478137018698600968e+03 1.605705522216112069e+00
1.823161743164062500e+03 2.478957392106179668e+03 1.609255888151354563e+00
1.823182556152343750e+03 2.481635528180097936e+03 1.608274435371527256e+00
1.823203430175781250e+03 2.478403149511584616e+03 1.604489958582216325e+00
1.823224243164062500e+03 2.478687943652950707e+03 1.604801679818746996e+00
1.823245056152343750e+03 2.478455271518523659e+03 1.608153018166193160e+00
1.823265930175781250e+03 2.476625779057333602e+03 1.605334645260203974e+00
1.823286743164062500e+03 2.477671888196860436e+03 1.607101834999790091e+00
1.823307556152343750e+03 2.479985224008104524e+03 1.605778128337062238e+00
1.823328430175781250e+03 2.479847476765034571e+03 1.605501197802614577e+00
1.823349243164062500e+03 2.478669090444432186e+03 1.604625916901169180e+00
1.823370056152343750e+03 2.478971764506020463e+03 1.605843456192193042e+00
1.823390930175781250e+03 2.479245698275603445e+03 1.604944445162543865e+00
1.823411743164062500e+03 2.478381176560566473e+03 1.604745743835766847e+00
1.823432556152343750e+03 2.480876193317687921e+03 1.606264608591346121e+00
1.823453430175781250e+03 2.479679465136515773e+03 1.607118450463876469e+00
1.823474243164062500e+03 2.479832461027304362e+03 1.605910562948882347e+00
1.823495056152343750e+03 2.482005950688341727e+03 1.605475878177606397e+00
1.823515930175781250e+03 2.478664517415881164e+03 1.605179883674679342e+00
1.823536743164062500e+03 2.476634704199825592e+03 1.604750720954444265e+00
1.823557556152343750e+03 2.478743559936368456e+03 1.605420708227561111e+00
1.823578430175781250e+03 2.480388633490823395e+03 1.606198704119408793e+00
1.823599243164062500e+03 2.482857802687507956e+03 1.605622444314136699e+00
1.823620056152343750e+03 2.480470390389485601e+03 1.605502831313096790e+00
1.823640930175781250e+03 2.478688558461211869e+03 1.605255112738933843e+00
1.823661743164062500e+03 2.479323397500637839e+03 1.605868918488654096e+00
1.823682556152343750e+03 2.479176400193084646e+03 1.605488278161153692e+00
1.823703430175781250e+03 2.482629207656628751e+03 1.607165848098278005e+00
1.823724243164062500e+03 2.482883225272591062e+03 1.606579101927864128e+00
1.823745056152343750e+03 2.481209292181040382e+03 1.606994052840351239e+00
1.823765930175781250e+03 2.482959744829963711e+03 1.607004734946244184e+00
1.823786743164062500e+03 2.482656858641888903e+03 1.607647978407025668e+00
1.823807556152343750e+03 2.482088992634147417e+03 1.608416521889072692e+00
1.823828430175781250e+03 2.481256041764496331e+03 1.608825663911712223e+00
1.823849243164062500e+03 2.482586423981764256e+03 1.606234180060827521e+00
1.823870056152343750e+03 2.481527144327398219e+03 1.606988934306113892e+00
1.823890930175781250e+03 2.481608952933873752e+03 1.605620588190381115e+00
1.823911743164062500e+03 2.479776643316552054e+03 1.606119733938508043e+00
1.823932556152343750e+03 2.483381596633355912e+03 1.607522880189657499e+00
1.823953430175781250e+03 2.482315854136740654e+03 1.606598171393883945e+00
1.823974243164062500e+03 2.481868743923745569e+03 1.609103429899400028e+00
1.823995056152343750e+03 2.479550520237179171e+03 1.606032817719045269e+00
1.824015930175781250e+03 2.483949725581322127e+03 1.606093162271537089e+00
1.824036743164062500e+03 2.484769351858372829e+03 1.606783956992427154e+00
1.824057556152343750e+03 2.480382301739362902e+03 1.606157883552038035e+00
1.824078430175781250e+03 2.481488113976175100e+03 1.606553057272021245e+00
1.824099243164062500e+03 2.483058285961058573e+03 1.606645584377032865e+00
1.824120056152343750e+03 2.485066240151911643e+03 1.606611749902927766e+00
1.824140930175781250e+03 2.482866083657991112e+03 1.606713028604243698e+00
1.824161743164062500e+03 2.482170565232569061e+03 1.606181485388409325e+00
1.824182556152343750e+03 2.481089329639491098e+03 1.606964676683010795e+00
1.824203430175781250e+03 2.481623997135336595e+03 1.608289037433783930e+00
1.824224243164062500e+03 2.481699540429477111e+03 1.605779019189324197e+00
1.824245056152343750e+03 2.488358232296273854e+03 1.607516206033747119e+00
1.824265930175781250e+03 2.483342491696459547e+03 1.606528199443159277e+00
1.824286743164062500e+03 2.478966358501782452e+03 1.609200255156858717e+00
1.824307556152343750e+03 2.484579403739815461e+03 1.611494280022326864e+00
1.824328430175781250e+03 2.483414228731199728e+03 1.606332068814388503e+00
1.824349243164062500e+03 2.483736719350947169e+03 1.606996055740614882e+00
1.824370056152343750e+03 2.483089049175540367e+03 1.606863117092474535e+00
1.824390930175781250e+03 2.482758584125284415e+03 1.607876200104557451e+00
1.824411743164062500e+03 2.484663957437408953e+03 1.607948559934637256e+00
1.824432556152343750e+03 2.483788581440045618e+03 1.608758456453210695e+00
1.824453430175781250e+03 2.478989632600756067e+03 1.606849095578266606e+00
1.824474243164062500e+03 2.481336725386802300e+03 1.609850766865409843e+00
1.824495056152343750e+03 2.484685101910757112e+03 1.608045084065078179e+00
1.824515930175781250e+03 2.483097421632279293e+03 1.607697584903832411e+00
1.824536743164062500e+03 2.482771247917529763e+03 1.606513507172416144e+00
1.824557556152343750e+03 2.483148744530054501e+03 1.607305510933719539e+00
1.824578430175781250e+03 2.486075663022438221e+03 1.609294926401307890e+00
1.824599243164062500e+03 2.481833546724571988e+03 1.606930997296405872e+00
1.824620056152343750e+03 2.484639247004015942e+03 1.608072142401340221e+00
1.824640930175781250e+03 2.484405093051042968e+03 1.608761939157852705e+00
1.824661743164062500e+03 2.484763844426980995e+03 1.609923704365384900e+00
1.824682617187500000e+03 2.482689810177476375e+03 1.606722748055956052e+00
1.824703430175781250e+03 2.485953149634692636e+03 1.610185733767693028e+00
1.824724304199218750e+03 2.483731773384565258e+03 1.607602597132072875e+00
1.824745117187500000e+03 2.484504894054799479e+03 1.610201206903049131e+00
1.824765930175781250e+03 2.483822857934054809e+03 1.607615129017406996e+00
1.824786804199218750e+03 2.484338513315069576e+03 1.607642417045147321e+00
1.824807617187500000e+03 2.483639155925061459e+03 1.608383910548391915e+00
1.824828430175781250e+03 2.484592318770709426e+03 1.607799907371802117e+00
1.824849304199218750e+03 2.483651919925521270e+03 1.608194010469905733e+00
1.824870117187500000e+03 2.483344907855218480e+03 1.608314016288748594e+00
1.824890930175781250e+03 2.484146503391691112e+03 1.608014615092118405e+00
1.824911804199218750e+03 2.481572006384528322e+03 1.608058131429267013e+00
1.824932617187500000e+03 2.484876218992768372e+03 1.608624551857045448e+00
1.824953430175781250e+03 2.480720692532094290e+03 1.607349120633851935e+00
1.824974304199218750e+03 2.482401597608710745e+03 1.607623582423345798e+00
1.824995117187500000e+03 2.485315636309074307e+03 1.608418671249664422e+00
1.825015930175781250e+03 2.484964478811953995e+03 1.609884237072623181e+00
1.825036804199218750e+03 2.481797137661721990e+03 1.607970133802985924e+00
1.825057617187500000e+03 2.483853770980737409e+03 1.608621958132802510e+00
1.825078430175781250e+03 2.487326510702334417e+03 1.609148842930014034e+00
1.825099304199218750e+03 2.483010211268469448e+03 1.608371755243160450e+00
1.825120117187500000e+03 2.486681427915262248e+03 1.609490251580941500e+00
1.825140930175781250e+03 2.482784620138023001e+03 1.609326630393235869e+00
1.825161804199218750e+03 2.484440486256943586e+03 1.608652563812391634e+00
1.825182617187500000e+03 2.484234433658473790e+03 1.608918282600094951e+00
1.825203430175781250e+03 2.486455123793559324e+03 1.610934714639588483e+00
1.825224304199218750e+03 2.485031891709681531e+03 1.609569204520080454e+00
1.825245117187500000e+03 2.483908199779921233e+03 1.607916087380876879e+00
1.825265930175781250e+03 2.483927735245091299e+03 1.607874643146196769e+00
1.825286804199218750e+03 2.483440990535075343e+03 1.608349223214883050e+00
1.825307617187500000e+03 2.487926338753885375e+03 1.608930804237617584e+00
1.825328430175781250e+03 2.484664718922064367e+03 1.610615520693646996e+00
1.825349304199218750e+03 2.482944618415209789e+03 1.608431345007166557e+00
1.825370117187500000e+03 2.483290633826570229e+03 1.608791578892236451e+00
1.825390930175781250e+03 2.483238062282086503e+03 1.608794246441546338e+00
1.825411804199218750e+03 2.480717395470037900e+03 1.610524776065642927e+00
1.825432617187500000e+03 2.485964178098584398e+03 1.610261469276162316e+00
1.825453430175781250e+03 2.483914462450444262e+03 1.608450318398989998e+00
1.825474304199218750e+03 2.482596497841336713e+03 1.608687615122369241e+00
1.825495117187500000e+03 2.481277944372426191e+03 1.609779751444212259e+00
1.825515930175781250e+03 2.481645208863454627e+03 1.610044691875295531e+00
1.825536804199218750e+03 2.485478863726540112e+03 1.609683257274927559e+00
1.825557617187500000e+03 2.481437433135570700e+03 1.609454625206170331e+00
1.825578430175781250e+03 2.482937751318523624e+03 1.610732163700697939e+00
1.825599304199218750e+03 2.483042932387283599e+03 1.609809076231437430e+00
1.825620117187500000e+03 2.481308804110743495e+03 1.610451717743725419e+00
1.825640930175781250e+03 2.481819728007112190e+03 1.610882395737040618e+00
1.825661804199218750e+03 2.480881977069503137e+03 1.607926466807267252e+00
1.825682617187500000e+03 2.480373666984034116e+03 1.608877679223467583e+00
1.825703430175781250e+03 2.480479549850608237e+03 1.609752277484626903e+00
1.825724304199218750e+03 2.481496299681129585e+03 1.610743043042886846e+00
1.825745117187500000e+03 2.482536747270722117e+03 1.614590905284559064e+00
1.825765930175781250e+03 2.479652942176592205e+03 1.608171253569561587e+00
1.825786804199218750e+03 2.482566924551347711e+03 1.610931606633444479e+00
1.825807617187500000e+03 2.480873952634455236e+03 1.608917097114569650e+00
1.825828430175781250e+03 2.483701737218733342e+03 1.610397606556341232e+00
1.825849304199218750e+03 2.479117452869165390e+03 1.616763441722151917e+00
1.825870117187500000e+03 2.480239711525380699e+03 1.608550814351562330e+00
1.825890930175781250e+03 2.484145672483782619e+03 1.609956062380781594e+00
1.825911804199218750e+03 2.480280051677452775e+03 1.610153824583667292e+00
1.825932617187500000e+03 2.484073472746720199e+03 1.610193581405163998e+00
1.825953430175781250e+03 2.486262791601663594e+03 1.611320874746946075e+00
1.825974304199218750e+03 2.482441707222889363e+03 1.611259246278783142e+00
1.825995117187500000e+03 2.481058443178927064e+03 1.610230820144638919e+00
1.826015930175781250e+03 2.483101077264454943e+03 1.614066461667187147e+00
1.826036804199218750e+03 2.482468507833640160e+03 1.613657688068347751e+00
1.826057617187500000e+03 2.483694568463972701e+03 1.611716483739090711e+00
1.826078430175781250e+03 2.482859102852881733e+03 1.611501825391378873e+00
1.826099304199218750e+03 2.484193676260487337e+03 1.615660752983648418e+00
1.826120117187500000e+03 2.483531666591386966e+03 1.612401468386368331e+00
1.826161804199218750e+03 2.490232364998605135e+03 1.616349376269747840e+00
1.826182617187500000e+03 2.488214344313931178e+03 1.614931015808889869e+00
1.826203430175781250e+03 2.484617760383922359e+03 1.614927620225406368e+00
1.826224304199218750e+03 2.485821156481371418e+03 1.614636385466504676e+00
1.826245117187500000e+03 2.484800729091606172e+03 1.613879298460510592e+00
1.826265930175781250e+03 2.484527258525436082e+03 1.614608034334638065e+00
1.826286804199218750e+03 2.485328883510705964e+03 1.614822058308214681e+00
1.826307617187500000e+03 2.485607597253696440e+03 1.615473036564354148e+00
1.826328430175781250e+03 2.485688926320819519e+03 1.616187555887327543e+00
1.826349304199218750e+03 2.486613345940849285e+03 1.620254998212184994e+00
1.826370117187500000e+03 2.485359948673113649e+03 1.616850002288747534e+00
1.826390930175781250e+03 2.486043115953885263e+03 1.617142828725191661e+00
1.826411804199218750e+03 2.485412050059857847e+03 1.621381619183542178e+00
1.826432617187500000e+03 2.484331672601508672e+03 1.616805911540040164e+00
1.826453430175781250e+03 2.486347453254482389e+03 1.618159789665073900e+00
1.826474304199218750e+03 2.485476189100131251e+03 1.618795360386229731e+00
1.826495117187500000e+03 2.486565866567711055e+03 1.619293316128503912e+00
1.826515930175781250e+03 2.488127757963958629e+03 1.620730145593023863e+00
1.826536804199218750e+03 2.486989066812300734e+03 1.621031316451167603e+00
1.826557617187500000e+03 2.486074178689323617e+03 1.623302012747801726e+00
1.826578430175781250e+03 2.487379162246556007e+03 1.622514511184573793e+00
1.826599304199218750e+03 2.487411872069446872e+03 1.622665782858222050e+00
1.826620117187500000e+03 2.484718686377065296e+03 1.624869194634897873e+00
1.826640930175781250e+03 2.484286751125072897e+03 1.623740808756057419e+00
1.826661804199218750e+03 2.483811429504171429e+03 1.625022447871168563e+00
1.826682617187500000e+03 2.482852329058600844e+03 1.626570089800713603e+00
1.826703430175781250e+03 2.485659152003232521e+03 1.628438246570709680e+00
1.826724304199218750e+03 2.486452333000828276e+03 1.630739420059834410e+00
1.826745117187500000e+03 2.481396239980917017e+03 1.630289930875109317e+00
1.826765930175781250e+03 2.482422116978890244e+03 1.630878306752952644e+00
1.826786804199218750e+03 2.480889828847632089e+03 1.631508557520784164e+00
1.826807617187500000e+03 2.481312010986972837e+03 1.632672682621127969e+00
1.826828430175781250e+03 2.481340782403317007e+03 1.634384493681721118e+00
1.826849304199218750e+03 2.483198799640303150e+03 1.634773865089933276e+00
1.826870117187500000e+03 2.484118556051729229e+03 1.635482284622554072e+00
1.826890930175781250e+03 2.481220721760080778e+03 1.635240346875703521e+00
1.826911804199218750e+03 2.482793358794414871e+03 1.636511887471922444e+00
1.826932617187500000e+03 2.481099824933226046e+03 1.637350465775506692e+00
1.826953430175781250e+03 2.482660223638303705e+03 1.640236145440109317e+00
1.826974304199218750e+03 2.480428999542591100e+03 1.643128292737747076e+00
1.826995117187500000e+03 2.480830300574659759e+03 1.649576164487617236e+00
1.827015930175781250e+03 2.478558535617883990e+03 1.647400009756214478e+00
1.827036804199218750e+03 2.478456971665870697e+03 1.650639802981192839e+00
1.829224304199218750e+03 2.473188389320159786e+03 1.635702760135835598e+00
1.829245178222656250e+03 2.475656468161198518e+03 1.636575551471745715e+00
1.829265991210937500e+03 2.474665324202722331e+03 1.635276213363078490e+00
1.829286804199218750e+03 2.475072868022469720e+03 1.635684758786653648e+00
1.829307678222656250e+03 2.474860165451983448e+03 1.634986853357125458e+00
1.829328491210937500e+03 2.474605638455779626e+03 1.635702614376718822e+00
1.829349304199218750e+03 2.474971887321531995e+03 1.635471715628319611e+00
1.829370178222656250e+03 2.472681940820661566e+03 1.634749509305832182e+00
1.829390991210937500e+03 2.472643759167306598e+03 1.632881418626264347e+00
1.829411804199218750e+03 2.472609997392632977e+03 1.633452075742149789e+00
1.829432678222656250e+03 2.473378413625041958e+03 1.632387973043587959e+00
1.829453491210937500e+03 2.474655695569641921e+03 1.633135822901172762e+00
1.829474304199218750e+03 2.471258449950890281e+03 1.630408310329757304e+00
1.829495178222656250e+03 2.472775836899440947e+03 1.632928506481053033e+00
1.829515991210937500e+03 2.473518220610301796e+03 1.630141341160340707e+00
1.829536804199218750e+03 2.470950495461315313e+03 1.631748418555611924e+00
1.829557678222656250e+03 2.476449875978978980e+03 1.637633584667032460e+00
1.829578491210937500e+03 2.470801374341021074e+03 1.630045979208220253e+00
1.829599304199218750e+03 2.471888563485036684e+03 1.629509464242284045e+00
1.829620178222656250e+03 2.472220663185275043e+03 1.630889636461382075e+00
1.829640991210937500e+03 2.469572708967680228e+03 1.629321441062777209e+00
1.829661804199218750e+03 2.468433385211686073e+03 1.627826213694685942e+00
1.829682678222656250e+03 2.469674567953518817e+03 1.628617880930760986e+00
1.829703491210937500e+03 2.468428557683268991e+03 1.632660854178679788e+00
1.829724304199218750e+03 2.470238667493907997e+03 1.627669708966790640e+00
1.829745178222656250e+03 2.469621377102290808e+03 1.628258226329066138e+00
1.829765991210937500e+03 2.473131565695130121e+03 1.629241689270092275e+00
1.829786804199218750e+03 2.469457874607006943e+03 1.626480088725086537e+00
1.829807678222656250e+03 2.466972105184967404e+03 1.625693320041712964e+00
1.829828491210937500e+03 2.466801741820485859e+03 1.626381433616264083e+00
1.829849304199218750e+03 2.468156149746298524e+03 1.625978688648197057e+00
1.829870178222656250e+03 2.466012395046341226e+03 1.625410101566911347e+00
1.829890991210937500e+03 2.465431498251612993e+03 1.628568618874767227e+00
1.829911804199218750e+03 2.466672976452337025e+03 1.625211701908181317e+00
1.829932678222656250e+03 2.468082588287341878e+03 1.624952829116475428e+00
1.829953491210937500e+03 2.467807329196422870e+03 1.624265945137885359e+00
1.829974304199218750e+03 2.469113392039391783e+03 1.624799862788094629e+00
1.829995178222656250e+03 2.469504490315403018e+03 1.624100949931637672e+00
1.830015991210937500e+03 2.468443879508886766e+03 1.623062519314833585e+00
1.830036804199218750e+03 2.469107903443020859e+03 1.623354665719195289e+00
1.830057678222656250e+03 2.470057616094947207e+03 1.622825047359812922e+00
1.830078491210937500e+03 2.470933009875586777e+03 1.624306090457533269e+00
1.830099304199218750e+03 2.469552082146832618e+03 1.623763053788711774e+00
1.830120178222656250e+03 2.472572954920189204e+03 1.622830777064432128e+00
1.830140991210937500e+03 2.469467330733903054e+03 1.622207369402528743e+00
1.830161804199218750e+03 2.471671406703808316e+03 1.622719264563181607e+00
1.830182678222656250e+03 2.471816822104278344e+03 1.622112422904057771e+00
1.830203491210937500e+03 2.470278519652990326e+03 1.621586662637356291e+00
1.830224304199218750e+03 2.469718096271215927e+03 1.622888807548144685e+00
1.830245178222656250e+03 2.472080689827062997e+03 1.621751105072788190e+00
1.830265991210937500e+03 2.474621657315290577e+03 1.622147697793774102e+00
1.830286804199218750e+03 2.470246433435557265e+03 1.621165740471344652e+00
1.830307678222656250e+03 2.473555078804763980e+03 1.621786093801664608e+00
1.830328491210937500e+03 2.469585003720846998e+03 1.621875032340400313e+00
1.830349304199218750e+03 2.472250917399439004e+03 1.621735007063726863e+00
1.830370178222656250e+03 2.473804568704943449e+03 1.621414336711608506e+00
1.830390991210937500e+03 2.472450450894820733e+03 1.621855480980698871e+00
1.830411804199218750e+03 2.473594218564396215e+03 1.621825124455150702e+00
1.830432678222656250e+03 2.471464583044788469e+03 1.621311697039628408e+00
1.830453491210937500e+03 2.473838062093565895e+03 1.620413028317002180e+00
1.830474304199218750e+03 2.471248667133602794e+03 1.619596152654380505e+00
1.830495178222656250e+03 2.473965397089769340e+03 1.619567005077451771e+00
1.830515991210937500e+03 2.474403488255215052e+03 1.623325365322435543e+00
1.830536804199218750e+03 2.471820386848627095e+03 1.619534397444217566e+00
1.830557678222656250e+03 2.475614638065593681e+03 1.621851952890687620e+00
1.830578491210937500e+03 2.477533860417436244e+03 1.620862461733810322e+00
1.830599304199218750e+03 2.472519533727632279e+03 1.618672596616320458e+00
1.830620178222656250e+03 2.474174120444445180e+03 1.619367227009323340e+00
1.830640991210937500e+03 2.475804009243634482e+03 1.621058010948287720e+00
1.830661804199218750e+03 2.475573831676456393e+03 1.622062595815291663e+00
1.830682678222656250e+03 2.475389466426702711e+03 1.618398903730684069e+00
1.830703491210937500e+03 2.475672666677872712e+03 1.619250911550425664e+00
1.830724304199218750e+03 2.474627366397771766e+03 1.618896245057524608e+00
1.830745178222656250e+03 2.473759990660475069e+03 1.619400647754216882e+00
1.830765991210937500e+03 2.473910513205531515e+03 1.620438188112564237e+00
1.830786804199218750e+03 2.476214413240134036e+03 1.618847349914385614e+00
1.830807678222656250e+03 2.475893684460886561e+03 1.620041471233071517e+00
1.830828491210937500e+03 2.477560707447960340e+03 1.619172946068954122e+00
1.830849304199218750e+03 2.475117374888988707e+03 1.618107925389783208e+00
1.830870178222656250e+03 2.477027642521128200e+03 1.618707283664152063e+00
1.830890991210937500e+03 2.475039373803845137e+03 1.619081723898490921e+00
1.830911804199218750e+03 2.475371951417764194e+03 1.618217250983505995e+00
1.830932678222656250e+03 2.477293578038138094e+03 1.619241856262261692e+00
1.830953491210937500e+03 2.477419299922658865e+03 1.619035337772859018e+00
1.830974304199218750e+03 2.475055838114014477e+03 1.621602909145559268e+00
1.830995178222656250e+03 2.474963005057115879e+03 1.620563760550030485e+00
1.831015991210937500e+03 2.478254761266126479e+03 1.620024105292988237e+00
1.831036804199218750e+03 2.476409678516323766e+03 1.620181422141503846e+00
1.831057678222656250e+03 2.478998687214853817e+03 1.619862946376054991e+00
1.831078491210937500e+03 2.474050302593562719e+03 1.617964847989168620e+00
1.831099304199218750e+03 2.478117006817751644e+03 1.619135176738043969e+00
1.831120178222656250e+03 2.478502403917343599e+03 1.618156769205991719e+00
1.831140991210937500e+03 2.474590255269967656e+03 1.617049206703944364e+00
1.831161804199218750e+03 2.478113620453265867e+03 1.620911443179876343e+00
1.831182678222656250e+03 2.475952696571581328e+03 1.616753561430949171e+00
1.831203491210937500e+03 2.476212017510149053e+03 1.617219565253326774e+00
1.831224304199218750e+03 2.475688659751954219e+03 1.617841505409969738e+00
1.831245178222656250e+03 2.472471150140984719e+03 1.615951212963316008e+00
1.831265991210937500e+03 2.476239040041642511e+03 1.617060559584283741e+00
1.831286804199218750e+03 2.476171313518193529e+03 1.616461401948483756e+00
1.831307678222656250e+03 2.478543114420039728e+03 1.617858305310830414e+00
1.831328491210937500e+03 2.475694495168576395e+03 1.616606013480982984e+00
1.831349304199218750e+03 2.477041877607284732e+03 1.616971946024716056e+00
1.831370178222656250e+03 2.478317960867355850e+03 1.616727606945528306e+00
1.831390991210937500e+03 2.478554601077813913e+03 1.617304184984064142e+00
1.831411804199218750e+03 2.479190847255037625e+03 1.617507608033201150e+00
1.831432678222656250e+03 2.477903877893958906e+03 1.618250474481558676e+00
1.831453491210937500e+03 2.478792279236722607e+03 1.616848011595241941e+00
1.831474304199218750e+03 2.478576549519586024e+03 1.618047144826586958e+00
1.831495178222656250e+03 2.477314837263194022e+03 1.617018686227870150e+00
1.831515991210937500e+03 2.476329643759776900e+03 1.616605276076100495e+00
1.831536804199218750e+03 2.474622522867674888e+03 1.618613752132335826e+00
1.831557678222656250e+03 2.476729365424028856e+03 1.618025410616481974e+00
1.831578491210937500e+03 2.476772467980537840e+03 1.616530796450284857e+00
1.831599304199218750e+03 2.474526664128354241e+03 1.616651142019602805e+00
1.831620178222656250e+03 2.475617325057269682e+03 1.619472419049303058e+00
1.831640991210937500e+03 2.472954472372347936e+03 1.615336515248484428e+00
1.831661804199218750e+03 2.474682157770377671e+03 1.615727747116299851e+00
1.831682678222656250e+03 2.475250916460379358e+03 1.615677796908610686e+00
1.831703491210937500e+03 2.475765071096046086e+03 1.615642085621433965e+00
1.831724304199218750e+03 2.476058497365871062e+03 1.615544539611831532e+00
1.831745178222656250e+03 2.471461336512063099e+03 1.614657796147616731e+00
1.831765991210937500e+03 2.476291662131852263e+03 1.616287128231503667e+00
1.831786804199218750e+03 2.473249724540532497e+03 1.615314227970591654e+00
1.831807678222656250e+03 2.473378867155990520e+03 1.614935297186584240e+00
1.831828491210937500e+03 2.474852572435769162e+03 1.617704299689195491e+00
1.831849304199218750e+03 2.473091623986693776e+03 1.616711753858834255e+00
1.831870178222656250e+03 2.475784645143919079e+03 1.616836214842688024e+00
1.831890991210937500e+03 2.477779785842760248e+03 1.616316334955557155e+00
1.831911804199218750e+03 2.474552532284588779e+03 1.620305028031869155e+00
1.831932678222656250e+03 2.475031018564675833e+03 1.615765448539927984e+00
1.831953491210937500e+03 2.473114635138724680e+03 1.616652690525533842e+00
1.831974304199218750e+03 2.474236667293602295e+03 1.615059599824826275e+00
1.831995178222656250e+03 2.475088119058129450e+03 1.615205886755650466e+00
1.832015991210937500e+03 2.476606279264214663e+03 1.615674402894600403e+00
1.832036804199218750e+03 2.475992125221634069e+03 1.615769358813357037e+00
1.832057678222656250e+03 2.476226775930058920e+03 1.615197915861571687e+00
1.832078491210937500e+03 2.475946622411737735e+03 1.615006897855501222e+00
1.832099304199218750e+03 2.474847643921311374e+03 1.616308000767405328e+00
1.832120178222656250e+03 2.473400325519019589e+03 1.615804772179515458e+00
1.832140991210937500e+03 2.476999235833615785e+03 1.615958368671601919e+00
1.832161804199218750e+03 2.476541472225882444e+03 1.615536791756473356e+00
1.832182678222656250e+03 2.477381963757004542e+03 1.622578724389867944e+00
1.832203491210937500e+03 2.472846300738627178e+03 1.616786446345322759e+00
1.832224304199218750e+03 2.476546546810104701e+03 1.616218239574705340e+00
1.832245178222656250e+03 2.476142676099273558e+03 1.615688347819675741e+00
1.832265991210937500e+03 2.474418093161610614e+03 1.615432007586971919e+00
1.832286804199218750e+03 2.474716715245118394e+03 1.615754160339013978e+00
1.832307678222656250e+03 2.477342422705454283e+03 1.616081338624745012e+00
1.832328491210937500e+03 2.477143132706406050e+03 1.615810010340699598e+00
1.832349304199218750e+03 2.476641612982010884e+03 1.614929318018040627e+00
1.832370178222656250e+03 2.474434969658177124e+03 1.615421676385271343e+00
1.832390991210937500e+03 2.474451156287308095e+03 1.616153331087230249e+00
1.832411804199218750e+03 2.475086037009804386e+03 1.617965584774411880e+00
1.832432678222656250e+03 2.476739681258437031e+03 1.616710205409474854e+00
1.832453491210937500e+03 2.476636640509932022e+03 1.615381088881782778e+00
1.832474304199218750e+03 2.474962051747652367e+03 1.615219319099268303e+00
1.832495178222656250e+03 2.475905766316496283e+03 1.615566159621227404e+00
1.832515991210937500e+03 2.475615817670609886e+03 1.615601208509808817e+00
1.832536804199218750e+03 2.477551466875997903e+03 1.616773027021585651e+00
1.832557678222656250e+03 2.477644963997923696e+03 1.615591616257979757e+00
1.832578491210937500e+03 2.477812655557448124e+03 1.615325445446908148e+00
1.832599304199218750e+03 2.477627765300680949e+03 1.616772805823008641e+00
1.832620178222656250e+03 2.478715013072609509e+03 1.616207102053606182e+00
1.832640991210937500e+03 2.476496030742890525e+03 1.616793377161216849e+00
1.832661865234375000e+03 2.477609375000000000e+03 1.617289222061227383e+00
1.832682678222656250e+03 2.477351477259263447e+03 1.615672558318778096e+00
1.832703552246093750e+03 2.475998027426172030e+03 1.615292456988329350e+00
1.832724365234375000e+03 2.477633371961774174e+03 1.619294273163459197e+00
1.832745178222656250e+03 2.477882369714912784e+03 1.615635887714348851e+00
1.832766052246093750e+03 2.476715417738064843e+03 1.615042180316557552e+00
1.832786865234375000e+03 2.478471990748595999e+03 1.616697080398200814e+00
1.832807678222656250e+03 2.477947607065711509e+03 1.616678203790666624e+00
1.832828552246093750e+03 2.475990296179982124e+03 1.616076912753969586e+00
1.832849365234375000e+03 2.475719439473234161e+03 1.614829661949651829e+00
1.832870178222656250e+03 2.477306770122886064e+03 1.617112162581312074e+00
1.832891052246093750e+03 2.479909543119788395e+03 1.615702366406109647e+00
1.832911865234375000e+03 2.477186209154409426e+03 1.616244792295534749e+00
1.832932678222656250e+03 2.477179056475654761e+03 1.615214964670441899e+00
1.832953552246093750e+03 2.473910952405175067e+03 1.615803149083871348e+00
1.832974365234375000e+03 2.473830135681226693e+03 1.620689176148660815e+00
1.832995178222656250e+03 2.478163736491324471e+03 1.615658982175938840e+00
1.833016052246093750e+03 2.476418485371845236e+03 1.616480723564924782e+00
1.833036865234375000e+03 2.477395218259410285e+03 1.615080119174066908e+00
1.833057678222656250e+03 2.475467031332660554e+03 1.615194078009652534e+00
1.833078552246093750e+03 2.479281237201481872e+03 1.616090042801910709e+00
1.833099365234375000e+03 2.475175863656165802e+03 1.616704380277172781e+00
1.833120178222656250e+03 2.475408304030849195e+03 1.615027565499424611e+00
1.833141052246093750e+03 2.477628051409692034e+03 1.615561215822068908e+00
1.833161865234375000e+03 2.475692716780739829e+03 1.617037263977562533e+00
1.833182678222656250e+03 2.476245210882894753e+03 1.615241681489482772e+00
1.833203552246093750e+03 2.475942446442276832e+03 1.615365591565972148e+00
1.833224365234375000e+03 2.474998895806664223e+03 1.615734239792075089e+00
1.833245178222656250e+03 2.476785291425886044e+03 1.616620761507997051e+00
1.833266052246093750e+03 2.476251225301949489e+03 1.615790459370815224e+00
1.833286865234375000e+03 2.477215841412009013e+03 1.617060559584283741e+00
1.833307678222656250e+03 2.476221852660549303e+03 1.615382048234541568e+00
1.833328552246093750e+03 2.477609489819999908e+03 1.617475990695025345e+00
1.833349365234375000e+03 2.478412771160874854e+03 1.617996234743242612e+00
1.833370178222656250e+03 2.478896892248763834e+03 1.615973860302633902e+00
1.833391052246093750e+03 2.476973788658752710e+03 1.615478497177015527e+00
1.833411865234375000e+03 2.476106751186652218e+03 1.615304117415321761e+00
1.833432678222656250e+03 2.476474861026378676e+03 1.617410911571177445e+00
1.833453552246093750e+03 2.475748152685429886e+03 1.616309180832055992e+00
1.833474365234375000e+03 2.473031971299991710e+03 1.617781304332594594e+00
1.833495178222656250e+03 2.474301336286985133e+03 1.615996212251397557e+00
1.833516052246093750e+03 2.478009365790551783e+03 1.616938106454031576e+00
1.833536865234375000e+03 2.478009448289019019e+03 1.617658758376137040e+00
1.833557678222656250e+03 2.478571832371062555e+03 1.616879493757269470e+00
1.833578552246093750e+03 2.477454554269514119e+03 1.617528759613717115e+00
1.833599365234375000e+03 2.477461632307418313e+03 1.616270680778346902e+00
1.833620178222656250e+03 2.479006652126053723e+03 1.615605340539199908e+00
1.833641052246093750e+03 2.476695211284870311e+03 1.615839742116955691e+00
1.833661865234375000e+03 2.475530855009424158e+03 1.615494214783407045e+00
1.833682678222656250e+03 2.480574063646970899e+03 1.616848011595241941e+00
1.833703552246093750e+03 2.474754435258947069e+03 1.616361987843264236e+00
1.833724365234375000e+03 2.475895668072711487e+03 1.619641271480157130e+00
1.833745178222656250e+03 2.476501671636900483e+03 1.615138501939504811e+00
1.833766052246093750e+03 2.477452809513348257e+03 1.615573981123323843e+00
1.833786865234375000e+03 2.471939380854561023e+03 1.614134777478170246e+00
1.833807678222656250e+03 2.473767390596428413e+03 1.618765830179820675e+00
1.833828552246093750e+03 2.471755539040882923e+03 1.614055309298101148e+00
1.833849365234375000e+03 2.472248179154744776e+03 1.614362451354673933e+00
1.833870178222656250e+03 2.473884491701912793e+03 1.615511776998386217e+00
1.833891052246093750e+03 2.474202448970367641e+03 1.617883210106022762e+00
1.833911865234375000e+03 2.476437505024749498e+03 1.616468924131956975e+00
1.833932678222656250e+03 2.474939882479694916e+03 1.618681581443142115e+00
1.833953552246093750e+03 2.474514512994295728e+03 1.617053482473428616e+00
1.833974365234375000e+03 2.475515354001717697e+03 1.619351473379370354e+00
1.833995178222656250e+03 2.472690259347858955e+03 1.615141601850348607e+00
1.834016052246093750e+03 2.471282078898523650e+03 1.620338576575101719e+00
1.834036865234375000e+03 2.477722130279189969e+03 1.616719348612787321e+00
1.834057678222656250e+03 2.473403486158387295e+03 1.615323157678456578e+00
1.834078552246093750e+03 2.474517842501360974e+03 1.614923707913845208e+00
1.834099365234375000e+03 2.474667848024262184e+03 1.614978405598451516e+00
1.834120178222656250e+03 2.471798143619404527e+03 1.618223218003475017e+00
1.834141052246093750e+03 2.475410009361431094e+03 1.616519956060259888e+00
1.834161865234375000e+03 2.472733992776875766e+03 1.616949533839232123e+00
1.834182678222656250e+03 2.474728309070158957e+03 1.615776810440296085e+00
1.834203552246093750e+03 2.471384965818846922e+03 1.616279973978725026e+00
1.834224365234375000e+03 2.474716272683741408e+03 1.614926070065355379e+00
1.834245178222656250e+03 2.475077737175771745e+03 1.618195740062220445e+00
1.834286865234375000e+03 2.479782455031378959e+03 1.617740776029820360e+00
1.834307678222656250e+03 2.477559671304309632e+03 1.616017604916111017e+00
1.834328552246093750e+03 2.479401108640311577e+03 1.622635735357764730e+00
1.834349365234375000e+03 2.477988863751679219e+03 1.619044173327821134e+00
1.834370178222656250e+03 2.480267883131575672e+03 1.617336395338346167e+00
1.834391052246093750e+03 2.479835197547114603e+03 1.618323549043966247e+00
1.834411865234375000e+03 2.480861848567225479e+03 1.617655663288916079e+00
1.834432678222656250e+03 2.476247125521650105e+03 1.616388095700296512e+00
1.834453552246093750e+03 2.478745117871421371e+03 1.617187721141855272e+00
1.834474365234375000e+03 2.479688636576271620e+03 1.617091742735085935e+00
1.834495178222656250e+03 2.479212395826356442e+03 1.616442670084579980e+00
1.834516052246093750e+03 2.476901860165781272e+03 1.618934756306819933e+00
1.834536865234375000e+03 2.478579551355252988e+03 1.616954473393641845e+00
1.834557678222656250e+03 2.478024254286141968e+03 1.617510777102949993e+00
1.834578552246093750e+03 2.478963906919243527e+03 1.619203794050106504e+00
1.834599365234375000e+03 2.478315387919561545e+03 1.617608941490975116e+00
1.834620178222656250e+03 2.479768221011632249e+03 1.618519331356135238e+00
1.834641052246093750e+03 2.481998116467960244e+03 1.620665197142407310e+00
1.834661865234375000e+03 2.478531717722099984e+03 1.621118090343434792e+00
1.834682678222656250e+03 2.482158807798649377e+03 1.617969416052268183e+00
1.834703552246093750e+03 2.477578460707516570e+03 1.617182634871531466e+00
1.834724365234375000e+03 2.480466286523540020e+03 1.618281266382903594e+00
1.834745178222656250e+03 2.478771697135708564e+03 1.620086651238933806e+00
1.834766052246093750e+03 2.478526624160183019e+03 1.619442680355017705e+00
1.834786865234375000e+03 2.478385983835597926e+03 1.617360865933851199e+00
1.834807678222656250e+03 2.477631166537752051e+03 1.619009714390790222e+00
1.834828552246093750e+03 2.480411823085402375e+03 1.618065268724327099e+00
1.834849365234375000e+03 2.478797877928725029e+03 1.622139246587987804e+00
1.834870178222656250e+03 2.475687477283431690e+03 1.619956626546930289e+00
1.834891052246093750e+03 2.480339018151834807e+03 1.617422556725670590e+00
1.834911865234375000e+03 2.477871179048155227e+03 1.618795728589891958e+00
1.834932678222656250e+03 2.478564760879210553e+03 1.618002644639276344e+00
1.834953552246093750e+03 2.475102642025314708e+03 1.617589117481251559e+00
1.834974365234375000e+03 2.476653343818147732e+03 1.616692213793907484e+00
1.834995178222656250e+03 2.478130418341466338e+03 1.616852509084490519e+00
1.835016052246093750e+03 2.474828413099220143e+03 1.616235277620722055e+00
1.835036865234375000e+03 2.477348655795281502e+03 1.618584955115884627e+00
1.835057678222656250e+03 2.475862508508859719e+03 1.616844988685602003e+00
1.835078552246093750e+03 2.477100088314658478e+03 1.617161478763894822e+00
1.835099365234375000e+03 2.475542123779939629e+03 1.619608297323282597e+00
1.835120178222656250e+03 2.479463555726908453e+03 1.622663652369181753e+00
1.835141052246093750e+03 2.476514854470402952e+03 1.617276691428205515e+00
1.835161865234375000e+03 2.476684503969207526e+03 1.616415014376878068e+00
1.835182678222656250e+03 2.473789067970315045e+03 1.617307870411791137e+00
1.835203552246093750e+03 2.474752372806165567e+03 1.617326887085394072e+00
1.835224365234375000e+03 2.477551330574622170e+03 1.618218871657772784e+00
1.835245178222656250e+03 2.479102628331296728e+03 1.617458670912108598e+00
1.835266052246093750e+03 2.478428663988467633e+03 1.621434481557802343e+00
1.835286865234375000e+03 2.478479210107424024e+03 1.617097861344223730e+00
1.835307678222656250e+03 2.475901196118897133e+03 1.616621130206948642e+00
1.835328552246093750e+03 2.477325326997024604e+03 1.617569588014782234e+00
1.835349365234375000e+03 2.476208471612209451e+03 1.619527183928770375e+00
1.835370178222656250e+03 2.477780808396169959e+03 1.617253398934739295e+00
1.835391052246093750e+03 2.479115744690714564e+03 1.619695441851979556e+00
1.835411865234375000e+03 2.476635012125701451e+03 1.617822494785441156e+00
1.835432678222656250e+03 2.478739416462366535e+03 1.618373270272081665e+00
1.835453552246093750e+03 2.475082158028181311e+03 1.617848431706021328e+00
1.835474365234375000e+03 2.478922408556822575e+03 1.617488372383598438e+00
1.835495178222656250e+03 2.478469803799229339e+03 1.619752039123089959e+00
1.835516052246093750e+03 2.474645670810374213e+03 1.618262776579409534e+00
1.835536865234375000e+03 2.477397467351801424e+03 1.618724737375266454e+00
1.835557678222656250e+03 2.478772303308703613e+03 1.618747493196998732e+00
1.835578552246093750e+03 2.473142284648567511e+03 1.616751423151024936e+00
1.835599365234375000e+03 2.474582049099348296e+03 1.616993989285707922e+00
1.835620178222656250e+03 2.473764030840450232e+03 1.617889988859640082e+00
1.835641052246093750e+03 2.475920346537464866e+03 1.617348188442640611e+00
1.835661865234375000e+03 2.475572651793323075e+03 1.617894262407106210e+00
1.835682678222656250e+03 2.475152267749004750e+03 1.619382170731610504e+00
1.835703552246093750e+03 2.477665828114122178e+03 1.617392411817909048e+00
1.835724365234375000e+03 2.477322246972549237e+03 1.623000528750330629e+00
1.835745178222656250e+03 2.477086559716051397e+03 1.618365609619447421e+00
1.835766052246093750e+03 2.476184229892852272e+03 1.617882031189450842e+00
1.835786865234375000e+03 2.476953997772684943e+03 1.617869726196455193e+00
1.835807678222656250e+03 2.476119881117689602e+03 1.617944733622418418e+00
1.835828552246093750e+03 2.474795349463878665e+03 1.617633702738086043e+00
1.835849365234375000e+03 2.477372269651840725e+03 1.621051318980654798e+00
1.835870178222656250e+03 2.477166606466553276e+03 1.619386072271870258e+00
1.835891052246093750e+03 2.476132833281833427e+03 1.624219193304826225e+00
1.835911865234375000e+03 2.476008741541392283e+03 1.617748955459976656e+00
1.835932678222656250e+03 2.477639202276779542e+03 1.621358165088612191e+00
1.835953552246093750e+03 2.478133573695060022e+03 1.620880333514016725e+00
1.835974365234375000e+03 2.478733758923155619e+03 1.618439415552891614e+00
1.835995178222656250e+03 2.477508452156883777e+03 1.617810631453061587e+00
1.836016052246093750e+03 2.478024865388897069e+03 1.617700909926884867e+00
1.836036865234375000e+03 2.481522536245901392e+03 1.618839249672779479e+00
1.836057678222656250e+03 2.475612132699556696e+03 1.617882104871761761e+00
1.836078552246093750e+03 2.475621884259297985e+03 1.619767273681402164e+00
1.836099365234375000e+03 2.477293682036188329e+03 1.618671418274677309e+00
1.836120178222656250e+03 2.476854393305416579e+03 1.618146308060226080e+00
1.836141052246093750e+03 2.478171533536733477e+03 1.618068436701868951e+00
1.836161865234375000e+03 2.474830141665379870e+03 1.618764283695313777e+00
1.836182678222656250e+03 2.474569845708312641e+03 1.617194502810736401e+00
1.836203552246093750e+03 2.472694338117361895e+03 1.616984257849675810e+00
1.836224365234375000e+03 2.473454713996653027e+03 1.616579761660004166e+00
1.836245178222656250e+03 2.475180598459236535e+03 1.617872968239618459e+00
1.836266052246093750e+03 2.474236144105184394e+03 1.619322321398248832e+00
1.836286865234375000e+03 2.476484488328511816e+03 1.618409878851759132e+00
1.836307678222656250e+03 2.478125906044891508e+03 1.618450758681390100e+00
1.836328552246093750e+03 2.477948972082991986e+03 1.623302306492965252e+00
1.836349365234375000e+03 2.476192262150013903e+03 1.622252342120140689e+00
1.836370178222656250e+03 2.477872493207295520e+03 1.619966487302410219e+00
1.836391052246093750e+03 2.478727365108247795e+03 1.618021726823122730e+00
1.836411865234375000e+03 2.477031758439587520e+03 1.618410099826586901e+00
1.836432678222656250e+03 2.478936529979966963e+03 1.619274764262234045e+00
1.836453552246093750e+03 2.477679462367244014e+03 1.618804565452658606e+00
1.836474365234375000e+03 2.478354493286376510e+03 1.619769113594206056e+00
1.836495178222656250e+03 2.483635358363448631e+03 1.619604028298532894e+00
1.836516052246093750e+03 2.479222464283314366e+03 1.618468436125756416e+00
1.836536865234375000e+03 2.476874778226531362e+03 1.618450537712113668e+00
1.836557678222656250e+03 2.476660691647290605e+03 1.617905240951434731e+00
1.836578491210937500e+03 2.475944871621649327e+03 1.617349588868063570e+00
1.836599304199218750e+03 2.479293128663511197e+03 1.619518130185341187e+00
1.836620178222656250e+03 2.477924065692539443e+03 1.619460199750914153e+00
1.836640991210937500e+03 2.479414924127026552e+03 1.619029741896443220e+00
1.836661804199218750e+03 2.478800784770061000e+03 1.618984016971026785e+00
1.836682678222656250e+03 2.478064629623023848e+03 1.618925846519892797e+00
1.836703491210937500e+03 2.476712428734795139e+03 1.619337118302736966e+00
1.836724304199218750e+03 2.477462069313010034e+03 1.618302481514700020e+00
1.836745178222656250e+03 2.478574304636041688e+03 1.620507633006460724e+00
1.836765991210937500e+03 2.475852711500618170e+03 1.618249664160453349e+00
1.836786804199218750e+03 2.476719039239410449e+03 1.619280727385286056e+00
1.836807678222656250e+03 2.478844706770836638e+03 1.618959644542741216e+00
1.836828491210937500e+03 2.478805510416456855e+03 1.618273752623698103e+00
1.836849304199218750e+03 2.479728053911907409e+03 1.620860843702829346e+00
1.836870178222656250e+03 2.479893649658913091e+03 1.618615372409597297e+00
1.836890991210937500e+03 2.480422559798964812e+03 1.619199892070638525e+00
1.836911804199218750e+03 2.478349080455773674e+03 1.618247601523081336e+00
1.836932678222656250e+03 2.477053794580765043e+03 1.619094387816138125e+00
1.836953491210937500e+03 2.480764643081290615e+03 1.618450537712113668e+00
1.836974304199218750e+03 2.479967773944424152e+03 1.618651533630076411e+00
1.836995178222656250e+03 2.476766052263845268e+03 1.618272794985214480e+00
1.837015991210937500e+03 2.479263975014618154e+03 1.621366179221903625e+00
1.837036804199218750e+03 2.477283114356279384e+03 1.618687252168825363e+00
1.837057678222656250e+03 2.479147383709843780e+03 1.618563670035296997e+00
1.837078491210937500e+03 2.477375164177579791e+03 1.621779698859274754e+00
1.837099304199218750e+03 2.477310775184145768e+03 1.620405524442696255e+00
1.837120178222656250e+03 2.480346551010069106e+03 1.619617718579464016e+00
1.837140991210937500e+03 2.480558585368012700e+03 1.621791974186205465e+00
1.837161804199218750e+03 2.477088007599747925e+03 1.619499801720527321e+00
1.837182678222656250e+03 2.480504027691814372e+03 1.620090036009487200e+00
1.837203491210937500e+03 2.477629803614123830e+03 1.620621651536782837e+00
1.837224304199218750e+03 2.478414969738853870e+03 1.618805375495998566e+00
1.837245178222656250e+03 2.479698183704773783e+03 1.619392844734529602e+00
1.837265991210937500e+03 2.479100137759055997e+03 1.619666958472008478e+00
1.837286804199218750e+03 2.480405124544442060e+03 1.621780066385382524e+00
1.837307678222656250e+03 2.479748031495854320e+03 1.618781810433212343e+00
1.837328491210937500e+03 2.475721443834345791e+03 1.617674086339853101e+00
1.837349304199218750e+03 2.479323384695215736e+03 1.619589822669637691e+00
1.837370178222656250e+03 2.477714093345859510e+03 1.621041391285473088e+00
1.837390991210937500e+03 2.476349984294014575e+03 1.622024673288364527e+00
1.837411804199218750e+03 2.477913958480944984e+03 1.618538407448367522e+00
1.837432678222656250e+03 2.479181991341776666e+03 1.618765682895645375e+00
1.837453491210937500e+03 2.480978593611201632e+03 1.619736583627657822e+00
1.837474304199218750e+03 2.475979959339044854e+03 1.620291711421909087e+00
1.837495178222656250e+03 2.479841303851646899e+03 1.619547131428779929e+00
1.837515991210937500e+03 2.479360552324429591e+03 1.623702998842934342e+00
1.837536804199218750e+03 2.477953196752680924e+03 1.618709566649721765e+00
1.837557678222656250e+03 2.480155090628863036e+03 1.619386882024331342e+00
1.837578491210937500e+03 2.481175466142113237e+03 1.619735038070003519e+00
1.837599304199218750e+03 2.480761208084505597e+03 1.620451797780688041e+00
1.837620178222656250e+03 2.479519562579537705e+03 1.621664512073513809e+00
1.837640991210937500e+03 2.480870779218296775e+03 1.620141248196673933e+00
1.837661804199218750e+03 2.478939416445247844e+03 1.619584228709040286e+00
1.837682678222656250e+03 2.480214316626834261e+03 1.619970461022725461e+00
1.837703491210937500e+03 2.481251320013381701e+03 1.620766038976812373e+00
1.837724304199218750e+03 2.481232363411020742e+03 1.620825173064073477e+00
1.837745178222656250e+03 2.479402653536358230e+03 1.619009272604784444e+00
1.837765991210937500e+03 2.478776019878185252e+03 1.621706485997788327e+00
1.837786804199218750e+03 2.478317827327660325e+03 1.619562367914574530e+00
1.837807678222656250e+03 2.482076123103151076e+03 1.620790751992114531e+00
1.837828491210937500e+03 2.481053686090356678e+03 1.620914899772559759e+00
1.837849304199218750e+03 2.479838122332565490e+03 1.619702728217560894e+00
1.837870178222656250e+03 2.479894425827375471e+03 1.621386030574147652e+00
1.837890991210937500e+03 2.482294664118834135e+03 1.619991654033119621e+00
1.837911804199218750e+03 2.482094732959812063e+03 1.622864714130877184e+00
1.837932678222656250e+03 2.480474103999070849e+03 1.619602335406292060e+00
1.837953491210937500e+03 2.479681880849926529e+03 1.619888041124320388e+00
1.837974304199218750e+03 2.479093209459399077e+03 1.620432964912283502e+00
1.837995178222656250e+03 2.481336392443435216e+03 1.620152947305393498e+00
1.838015991210937500e+03 2.479420896707381871e+03 1.623783096081905297e+00
1.838036804199218750e+03 2.483676668149924808e+03 1.622439274173155699e+00
1.838057678222656250e+03 2.478461026472450158e+03 1.619012733258602621e+00
1.838078491210937500e+03 2.480251329564733169e+03 1.619368699303357362e+00
1.838099304199218750e+03 2.481031073567923613e+03 1.620686381068039639e+00
1.838120178222656250e+03 2.481430551518268658e+03 1.620210264359374319e+00
1.838140991210937500e+03 2.477553691572757998e+03 1.620733529019691366e+00
1.838161804199218750e+03 2.482319645025518184e+03 1.621455655432920029e+00
1.838182678222656250e+03 2.484161167140021917e+03 1.621972197631866619e+00
1.838203491210937500e+03 2.479452607776001059e+03 1.621292212413930622e+00
1.838224304199218750e+03 2.481128313749130939e+03 1.621146180557435645e+00
1.838245178222656250e+03 2.482349397439955737e+03 1.622436188205623742e+00
1.838265991210937500e+03 2.482879338685669154e+03 1.620463347517487884e+00
1.838286804199218750e+03 2.481743223422212395e+03 1.619847271160082425e+00
1.838307678222656250e+03 2.480386356924418578e+03 1.620299436540463933e+00
1.838328491210937500e+03 2.479644459091034150e+03 1.620572587771849538e+00
1.838349304199218750e+03 2.481486356301875276e+03 1.622502241324124128e+00
1.838370178222656250e+03 2.477672142012513177e+03 1.618625904172261487e+00
1.838390991210937500e+03 2.480354016807940752e+03 1.620113508462896368e+00
1.838411804199218750e+03 2.479571454649462339e+03 1.621718541354900900e+00
1.838432678222656250e+03 2.479962937174179842e+03 1.619703979408353200e+00
1.838453491210937500e+03 2.480488884502452947e+03 1.620813037513158639e+00
1.838474304199218750e+03 2.480235470418921977e+03 1.620337105162331648e+00
1.838495178222656250e+03 2.477853184746634270e+03 1.621052642668752153e+00
1.838515991210937500e+03 2.481893835927066448e+03 1.621485357208432232e+00
1.838536804199218750e+03 2.479063927870093266e+03 1.619852275470866632e+00
1.838557678222656250e+03 2.478933686464252787e+03 1.619398365742915402e+00
1.838578491210937500e+03 2.480116398659057268e+03 1.620612824582206457e+00
1.838599304199218750e+03 2.476668913887401231e+03 1.620047063614827865e+00
1.838620178222656250e+03 2.479398969380259132e+03 1.619624048455180931e+00
1.838640991210937500e+03 2.476282303601667991e+03 1.622753865111782545e+00
1.838661804199218750e+03 2.475412729420035703e+03 1.619972742228132034e+00
1.838682678222656250e+03 2.478025379329067619e+03 1.619588350576616875e+00
1.838703491210937500e+03 2.478760014162995503e+03 1.619714136097839541e+00
1.838745178222656250e+03 2.480509254310813049e+03 1.621937065921466692e+00
1.838765991210937500e+03 2.479692256245527460e+03 1.621605996698847640e+00
1.838786804199218750e+03 2.476609453850865066e+03 1.620340121557072299e+00
1.838807678222656250e+03 2.475603478829227242e+03 1.619484270208462640e+00
1.838828491210937500e+03 2.480127435707244786e+03 1.620918135724987108e+00
1.838849304199218750e+03 2.480228295456328851e+03 1.620736691781710759e+00
1.838870178222656250e+03 2.480085954919143660e+03 1.621689652452860786e+00
1.838890991210937500e+03 2.478510931405448900e+03 1.626363842180681862e+00
1.838911804199218750e+03 2.475633711497596323e+03 1.619786261481029666e+00
1.838932678222656250e+03 2.478461089166623879e+03 1.624097353319212678e+00
1.838953491210937500e+03 2.478229643835171828e+03 1.621840927559935475e+00
1.838974304199218750e+03 2.475795976011742368e+03 1.620174137928739766e+00
1.838995178222656250e+03 2.472389891799303768e+03 1.618214451633221973e+00
1.839015991210937500e+03 2.473475806710981487e+03 1.622799263438677420e+00
1.839036804199218750e+03 2.477522461694917638e+03 1.621396029681752005e+00
1.839057678222656250e+03 2.474547044897978594e+03 1.619791118789367657e+00
1.839078491210937500e+03 2.475111638835598114e+03 1.620237560985524183e+00
1.839099304199218750e+03 2.477363975091245720e+03 1.622521637947145878e+00
1.839120178222656250e+03 2.472557795183164217e+03 1.620226156790637528e+00
1.839140991210937500e+03 2.473879355760409453e+03 1.619216530634628892e+00
1.839161804199218750e+03 2.471804452197926821e+03 1.620191355106131992e+00
1.839182678222656250e+03 2.474412011629859080e+03 1.619519602342190057e+00
1.839203491210937500e+03 2.474110204420581340e+03 1.620576633565780966e+00
1.839224304199218750e+03 2.472110214095645460e+03 1.619546910609091395e+00
1.839245178222656250e+03 2.472230141983650810e+03 1.619344111817506038e+00
1.839265991210937500e+03 2.472815851282083258e+03 1.619378710867289684e+00
1.839286804199218750e+03 2.473501649244729379e+03 1.620785603478333892e+00
1.839307678222656250e+03 2.476461481666310647e+03 1.619936242556138106e+00
1.839328491210937500e+03 2.473632636301302227e+03 1.619555375342272452e+00
1.839349304199218750e+03 2.477498001278765969e+03 1.620688661265750730e+00
1.839370178222656250e+03 2.477333236476139973e+03 1.625366463054160437e+00
1.839390991210937500e+03 2.474283007786712460e+03 1.620253232425619583e+00
1.839411804199218750e+03 2.476050000201252260e+03 1.622706922787717554e+00
1.839432678222656250e+03 2.473688026527446709e+03 1.622701192645772839e+00
1.839453491210937500e+03 2.477408868012298171e+03 1.621510132778242852e+00
1.839474304199218750e+03 2.476994061839531696e+03 1.625398073589600534e+00
1.839495178222656250e+03 2.474912734877711955e+03 1.623609094298522182e+00
1.839536804199218750e+03 2.474350757482447079e+03 1.622497906441065174e+00
1.839557678222656250e+03 2.479952579773884281e+03 1.624003031149980902e+00
1.839578491210937500e+03 2.478009477559516654e+03 1.624097133118193259e+00
1.839599304199218750e+03 2.479580563273044845e+03 1.623795356263851408e+00
1.839620178222656250e+03 2.478726089498950842e+03 1.623961189990154486e+00
1.839640991210937500e+03 2.480359433746335981e+03 1.629445451004255530e+00
1.839661804199218750e+03 2.479450291493548775e+03 1.625138643659211679e+00
1.839682678222656250e+03 2.479851036184297300e+03 1.626099214710514884e+00
1.839703491210937500e+03 2.481388139616871285e+03 1.626580350193428393e+00
1.839724304199218750e+03 2.481686341998798980e+03 1.628369066685140698e+00
1.839745178222656250e+03 2.480075554385787200e+03 1.626407893708939900e+00
1.839765991210937500e+03 2.477627098349677453e+03 1.628012066400411184e+00
1.839786804199218750e+03 2.477305098955416724e+03 1.627365224974010482e+00
1.839807678222656250e+03 2.477979770407262095e+03 1.628820183764935647e+00
1.839828491210937500e+03 2.479894531444516815e+03 1.631549255282263688e+00
1.839849304199218750e+03 2.475814840540945625e+03 1.628026930771384606e+00
1.839870178222656250e+03 2.479602549215716863e+03 1.633955122220516865e+00
1.839890991210937500e+03 2.478073072556929219e+03 1.629141664760321628e+00
1.839911804199218750e+03 2.479337436015951425e+03 1.629615903545301281e+00
1.839932678222656250e+03 2.476366806922117576e+03 1.629943956219059409e+00
1.839953491210937500e+03 2.479002023798182108e+03 1.632872730951193452e+00
1.839974304199218750e+03 2.477758679835631938e+03 1.631413202416182040e+00
1.839995178222656250e+03 2.479023535167842510e+03 1.632773074901572308e+00
