1.410933252293746136e+03 1.430735264704237579e+03 1.346806266429293464e+00
1.410954085916604072e+03 1.434280657551925515e+03 1.346705314054915226e+00
1.411016586771208949e+03 1.431672481884909757e+03 1.345614448360705095e+00
1.411037420385220003e+03 1.429923122282639497e+03 1.344761844523984395e+00
1.411058253996901840e+03 1.430286240357718043e+03 1.345409256028768930e+00
1.411079087606256508e+03 1.432075534642201774e+03 1.345191138416926613e+00
1.411099921213281959e+03 1.433271131406839231e+03 1.345303192283695326e+00
1.411120754818444993e+03 1.429841674981849337e+03 1.344897512126059347e+00
1.411141588421278811e+03 1.430407486204443785e+03 1.345091704394044463e+00
1.411162422022252031e+03 1.433286690909877507e+03 1.345105042450525534e+00
1.411183255620896034e+03 1.432007660799991072e+03 1.346473108149867315e+00
1.411204089217210822e+03 1.430419341313641553e+03 1.345818635055227031e+00
1.411224922811663873e+03 1.426729079287639479e+03 1.344021082304044157e+00
1.411245756403789073e+03 1.429873654707303103e+03 1.344784848259685583e+00
1.411266589994051628e+03 1.426877909745250008e+03 1.343794001368972646e+00
1.411287423581984967e+03 1.430358155855794621e+03 1.345059754558104892e+00
1.411308257168056116e+03 1.430592751551650281e+03 1.344819197999577831e+00
1.411329090751798958e+03 1.433625189375174841e+03 1.345272310832972051e+00
1.411349924333679610e+03 1.435013672976985390e+03 1.345395433658649553e+00
1.411370757913697162e+03 1.431423333991245954e+03 1.345496041319377500e+00
1.411391591491385952e+03 1.432332901430210995e+03 1.344897379168758400e+00
1.411412425067212098e+03 1.433706454942350092e+03 1.344942317987875446e+00
1.411433258641176053e+03 1.431898791106227463e+03 1.345115056984073965e+00
1.411454092212812157e+03 1.430843565326531916e+03 1.345150727615071817e+00
1.411474925782584933e+03 1.433686490387851109e+03 1.345650903051153646e+00
1.411495759350495064e+03 1.430319791837164530e+03 1.344754220848459081e+00
1.411516592916543004e+03 1.433901723153332114e+03 1.345706934155303847e+00
1.411537426480728527e+03 1.434859869099205753e+03 1.345954771832245989e+00
1.411558260042585061e+03 1.430416910315465884e+03 1.344815962513120411e+00
1.411579093603044385e+03 1.430584234842805472e+03 1.345875500627638832e+00
1.411599927161641972e+03 1.433851066801051047e+03 1.346019735310654442e+00
1.411620760717910798e+03 1.433587219459653852e+03 1.346561551185569305e+00
1.411641594272782640e+03 1.433594671245886275e+03 1.345902205359399861e+00
1.411662427825325494e+03 1.432672696604318389e+03 1.345520272863809375e+00
1.411683261376471364e+03 1.431274204697936511e+03 1.345309483683147622e+00
1.411704094925756181e+03 1.434059070745438476e+03 1.345429191889407239e+00
1.411724928472711781e+03 1.431373135404484174e+03 1.345305673402485969e+00
1.411745762018735604e+03 1.434965014084541508e+03 1.346505157248348183e+00
1.411766595562431121e+03 1.435801500718571560e+03 1.346235416372324467e+00
1.411787429104264902e+03 1.431721044003818861e+03 1.345432780312950882e+00
1.411808262644702154e+03 1.431370525108565971e+03 1.345619099378604799e+00
1.411829096183274942e+03 1.432929591888102550e+03 1.346158862628602515e+00
1.411849929719985994e+03 1.433792563810972979e+03 1.346039307877650915e+00
1.411870763255300062e+03 1.432988671588086845e+03 1.345860354424882610e+00
1.411891596788751940e+03 1.432685395059652365e+03 1.345835686121597430e+00
1.411912430320340491e+03 1.434593055584598005e+03 1.346285579073112970e+00
1.411933263850532512e+03 1.433513846069825604e+03 1.346501217552226626e+00
1.411954097378862116e+03 1.432285398538138679e+03 1.346183436456277915e+00
1.411974930905793826e+03 1.433698617308508801e+03 1.346356503197458254e+00
1.411995764430862891e+03 1.432194770019757470e+03 1.345717785759557694e+00
1.412016597954070448e+03 1.435316671543397661e+03 1.346605549210718289e+00
1.412037431476346001e+03 1.433689843620109741e+03 1.346218104715187547e+00
1.412058264996293019e+03 1.430299840096195339e+03 1.345347187157733382e+00
1.412079098514843508e+03 1.436070748051758073e+03 1.346500376492010931e+00
1.412099932031996559e+03 1.430978167894935950e+03 1.345560894053486445e+00
1.412120765547753535e+03 1.432600184909678774e+03 1.345908759673607902e+00
1.412141599061646957e+03 1.435803654131397934e+03 1.346347206240382066e+00
1.412162432574144077e+03 1.434059568173788193e+03 1.346724965176003597e+00
1.412183266084778097e+03 1.431611925828270614e+03 1.346171127459929728e+00
1.412204099594015133e+03 1.432042786416341869e+03 1.346086156893417485e+00
1.412224933101854049e+03 1.436929602415691988e+03 1.346987616484202066e+00
1.412245766607831456e+03 1.432223335783911352e+03 1.345987453237838194e+00
1.412308267117382456e+03 1.433682282469707843e+03 1.346553804905550544e+00
1.412329100617771928e+03 1.435210349283885535e+03 1.346420871796443208e+00
1.412349934116764416e+03 1.433382136367325302e+03 1.348359341969791680e+00
1.412370767613894486e+03 1.432235177117015610e+03 1.345796446201225960e+00
1.412391601109628027e+03 1.435199190653909682e+03 1.347057928421375728e+00
1.412412434603963447e+03 1.433533730661079744e+03 1.346356857365982318e+00
1.412433268096901884e+03 1.433619755497850292e+03 1.346699338995032802e+00
1.412454101588444473e+03 1.434003306278733817e+03 1.347306358139720217e+00
1.412474935078589624e+03 1.432108215104690316e+03 1.345858671502943471e+00
1.412495768567337109e+03 1.435267749239123759e+03 1.347001909264540220e+00
1.412516602054222858e+03 1.437280341533037699e+03 1.347076069986993696e+00
1.412537435540176830e+03 1.437750892600566658e+03 1.347270479135459276e+00
1.412558269024734045e+03 1.434308921532127897e+03 1.347745544129033801e+00
1.412579102507894504e+03 1.431671972898495142e+03 1.346729169770527923e+00
1.412599935989192090e+03 1.432865757349289197e+03 1.346805558328513897e+00
1.412620769469558127e+03 1.432618481811395213e+03 1.346733949714674416e+00
1.412641602948527179e+03 1.432499273500464369e+03 1.347064255873228200e+00
1.412662436426099475e+03 1.432047510491510593e+03 1.346584656967556581e+00
1.412683269902274333e+03 1.430531504418168424e+03 1.346434462296990597e+00
1.412704103377052434e+03 1.434547529273371993e+03 1.347230794339694171e+00
1.412724936850434005e+03 1.433274691543797417e+03 1.347445618022197422e+00
1.412745770322882890e+03 1.431431686608175141e+03 1.346627105062537799e+00
1.412766603793470495e+03 1.432386147240662694e+03 1.347301491746322188e+00
1.412787437263126321e+03 1.434312456039071094e+03 1.348828190401121452e+00
1.412808270731385164e+03 1.436029023479840134e+03 1.347584598129182520e+00
1.412829104198247023e+03 1.432674824229538217e+03 1.347959534063171150e+00
1.412849937663712808e+03 1.433135408622847535e+03 1.347694860817477691e+00
1.412870771128245906e+03 1.432081170021231173e+03 1.347413193166068446e+00
1.412891604590917495e+03 1.433669394015453008e+03 1.348142011143402375e+00
1.412912438052657080e+03 1.432817638791506624e+03 1.347389836169583965e+00
1.412933271512998999e+03 1.435794908523990898e+03 1.347766020353951433e+00
1.412954104971945071e+03 1.432591865492804573e+03 1.347990972995246839e+00
1.412974938429959820e+03 1.435764263233400925e+03 1.348421935238081737e+00
1.412995771886577131e+03 1.432750066592207759e+03 1.348033421022877043e+00
1.413016605341797458e+03 1.433281168580228041e+03 1.347122794455416273e+00
1.413037438796086917e+03 1.432704990038105734e+03 1.347614895835725246e+00
1.413058272248512822e+03 1.433675057667204555e+03 1.347511305823518635e+00
1.413079105700473974e+03 1.431974288404405343e+03 1.346809143084881866e+00
1.413099939150572936e+03 1.431759722637155619e+03 1.348141215319287545e+00
1.413120772599740121e+03 1.434789316947651741e+03 1.348372559293159689e+00
1.413141606047509867e+03 1.432615291256344335e+03 1.347955598617785133e+00
1.413162439493882630e+03 1.432022449855470313e+03 1.347904790543952958e+00
1.413183272939324524e+03 1.431545350406670423e+03 1.347925529667027611e+00
1.413204106383368980e+03 1.433402646869230921e+03 1.347960949051962398e+00
1.413224939826482114e+03 1.432719809527175357e+03 1.348139048906817239e+00
1.413245773268197809e+03 1.431677355116555873e+03 1.347793350985851291e+00
1.413308273586362020e+03 1.440407812608084214e+03 1.348228355269340373e+00
1.413329107022956123e+03 1.437169971685511655e+03 1.347225662218314080e+00
1.413349940459083882e+03 1.439868079481942459e+03 1.347769514106400113e+00
1.413370773893349906e+03 1.440700780631014140e+03 1.348449694599339166e+00
1.413391607326683925e+03 1.441061780055842974e+03 1.347855793650980960e+00
1.413412440759087531e+03 1.436897910524300187e+03 1.348113891739723735e+00
1.413433274190093925e+03 1.437188508522736811e+03 1.346833483770836004e+00
1.413454107619702881e+03 1.438155957240121097e+03 1.347517719612320919e+00
1.413474941048380970e+03 1.438517922161858678e+03 1.347976911791368693e+00
1.413495774476126826e+03 1.441854356860995722e+03 1.348080863955248399e+00
1.413516607902477062e+03 1.438025456709670607e+03 1.347767833568378038e+00
1.413537441327895067e+03 1.437502120214094248e+03 1.347703794663474897e+00
1.413558274751916088e+03 1.439476437682582173e+03 1.348278885902403745e+00
1.413579108174541034e+03 1.440784765340390322e+03 1.349408279651701958e+00
1.413599941596233521e+03 1.437939328992571518e+03 1.347377759381922946e+00
1.413620775016994912e+03 1.439522674177637555e+03 1.347099078450494147e+00
1.413641608436360002e+03 1.438708112060031908e+03 1.347582828898991281e+00
1.413662441854793542e+03 1.439964832667572637e+03 1.349296699220434936e+00
1.413683275272295532e+03 1.442765829325624281e+03 1.348791954158732542e+00
1.413704108688400083e+03 1.439945546518214996e+03 1.348367343107440552e+00
1.413724942103107878e+03 1.439386742297249612e+03 1.348030944924643038e+00
1.413745775516884805e+03 1.441345794004076197e+03 1.348034482206442064e+00
1.413766608929729955e+03 1.437986576719832783e+03 1.347214336088155662e+00
1.413787442341645146e+03 1.441039665709946803e+03 1.348418133752402381e+00
1.413808275752161990e+03 1.439129386953566836e+03 1.348686686771847221e+00
1.413829109161281394e+03 1.439430566107435652e+03 1.348331801779450556e+00
1.413849942569469476e+03 1.439245864229935933e+03 1.348495973665183367e+00
1.413870775976727145e+03 1.440541002244504853e+03 1.347664476452473226e+00
1.413891609383053037e+03 1.438313869916882823e+03 1.348149173539295420e+00
1.413912442787982854e+03 1.440704736572893353e+03 1.348410972785153872e+00
1.413974942996251002e+03 1.436609974710467895e+03 1.347570665378547750e+00
1.413995776396988958e+03 1.440694861626485135e+03 1.348161950805379039e+00
1.414037443195205924e+03 1.438853005915272206e+03 1.348260893146938422e+00
1.414058276592684479e+03 1.440290036603612862e+03 1.349160060257707183e+00
1.414079109988766504e+03 1.439284624157416829e+03 1.348216418622800949e+00
1.414099943383916525e+03 1.442190898047981364e+03 1.349839672528888812e+00
1.414120776778136133e+03 1.439618832562485295e+03 1.348495708460161868e+00
1.414141610171423508e+03 1.438399096000445979e+03 1.348266949703228690e+00
1.414162443563313900e+03 1.442378285992067731e+03 1.348632591518243107e+00
1.414183276954272969e+03 1.439904090408087313e+03 1.348596084834908337e+00
1.414204110344301171e+03 1.438391284934219129e+03 1.348091829092564975e+00
1.414224943733398050e+03 1.441152875698733624e+03 1.349007722203327209e+00
1.414245777121097944e+03 1.440599734702746446e+03 1.348889215335949521e+00
1.414266610507866062e+03 1.441313604222941876e+03 1.348664766080883926e+00
1.414287443893702857e+03 1.439788251352213820e+03 1.348154655841305782e+00
1.414308277278144033e+03 1.437747960014651198e+03 1.347541826338609194e+00
1.414329110661652066e+03 1.439289359417242622e+03 1.349023716740008316e+00
1.414349944044229005e+03 1.439315631326026050e+03 1.348319158742842916e+00
1.414370777425875531e+03 1.440713381039978458e+03 1.348360314486294786e+00
1.414391610806590506e+03 1.441706970250457061e+03 1.348719964881759381e+00
1.414412444185908498e+03 1.436598566181799470e+03 1.347319718511222675e+00
1.414433277564294940e+03 1.438718834882332658e+03 1.347927342666884520e+00
1.414454110941750059e+03 1.441219221566378792e+03 1.347971561420551412e+00
1.414474944318274083e+03 1.438467420514568403e+03 1.348470690551925921e+00
1.414495777693400214e+03 1.440090537691952477e+03 1.348336708660325511e+00
1.414516611067595932e+03 1.438731303656653608e+03 1.349173313915393635e+00
1.414537444441325988e+03 1.439030385762516289e+03 1.348980548729719509e+00
1.414558277813192944e+03 1.443290461423246825e+03 1.349177245808798498e+00
1.414579111184595149e+03 1.441488224498391446e+03 1.349034188198597883e+00
1.414599944555065122e+03 1.437452982298417282e+03 1.348321324865922266e+00
1.414620777924138565e+03 1.437710434816609450e+03 1.348010561157420462e+00
1.414641611292280686e+03 1.439273571141742423e+03 1.348414995308474751e+00
1.414662444659491030e+03 1.440726556287839003e+03 1.348771802851504331e+00
1.414683278025770960e+03 1.438561300941176341e+03 1.348220353306855301e+00
1.414704111390652997e+03 1.439316377092592120e+03 1.348641872720856227e+00
1.414724944755069828e+03 1.439001381900117394e+03 1.348611819071419582e+00
1.414745778118089675e+03 1.437503054581014794e+03 1.348662025969461720e+00
1.414766611480178199e+03 1.439833734649898133e+03 1.348201166087315217e+00
1.414787444841334946e+03 1.437744782378341142e+03 1.348723765516703477e+00
1.414808278201560825e+03 1.440366534228720866e+03 1.349161871598605345e+00
1.414829111560854926e+03 1.438433815808075224e+03 1.348705513532502565e+00
1.414849944919219070e+03 1.436907027113659524e+03 1.348431704123054242e+00
1.414870778276184865e+03 1.441787454624419070e+03 1.349143625541353142e+00
1.414891611632219337e+03 1.435938361216117528e+03 1.348511797470407725e+00
1.414912444987787921e+03 1.442148367031790485e+03 1.350185641134513670e+00
1.414933278341959976e+03 1.438636487992789625e+03 1.349194033539373727e+00
1.414954111695200936e+03 1.436621397649205164e+03 1.348398816735159489e+00
1.414974945047510573e+03 1.437707484009734571e+03 1.348734725427266579e+00
1.414995778398424136e+03 1.439471959872909565e+03 1.349623904998778823e+00
1.415016611748871128e+03 1.440113475009304466e+03 1.349104305111790358e+00
1.415037445097921136e+03 1.436357379361721769e+03 1.348333702645331700e+00
1.415058278446505028e+03 1.437854451727756896e+03 1.347942819395671288e+00
1.415079111793691936e+03 1.437756663142349908e+03 1.348529477480077343e+00
1.415099945139947977e+03 1.439511756131173343e+03 1.349216475758184819e+00
1.415120778485738356e+03 1.438698515549721833e+03 1.348872909885060034e+00
1.415141611830132206e+03 1.439626870967772220e+03 1.348878035739101700e+00
1.415162445173593824e+03 1.438041846383003076e+03 1.348973611673955464e+00
1.415183278516124574e+03 1.435711388519471484e+03 1.347733868561306281e+00
1.415204111857257885e+03 1.437198875742801647e+03 1.349323380416291851e+00
1.415224945197925990e+03 1.440700772460720600e+03 1.350073462712703343e+00
1.415245778537663000e+03 1.440834033524112328e+03 1.349526873439358399e+00
1.415266611876003026e+03 1.440785157304058885e+03 1.349100814816036165e+00
1.415287445213876481e+03 1.440168343409741738e+03 1.349606018503876070e+00
1.415308278550354544e+03 1.436245961466266408e+03 1.348049294473161908e+00
1.415329111886365354e+03 1.434947838832179741e+03 1.348486072642335998e+00
1.415349945220980544e+03 1.438683436530389372e+03 1.349185462987232187e+00
1.415370778555128936e+03 1.438242570478510288e+03 1.349689972564559248e+00
1.415391611887880572e+03 1.439383228861634052e+03 1.350130678845691268e+00
1.415412445219701112e+03 1.440183111815466646e+03 1.349680080300684315e+00
1.415433278550589876e+03 1.439098899766286195e+03 1.349053496117994522e+00
1.415454111880546861e+03 1.435569581845684297e+03 1.350097788695178824e+00
1.415474945209573889e+03 1.440153615703241712e+03 1.349530583467944966e+00
1.415495778538135482e+03 1.440050652751220014e+03 1.349690458343506982e+00
1.415516611865298955e+03 1.441622836640292235e+03 1.349804523232314368e+00
1.415537445191531333e+03 1.437541783713127415e+03 1.348806006865853835e+00
1.415558278516833070e+03 1.438874152713767899e+03 1.349623551687594292e+00
1.415579111841202575e+03 1.440332693459946086e+03 1.349762572496860491e+00
1.415599945164175551e+03 1.436962678332718951e+03 1.348619818711163765e+00
1.415620778486682411e+03 1.436031819569883965e+03 1.348724737770433890e+00
1.415641611808258858e+03 1.436896986220731151e+03 1.348935479322785680e+00
1.415662445128903983e+03 1.437402055134738021e+03 1.349170221406912340e+00
1.415683278448616875e+03 1.436897632456651536e+03 1.348984348630493324e+00
1.415704111767398899e+03 1.435179412016487277e+03 1.348535046635115808e+00
1.415724945085250056e+03 1.439125201105468932e+03 1.349322187725093158e+00
1.415745778402168980e+03 1.437927172810892216e+03 1.349069711022172768e+00
1.415766611718157037e+03 1.437456262694332281e+03 1.349590075033288317e+00
1.415787445032748565e+03 1.436913264849531970e+03 1.348865132690006519e+00
1.415808278346873976e+03 1.439251149255576138e+03 1.349820155067672944e+00
1.415829111660068520e+03 1.438433604764791880e+03 1.349454172487680070e+00
1.415849944972330377e+03 1.437194712553442514e+03 1.348870744647759690e+00
1.415870778283662503e+03 1.439393159543197271e+03 1.349894293425997205e+00
1.415891611594062852e+03 1.436616442778481769e+03 1.349499224571748757e+00
1.415912444903532105e+03 1.435040475287992649e+03 1.348815684588454467e+00
1.415933278212069126e+03 1.438472736458832514e+03 1.350131252760668144e+00
1.415954111519674370e+03 1.438106670171308451e+03 1.349078547400172301e+00
1.415974944826348974e+03 1.440322869883227668e+03 1.349932663615742046e+00
1.415995778132093164e+03 1.437778990986528697e+03 1.349738372953317445e+00
1.416016611436904896e+03 1.438962769329726143e+03 1.349221114359221430e+00
1.416037444740786214e+03 1.438858519572768273e+03 1.349545114315039873e+00
1.416058278044200961e+03 1.439032129724161223e+03 1.349484428219811516e+00
1.416079111346219179e+03 1.436503086054212872e+03 1.349145657802072407e+00
1.416099944647306529e+03 1.435729707237595903e+03 1.348597057180688674e+00
1.416120777947462557e+03 1.439382269491290572e+03 1.349788891215924380e+00
1.416141611247152468e+03 1.437316669499061845e+03 1.350181226575478233e+00
1.416162444545444941e+03 1.436697645402258331e+03 1.349154582041167005e+00
1.416183277843271981e+03 1.439388310853363464e+03 1.349830267090727176e+00
1.416204111139702945e+03 1.436955979754349073e+03 1.349392643045034923e+00
1.416224944435667567e+03 1.437282676298151955e+03 1.349567153203974579e+00
1.416245777730235204e+03 1.439457073251205884e+03 1.349816092574198656e+00
1.416266611024337635e+03 1.437587971027318190e+03 1.348958235142923900e+00
1.416287444317508516e+03 1.438554353242922161e+03 1.349839672528888812e+00
1.416308277609281504e+03 1.435730074231385970e+03 1.349920521268591411e+00
1.416329110900589512e+03 1.439695615701682300e+03 1.350194558499739683e+00
1.416349944190966653e+03 1.437551953285241325e+03 1.349455232553995687e+00
1.416370777480412016e+03 1.436505227900420778e+03 1.349242098307518622e+00
1.416391610768926057e+03 1.438534222625931307e+03 1.349750870217023113e+00
1.416412444056974437e+03 1.437364351610328413e+03 1.350969790995548481e+00
1.416433277343626514e+03 1.439524450165726648e+03 1.350166570135971078e+00
1.416454110629346360e+03 1.437534958140254275e+03 1.350828291083277177e+00
1.416474943914600544e+03 1.439396231865934624e+03 1.350308051107502738e+00
1.416495777198459109e+03 1.434478800085428020e+03 1.349251021908734804e+00
1.416516610481849966e+03 1.434315630168131065e+03 1.349076029038339453e+00
1.416537443763844522e+03 1.433318836400444070e+03 1.349617368726891975e+00
1.416558277045373870e+03 1.439978386733764864e+03 1.350268014158714891e+00
1.416579110325972124e+03 1.433063989527495096e+03 1.349159353392306748e+00
1.416599943605638146e+03 1.437173257839734106e+03 1.349489463414501822e+00
1.416620776884372845e+03 1.438036579092544116e+03 1.349532261810859834e+00
1.416641610162177130e+03 1.437598801485308968e+03 1.350026266407635234e+00
1.416662443439050548e+03 1.434414720104594835e+03 1.349668024006056788e+00
1.416683276715456941e+03 1.436213720544591752e+03 1.349686881239886782e+00
1.416704109990466350e+03 1.438134298675206992e+03 1.350570314527997029e+00
1.416724943265011916e+03 1.434425153542902308e+03 1.349538665994909570e+00
1.416745776538159134e+03 1.441695957743095278e+03 1.351415990043910220e+00
1.416766609810839782e+03 1.434833993656789517e+03 1.350610033594023207e+00
1.416787443082590926e+03 1.435656710494847630e+03 1.349485753272867239e+00
1.416808276353410065e+03 1.436820768281573692e+03 1.350627421350881541e+00
1.416829109623297427e+03 1.436370925426134818e+03 1.349416142057781265e+00
1.416849942892254148e+03 1.433588960759695738e+03 1.349428995667932618e+00
1.416870776160745208e+03 1.436215636508989064e+03 1.349935047918353614e+00
1.416891609427837921e+03 1.438960515444559405e+03 1.350460286615420280e+00
1.416912442694466336e+03 1.437969477260252916e+03 1.349895220681647245e+00
1.416974942488763190e+03 1.437419807509858856e+03 1.350127676824913303e+00
1.417058275535252051e+03 1.438707797491781321e+03 1.349979421670688406e+00
1.417162441824154030e+03 1.434391648212622840e+03 1.349907274947135027e+00
1.417204108333663044e+03 1.437505253647453401e+03 1.350760337619171692e+00
1.417224941587252033e+03 1.436184637438715072e+03 1.349681140189567419e+00
1.417245774839910155e+03 1.435071256891110806e+03 1.350699529608290650e+00
1.417266608091637409e+03 1.435846808138062670e+03 1.349463801392809303e+00
1.417308274592762473e+03 1.438418629212713768e+03 1.351275816043552958e+00
1.417329107842162102e+03 1.434082280391946597e+03 1.350462802395870243e+00
1.417370774337699004e+03 1.437231086316381607e+03 1.350663299441180687e+00
1.417391607584303983e+03 1.435850267235278125e+03 1.349740139358035940e+00
1.417412440822061399e+03 1.433376530019183519e+03 1.349784740311097408e+00
1.417433274066802824e+03 1.436386915889420834e+03 1.350464347171017154e+00
1.417454107311079042e+03 1.435089012838418512e+03 1.351267214585149201e+00
1.417474940554424393e+03 1.436145894312997370e+03 1.349419101490899164e+00
1.417495773796838876e+03 1.436949548920389134e+03 1.350896020517651452e+00
1.417516607038321126e+03 1.435448902229609530e+03 1.350451591689002973e+00
1.417537440278872054e+03 1.433987927445703235e+03 1.350747011279171517e+00
1.417558273518958003e+03 1.436186396184277555e+03 1.350857368826472671e+00
1.417579106758111948e+03 1.434089880770653053e+03 1.350281345226084451e+00
1.417599939996333887e+03 1.437480661305320609e+03 1.351236822326940201e+00
1.417620773233625641e+03 1.437273616249284714e+03 1.351305501681998589e+00
1.417641606469986073e+03 1.439079777639678923e+03 1.351070292377177795e+00
1.417662439705879933e+03 1.437947290575380975e+03 1.350924964438947828e+00
1.417683272940377492e+03 1.433565735961612745e+03 1.350868576165840995e+00
1.417704106174409389e+03 1.435453937473149153e+03 1.351061469025833350e+00
1.417724939407511101e+03 1.436542914003106944e+03 1.350546129457849798e+00
1.417745772640145333e+03 1.437632103930315225e+03 1.350976717801241511e+00
1.417766605871383035e+03 1.435172903144382644e+03 1.350727198033935261e+00
1.417787439102155531e+03 1.436355263172551986e+03 1.350714930444655515e+00
1.417808272331997159e+03 1.433647538472776432e+03 1.350814700663930834e+00
1.417829105560906100e+03 1.436305208768964576e+03 1.350828997075351312e+00
1.417849938789349835e+03 1.437014684125637814e+03 1.351689812281346992e+00
1.417870772016397495e+03 1.435650050915091697e+03 1.350818142406434497e+00
1.417891605242979040e+03 1.435133939672178258e+03 1.351148729437649409e+00
1.417912438468628807e+03 1.432480780646960739e+03 1.351153626088504422e+00
1.417933271693812912e+03 1.436937197778196150e+03 1.351647611374755753e+00
1.417954104917600489e+03 1.431764779362195213e+03 1.350363624132880247e+00
1.417974938140921950e+03 1.435279648175381453e+03 1.350795726797830110e+00
1.417995771363312087e+03 1.433840065002265874e+03 1.351819405367141735e+00
1.418016604584770903e+03 1.437318834473448078e+03 1.351506358838407973e+00
1.418037437805764966e+03 1.433391832771415011e+03 1.351343390724859983e+00
1.418058271025362046e+03 1.437024444390204508e+03 1.351445893125092113e+00
1.418079104244492555e+03 1.433345104940137389e+03 1.350732449234141486e+00
1.418099937462691969e+03 1.436565603334027401e+03 1.351787702728496354e+00
1.418120770680424812e+03 1.437608860602937057e+03 1.351334436832712038e+00
1.418141603896761353e+03 1.433695102497059224e+03 1.351010689518765240e+00
1.418162437112633143e+03 1.433609093188315228e+03 1.350492814853822887e+00
1.418183270327573155e+03 1.433628985658563579e+03 1.350950819307664252e+00
1.418204103542047051e+03 1.431959217986493968e+03 1.350961805271025273e+00
1.418224936755589624e+03 1.435689525912306408e+03 1.351147053102648377e+00
1.418245769967736123e+03 1.432418600287867093e+03 1.350992909622504623e+00
1.418266603179881940e+03 1.433998147014706319e+03 1.351156493488424593e+00
1.418287436390630319e+03 1.433607103313574726e+03 1.350984085765768894e+00
1.418308269600913491e+03 1.434668602639575283e+03 1.350756277953361950e+00
1.418329102810265795e+03 1.433417880146914058e+03 1.351196415885928204e+00
1.418349936018686549e+03 1.435146871699143276e+03 1.351627943626478645e+00
1.418370769226175980e+03 1.433831933019498592e+03 1.351387850552027370e+00
1.418391602433198841e+03 1.436622922342995935e+03 1.351407389477688126e+00
1.418412435639290834e+03 1.434315280052197750e+03 1.351508608057832239e+00
1.418433268844452414e+03 1.434489449922136373e+03 1.351398832962618313e+00
1.418454102049147878e+03 1.439359078616720581e+03 1.351864819534634554e+00
1.418474935252912474e+03 1.433688974933223562e+03 1.351246482639869351e+00
1.421245744792842515e+03 1.449906401674302742e+03 1.333991390003173905e+00
1.421266577904871156e+03 1.442420798809752796e+03 1.334277767239123502e+00
1.421287411016434362e+03 1.446916380955408385e+03 1.337537287254733975e+00
1.421308244127998023e+03 1.451884421270695384e+03 1.338709359357998396e+00
1.421329077238628997e+03 1.456321288029838115e+03 1.340466857688271674e+00
1.421349910349261336e+03 1.453294668641902945e+03 1.341049097022892544e+00
1.421370743458961897e+03 1.455141641853868350e+03 1.343183531127081443e+00
1.421391576568662458e+03 1.454300771364555658e+03 1.343628057225296546e+00
1.421412409677897813e+03 1.456758871189593037e+03 1.345432292996735057e+00
1.421433242786667506e+03 1.454363141648917917e+03 1.345816154882121696e+00
1.421454075894971083e+03 1.454698643171835101e+03 1.345721949208983137e+00
1.421474909003274661e+03 1.457557817328261081e+03 1.347771150417724106e+00
1.421495742110646916e+03 1.457179131362336875e+03 1.346678359685938853e+00
1.421516575218020080e+03 1.460501442735570663e+03 1.348239186579373472e+00
1.421537408324928037e+03 1.456430523714270294e+03 1.347410096617845721e+00
1.421558241431368515e+03 1.461351876162856115e+03 1.349911822865487832e+00
1.421579074537809902e+03 1.460612771973403824e+03 1.349563222446547694e+00
1.421599907643784945e+03 1.459504801715538861e+03 1.349686042164825350e+00
1.421620740749294782e+03 1.461074855039727709e+03 1.350238570573359498e+00
1.421641573854338958e+03 1.458855536190909561e+03 1.350412839001146281e+00
1.421662406959383134e+03 1.460676026017226377e+03 1.351555487994929194e+00
1.421683240063961421e+03 1.456024924278911612e+03 1.351108805631112242e+00
1.421704073168540162e+03 1.457944187556575571e+03 1.352414606751453086e+00
1.421724906272652333e+03 1.457200422080514500e+03 1.353612414665872343e+00
1.421745739376300207e+03 1.455396184318857877e+03 1.352150100250742559e+00
1.421766572479946944e+03 1.456120576066343347e+03 1.353040339263984482e+00
1.421787405583594136e+03 1.456672559740310362e+03 1.353493430215753524e+00
1.421808238686775439e+03 1.455483373988865424e+03 1.353784575720862859e+00
1.421829071789957652e+03 1.454885006777390117e+03 1.353731872986716933e+00
1.421849904892672839e+03 1.452680617778406486e+03 1.353514920409268241e+00
1.421870737995388936e+03 1.453834210620410886e+03 1.354923853335794570e+00
1.421891571097638916e+03 1.455490444318041682e+03 1.355050541895845395e+00
1.421912404199889352e+03 1.452783101233636899e+03 1.354920026101218644e+00
1.421933237302139332e+03 1.450671067586755953e+03 1.354865079898171176e+00
1.421954070404389540e+03 1.454100298262113711e+03 1.355418927159238729e+00
1.421974903506174087e+03 1.453176980911052851e+03 1.355237253961964816e+00
1.421995736607958406e+03 1.449139084903602679e+03 1.356242549893357241e+00
1.422016569709743180e+03 1.449407434895410915e+03 1.355388759924203379e+00
1.422037402811527500e+03 1.452381320609895283e+03 1.356353383145219471e+00
1.422058235913311819e+03 1.454192675997770266e+03 1.356439951590153292e+00
1.422079069015097502e+03 1.450172116204940039e+03 1.356080898167313364e+00
1.422099902116881822e+03 1.448014950453321489e+03 1.356351493518561213e+00
1.422120735218666596e+03 1.448561378280311146e+03 1.355715374675544815e+00
1.422141568320450915e+03 1.452716442794619297e+03 1.357413883322922787e+00
1.422162401422235462e+03 1.448963574108312741e+03 1.356175878582489336e+00
1.422183234524020008e+03 1.450744865727856222e+03 1.356851098242365605e+00
1.422204067625804328e+03 1.450195521869339473e+03 1.356770267108157180e+00
1.422224900728055218e+03 1.448938968398905899e+03 1.357711782989092120e+00
1.422245733830304971e+03 1.447391563740161700e+03 1.359232445619464436e+00
1.422266566933021522e+03 1.439770907861717660e+03 1.360582714063302223e+00
1.422287400035737392e+03 1.428330171230793439e+03 1.364974361430413730e+00
1.424704045923096146e+03 1.447420378568232309e+03 1.353892924688396837e+00
1.424724879055717338e+03 1.448375336298031016e+03 1.354182839908364411e+00
1.424745712186012042e+03 1.447827862847974984e+03 1.354202250477739566e+00
1.424766545313978440e+03 1.445847449023931404e+03 1.354223509353543742e+00
1.424787378440081511e+03 1.446677204628920663e+03 1.354030626750745370e+00
1.424808211563857185e+03 1.447322311829436330e+03 1.353360297908467125e+00
1.424829044685769531e+03 1.446156274762139219e+03 1.353844056459199363e+00
1.424849877805353572e+03 1.447332592175021773e+03 1.354081865247464656e+00
1.424870710922609305e+03 1.446701300192836925e+03 1.354156958716391523e+00
1.424912377151066494e+03 1.447639322289371421e+03 1.353343605901382141e+00
1.424954043371142461e+03 1.443979811346920769e+03 1.352977034515558064e+00
1.424974876478154329e+03 1.449106582254273235e+03 1.353393417059739257e+00
1.424995709583302414e+03 1.448311946356478529e+03 1.354244459803197298e+00
1.425016542686123103e+03 1.447726152441064187e+03 1.353447542225961309e+00
1.425037375786615485e+03 1.447594566628797793e+03 1.353374347221884433e+00
1.425058208885709973e+03 1.450616957905493791e+03 1.353555697994224261e+00
1.425079041982476610e+03 1.446730729328215375e+03 1.353120908664922961e+00
1.425099875077380148e+03 1.446529595216896951e+03 1.352976682079997106e+00
1.425120708170421040e+03 1.448380133270881743e+03 1.353131524614280989e+00
1.425141541261134989e+03 1.450240201784835563e+03 1.352864030159282471e+00
1.425162374349985384e+03 1.448371845536102683e+03 1.352829223797324287e+00
1.425183207437438341e+03 1.449169923763668976e+03 1.353113640435795295e+00
1.425204040522563901e+03 1.449046244202280832e+03 1.354080808803191038e+00
1.425224873605826360e+03 1.449827964731086695e+03 1.353679432390205717e+00
1.425245706687226630e+03 1.447668480921634000e+03 1.352771284639170402e+00
1.425266539766764026e+03 1.446843252410707919e+03 1.353115798883672172e+00
1.425287372844438551e+03 1.446382798431106266e+03 1.352629312196574674e+00
1.425308205920249975e+03 1.450348564951343178e+03 1.354219812181724603e+00
1.425329038994199436e+03 1.450749636187167198e+03 1.353785280171249994e+00
1.425349872066285570e+03 1.449249161639622344e+03 1.353721393835973785e+00
1.425370705136976085e+03 1.449335134696202658e+03 1.353175176875083263e+00
1.425391538205337383e+03 1.449869084069943483e+03 1.352960822384727813e+00
1.425412371272301698e+03 1.446489327624367661e+03 1.352406497339246894e+00
1.425433204337403822e+03 1.449617856201699396e+03 1.353841414883045546e+00
1.425454037400643301e+03 1.448820019121127643e+03 1.352720877756037776e+00
1.425474870462484432e+03 1.453207017709466754e+03 1.353079677465878872e+00
1.425495703522463373e+03 1.449033171034891438e+03 1.352809176688761772e+00
1.425516536580580578e+03 1.450046273751359422e+03 1.351987253820276402e+00
1.425537369637299889e+03 1.447916618481149499e+03 1.352145427616201712e+00
1.425558202692157465e+03 1.447282304660034924e+03 1.352174036229182752e+00
1.425579035745152396e+03 1.449203097775035303e+03 1.353057035012322773e+00
1.425599868796749888e+03 1.450924679231995924e+03 1.352849623077573504e+00
1.425620701846485645e+03 1.452179507014728642e+03 1.352815036643530089e+00
1.425641534894823508e+03 1.449016713948869437e+03 1.352789746130799609e+00
1.425662367941298044e+03 1.450560815154713737e+03 1.352485297611447868e+00
1.425683200986376505e+03 1.452165035905288732e+03 1.353138572501462855e+00
1.425704034029591639e+03 1.450286996322312234e+03 1.352706777592397991e+00
1.425724867071410472e+03 1.449867185526650246e+03 1.352486840076553731e+00
1.425745700111832321e+03 1.447807473153079172e+03 1.351935142346793128e+00
1.425766533150391979e+03 1.449860355767506462e+03 1.352241037083417474e+00
1.425787366187554653e+03 1.449451565964290239e+03 1.352034822523413338e+00
1.425808199222853546e+03 1.452882271597287627e+03 1.351908424518012852e+00
1.425829032256755909e+03 1.453354383870226911e+03 1.353044964755791391e+00
1.425849865289261970e+03 1.449686286234067211e+03 1.352046505035107593e+00
1.425870698320370138e+03 1.451641619237248506e+03 1.352045535170054436e+00
1.425891531349615434e+03 1.449538365031078911e+03 1.352987034836343749e+00
1.425912364377463973e+03 1.451399989909948999e+03 1.352736828388982238e+00
1.425933197403915983e+03 1.451812192702572702e+03 1.352026710833273748e+00
1.425954030428971691e+03 1.451430092157618446e+03 1.352046372780822958e+00
1.425974863452163845e+03 1.451861201943157766e+03 1.352109324357782416e+00
1.425995696474425586e+03 1.451757963495538888e+03 1.352197530985635998e+00
1.426016529494823317e+03 1.452250311710255346e+03 1.352677343027149703e+00
1.426037362513824974e+03 1.452942072563705324e+03 1.352525489270792747e+00
1.426058195531428510e+03 1.451451964074244188e+03 1.351767772455427563e+00
1.426079028547635517e+03 1.452455439002296771e+03 1.351922621185847051e+00
1.426099861562446677e+03 1.451884317991615944e+03 1.352340209885783739e+00
1.426120694575859488e+03 1.449006589114914732e+03 1.351756087534795592e+00
1.426141527587410110e+03 1.451717555821220685e+03 1.351821918618231866e+00
1.426162360598030318e+03 1.449679213887061223e+03 1.351427677905145286e+00
1.426183193607253088e+03 1.450074820632337151e+03 1.351940873825436595e+00
1.426204026614612303e+03 1.454907429027263561e+03 1.351729630737466437e+00
1.426224859621042015e+03 1.452847896804705442e+03 1.351833117961023678e+00
1.426245692626072469e+03 1.449933006693417838e+03 1.351691355654210502e+00
1.426266525629706393e+03 1.451839993341345462e+03 1.351729410261979902e+00
1.426287358631944016e+03 1.454914095648109424e+03 1.352899804879108991e+00
1.426308191632784656e+03 1.449634123066262191e+03 1.351900444338031582e+00
1.426329024632228993e+03 1.452992051319619350e+03 1.352181573991020125e+00
1.426349857630275437e+03 1.453665903790635411e+03 1.351767066953650787e+00
1.426370690626924898e+03 1.454454327321476512e+03 1.351256142883735523e+00
1.426391523622643945e+03 1.452624802444761599e+03 1.351259362949677190e+00
1.426412356616498982e+03 1.451230439291733774e+03 1.350925096803017089e+00
1.426433189609424062e+03 1.451022524710382413e+03 1.350933303349983072e+00
1.426454022600950566e+03 1.452688779253088796e+03 1.351518134122129400e+00
1.426474855591080996e+03 1.454790136921276371e+03 1.352168085334892744e+00
1.426495688580279875e+03 1.450721775948433333e+03 1.351536524528547334e+00
1.426516521567616110e+03 1.454022194707140670e+03 1.351600999228702804e+00
1.426537354554021476e+03 1.455226601563783561e+03 1.351745372594268302e+00
1.426558187539029404e+03 1.453725202172816125e+03 1.351250761386540322e+00
1.426579020523106465e+03 1.453203786608769178e+03 1.352023139910773608e+00
1.426599853505320880e+03 1.452262228948798338e+03 1.351223456574623283e+00
1.426620686486603972e+03 1.452420098923481191e+03 1.352191095314333014e+00
1.426641519466489399e+03 1.456138229677869504e+03 1.351853488181317564e+00
1.426662352445443048e+03 1.450525560859377265e+03 1.350868840905016910e+00
1.426683185422535644e+03 1.453513195955338915e+03 1.351929190400944947e+00
1.426704018398696007e+03 1.453167927447470220e+03 1.351024983856251360e+00
1.426724851373925503e+03 1.451099327421980433e+03 1.350906124487462057e+00
1.426745684347291899e+03 1.455323137915258030e+03 1.351728440169411183e+00
1.426766517319727882e+03 1.455146881996393859e+03 1.352520465378690195e+00
1.426787350291232087e+03 1.454635979916909037e+03 1.351444261263099467e+00
1.426808183261339309e+03 1.456770694265695056e+03 1.352544659213939626e+00
1.426829016230049092e+03 1.455259919903893888e+03 1.351513503404815797e+00
1.426849849197361436e+03 1.452976659041364201e+03 1.351408492117442073e+00
1.426870682163742458e+03 1.450573091744300427e+03 1.350811700163311313e+00
1.426891515129193067e+03 1.454051319123200301e+03 1.352097862804307438e+00
1.426912348093246692e+03 1.452192845839625761e+03 1.350940936276338489e+00
1.426933181055902878e+03 1.455185393926578854e+03 1.351766361451505860e+00
1.426954014017628651e+03 1.452793459849862529e+03 1.351416960360766195e+00
1.426974846977956986e+03 1.453256699869182967e+03 1.351294518512873744e+00
1.426995679936888337e+03 1.452440392091648846e+03 1.351797006361562081e+00
1.427016512894887910e+03 1.452366288858962662e+03 1.351598397368073412e+00
1.427037345851956161e+03 1.452559621771427601e+03 1.351418724571446184e+00
1.427058178807626973e+03 1.455367408131358843e+03 1.351544506857289329e+00
1.427079011761901711e+03 1.453173911017650880e+03 1.351136686247889074e+00
1.427099844715245126e+03 1.453528231547836185e+03 1.352352374582098893e+00
1.427120677667657674e+03 1.453232346921563021e+03 1.351134083493138460e+00
1.427141510618671873e+03 1.454803687754201519e+03 1.351541640280569556e+00
1.427162343568290453e+03 1.453892505240285345e+03 1.351711287054004895e+00
1.427183176516977028e+03 1.453232285697917632e+03 1.351472840615227877e+00
1.427204009464732508e+03 1.455834169070340977e+03 1.351558310441596467e+00
1.427224842411090322e+03 1.452646258215505213e+03 1.351014616064807772e+00
1.427245675356516585e+03 1.453032438244554896e+03 1.351071704108045557e+00
1.427266508300547002e+03 1.452256771122601094e+03 1.351237175216299047e+00
1.427287341243646097e+03 1.450351195072225892e+03 1.351058116137213716e+00
1.427308174185347525e+03 1.455585124333062140e+03 1.351701277294826919e+00
1.427329007126118540e+03 1.453530036452438935e+03 1.351096629738234078e+00
1.427349840065956869e+03 1.452234414078539658e+03 1.350888828562968991e+00
1.427370673004399578e+03 1.454974589003643814e+03 1.351779589555452743e+00
1.427391505941444848e+03 1.451242670505124124e+03 1.350906742194955656e+00
1.427412338878024457e+03 1.454597303080457323e+03 1.351638791792087124e+00
1.427433171813206627e+03 1.455940476394798679e+03 1.352385033605961961e+00
1.427454004746991359e+03 1.451944392522267890e+03 1.351116525796203227e+00
1.427474837680310884e+03 1.452507313820303807e+03 1.350825202363613808e+00
1.427495670611768674e+03 1.451796789207377515e+03 1.351096850316979570e+00
1.427516503542759892e+03 1.453755449134295077e+03 1.351250629054372210e+00
1.427537336472354582e+03 1.452744445242732809e+03 1.351065042490070534e+00
1.427558169401017949e+03 1.456435921771339281e+03 1.351704231724849770e+00
1.427620668180022449e+03 1.456942395073837588e+03 1.353307710782426287e+00
1.427641501104494182e+03 1.454526535107127302e+03 1.351222883123546437e+00
1.427662334027569614e+03 1.454380495790276882e+03 1.351125481132444905e+00
1.427683166949713495e+03 1.453685586606763309e+03 1.351171624436455776e+00
1.427703999870460848e+03 1.454443041350712519e+03 1.351793302553226495e+00
1.427724832790277560e+03 1.453131596448025675e+03 1.350912566280293658e+00
1.427745665709161585e+03 1.453788253419440480e+03 1.351244585871546722e+00
1.427766498627114515e+03 1.455328231916505729e+03 1.351068615944856388e+00
1.427787331543670916e+03 1.455545473657692128e+03 1.350840337022482629e+00
1.427808164459294858e+03 1.455807356267768228e+03 1.350923199583451639e+00
1.427828997373987931e+03 1.456566682986960132e+03 1.351305854553422003e+00
1.427849830287750137e+03 1.458026347971697987e+03 1.351065395424297266e+00
1.427870663200114905e+03 1.454557233632256839e+03 1.350427492767851900e+00
1.427891496111548349e+03 1.458569259084528085e+03 1.352217675320425139e+00
1.427912329022051381e+03 1.457001656568298131e+03 1.351366635281245676e+00
1.427933161931157883e+03 1.454775733715200204e+03 1.350418444527069051e+00
1.427953994839797360e+03 1.452475907221734360e+03 1.351162184156397661e+00
1.427974827747040308e+03 1.455620474328705996e+03 1.350561840976065575e+00
1.427995660653351933e+03 1.455082879435460882e+03 1.350406174132958270e+00
1.428016493558266120e+03 1.457306289010497039e+03 1.350465759535319332e+00
1.428037326462714645e+03 1.453096356739448993e+03 1.349903919191730584e+00
1.428058159365766187e+03 1.454271752660798484e+03 1.349944717546885053e+00
1.428078992267886861e+03 1.453012199115697285e+03 1.349979995649968956e+00
1.428099825168610096e+03 1.456022433536763856e+03 1.350774060964345269e+00
1.428120658068869034e+03 1.457056589398039250e+03 1.350275871558719532e+00
1.428141490967730533e+03 1.456110506233448632e+03 1.351615551916142799e+00
1.428162323865660028e+03 1.457884014734008588e+03 1.350801948490268023e+00
1.428183156762658655e+03 1.455639610150199815e+03 1.351180932311563554e+00
1.428203989658724367e+03 1.458844220930534220e+03 1.351189843108227207e+00
1.428224822553859667e+03 1.452868276032633275e+03 1.348900085527042769e+00
1.428245655447597983e+03 1.458057421853334063e+03 1.350757469378288445e+00
1.428266488340405886e+03 1.457359289740777513e+03 1.349996817549733663e+00
1.428287321232748582e+03 1.457429308236075485e+03 1.349712141571185242e+00
1.428308154123226814e+03 1.456416942279325212e+03 1.350301253296889881e+00
1.428328987013240294e+03 1.455819637012790281e+03 1.349285964749429967e+00
1.428349819902322906e+03 1.457953549782082291e+03 1.349571834765297851e+00
1.428370652790008080e+03 1.460101283784385942e+03 1.350512278458990467e+00
1.428391485676761022e+03 1.461546994734893360e+03 1.350103616270185602e+00
1.428412318563048984e+03 1.454504052027882608e+03 1.348843082330684950e+00
1.428433151447940418e+03 1.454073620810076363e+03 1.349690458343506982e+00
1.428453984331434640e+03 1.459174837317619676e+03 1.349677430574834913e+00
1.428474817214462973e+03 1.456196299766705579e+03 1.349371440577086023e+00
1.428495650096559984e+03 1.457017464451751266e+03 1.349704987469398043e+00
1.428516482977261148e+03 1.458664119990434983e+03 1.350271236581101375e+00
1.428537315857495514e+03 1.455860438727557721e+03 1.349822142152419469e+00
1.428558148736332896e+03 1.457423524659967370e+03 1.349811897595279975e+00
1.428578981614239638e+03 1.456122712975467721e+03 1.349194033539373727e+00
1.428599814491213692e+03 1.456792285222804594e+03 1.348970165225343631e+00
1.428620647367256879e+03 1.460809480652080083e+03 1.349827661816922486e+00
1.428641480242369653e+03 1.458956341668190362e+03 1.349822274624631779e+00
1.428662313116084988e+03 1.458512955302270484e+03 1.349552048433128704e+00
1.428683145989334662e+03 1.456991941752547291e+03 1.350119818562448115e+00
1.428703978861653013e+03 1.460976479377077794e+03 1.349600056286230032e+00
1.428724811732574835e+03 1.459473384132977117e+03 1.349467379087758712e+00
1.428745644602564880e+03 1.459288974411031631e+03 1.349230391513452698e+00
1.428766477472088809e+03 1.461046632258135560e+03 1.349657424976768549e+00
1.428787310340216663e+03 1.459505978598429920e+03 1.349588396762269937e+00
1.428808143207411376e+03 1.459391034893469850e+03 1.349104305111790358e+00
1.428828976073677040e+03 1.459500500502028217e+03 1.349957831042042589e+00
1.428849808939010018e+03 1.459681345402630996e+03 1.350136506278734716e+00
1.428870641803412127e+03 1.459470064447435107e+03 1.349318874688453684e+00
1.428891474666883823e+03 1.458402106487211995e+03 1.348675505496176097e+00
1.428912307528957626e+03 1.458159701325761262e+03 1.349545467646759533e+00
1.428933140390564859e+03 1.463717939606415030e+03 1.349630573730039362e+00
1.428953973251243042e+03 1.458803121523866139e+03 1.348917583699436262e+00
1.428974806110521968e+03 1.460678616018358298e+03 1.349023098170291757e+00
1.428995638969335459e+03 1.458033797960669972e+03 1.349080314668826830e+00
1.429016471826752422e+03 1.457595362493326547e+03 1.348883515078778572e+00
1.429037304683703951e+03 1.464027465584870015e+03 1.351066365992945162e+00
1.429058137539258951e+03 1.461807667947306754e+03 1.349149103802382399e+00
1.429078970394348289e+03 1.461006063702307983e+03 1.349698186621430374e+00
1.429099803248040189e+03 1.458583484120954381e+03 1.348651065468101207e+00
1.429120636101266882e+03 1.460399683247365147e+03 1.348930353687026296e+00
1.429141468953096137e+03 1.458554290137690941e+03 1.348746303945714820e+00
1.429162301803994069e+03 1.463046648789462324e+03 1.349569538152338266e+00
1.429183134653960678e+03 1.459797128222436413e+03 1.348708518718800375e+00
1.429203967503460490e+03 1.458001751465904363e+03 1.348795180107591252e+00
1.429224800351565136e+03 1.462121570527746144e+03 1.348857532206061416e+00
1.429245633198737323e+03 1.459060984913813627e+03 1.349643116155195832e+00
1.429266466044978642e+03 1.458408705914902612e+03 1.348544593704530392e+00
1.429287298890754982e+03 1.460966072200900044e+03 1.349232423643481837e+00
1.429308131735133429e+03 1.461041125549840217e+03 1.348799245675985858e+00
1.429328964578581008e+03 1.461989601706864960e+03 1.349656453394919131e+00
1.429349797421097492e+03 1.459917585719788349e+03 1.348726505502693795e+00
1.429370630263147405e+03 1.459448342304326161e+03 1.349109297544452524e+00
1.429391463103800106e+03 1.458469269502409816e+03 1.347766860624354690e+00
1.429412295943522622e+03 1.461550178839737782e+03 1.348453982220430669e+00
1.429433128782313361e+03 1.458420638065718322e+03 1.348566648944427460e+00
1.429453961620637983e+03 1.462747509461262325e+03 1.348843833551262250e+00
1.429474794457566986e+03 1.461275474147119894e+03 1.349102007702942529e+00
1.429495627293563302e+03 1.463411952232562044e+03 1.349076382492915283e+00
1.429516460128628978e+03 1.459088783315407454e+03 1.348078962732850661e+00
1.429537292963229447e+03 1.457746600333681499e+03 1.348109735677480270e+00
1.429558125796431568e+03 1.459977204776299004e+03 1.348961725807588108e+00
1.429578958629168028e+03 1.460837964873707961e+03 1.348672014090709803e+00
1.429599791460509095e+03 1.463820564704460594e+03 1.349032509236025357e+00
1.429620624291383592e+03 1.458827789512869003e+03 1.347923053370600366e+00
1.429641457120861105e+03 1.461473395375071277e+03 1.348693492720348663e+00
1.429662289949872957e+03 1.461601007568503292e+03 1.348676698759263104e+00
1.429683122777488506e+03 1.460611336524454373e+03 1.348745331707530415e+00
1.429703955604637031e+03 1.463223419695906159e+03 1.349172341984920420e+00
1.429724788430855824e+03 1.465301196123133423e+03 1.349060521127655843e+00
1.429745621255677179e+03 1.461415713991320445e+03 1.349015719495372467e+00
1.429766454080031963e+03 1.459357425525407734e+03 1.348599797424115732e+00
1.429787286903454969e+03 1.459365613958533231e+03 1.347820283056686330e+00
1.429808119725948018e+03 1.462289599704000238e+03 1.349056235434288986e+00
1.429828952547509516e+03 1.463925925337147874e+03 1.349368216005899290e+00
1.429849785368139010e+03 1.461645724174545194e+03 1.347831604094937186e+00
1.429870618187839000e+03 1.460145389540720544e+03 1.347700123832930696e+00
1.429891451006605621e+03 1.461923611380938382e+03 1.348555068883484864e+00
1.429912283824442056e+03 1.459705331855684108e+03 1.348039036443089866e+00
1.429933116641812830e+03 1.460822672652291885e+03 1.348320617560809564e+00
1.429953949457786621e+03 1.459499816047450622e+03 1.347259286106291309e+00
1.429974782272827497e+03 1.461172158909045493e+03 1.347990972995246839e+00
1.429995615087404076e+03 1.461050783257567218e+03 1.348362568953672236e+00
1.430016447901049105e+03 1.461632796200951134e+03 1.347938043738316605e+00
1.430037280713297605e+03 1.463210623299249391e+03 1.347921373024005165e+00
1.430058113525079989e+03 1.461270387830680647e+03 1.347629668485019083e+00
1.430078946335931505e+03 1.462658890551557761e+03 1.347832090543668704e+00
1.430099779145851016e+03 1.460184650674960039e+03 1.347764605160508777e+00
1.430120611954839433e+03 1.461428158198530809e+03 1.347858800731814410e+00
1.430141444762896299e+03 1.459973864971797866e+03 1.347823024879363896e+00
1.430162277570022070e+03 1.460593985511657593e+03 1.348453142378197800e+00
1.430183110376216518e+03 1.460849471267489662e+03 1.347923893543112372e+00
1.430203943181945533e+03 1.460252033994217527e+03 1.347569471136076169e+00
1.430224775986278019e+03 1.459629986799948256e+03 1.347620380311249422e+00
1.430245608790145070e+03 1.460215736623467592e+03 1.347309233727556954e+00
1.430266441593079435e+03 1.459187986893825610e+03 1.347086069867490910e+00
1.430287274394616816e+03 1.460133007669920062e+03 1.347132218796671665e+00
1.430308107195689900e+03 1.462535037676075490e+03 1.347115626602431782e+00
1.430328939995830979e+03 1.461465624015458616e+03 1.347415449218149597e+00
1.430349772795505487e+03 1.464450438212003291e+03 1.347488746737624421e+00
1.430370605588660965e+03 1.461463453346735378e+03 1.346996555020940400e+00
1.430391438386474420e+03 1.461156447342245201e+03 1.346989519246992062e+00
1.430412271182889981e+03 1.459091930340255658e+03 1.347002263263367139e+00
1.430433103978839881e+03 1.460644099954452258e+03 1.347318037412160940e+00
1.430453936773858914e+03 1.459240661591632715e+03 1.346583948750243787e+00
1.430474769567480962e+03 1.458917039138131940e+03 1.347549920794024692e+00
1.430495602360637349e+03 1.463745519825846714e+03 1.346773383606565178e+00
1.430516435153327620e+03 1.461926456988369409e+03 1.347025494232996223e+00
1.430537267944620453e+03 1.462512642263261569e+03 1.347490914195610401e+00
1.430558100734982872e+03 1.465137307494448123e+03 1.347641477642088859e+00
1.430620599101412608e+03 1.461191430209628834e+03 1.347317108382832362e+00
1.430641431888515399e+03 1.466267634817837234e+03 1.348461761786777124e+00
1.430662264674686412e+03 1.463352391160313118e+03 1.348025550552029106e+00
1.430683097460391991e+03 1.463558460901817398e+03 1.348586449734284320e+00
1.430703930244701041e+03 1.463873665071433834e+03 1.347590790416559381e+00
1.430724763028543293e+03 1.465708769064527814e+03 1.347794766149110535e+00
1.430745595810988561e+03 1.463048327697873447e+03 1.347463975541604242e+00
1.430766428592968623e+03 1.463926518772434520e+03 1.348090281598752327e+00
1.430787261374017817e+03 1.459713072677176342e+03 1.346303332590890189e+00
1.430808094154136143e+03 1.463724173208434649e+03 1.347922920711734696e+00
1.430828926933787443e+03 1.461105394450442873e+03 1.347094786516926490e+00
1.430849759712041987e+03 1.462515590576798331e+03 1.347856058981912630e+00
1.430870592489832006e+03 1.461992324462745273e+03 1.347289104483811562e+00
1.430891425266690476e+03 1.462883517082145090e+03 1.347233183424012548e+00
1.430912258042617850e+03 1.462394581215372227e+03 1.347530370168331659e+00
1.430933090817612083e+03 1.460932515864030620e+03 1.346650829379431480e+00
1.430953923591674993e+03 1.461680102059449382e+03 1.347081069936521436e+00
1.430974756364807945e+03 1.464949474542600001e+03 1.347396958326949612e+00
1.430995589137476145e+03 1.461077175313863108e+03 1.347566463409606508e+00
1.431016421909211658e+03 1.461388288793185211e+03 1.347428100734343381e+00
1.431037254680015394e+03 1.462101002085571054e+03 1.346706641842399854e+00
1.431058087449889172e+03 1.464894557020978027e+03 1.347237474916684885e+00
1.431078920218831172e+03 1.461378725498263975e+03 1.346829058224291442e+00
1.431099752987307966e+03 1.461083567658267384e+03 1.346303465409342870e+00
1.431120585754851618e+03 1.463380114056613593e+03 1.347165225594117333e+00
1.431141418521463947e+03 1.463544518236245267e+03 1.346587888204319627e+00
1.431162251287147001e+03 1.460763653402457521e+03 1.346678271164954976e+00
1.431183084051897822e+03 1.462818599192971533e+03 1.346889598439841240e+00
1.431203916816183437e+03 1.465478532101968540e+03 1.346763735465859035e+00
1.431224749579071613e+03 1.463574659284296558e+03 1.347212079699288800e+00
1.431245582341493446e+03 1.463716204019791121e+03 1.346946595804888736e+00
1.431266415102984865e+03 1.459740742397462327e+03 1.346180779847885089e+00
1.431287247863545417e+03 1.462349956691990201e+03 1.346415028281723325e+00
1.431308080623639853e+03 1.462498685556599639e+03 1.346527201627429227e+00
1.431328913382802057e+03 1.465053307932257439e+03 1.347039476871092045e+00
1.431349746140566822e+03 1.463833781478192805e+03 1.346706509063710477e+00
1.431370578898332951e+03 1.462913724887430590e+03 1.346106658360009867e+00
1.431391411654703006e+03 1.460763187855020988e+03 1.347205266266834345e+00
1.431412244410140829e+03 1.463534820358293473e+03 1.347122528980059908e+00
1.431433077165112536e+03 1.460884217161845299e+03 1.346262822351340871e+00
1.431453909919152920e+03 1.462029318290288302e+03 1.346479039946617107e+00
1.431474742672261982e+03 1.465413157249285632e+03 1.346796264471272764e+00
1.431495575424441085e+03 1.461232762518279060e+03 1.345686426598932783e+00
1.431516408176152709e+03 1.464957451079757675e+03 1.346912388824735629e+00
1.431537240926932554e+03 1.462717970434817289e+03 1.346282258563749501e+00
1.431558073676781987e+03 1.460016430075001608e+03 1.345579853142111260e+00
1.431578906425701007e+03 1.467592814831405803e+03 1.346958632207068352e+00
1.431599739174153910e+03 1.463229509677161559e+03 1.346864816224437877e+00
1.431620571921209830e+03 1.462992404374875605e+03 1.346480854894133161e+00
1.431641404667800998e+03 1.467653341513004989e+03 1.346985934970662324e+00
1.431662237413459025e+03 1.462256558256158996e+03 1.346062068378191423e+00
1.431683070158651844e+03 1.464637052321464125e+03 1.346128576429265200e+00
1.431703902902447680e+03 1.464266520534157507e+03 1.346817728758872068e+00
1.431724735645777855e+03 1.463757074086212697e+03 1.346105329980706200e+00
1.431745568388177162e+03 1.463113905352675602e+03 1.346781482680492026e+00
1.431766401130110808e+03 1.464265037747589531e+03 1.347300429985426762e+00
1.431787233870647469e+03 1.464708554851135204e+03 1.347115051402699715e+00
1.431808066610718015e+03 1.465574847435024822e+03 1.346741296632784080e+00
1.431828899349858148e+03 1.463889860711637994e+03 1.346388466531536654e+00
1.431849732088532164e+03 1.463887248409593212e+03 1.346404093758019727e+00
1.431870564825809197e+03 1.465425803679582941e+03 1.346870303754297282e+00
1.431891397562621023e+03 1.465895259338905589e+03 1.346273049641596442e+00
1.431912230298500617e+03 1.466526699967195327e+03 1.346405997345453409e+00
1.431933063033913641e+03 1.463352114193872012e+03 1.346121314724640028e+00
1.431953895767930135e+03 1.467148935143104609e+03 1.346663222513106550e+00
1.431974728501481877e+03 1.464094828656259551e+03 1.346876012531793787e+00
1.431995561234102979e+03 1.465483048783462664e+03 1.346071942950355371e+00
1.432016393966257965e+03 1.465390242342073407e+03 1.347222078570241344e+00
1.432037226697016195e+03 1.465301861536162960e+03 1.346528529590547363e+00
1.432058059427307398e+03 1.463465620869712438e+03 1.346406572848101169e+00
1.432078892156668189e+03 1.463106568856119566e+03 1.345892905264193251e+00
1.432099724885562409e+03 1.463255351950725299e+03 1.345880283603622996e+00
1.432120557613525534e+03 1.465788451662894886e+03 1.346197029353848107e+00
1.432141390340558019e+03 1.465426950068684619e+03 1.346600636021667796e+00
1.432162223066659863e+03 1.466343710461505225e+03 1.346435790351576012e+00
1.432183055791830157e+03 1.466900316876781062e+03 1.347061158522887991e+00
1.432203888516533880e+03 1.464594535675807947e+03 1.346665612604339257e+00
1.432224721240306508e+03 1.466284154850327923e+03 1.346524368635066304e+00
1.432245553963613020e+03 1.465969510589003221e+03 1.347453005295018214e+00
1.432266386685988891e+03 1.464092892442815355e+03 1.345819476541491921e+00
1.432287219407433440e+03 1.462915979355147101e+03 1.345851541205065560e+00
1.432308052127945984e+03 1.463343386079238144e+03 1.345920672500812376e+00
1.432328884847994004e+03 1.464361130615006459e+03 1.345812567480793698e+00
1.432349717566644813e+03 1.463107639252567651e+03 1.345951450506769564e+00
1.432370550285294939e+03 1.466487203940650033e+03 1.346346630712357717e+00
1.432391383002548537e+03 1.465875878354868064e+03 1.346463900532999025e+00
1.432412215719336018e+03 1.464735976581000614e+03 1.345838431987414818e+00
1.432433048435193086e+03 1.466277782049359303e+03 1.346343885883010794e+00
1.432453881150117923e+03 1.467462664820662440e+03 1.346540702524772648e+00
1.432474713864578007e+03 1.463403870399106609e+03 1.345901142494628777e+00
1.432495546578105859e+03 1.466472600015034232e+03 1.346405997345453409e+00
1.432516379290701934e+03 1.467023433435291054e+03 1.347159031350609215e+00
1.432537212002834167e+03 1.464616046258789311e+03 1.346071854389491840e+00
1.432558044714034168e+03 1.463968264288893806e+03 1.345936305158698998e+00
1.432578877424302391e+03 1.465355808577901371e+03 1.345867528963225368e+00
1.432599710134104953e+03 1.464103151801823515e+03 1.347061733745632539e+00
1.432620542842977102e+03 1.462730036376080079e+03 1.345104555015573800e+00
1.432641375550917019e+03 1.463619590432410178e+03 1.346523040667844340e+00
1.432662208258392184e+03 1.463536350797156274e+03 1.345527404917163938e+00
1.432683040964935117e+03 1.463621069751646019e+03 1.345860974448224612e+00
1.432703873670546500e+03 1.464380999008052868e+03 1.345376959307614806e+00
1.432724706375693131e+03 1.465375014279986999e+03 1.345974345343912804e+00
1.432745539079908440e+03 1.462694105773598494e+03 1.345459095126503746e+00
1.432766371783191971e+03 1.461145608368927469e+03 1.345497591796897208e+00
1.432787204485544407e+03 1.463427279352700680e+03 1.345448152833884414e+00
1.432808037187430500e+03 1.462403372708107781e+03 1.345964912895317722e+00
1.432828869888851841e+03 1.462479607164117851e+03 1.345273950181745670e+00
1.432849702588875971e+03 1.463638237159510936e+03 1.345705029578999623e+00
1.432870535288434439e+03 1.464109049024963724e+03 1.345423211162232846e+00
1.432891367987526337e+03 1.461896049065358284e+03 1.345113993497324190e+00
1.432912200685222615e+03 1.462742040584202186e+03 1.345820406604646413e+00
1.432933033382453004e+03 1.462027435122325414e+03 1.344761622906119669e+00
1.432953866079217505e+03 1.463707998734264493e+03 1.345057140044178867e+00
1.432974698775050911e+03 1.465409157140853040e+03 1.345252771414053861e+00
1.432995531469952994e+03 1.466106553546446094e+03 1.344934473745969861e+00
1.433016364163923981e+03 1.459957783205725491e+03 1.344628202321947796e+00
1.433037196857427944e+03 1.462703343570907919e+03 1.345047612535174242e+00
1.433058029550466927e+03 1.468650805095568330e+03 1.345902559647470520e+00
1.433078862242108698e+03 1.465570255520824048e+03 1.345213292946587869e+00
1.433099694933284809e+03 1.464770209879845652e+03 1.344588173565084199e+00
1.433120527623996168e+03 1.462306118957693343e+03 1.345342180764249163e+00
1.433141360313775522e+03 1.464797239569370731e+03 1.344958671090842106e+00
1.433162193002624008e+03 1.464542930164858262e+03 1.345641512629942804e+00
1.433183025690540944e+03 1.464439652002149160e+03 1.344899639441085704e+00
1.433203858377992447e+03 1.464061627003629610e+03 1.345180769971706214e+00
1.433224691064977833e+03 1.464122305433734937e+03 1.344974758095686562e+00
1.433245523751033033e+03 1.462241344376743655e+03 1.344577445833083029e+00
1.433266356436155547e+03 1.462861599254275689e+03 1.344420775729735951e+00
1.433287189120346511e+03 1.463169852413323042e+03 1.344615480133057206e+00
1.433308021804073178e+03 1.464329709300364584e+03 1.346250425531714923e+00
1.433328854487333047e+03 1.467199507838108048e+03 1.345414173568505900e+00
1.433349687169662047e+03 1.464537934403892450e+03 1.344801070310698954e+00
1.433370519851060180e+03 1.464723120883741331e+03 1.344136958628595391e+00
1.433391352531992652e+03 1.461706400548129523e+03 1.344289538275394991e+00
1.433412185211992437e+03 1.467702988219787358e+03 1.345588225177996700e+00
1.433433017891061354e+03 1.461682719846389318e+03 1.344120861596613814e+00
1.433453850569664610e+03 1.462622287892166923e+03 1.344575539656871488e+00
1.433474683247801977e+03 1.463726723492774681e+03 1.344941475952800669e+00
1.433495515924543497e+03 1.464154816639065530e+03 1.344610914300723881e+00
1.433516348601285017e+03 1.464421433283180022e+03 1.344350813573166326e+00
1.433537181276628871e+03 1.464348508689892924e+03 1.344165338601112314e+00
1.433558013951973408e+03 1.464367357196283820e+03 1.344423879163120894e+00
1.433620511972418171e+03 1.469207405633645749e+03 1.346312984031001303e+00
1.433641344644503079e+03 1.466271481786163122e+03 1.345467335012815013e+00
1.433662177315655299e+03 1.461881438124813940e+03 1.344952466684940839e+00
1.433683009986342995e+03 1.462027991409790957e+03 1.345326541202653381e+00
1.433703842656564575e+03 1.462930105401496121e+03 1.345217812425830495e+00
1.433724675325389398e+03 1.466405797710862316e+03 1.346846583303381806e+00
1.433745507994214449e+03 1.464685039583198659e+03 1.346476295387190270e+00
1.433766340662108178e+03 1.464254913386942917e+03 1.345293888047476294e+00
1.433787173329070811e+03 1.461601814606503694e+03 1.344739062016389708e+00
1.433808005995566873e+03 1.461423056364065587e+03 1.345781697718626546e+00
1.433828838661132977e+03 1.459880187143500052e+03 1.345123033107896715e+00
1.433849671326231601e+03 1.461372704079258256e+03 1.346624139493537875e+00
1.433870503990398902e+03 1.465597578862378441e+03 1.345575556362725855e+00
1.433891336654101906e+03 1.465963660738331328e+03 1.344985349710082767e+00
1.433912169317339021e+03 1.468030305417356431e+03 1.345516817569708090e+00
1.433933001979644814e+03 1.467051204625276569e+03 1.345327250081900017e+00
1.433953834641019512e+03 1.468862734689500712e+03 1.345982094958787290e+00
1.433974667301928093e+03 1.465093233375926729e+03 1.345012781160456194e+00
1.433995499961905807e+03 1.465596304067928941e+03 1.344849469365620331e+00
1.434016332621417405e+03 1.464745415945474633e+03 1.345056785533424781e+00
1.434037165280462887e+03 1.464861454709711779e+03 1.344854832157369451e+00
1.434057997938577046e+03 1.465709406584654971e+03 1.345102295087581057e+00
1.434078830596225998e+03 1.465440423841704842e+03 1.345159058011279329e+00
1.434099663252944083e+03 1.464473612813608497e+03 1.344858156191106602e+00
1.434120495909196052e+03 1.465696564124800716e+03 1.344915018055875544e+00
1.434141328564517153e+03 1.464957342168520199e+03 1.345095515280820830e+00
1.434162161219372138e+03 1.462022240303964281e+03 1.344098556024289293e+00
1.434182993873296027e+03 1.467322879073248941e+03 1.345236997889261321e+00
1.434203826526754028e+03 1.466603381868535280e+03 1.344887983486212191e+00
1.434224659179747050e+03 1.467701327028621336e+03 1.344579352006592510e+00
1.434245491831807612e+03 1.468395497625599774e+03 1.345149752778101115e+00
1.434266324483402059e+03 1.468012960800064775e+03 1.344683300865473274e+00
1.434287157134531981e+03 1.464109813463275032e+03 1.344221697676265759e+00
1.434307989784731035e+03 1.468067962740665052e+03 1.344819065034534189e+00
1.434328822434463518e+03 1.464429840764634946e+03 1.345434419466200016e+00
1.434349655083265134e+03 1.468343016381239977e+03 1.345549332422057764e+00
1.434370487731600861e+03 1.465963040924242023e+03 1.345298761703044965e+00
1.434391320379006174e+03 1.466595018653750685e+03 1.344262003386194060e+00
1.434412153026410124e+03 1.463232620253252890e+03 1.343979128442781779e+00
1.434432985672882296e+03 1.464649976524127169e+03 1.345369339117701291e+00
1.434453818318424055e+03 1.467957645863392827e+03 1.345303635340957760e+00
1.434474650963500608e+03 1.465122676728152555e+03 1.345585345912272413e+00
1.434495483608111044e+03 1.464747688259073357e+03 1.345887679468210196e+00
1.434516316252255820e+03 1.469686606999376636e+03 1.344849336403569851e+00
1.434537148895470182e+03 1.466829163471753191e+03 1.344573722137501592e+00
1.434557981538217518e+03 1.467468073678701330e+03 1.345407129519532230e+00
1.434578814180500103e+03 1.467578767923669602e+03 1.344535952642397003e+00
1.434599646821850911e+03 1.466014701518143056e+03 1.344544641493450099e+00
1.434620479462735602e+03 1.464163391403835931e+03 1.343856585511560731e+00
1.434641312103155087e+03 1.466919286632138210e+03 1.344833247898420625e+00
1.434662144743108911e+03 1.467990974151109185e+03 1.345038173587611574e+00
1.434682977382132094e+03 1.466043286669028248e+03 1.344197398380531094e+00
1.434703810020690071e+03 1.467676487431800979e+03 1.344705330785660014e+00
1.434724642658781022e+03 1.465593780854859688e+03 1.344429731332297706e+00
1.434745475295941105e+03 1.466780347499740174e+03 1.344484926674793579e+00
1.434766307933100961e+03 1.467886093813882553e+03 1.344756968922525608e+00
1.434787140569329949e+03 1.469815145516878374e+03 1.344969262831922974e+00
1.434807973205092821e+03 1.468437789790107445e+03 1.345399376592807839e+00
1.434828805840389577e+03 1.465546429204877313e+03 1.343864923929940947e+00
1.434849638474755011e+03 1.466439436471015597e+03 1.344696642972912137e+00
1.434870471108655465e+03 1.464224240741277299e+03 1.343776347766991064e+00
1.434891303742555920e+03 1.467767983390052905e+03 1.344304569160513108e+00
1.434912136375524824e+03 1.466193158290085421e+03 1.344223382647640630e+00
1.434932969008028522e+03 1.470872372113037954e+03 1.344832538758778728e+00
1.434953801640066104e+03 1.466403654815246227e+03 1.344591498258041584e+00
1.434974634271172818e+03 1.469842849229614558e+03 1.344858998278348983e+00
1.434995466902279077e+03 1.468230414807737588e+03 1.344502083319613517e+00
1.435016299532453559e+03 1.469488696580761371e+03 1.344165072541652517e+00
1.435037132162628950e+03 1.469811883792800245e+03 1.344605107248852072e+00
1.435057964791873019e+03 1.467383862725911740e+03 1.344238414272491688e+00
1.435078797420651426e+03 1.469828381985962096e+03 1.344551202425405378e+00
1.435099630049429834e+03 1.470612009375881826e+03 1.344848893196639583e+00
1.435120462677276009e+03 1.465371856058278127e+03 1.343624463981871520e+00
1.435141295304657433e+03 1.469088503596742612e+03 1.344635383434654496e+00
1.435162127931573195e+03 1.465743482154161711e+03 1.344477168430187053e+00
1.435182960558022842e+03 1.465105788533493978e+03 1.343589906248930932e+00
1.435203793184472943e+03 1.470831125546292697e+03 1.344868172563088438e+00
1.435224625809990357e+03 1.470189987210808567e+03 1.345880505037284625e+00
1.435245458435043020e+03 1.469125572590442971e+03 1.344061482723359235e+00
1.435266291060095455e+03 1.468364646190609392e+03 1.344402553997774863e+00
1.435287123684217022e+03 1.463407287079921161e+03 1.342886225731843242e+00
1.435307956308339499e+03 1.470776535806603988e+03 1.345125071443063591e+00
1.435328788931530198e+03 1.466818857511041188e+03 1.343794223146416833e+00
1.435349621554720443e+03 1.468108811638925999e+03 1.344087469618027386e+00
1.435370454177445026e+03 1.467184930906572617e+03 1.343833565885862891e+00
1.435391286800169837e+03 1.466692343480792715e+03 1.343935620994089808e+00
1.435412119421961961e+03 1.467646726229084834e+03 1.343714735766043056e+00
1.435432952043754995e+03 1.469746312446073716e+03 1.343896724763415040e+00
1.435453784664616478e+03 1.467618028177219458e+03 1.343326102529963650e+00
1.435474617285944078e+03 1.467823762549623552e+03 1.344391248419485985e+00
1.435495449906340127e+03 1.464079069110533283e+03 1.343256704583857486e+00
1.435516282526737541e+03 1.467875405092482424e+03 1.343012230187554668e+00
1.435537115146668839e+03 1.465177016638279383e+03 1.343642829347310386e+00
1.435557947766133111e+03 1.466192855450603702e+03 1.343968174100599766e+00
1.435578780385597838e+03 1.465518865423196758e+03 1.345486029621518309e+00
1.435599613004596904e+03 1.468919245629966554e+03 1.344813214559605008e+00
1.435620445623595515e+03 1.467182738497502896e+03 1.344064365253515581e+00
1.435641278242128919e+03 1.466730946404118185e+03 1.344535597994222620e+00
1.435662110860197117e+03 1.466556182682888902e+03 1.343457700298431368e+00
1.435682943478264860e+03 1.464078579569658359e+03 1.342999359545409499e+00
1.435703776096333513e+03 1.468823664369955623e+03 1.343586445990516243e+00
1.435724608713936505e+03 1.469055312772660045e+03 1.343541373092486113e+00
1.435745441331072925e+03 1.466000028904114288e+03 1.343952296798380130e+00
1.435766273948675462e+03 1.470481793547460711e+03 1.345031038940098345e+00
1.435787106565346448e+03 1.465433792125966875e+03 1.343436847836570580e+00
1.435807939182482642e+03 1.466275343508736114e+03 1.342554092525100495e+00
1.435828771799152946e+03 1.466511111626169395e+03 1.342931498154562142e+00
1.435849604416288912e+03 1.465807523473127731e+03 1.342433195529836976e+00
1.435870437032494920e+03 1.467336010475897865e+03 1.343268640930910029e+00
1.435891269649167043e+03 1.466717414369836888e+03 1.343670598722657150e+00
1.435912102265837802e+03 1.466725312886879692e+03 1.343404548065201487e+00
1.435932934882042900e+03 1.464734780542045655e+03 1.342671160877614733e+00
1.435953767498714114e+03 1.468108207573210848e+03 1.342770463420001947e+00
1.435974600114918985e+03 1.466042045329996881e+03 1.342666766004422918e+00
1.435995432731123856e+03 1.464886389827008998e+03 1.342417477676727922e+00
1.436016265347794160e+03 1.461166997020599183e+03 1.341831345649838747e+00
1.436037097964466057e+03 1.466519202975198596e+03 1.343395230679141017e+00
1.436057930580671837e+03 1.463987376081487355e+03 1.342002886153640828e+00
1.436078763197343051e+03 1.462939011730140919e+03 1.342398784736133166e+00
1.436099595814479471e+03 1.467377440773185526e+03 1.342933761735635168e+00
1.436120428431150003e+03 1.466852782742983663e+03 1.342698462040347707e+00
