1.711390136718750000e+03 1.164141340317860198e+02 5.601374496646199797e-01
1.711410949707031250e+03 1.147290874248041632e+02 5.640830440425633752e-01
1.711431823730468750e+03 1.153960182412628370e+02 5.600891637066824913e-01
1.711452636718750000e+03 1.155752915574391295e+02 5.601291761678925951e-01
1.711473449707031250e+03 1.143773680247760041e+02 5.605735905358593119e-01
1.711494323730468750e+03 1.156835662166860459e+02 5.607813700210557695e-01
1.711515136718750000e+03 1.143632402175103095e+02 5.619662984860204213e-01
1.711535949707031250e+03 1.150505840890664899e+02 5.609031369195531802e-01
1.711556823730468750e+03 1.156094597690535721e+02 5.625423839283759664e-01
1.711577636718750000e+03 1.156947032622946949e+02 5.614087062222444802e-01
1.711598449707031250e+03 1.147674872006808613e+02 5.620569497607181830e-01
1.711619323730468750e+03 1.148838521103944572e+02 5.633990731996463275e-01
1.711640136718750000e+03 1.153530233505746310e+02 5.611473880923552038e-01
1.711660949707031250e+03 1.144644516003592685e+02 5.629810819140724787e-01
1.711681823730468750e+03 1.139439234919422290e+02 5.618623987552148202e-01
1.711702636718750000e+03 1.163153637203390360e+02 5.635369332961482902e-01
1.711723449707031250e+03 1.166840265462141417e+02 5.624775882070858213e-01
1.711744323730468750e+03 1.155349109218617798e+02 5.628307482754473234e-01
1.711765136718750000e+03 1.162823519376918995e+02 5.621809849512651169e-01
1.711785949707031250e+03 1.163644530195653317e+02 5.654738018635564467e-01
1.711806823730468750e+03 1.152045862595627170e+02 5.620784239369596147e-01
1.711827636718750000e+03 1.146787759002905318e+02 5.620431899498501416e-01
1.711848449707031250e+03 1.136839165822102302e+02 5.617112616834372130e-01
1.711869323730468750e+03 1.160092295044798618e+02 5.623825268467477212e-01
1.711890136718750000e+03 1.147441671087894264e+02 5.618700897969711727e-01
1.711910949707031250e+03 1.146849125167330499e+02 5.623479478684144661e-01
1.711931823730468750e+03 1.151434073400754414e+02 5.632399883845081723e-01
1.711952636718750000e+03 1.155905917848391482e+02 5.635462937602844224e-01
1.711973449707031250e+03 1.144727722452146992e+02 5.632361786861325159e-01
1.711994323730468750e+03 1.166437098143892683e+02 5.627858707073701838e-01
1.712015136718750000e+03 1.148059091577283510e+02 5.651598667053306935e-01
1.712035949707031250e+03 1.159496522028061634e+02 5.640206973999176698e-01
1.712056823730468750e+03 1.147605472813541354e+02 5.628945238665339357e-01
1.712077636718750000e+03 1.147149033264675495e+02 5.643274239883950827e-01
1.712098449707031250e+03 1.142756014062938590e+02 5.627776361455651966e-01
1.712119323730468750e+03 1.155931679505608827e+02 5.717229255300684265e-01
1.712140136718750000e+03 1.155971118830926514e+02 5.640134848223734565e-01
1.712160949707031250e+03 1.166463593738371998e+02 5.632881629720696282e-01
1.712181823730468750e+03 1.154198707203173058e+02 5.653154326911631333e-01
1.712202636718750000e+03 1.166099505237951632e+02 5.644388164039849665e-01
1.712223449707031250e+03 1.167023941267144380e+02 5.653385490796917212e-01
1.712244323730468750e+03 1.158841833651908502e+02 5.654295557315126564e-01
1.712265136718750000e+03 1.159468593062468500e+02 5.647320701603382176e-01
1.712285949707031250e+03 1.172497873156791854e+02 5.640292044241134173e-01
1.712306823730468750e+03 1.153449019390551200e+02 5.645515857605677423e-01
1.712327636718750000e+03 1.175408840456513957e+02 5.664163785883860047e-01
1.712348449707031250e+03 1.174603407783029780e+02 5.659344780186686963e-01
1.712369323730468750e+03 1.160697255158301715e+02 5.655729807332489090e-01
1.712390136718750000e+03 1.167572207866255383e+02 5.734158826282212962e-01
1.712410949707031250e+03 1.165155168553869771e+02 5.666890194869251829e-01
1.712431823730468750e+03 1.169882214317302527e+02 5.671739045922871147e-01
1.712452636718750000e+03 1.162618911742229386e+02 5.668987106445179114e-01
1.712473449707031250e+03 1.162813834396123553e+02 5.694015491296364750e-01
1.712494323730468750e+03 1.163229087383314067e+02 5.706779406537247912e-01
1.712515136718750000e+03 1.157270215182257829e+02 5.690000141743823958e-01
1.712535949707031250e+03 1.172914125294884968e+02 5.706355603881877459e-01
1.712556823730468750e+03 1.168189132494367612e+02 5.722163833420059742e-01
1.712577636718750000e+03 1.199979564845544360e+02 5.721937531525930209e-01
1.712598449707031250e+03 1.184511402289464854e+02 5.713909873353096858e-01
1.712619323730468750e+03 1.163041496704249198e+02 5.714665585476542686e-01
1.712640136718750000e+03 1.180827969954932115e+02 5.722635939630393853e-01
1.712660949707031250e+03 1.168476213856624923e+02 5.723350665042712393e-01
1.712681823730468750e+03 1.179369537201979199e+02 5.733769013194729425e-01
1.712702636718750000e+03 1.192207375702061825e+02 5.725185369214145226e-01
1.712723449707031250e+03 1.174122572360068375e+02 5.739466483097295235e-01
1.712744323730468750e+03 1.157093662533641094e+02 5.735477757246923991e-01
1.712765136718750000e+03 1.168120196858683641e+02 5.737797103203822191e-01
1.712785949707031250e+03 1.177430787545501971e+02 5.739989346534200010e-01
1.712806823730468750e+03 1.168581100861236592e+02 5.749749634309199164e-01
1.712827636718750000e+03 1.183891206923913160e+02 5.764660359143636281e-01
1.712848449707031250e+03 1.153404535011575405e+02 5.747730667692336759e-01
1.712869323730468750e+03 1.179838021423746142e+02 5.757038090257001750e-01
1.712890136718750000e+03 1.169375257844323528e+02 5.772618732544727571e-01
1.712910949707031250e+03 1.192994511800390853e+02 5.761822974345340853e-01
1.712931823730468750e+03 1.180490977147033220e+02 5.752103379364434943e-01
1.712952636718750000e+03 1.168599617768986150e+02 5.746124889878072572e-01
1.712973449707031250e+03 1.197060645391467233e+02 5.755642548028045979e-01
1.712994323730468750e+03 1.174375868942831147e+02 5.751574103880775501e-01
1.713015136718750000e+03 1.169092592119367851e+02 5.747503039096660826e-01
1.713035949707031250e+03 1.174396330867057401e+02 5.763911718938672379e-01
1.713056823730468750e+03 1.174472665040959498e+02 5.766742132865430026e-01
1.713077636718750000e+03 1.180092760718162452e+02 5.767956993507495911e-01
1.713098449707031250e+03 1.176381408876743677e+02 5.773879843402087708e-01
1.713119323730468750e+03 1.182048091130369443e+02 5.776513711291463293e-01
1.713140136718750000e+03 1.190316000480016356e+02 5.796677393257141375e-01
1.713160949707031250e+03 1.184397750479928106e+02 5.782370587594172218e-01
1.713181823730468750e+03 1.170235397426546626e+02 5.785876562182395988e-01
1.713202636718750000e+03 1.181153838905163553e+02 5.788348968641079395e-01
1.713223449707031250e+03 1.175075658001360637e+02 5.777724454044781410e-01
1.713244323730468750e+03 1.188139306794236632e+02 5.772011308449461753e-01
1.713265136718750000e+03 1.173127022220901239e+02 5.840367577575940050e-01
1.713285949707031250e+03 1.188043531454671609e+02 5.782583959145588537e-01
1.713306823730468750e+03 1.186699895854949460e+02 5.771849180204080554e-01
1.713327636718750000e+03 1.191067100778533501e+02 5.760875834214396196e-01
1.713348449707031250e+03 1.185708940927353723e+02 5.764481480200349672e-01
1.713369323730468750e+03 1.168808383508352620e+02 5.764607109633825832e-01
1.713390136718750000e+03 1.201168494572098240e+02 5.774071334714014903e-01
1.713410949707031250e+03 1.193152829824113894e+02 5.775105845732294574e-01
1.713431823730468750e+03 1.173751798865980049e+02 5.779118531605823561e-01
1.713452636718750000e+03 1.188523700395991938e+02 5.785426615824493801e-01
1.713473449707031250e+03 1.199221102996500292e+02 5.794084581674887602e-01
1.713494323730468750e+03 1.200432475663143066e+02 5.816015667223258800e-01
1.713515136718750000e+03 1.166909335571715474e+02 5.793830226190487265e-01
1.713535949707031250e+03 1.173670761147959922e+02 5.808680130316912216e-01
1.713556823730468750e+03 1.184361694840068253e+02 5.816257011184713388e-01
1.713577636718750000e+03 1.177590897960498211e+02 5.839566635650522697e-01
1.713598449707031250e+03 1.180711581904277665e+02 5.812815503817483354e-01
1.713619323730468750e+03 1.194572977033105445e+02 5.814388511844579277e-01
1.713640136718750000e+03 1.200169876206153532e+02 5.820079517181785400e-01
1.713660949707031250e+03 1.187654464684522821e+02 5.818906524634431809e-01
1.713681823730468750e+03 1.192952938030378789e+02 5.811237710868788486e-01
1.713702636718750000e+03 1.190755989989346091e+02 5.835616709358150134e-01
1.713723449707031250e+03 1.185393630307282820e+02 5.822565039684608479e-01
1.713744323730468750e+03 1.203260492220328217e+02 5.825827629003986763e-01
1.713765136718750000e+03 1.184970516524324893e+02 5.822826584976187325e-01
1.713785949707031250e+03 1.203106263018746773e+02 5.832990880405458656e-01
1.713806823730468750e+03 1.180430468223740519e+02 5.829706228078401775e-01
1.713827636718750000e+03 1.201907931708576882e+02 5.836932116706016194e-01
1.713848449707031250e+03 1.185847840433723945e+02 5.839820530057437953e-01
1.713869323730468750e+03 1.180796634178652909e+02 5.838684936680331727e-01
1.713890136718750000e+03 1.196820815200291150e+02 5.840553062000022333e-01
1.713910949707031250e+03 1.188072821848211760e+02 5.844722993191526772e-01
1.713931823730468750e+03 1.176094048608043892e+02 5.819527489892301064e-01
1.713952636718750000e+03 1.181750224955562771e+02 5.846087839790649054e-01
1.713973449707031250e+03 1.186530289548717718e+02 5.853162396541138346e-01
1.713994323730468750e+03 1.175145577452547201e+02 5.810896662593988404e-01
1.714015136718750000e+03 1.196502509472081499e+02 5.813942566157217495e-01
1.714035949707031250e+03 1.192099691043529361e+02 5.833002887176421680e-01
1.714056823730468750e+03 1.180155921007747679e+02 5.817046048936758140e-01
1.714077636718750000e+03 1.172596911120073599e+02 5.879046416275099940e-01
1.714098449707031250e+03 1.203141479248286743e+02 5.838140794352664198e-01
1.714119323730468750e+03 1.174364048596322476e+02 5.842549899487631260e-01
1.714140136718750000e+03 1.178430296686429273e+02 5.843917803471545547e-01
1.714160949707031250e+03 1.190712628821386829e+02 5.850203138476173237e-01
1.714181823730468750e+03 1.189744635863299465e+02 5.839358663665742410e-01
1.714202636718750000e+03 1.177937766334074610e+02 5.837802338786073353e-01
1.714223449707031250e+03 1.188175538256822961e+02 5.828519577700991272e-01
1.714244323730468750e+03 1.190802467745629940e+02 5.833402162100403965e-01
1.714265136718750000e+03 1.201540466856282166e+02 5.815711539074044367e-01
1.714285949707031250e+03 1.168688755945301523e+02 5.809308857820844052e-01
1.714306823730468750e+03 1.181385048646530009e+02 5.822295548734193193e-01
1.714327636718750000e+03 1.207699621074686576e+02 5.812882154474059426e-01
1.714348449707031250e+03 1.190749381047612303e+02 5.826143505757568342e-01
1.714369323730468750e+03 1.189145833859856936e+02 5.811112576683659103e-01
1.714390136718750000e+03 1.182566809168704935e+02 5.813205911983554408e-01
1.714410949707031250e+03 1.207671648593767770e+02 5.828577867764500597e-01
1.714431823730468750e+03 1.181510480310543727e+02 5.835952738342409241e-01
1.714452636718750000e+03 1.198578669699678443e+02 5.824836406538898004e-01
1.714473449707031250e+03 1.194729351291335604e+02 5.830348022961207022e-01
1.714494323730468750e+03 1.188442883586446328e+02 5.900928400831939591e-01
1.714515136718750000e+03 1.180461399247649581e+02 5.872868831106368148e-01
1.714535949707031250e+03 1.173705076547952615e+02 5.859076428753654531e-01
1.714556762695312500e+03 1.184029346999284371e+02 5.901882100560026378e-01
1.714577636718750000e+03 1.167896354533049816e+02 5.876088021355951874e-01
1.714598449707031250e+03 1.164355309464947084e+02 5.860869916314191963e-01
1.714619262695312500e+03 1.187957365569668013e+02 5.877069839124886563e-01
1.714640075683593750e+03 1.180848683636265122e+02 5.877531277383896136e-01
1.714660949707031250e+03 1.179703301719648323e+02 5.878268489272697739e-01
1.714681762695312500e+03 1.178255727896808338e+02 5.859109745379409429e-01
1.714702575683593750e+03 1.198739259606450389e+02 5.873643160439132593e-01
1.714723449707031250e+03 1.197869088832337923e+02 5.861072040214703183e-01
1.714744262695312500e+03 1.194096214321771754e+02 5.866336755751168086e-01
1.714765075683593750e+03 1.189119438249256433e+02 5.868232136263448195e-01
1.714785949707031250e+03 1.176574032420636087e+02 5.876886267898209226e-01
1.714806762695312500e+03 1.207650265873096345e+02 5.879749731849110983e-01
1.714827575683593750e+03 1.211117828798021208e+02 5.882824577329277549e-01
1.714848449707031250e+03 1.189427409885148421e+02 5.880511498780478519e-01
1.714869262695312500e+03 1.167512528586475327e+02 5.883017841620707955e-01
1.714890075683593750e+03 1.204939994653422417e+02 5.896656449578452364e-01
1.714910949707031250e+03 1.187069063214225082e+02 5.909094120654987403e-01
1.714931762695312500e+03 1.204957452657514239e+02 5.886048702184972781e-01
1.714952575683593750e+03 1.211321985653635522e+02 5.878114108329550724e-01
1.714973449707031250e+03 1.179008406642516178e+02 5.877874543666040674e-01
1.714994262695312500e+03 1.176989483045655902e+02 5.863230136391859304e-01
1.715015075683593750e+03 1.185803943812367436e+02 5.894165513085130037e-01
1.715035949707031250e+03 1.193657951455994208e+02 5.859239703841614411e-01
1.715056762695312500e+03 1.192290959003907176e+02 5.855208632256468926e-01
1.715077575683593750e+03 1.194467352845391019e+02 5.866024567495067288e-01
1.715098449707031250e+03 1.200133208292506879e+02 5.880473742198484288e-01
1.715119262695312500e+03 1.185576024810539764e+02 5.878675082404818397e-01
1.715140075683593750e+03 1.212879019348260385e+02 5.873827340395590957e-01
1.715160949707031250e+03 1.197192821248363117e+02 5.880618685608379748e-01
1.715181762695312500e+03 1.207685246504379819e+02 5.878986091958737781e-01
1.715202575683593750e+03 1.189766974485728923e+02 5.885105096677502035e-01
1.715223449707031250e+03 1.194415166596064353e+02 5.868775773728135414e-01
1.715244262695312500e+03 1.224439005349446461e+02 5.862325307036763133e-01
1.715265075683593750e+03 1.212388446885154707e+02 5.849221906104496993e-01
1.715285949707031250e+03 1.223375011770191492e+02 5.852620618669819308e-01
1.715306762695312500e+03 1.206849750915992843e+02 5.876222168840896654e-01
1.715327575683593750e+03 1.201882552846739713e+02 5.849440736202549118e-01
1.715348449707031250e+03 1.205907648063884068e+02 5.851051776839446550e-01
1.715369262695312500e+03 1.184382962257143816e+02 5.840002969976219038e-01
1.715390075683593750e+03 1.185465062265304113e+02 5.856871006302474258e-01
1.715410949707031250e+03 1.206173855485118338e+02 5.869444015709726070e-01
1.715431762695312500e+03 1.193930899719204746e+02 5.877845896655873315e-01
1.715452575683593750e+03 1.201726679746276574e+02 5.880540132805184284e-01
1.715473449707031250e+03 1.213523637130520143e+02 5.878952634508017860e-01
1.715494262695312500e+03 1.210245213134547271e+02 5.886740802807118866e-01
1.715515075683593750e+03 1.204601017442080888e+02 5.889745459423956220e-01
1.715535949707031250e+03 1.195702492226818094e+02 5.896837131073392468e-01
1.715556762695312500e+03 1.204699456043398413e+02 5.902742747283908908e-01
1.715577575683593750e+03 1.189219081635007029e+02 5.901638198379173250e-01
1.715598449707031250e+03 1.188959689913627216e+02 5.902281512797620255e-01
1.715619262695312500e+03 1.192931703819769496e+02 5.903916246043030558e-01
1.715640075683593750e+03 1.187766276741701290e+02 5.900510461594813405e-01
1.715681762695312500e+03 1.200354230930030894e+02 5.890628622443504492e-01
1.715702575683593750e+03 1.196904927651618777e+02 5.899168310302140839e-01
1.715723449707031250e+03 1.186634947747265159e+02 5.899516884776456749e-01
1.715744262695312500e+03 1.183770194196148964e+02 5.902765972150577634e-01
1.715765075683593750e+03 1.194579413452751311e+02 5.908890865431082329e-01
1.715785949707031250e+03 1.200808759787713456e+02 5.908471976224165534e-01
1.715806762695312500e+03 1.198879772142871332e+02 5.923309434267574058e-01
1.715827575683593750e+03 1.196506818604005247e+02 5.928899157242523144e-01
1.715848449707031250e+03 1.196681632871722911e+02 5.922196392104784879e-01
1.715869262695312500e+03 1.202833863463022652e+02 5.926856489706736619e-01
1.715890075683593750e+03 1.188097470010439878e+02 5.935496695012337787e-01
1.715910949707031250e+03 1.176943495361452534e+02 5.922483729979813871e-01
1.715931762695312500e+03 1.173185321976349940e+02 5.921557506011800864e-01
1.715952575683593750e+03 1.185360274242343337e+02 5.921506925633432949e-01
1.715973449707031250e+03 1.189741212444458540e+02 5.913521634846793384e-01
1.715994262695312500e+03 1.205062933961008156e+02 5.903221867878758466e-01
1.716015075683593750e+03 1.196687922857338862e+02 5.903965210377272177e-01
1.716035949707031250e+03 1.196508274280837014e+02 5.900809714148793628e-01
1.716056762695312500e+03 1.190876757320762493e+02 5.912888615762798006e-01
1.716077575683593750e+03 1.210297790997752116e+02 5.903646430133463463e-01
1.716098449707031250e+03 1.202782982924383504e+02 5.908688359787404032e-01
1.716119262695312500e+03 1.206879812817004876e+02 5.941689669478493752e-01
1.716140075683593750e+03 1.194031664299053688e+02 5.925072916201897799e-01
1.716160949707031250e+03 1.196345125192851668e+02 5.924347062087785831e-01
1.716181762695312500e+03 1.177951933990579363e+02 5.926910041416666441e-01
1.716202575683593750e+03 1.198812319500677575e+02 5.923820850281064088e-01
1.716223449707031250e+03 1.178944944703933118e+02 5.916462571246139390e-01
1.716244262695312500e+03 1.199723944714771875e+02 5.932291155361011370e-01
1.716265075683593750e+03 1.191276952874138431e+02 5.913638554524606183e-01
1.716285949707031250e+03 1.210368065526379269e+02 5.914176758401957779e-01
1.716306762695312500e+03 1.200849570241262825e+02 5.902965146874504798e-01
1.716327575683593750e+03 1.187184180274398244e+02 5.924486404805774376e-01
1.716348449707031250e+03 1.223075382339614094e+02 5.889494476304757420e-01
1.716369262695312500e+03 1.197301880168396195e+02 5.879717545910293497e-01
1.716390075683593750e+03 1.201913877465643452e+02 5.885916297657700635e-01
1.716410949707031250e+03 1.195414497638031861e+02 5.886710173886031683e-01
1.716431762695312500e+03 1.209894964249300813e+02 5.891054345226200972e-01
1.716452575683593750e+03 1.195761919441803229e+02 5.897945105608638494e-01
1.716473449707031250e+03 1.208749797116186926e+02 5.915644727574265183e-01
1.716494262695312500e+03 1.193751708522246275e+02 5.915407438554699526e-01
1.716515075683593750e+03 1.199099200304670774e+02 5.923420123228497758e-01
1.716535949707031250e+03 1.203135612477158389e+02 5.949062082353053782e-01
1.716556762695312500e+03 1.202513811558090140e+02 5.963658133178798559e-01
1.716577575683593750e+03 1.194151431694564849e+02 5.954421675631160760e-01
1.716598449707031250e+03 1.187655219766047168e+02 5.952569760438892743e-01
1.716619262695312500e+03 1.202901227315953889e+02 5.956501421270278263e-01
1.716640075683593750e+03 1.198796917071715029e+02 5.976578706208240943e-01
1.716660949707031250e+03 1.195613641252621449e+02 5.960771980837408224e-01
1.716681762695312500e+03 1.196432217664502531e+02 5.967471619959237028e-01
1.716702575683593750e+03 1.183829084898658834e+02 5.984665109161166896e-01
1.716723449707031250e+03 1.206748344969016102e+02 5.971490041321230180e-01
1.716744262695312500e+03 1.198323532856189644e+02 5.982347817356433728e-01
1.716765075683593750e+03 1.212378702356395763e+02 5.981132903990749039e-01
1.716785949707031250e+03 1.202112089693634118e+02 5.977233150976172249e-01
1.716806762695312500e+03 1.210498939456125100e+02 5.984768936697105746e-01
1.716827575683593750e+03 1.215525706090015774e+02 5.992773174127615787e-01
1.716848449707031250e+03 1.204788843910941551e+02 5.990315738071934071e-01
1.716869262695312500e+03 1.185424680519975027e+02 5.996662324172620240e-01
1.716890075683593750e+03 1.183591298314619848e+02 5.990955748404643844e-01
1.716910949707031250e+03 1.200480839454105251e+02 6.025016191864416282e-01
1.716931762695312500e+03 1.185385914866580634e+02 6.010103292466193459e-01
1.716952575683593750e+03 1.201381055678085090e+02 6.001878861459135628e-01
1.716973449707031250e+03 1.198746002584982193e+02 5.981653824889240356e-01
1.716994262695312500e+03 1.207565091637013239e+02 5.963191364999751443e-01
1.717015075683593750e+03 1.182491128380064254e+02 5.960011971592881208e-01
1.717035949707031250e+03 1.203054241709074859e+02 5.963668877412283686e-01
1.717056762695312500e+03 1.196516173105049177e+02 5.965246070828867930e-01
1.717077575683593750e+03 1.190376668417030714e+02 5.964512114433312417e-01
1.717098449707031250e+03 1.205899184748322455e+02 5.977716521502128844e-01
1.717119262695312500e+03 1.190344756187678854e+02 5.995488089623994821e-01
1.717140075683593750e+03 1.176055302541030727e+02 5.994225126971625128e-01
1.717160949707031250e+03 1.193202147952174386e+02 6.000905544770225308e-01
1.717181762695312500e+03 1.212853789835557734e+02 6.003136738771144287e-01
1.717202575683593750e+03 1.217340457963839100e+02 6.005991120172771147e-01
1.717223449707031250e+03 1.200476452761238875e+02 6.005648973702751858e-01
1.717244262695312500e+03 1.201742668241429612e+02 5.994137621966144636e-01
1.717265075683593750e+03 1.221172843987773007e+02 5.991069664568090536e-01
1.717285949707031250e+03 1.188722878298657832e+02 5.976009467972809297e-01
1.717306762695312500e+03 1.203161324188415904e+02 5.964433667189096289e-01
1.717327575683593750e+03 1.181051243575181076e+02 5.955647792574386701e-01
1.717348449707031250e+03 1.189471316543083503e+02 5.951322978661338636e-01
1.717369262695312500e+03 1.216163852566448753e+02 5.962169244977120197e-01
1.717390075683593750e+03 1.213216534929626391e+02 5.962767543828172423e-01
1.717410949707031250e+03 1.187505033335070834e+02 5.948459398947292254e-01
1.717431762695312500e+03 1.193293459316989527e+02 5.992242775553930922e-01
1.717452575683593750e+03 1.215829407802846021e+02 6.000263615618635082e-01
1.717473449707031250e+03 1.214274115777141105e+02 5.984009485063200851e-01
1.717494262695312500e+03 1.220974777074818434e+02 6.014292185384778611e-01
1.717515075683593750e+03 1.192701552288616824e+02 6.004234032007034205e-01
1.717535949707031250e+03 1.189810598526648988e+02 6.014063991785297825e-01
1.717556762695312500e+03 1.211002558858147893e+02 6.044432538614320505e-01
1.717577575683593750e+03 1.203459571678447588e+02 6.043355365954278247e-01
1.717598449707031250e+03 1.209446370497058467e+02 6.051477873604692581e-01
1.717619262695312500e+03 1.200054466999047520e+02 6.059875480596912389e-01
1.717640075683593750e+03 1.189181308470299001e+02 6.048519561455291127e-01
1.717660949707031250e+03 1.187583580087398900e+02 6.051590404254099109e-01
1.717681762695312500e+03 1.196506467831132170e+02 6.058263891452649874e-01
1.717702575683593750e+03 1.196893792753819667e+02 6.056848201989619707e-01
1.717723449707031250e+03 1.215135947240167127e+02 6.066460515238292217e-01
1.717744262695312500e+03 1.190479404025970638e+02 6.064806695972581041e-01
1.717765075683593750e+03 1.209110792973732629e+02 6.091813488907340535e-01
1.717785949707031250e+03 1.218125330272677900e+02 6.081963168175391621e-01
1.717806762695312500e+03 1.215494682847970012e+02 6.081416045663450287e-01
1.717827575683593750e+03 1.210883092647553525e+02 6.084199659723702469e-01
1.717848449707031250e+03 1.208363785175959890e+02 6.098278759222776069e-01
1.717869262695312500e+03 1.200220603365869039e+02 6.093494947915766291e-01
1.717890075683593750e+03 1.198842473628188401e+02 6.090495634393244817e-01
1.717910949707031250e+03 1.210927359571776236e+02 6.108239870887295364e-01
1.717931762695312500e+03 1.203624983308396850e+02 6.100249858726286556e-01
1.717952575683593750e+03 1.201939038735109051e+02 6.119409238080366631e-01
1.717973449707031250e+03 1.199234089226817161e+02 6.085581807036828383e-01
1.717994262695312500e+03 1.197717457559939618e+02 6.064526347088403657e-01
1.718015075683593750e+03 1.210562812698800457e+02 6.060918001840318592e-01
1.718035949707031250e+03 1.205694683350018011e+02 6.057720286149842481e-01
1.718056762695312500e+03 1.219162481321335889e+02 6.062099227242929711e-01
1.718077575683593750e+03 1.205037753994162273e+02 6.069932019891551844e-01
1.718098449707031250e+03 1.218409748640416410e+02 6.076345531369486963e-01
1.718119262695312500e+03 1.207005042072580494e+02 6.087695317199681710e-01
1.718140075683593750e+03 1.200551615030922648e+02 6.093443593856008311e-01
1.718160949707031250e+03 1.192200352710800502e+02 6.104612938469761163e-01
1.718181762695312500e+03 1.207820544412225559e+02 6.116794880511555732e-01
1.718202575683593750e+03 1.223420881501857878e+02 6.117343223411765285e-01
1.718223449707031250e+03 1.216843661350107482e+02 6.118209850873651545e-01
1.718244262695312500e+03 1.205064212435920581e+02 6.113348524802054706e-01
1.718265075683593750e+03 1.199437383369499912e+02 6.097128982767567873e-01
1.718285949707031250e+03 1.191767817312597941e+02 6.088782021570082748e-01
1.718306762695312500e+03 1.211890995789024998e+02 6.072055149203611224e-01
1.718327575683593750e+03 1.207747968611743374e+02 6.067767627300832967e-01
1.718348449707031250e+03 1.178917233677885434e+02 6.059450552569189963e-01
1.718369262695312500e+03 1.202625909131698734e+02 6.064061445527548777e-01
1.718390075683593750e+03 1.206378123641620732e+02 6.064205195323897346e-01
1.718410949707031250e+03 1.201946054474727532e+02 6.068168890068743604e-01
1.718431762695312500e+03 1.211548916542497807e+02 6.115701702028722986e-01
1.718452575683593750e+03 1.188628222420096137e+02 6.092485883615800235e-01
1.718473449707031250e+03 1.205758003057863021e+02 6.117902477666840033e-01
1.718494262695312500e+03 1.213512550603805096e+02 6.147582618775631058e-01
1.718515075683593750e+03 1.199819341608899350e+02 6.151253497691130390e-01
1.718535949707031250e+03 1.199748504317928308e+02 6.198949220274906358e-01
1.718556762695312500e+03 1.217324265826748899e+02 6.193464400388304369e-01
1.718577575683593750e+03 1.193677494558255319e+02 6.214221829718643564e-01
1.718598449707031250e+03 1.198683950645370402e+02 6.219156453254032213e-01
1.718619262695312500e+03 1.207349936890054352e+02 6.225034681859360486e-01
1.718640075683593750e+03 1.210947246174051628e+02 6.226034709238733589e-01
1.718660949707031250e+03 1.209392769396654899e+02 6.239046512070254291e-01
1.718681762695312500e+03 1.206113944807878937e+02 6.222574620211356322e-01
1.718702575683593750e+03 1.197711712725467521e+02 6.220235762114401101e-01
1.718723449707031250e+03 1.201708734881302121e+02 6.225271179619710216e-01
1.718744262695312500e+03 1.181555856678862426e+02 6.235567834459607717e-01
1.718765075683593750e+03 1.208281996791788089e+02 6.251461573412724348e-01
1.718785949707031250e+03 1.208960926906398328e+02 6.260296208454665390e-01
1.718806762695312500e+03 1.208788097355338067e+02 6.271654286513864696e-01
1.718827575683593750e+03 1.224321710860392898e+02 6.287527193120620028e-01
1.718848449707031250e+03 1.215071527524885084e+02 6.293845164802175374e-01
1.718869262695312500e+03 1.191126627156811111e+02 6.295833615122733429e-01
1.718890075683593750e+03 1.201827369698016241e+02 6.323523555666799023e-01
1.718910949707031250e+03 1.218782638509164968e+02 6.312032890033487664e-01
1.718931762695312500e+03 1.204083961472349529e+02 6.300263470484060990e-01
1.718952575683593750e+03 1.220201126161853153e+02 6.304876218332463589e-01
1.718973449707031250e+03 1.201025440773423014e+02 6.289476179650825838e-01
1.718994262695312500e+03 1.221321313757850646e+02 6.284777443176610134e-01
1.719015075683593750e+03 1.229021959372716992e+02 6.285651330315231711e-01
1.719035949707031250e+03 1.215828600648141133e+02 6.282121607340911407e-01
1.719056762695312500e+03 1.196738932015434784e+02 6.272317855321954960e-01
1.719077575683593750e+03 1.233639606798185326e+02 6.282649116886807050e-01
1.719098449707031250e+03 1.212595328704087052e+02 6.296440440818097395e-01
1.719119262695312500e+03 1.196326327011180126e+02 6.311169975213137828e-01
1.719140075683593750e+03 1.202034033299988209e+02 6.328551666569662837e-01
1.719160949707031250e+03 1.200467982060470433e+02 6.349099332658768580e-01
1.719181762695312500e+03 1.213592362862039096e+02 6.362481045273161717e-01
1.719202575683593750e+03 1.186195814405009799e+02 6.364335433535781572e-01
1.719223449707031250e+03 1.207136356761436957e+02 6.368642535440101060e-01
1.719244262695312500e+03 1.204827340901373276e+02 6.362465587815191448e-01
1.719265075683593750e+03 1.208004235323986677e+02 6.347275942633757717e-01
1.719285949707031250e+03 1.203634879172123675e+02 6.368426103001907368e-01
1.719306762695312500e+03 1.223769821499056292e+02 6.350846178640561224e-01
1.719327575683593750e+03 1.225875325104152438e+02 6.320008618342884965e-01
1.719348449707031250e+03 1.189472020822744440e+02 6.328790182309690371e-01
1.719369262695312500e+03 1.206141928685085674e+02 6.312261170883172179e-01
1.719390075683593750e+03 1.213653342517235245e+02 6.332974400722628516e-01
1.719410949707031250e+03 1.191403355831184712e+02 6.323573512524978124e-01
1.719431762695312500e+03 1.198876831997115033e+02 6.340568693765503694e-01
1.719452575683593750e+03 1.219640118915618814e+02 6.363457365274296507e-01
1.719473449707031250e+03 1.195305500920291450e+02 6.389999946674830289e-01
1.719494262695312500e+03 1.205626497945427928e+02 6.396129103251044778e-01
1.719515075683593750e+03 1.203308285990314772e+02 6.415377371757019498e-01
1.719535949707031250e+03 1.225976692561768999e+02 6.440543520068227057e-01
1.719556762695312500e+03 1.193394823093059216e+02 6.468292422857788715e-01
1.719577575683593750e+03 1.210922003901356874e+02 6.536367018063068413e-01
1.719598449707031250e+03 1.230949596190709485e+02 6.500773319679193918e-01
1.719619262695312500e+03 1.201087685779188092e+02 6.511212618173647382e-01
1.719640075683593750e+03 1.190165889798169587e+02 6.524081169854886175e-01
1.719660949707031250e+03 1.208204466901405709e+02 6.541034469509003912e-01
1.719681762695312500e+03 1.204538348661514391e+02 6.540023140662197809e-01
1.719702575683593750e+03 1.212045289358999298e+02 6.581156188571558596e-01
1.719723449707031250e+03 1.214476399250422531e+02 6.571984249627225161e-01
1.719744262695312500e+03 1.231470014477685311e+02 6.581625317470788383e-01
1.719765075683593750e+03 1.216647600041566193e+02 6.597790063434944008e-01
1.719785949707031250e+03 1.197631142598094982e+02 6.612152544061988824e-01
1.719806762695312500e+03 1.215916937364057731e+02 6.635230173058270786e-01
1.719827575683593750e+03 1.206269536266099891e+02 6.657024553392056898e-01
1.719848449707031250e+03 1.222584455047634719e+02 6.681148302394428473e-01
1.719869262695312500e+03 1.244918999167601044e+02 6.706607403079392071e-01
1.719890075683593750e+03 1.239310251251778539e+02 6.705818150988527293e-01
1.719931762695312500e+03 1.199560079110158313e+02 6.717519869304725555e-01
1.719952575683593750e+03 1.201188244224384789e+02 6.717079309735562997e-01
1.719973449707031250e+03 1.207053088330463879e+02 6.705508824157255798e-01
1.719994262695312500e+03 1.223484180450883230e+02 6.693081950484620624e-01
1.720015075683593750e+03 1.217412233047718644e+02 6.703713469027897665e-01
1.720035949707031250e+03 1.201007897850552126e+02 6.674988192287102384e-01
1.720056762695312500e+03 1.195474188440084049e+02 6.683089076150486862e-01
1.720077575683593750e+03 1.218633586316678645e+02 6.702132189304511600e-01
1.720098449707031250e+03 1.199912317326348585e+02 6.688593676969404322e-01
1.720119262695312500e+03 1.226623227542432630e+02 6.728963186496392801e-01
1.720140075683593750e+03 1.203683790824882323e+02 6.732801116275083375e-01
1.720160949707031250e+03 1.232899393664708185e+02 6.782399910674462573e-01
1.720181762695312500e+03 1.213543450277661009e+02 6.809180290796156276e-01
1.720202575683593750e+03 1.216534641779989414e+02 6.859920610352169268e-01
1.720223449707031250e+03 1.220259643475426685e+02 6.846681924845969824e-01
1.720244262695312500e+03 1.223128791243372433e+02 6.843885106882552360e-01
1.720265075683593750e+03 1.216591063462605007e+02 6.838853268716089673e-01
1.720285949707031250e+03 1.200709885486605799e+02 6.849305080053806893e-01
1.720306762695312500e+03 1.218211631506840718e+02 6.821607993226430633e-01
1.720327575683593750e+03 1.227101055485369869e+02 6.794661238129711123e-01
1.720348449707031250e+03 1.210263796724846088e+02 6.810559057515273018e-01
1.720369262695312500e+03 1.223764176911584372e+02 6.806042725670792271e-01
1.720390075683593750e+03 1.228428528571084541e+02 6.831062976758507377e-01
1.720410949707031250e+03 1.211777764027140734e+02 6.813372398652970396e-01
1.720431762695312500e+03 1.216296709272891263e+02 6.846032672084194637e-01
1.720452575683593750e+03 1.244976257831865638e+02 6.891812012518556685e-01
1.720473449707031250e+03 1.233630738990180760e+02 6.934155293680620558e-01
1.720494262695312500e+03 1.193057298595546314e+02 6.957742465129562737e-01
1.720515075683593750e+03 1.221832948996091375e+02 7.015193620091083604e-01
1.720535949707031250e+03 1.245315786174467974e+02 7.097444689657095296e-01
1.720556762695312500e+03 1.231788330509165803e+02 7.167148387229217432e-01
1.720577575683593750e+03 1.225483576464496025e+02 7.237771079565539223e-01
1.720598449707031250e+03 1.205140148294487830e+02 7.316226922407305100e-01
1.720619262695312500e+03 1.239882316061331551e+02 7.412452740060250234e-01
1.720640075683593750e+03 1.242306624194930151e+02 7.470041682064498811e-01
1.720660949707031250e+03 1.234858388103677385e+02 7.562361771132075638e-01
1.720681762695312500e+03 1.251194008879175783e+02 7.706949565162621862e-01
1.720702575683593750e+03 1.206820915339288405e+02 7.885969318154127938e-01
1.720723449707031250e+03 1.229365874284634117e+02 8.154606796131357305e-01
1.720744262695312500e+03 1.224295809757822013e+02 8.453210051103401401e-01
1.720765075683593750e+03 1.255689456673403299e+02 8.802729174754398977e-01
1.720785949707031250e+03 1.238787498157438023e+02 9.176870684951030643e-01
1.720806762695312500e+03 1.231568042363362139e+02 9.544825657031149602e-01
1.720827575683593750e+03 1.236142113360331507e+02 9.942898141851991278e-01
1.720848449707031250e+03 1.250229322574597717e+02 1.030619746577081219e+00
1.720869262695312500e+03 1.226730529858590870e+02 1.065887940036680082e+00
1.720890075683593750e+03 1.212301511912802425e+02 1.094345911359432266e+00
1.720910949707031250e+03 1.199543212546755626e+02 1.119491814972301658e+00
1.720931762695312500e+03 1.246202549313083523e+02 1.137075414120970462e+00
1.720952575683593750e+03 1.239345759473236939e+02 1.146938929218231040e+00
1.720973449707031250e+03 1.247144096376920288e+02 1.151186086763044347e+00
1.720994262695312500e+03 1.287997070932314045e+02 1.151270013773994405e+00
1.721015075683593750e+03 1.272556165484565582e+02 1.149893169002013327e+00
1.721035949707031250e+03 1.283756818139321751e+02 1.142652877579381832e+00
1.721056762695312500e+03 1.239871623028613357e+02 1.136230363833525381e+00
1.721077575683593750e+03 1.140783989597359493e+02 1.130826590528932529e+00
1.721098449707031250e+03 1.198710595958824285e+02 1.128904349249589378e+00
1.721119262695312500e+03 1.165336950294560836e+02 1.128772872912729541e+00
1.721140075683593750e+03 1.200901737159186524e+02 1.128539345856077736e+00
1.721160949707031250e+03 1.215621027903015374e+02 1.132041458283935986e+00
1.721181762695312500e+03 1.190638238317395832e+02 1.126702451015388684e+00
1.721202575683593750e+03 1.240934489012599471e+02 1.126930858054905116e+00
1.721223449707031250e+03 1.192028727345406764e+02 1.127853536305847282e+00
1.721244262695312500e+03 1.160364956125952745e+02 1.128268368558592583e+00
1.721265075683593750e+03 1.198106614306315691e+02 1.122242940002247336e+00
1.721285949707031250e+03 1.256184204967331937e+02 1.112392566079680289e+00
1.721306762695312500e+03 1.242277957209484498e+02 1.098168847343613530e+00
1.721327575683593750e+03 1.283325697635327174e+02 1.083194479235465524e+00
1.721348449707031250e+03 1.235559548958821665e+02 1.065229556188535653e+00
1.721369262695312500e+03 1.222348159051796728e+02 1.048656712453475137e+00
1.721390075683593750e+03 1.279623315738158880e+02 1.033577229316606116e+00
1.721410949707031250e+03 1.241812127733110316e+02 1.018589973752845212e+00
1.721431762695312500e+03 1.276971566928713884e+02 1.009226789901655374e+00
1.721452575683593750e+03 1.286132514240339901e+02 1.000243872469530171e+00
1.721473449707031250e+03 1.279473694349211712e+02 9.963291264106229894e-01
1.721494262695312500e+03 1.289628876887026649e+02 9.897131215697581030e-01
1.721515075683593750e+03 1.282233536489510470e+02 9.891895146343694378e-01
1.721535949707031250e+03 1.234823818445244825e+02 9.889653367562739605e-01
1.721556762695312500e+03 1.192767005400709479e+02 9.918299353589471457e-01
1.721577575683593750e+03 1.159097529377926037e+02 9.976816124854975820e-01
1.721598449707031250e+03 1.207286411258886858e+02 1.002557642794442705e+00
1.721619262695312500e+03 1.246634771653490787e+02 1.006484405984236163e+00
1.721640075683593750e+03 1.216595434421544724e+02 1.008981957693006581e+00
1.721660949707031250e+03 1.231619269518447481e+02 1.009952313930954748e+00
1.721681762695312500e+03 1.272645506753623863e+02 1.005646084883890623e+00
1.721702575683593750e+03 1.376930325047648580e+02 9.992139230094084779e-01
1.721723449707031250e+03 1.376416745327104536e+02 9.873501156883811580e-01
1.721744262695312500e+03 1.365449040547984225e+02 9.761008124953192144e-01
1.721765075683593750e+03 1.355212314620242751e+02 9.645329642825184457e-01
1.721785949707031250e+03 1.332307118921301878e+02 9.523753047531567928e-01
1.721806762695312500e+03 1.338847750244093504e+02 9.438300686148318741e-01
1.721827575683593750e+03 1.350586277690962334e+02 9.311252344002891590e-01
1.721848449707031250e+03 1.302259788787365551e+02 9.220951270101802599e-01
1.721869262695312500e+03 1.306517309194245229e+02 9.144712007179033320e-01
1.721890075683593750e+03 1.316782951038773888e+02 9.078822727933624215e-01
1.721910949707031250e+03 1.296565258647987378e+02 9.014910347313437322e-01
1.721931762695312500e+03 1.310251694773081113e+02 8.963412500958451989e-01
1.721952575683593750e+03 1.294869969660198308e+02 8.897815860137664457e-01
1.721973449707031250e+03 1.300843101888781916e+02 8.850241445491396908e-01
1.721994262695312500e+03 1.310122986270763477e+02 8.813145174258099068e-01
1.722015075683593750e+03 1.286338182493534816e+02 8.757375605878818803e-01
1.722035949707031250e+03 1.321866852230012341e+02 8.721172324413296595e-01
1.722056762695312500e+03 1.286564376585807281e+02 8.701887005019091070e-01
1.722077575683593750e+03 1.287150851987598230e+02 8.666592269052389996e-01
1.722098449707031250e+03 1.281359437864414303e+02 8.682063192203927082e-01
1.722119262695312500e+03 1.260952820212391714e+02 8.678659070854635171e-01
1.722140075683593750e+03 1.286197241923337629e+02 8.669545659829049900e-01
1.722160949707031250e+03 1.268305764728593772e+02 8.689954314951325864e-01
1.722181762695312500e+03 1.307368653347011502e+02 8.707247923477855478e-01
1.722202575683593750e+03 1.292575421255408514e+02 8.734704681889466915e-01
1.722223449707031250e+03 1.300993778684369886e+02 8.728079927726213327e-01
1.722244262695312500e+03 1.303626393836305510e+02 8.720558908600711812e-01
1.722265075683593750e+03 1.286439779864507216e+02 8.725338651102089171e-01
1.722285949707031250e+03 1.292314066614895864e+02 8.668409462684746325e-01
1.722306762695312500e+03 1.310958909533710539e+02 8.630330000675683344e-01
1.722327575683593750e+03 1.296331729220144098e+02 8.601094315456936368e-01
1.722348449707031250e+03 1.274451967818633165e+02 8.488707389966143602e-01
1.722369262695312500e+03 1.311525365937841912e+02 8.415328317562396077e-01
1.722390075683593750e+03 1.273069795821939607e+02 8.340848553985673597e-01
1.722410888671875000e+03 1.246847149000544590e+02 8.275222023927097936e-01
1.722431701660156250e+03 1.246191392337099728e+02 8.219705808925363844e-01
1.722452575683593750e+03 1.249643396416886389e+02 8.184977849115915305e-01
1.722473388671875000e+03 1.226647204355931251e+02 8.172260530615264029e-01
1.722494201660156250e+03 1.277268274321221639e+02 8.186721386177809867e-01
1.722515075683593750e+03 1.278451904826397225e+02 8.233316719048708876e-01
1.722535888671875000e+03 1.257503580502020100e+02 8.294897170599285774e-01
1.722556701660156250e+03 1.276453332593797398e+02 8.364284179075853753e-01
1.722577575683593750e+03 1.255659721117338279e+02 8.449838235536898390e-01
1.722598388671875000e+03 1.275333623444125237e+02 8.511620726246349466e-01
1.722619201660156250e+03 1.271646196890488909e+02 8.604391964848376873e-01
1.722640075683593750e+03 1.276683655826910808e+02 8.660697951041591569e-01
1.722660888671875000e+03 1.285741957540234921e+02 8.694640854278262720e-01
1.722681701660156250e+03 1.299888950580133269e+02 8.730521660629482206e-01
1.722702575683593750e+03 1.243603972181146844e+02 8.738863533820169227e-01
1.722723388671875000e+03 1.278968300226875812e+02 8.697391806354698440e-01
1.722744201660156250e+03 1.264008192009398215e+02 8.668398117151443483e-01
1.722765075683593750e+03 1.302611440971497245e+02 8.620569169090418482e-01
1.722785888671875000e+03 1.279844548093667100e+02 8.563783243181893878e-01
1.722806701660156250e+03 1.280702004785585473e+02 8.500806181206476131e-01
1.722827575683593750e+03 1.248102319768122612e+02 8.439296954916429838e-01
1.722848388671875000e+03 1.249539981062961544e+02 8.386452218001652081e-01
1.722869201660156250e+03 1.267612552975569855e+02 8.331418214718090409e-01
1.722890075683593750e+03 1.279944593561202737e+02 8.292867680570268352e-01
1.722910888671875000e+03 1.259253626379194486e+02 8.246504028464579639e-01
1.722931701660156250e+03 1.269372976766366889e+02 8.192923242103017367e-01
1.722952575683593750e+03 1.253919965199355033e+02 8.166702427753339544e-01
1.722973388671875000e+03 1.255998716432218458e+02 8.102552141976946398e-01
1.722994201660156250e+03 1.244511096818729641e+02 8.023569746701204597e-01
1.723015075683593750e+03 1.241277219065495672e+02 7.974641155671963189e-01
1.723035888671875000e+03 1.241011592462933635e+02 7.881834969528189738e-01
1.723056701660156250e+03 1.230522572532048144e+02 7.809416734722063325e-01
1.723077575683593750e+03 1.238513917231476853e+02 7.731216633508051217e-01
1.723098388671875000e+03 1.208236303089389310e+02 7.664344945713504886e-01
1.723119201660156250e+03 1.221006577496978167e+02 7.609848791016241565e-01
1.723140075683593750e+03 1.232582260846248232e+02 7.543170975631849906e-01
1.723160888671875000e+03 1.194564536691934791e+02 7.482301572162654013e-01
1.723181701660156250e+03 1.229885809579848086e+02 7.425970453363307522e-01
1.723202575683593750e+03 1.203978473576090238e+02 7.386403497174885979e-01
1.723223388671875000e+03 1.212007369191084081e+02 7.335210258341124945e-01
1.723244201660156250e+03 1.209174442180864020e+02 7.277889360255166418e-01
1.723265075683593750e+03 1.232572627941311509e+02 7.247255957009010041e-01
1.723285888671875000e+03 1.228092478068833913e+02 7.163664645563645461e-01
1.723306701660156250e+03 1.204547870305061679e+02 7.085539296663133646e-01
1.723327575683593750e+03 1.223386813833315330e+02 7.003021158778806043e-01
1.723348388671875000e+03 1.209936190768093951e+02 6.912413793857533628e-01
1.723369201660156250e+03 1.190451433121526037e+02 6.811683789625208041e-01
1.723390075683593750e+03 1.205893981952000473e+02 6.718843592501968498e-01
1.723410888671875000e+03 1.210598539433974281e+02 6.621295171954106884e-01
1.723431701660156250e+03 1.210658956442353116e+02 6.537799900170974121e-01
1.723452575683593750e+03 1.215039360707232987e+02 6.454911222623040956e-01
1.723473388671875000e+03 1.195506072320779225e+02 6.387120505479501054e-01
1.723494201660156250e+03 1.206585968070498609e+02 6.334360135648626766e-01
1.723515075683593750e+03 1.214285387187422742e+02 6.279585432716646709e-01
1.723535888671875000e+03 1.197851648334724501e+02 6.242502245171218656e-01
1.723556701660156250e+03 1.185912651366589472e+02 6.217408078583648301e-01
1.723577575683593750e+03 1.195100773988833964e+02 6.185414878080046641e-01
1.723598388671875000e+03 1.182208696061130695e+02 6.153408866599892058e-01
1.723619201660156250e+03 1.182087970165643753e+02 6.130293553574853727e-01
1.723640075683593750e+03 1.203954762846757802e+02 6.079743990982494628e-01
1.723660888671875000e+03 1.200766870322644735e+02 6.023574382250841408e-01
1.723681701660156250e+03 1.191691452956777226e+02 5.968287105486024258e-01
1.723702575683593750e+03 1.196508715954999502e+02 5.898354637119739285e-01
1.723723388671875000e+03 1.188872503079621197e+02 5.817660040955218159e-01
1.723744201660156250e+03 1.185073865628173309e+02 5.753302682995329320e-01
1.723765075683593750e+03 1.181563119024166468e+02 5.715789841766711898e-01
1.723785888671875000e+03 1.182625564605852730e+02 5.678244364128898214e-01
1.723806701660156250e+03 1.184651285844472284e+02 5.665420369462691452e-01
1.723827575683593750e+03 1.173380358455700474e+02 5.676055050971406946e-01
1.723848388671875000e+03 1.169301637663842968e+02 5.665619471737184387e-01
1.724973388671875000e+03 1.146602190021679917e+02 5.604456634063070819e-01
1.724994201660156250e+03 1.142694197190594849e+02 5.613940280568132657e-01
1.725015075683593750e+03 1.162530993228499909e+02 5.613733505686869796e-01
1.725035888671875000e+03 1.153769338012961185e+02 5.618888661049504796e-01
1.725056701660156250e+03 1.156365357627771431e+02 5.623893628987918225e-01
1.725077575683593750e+03 1.138716907366396640e+02 5.622697994940646371e-01
1.725098388671875000e+03 1.128338150161216902e+02 5.615859552493828177e-01
1.725119201660156250e+03 1.141109566116557659e+02 5.636635508091171198e-01
1.725140075683593750e+03 1.174314531585056898e+02 5.615153436492079653e-01
1.725160888671875000e+03 1.129853042269849368e+02 5.663988573315377195e-01
1.725181701660156250e+03 1.129699046630628203e+02 5.647690888548089205e-01
1.725202575683593750e+03 1.149590242001437161e+02 5.643122672176524857e-01
1.725223388671875000e+03 1.132563261646672004e+02 5.650275452406242627e-01
1.725244201660156250e+03 1.146353006509021668e+02 5.628135125353916912e-01
1.725265075683593750e+03 1.166223419837241408e+02 5.650116160557441258e-01
1.725285888671875000e+03 1.145104323123041468e+02 5.640661107420600340e-01
1.725306701660156250e+03 1.147413134233645877e+02 5.641767887980490004e-01
1.725327575683593750e+03 1.159171100107395773e+02 5.636055995286671783e-01
1.725348388671875000e+03 1.156319915360873836e+02 5.650033348120113708e-01
1.725369201660156250e+03 1.134314540613354723e+02 5.681130835832998160e-01
1.725390075683593750e+03 1.153533421705880642e+02 5.642559406675966560e-01
1.725410888671875000e+03 1.133416870278532258e+02 5.653114261058183043e-01
1.725431701660156250e+03 1.150182495518670152e+02 5.639013741848717398e-01
1.725452575683593750e+03 1.148035572298680052e+02 5.672622263630183737e-01
1.725473388671875000e+03 1.159892286932127519e+02 5.661637148684248722e-01
1.725494201660156250e+03 1.160507276954556914e+02 5.675610838377664891e-01
1.725515075683593750e+03 1.165604047748945788e+02 5.637947916054183439e-01
1.725535888671875000e+03 1.146307568570024529e+02 5.680972409154996239e-01
1.725556701660156250e+03 1.158467140156869846e+02 5.649830795387593696e-01
1.725577575683593750e+03 1.158033518510201816e+02 5.688604656299871554e-01
1.725598388671875000e+03 1.169652049847196480e+02 5.646302628338384366e-01
1.725619201660156250e+03 1.150990138478446596e+02 5.680811354990210615e-01
1.725640075683593750e+03 1.165185212362774223e+02 5.651738670246307938e-01
1.725660888671875000e+03 1.174625761359065592e+02 5.673292860300656049e-01
1.725681701660156250e+03 1.178776031690028532e+02 5.645452773956408654e-01
1.725702575683593750e+03 1.172270337669899760e+02 5.707622218099615008e-01
1.725723388671875000e+03 1.195641249769997785e+02 5.657032780725435028e-01
1.725744201660156250e+03 1.189459689358053964e+02 5.649720548791259400e-01
1.725765075683593750e+03 1.166562728547927605e+02 5.677778802205138975e-01
1.725785888671875000e+03 1.162146031747464150e+02 5.659987200311401567e-01
1.725806701660156250e+03 1.160619312958258149e+02 5.658056824135516694e-01
1.725827575683593750e+03 1.171206806509781160e+02 5.679971648484648528e-01
1.725848388671875000e+03 1.175097162848549033e+02 5.661548451183390229e-01
1.725869201660156250e+03 1.179142950796745737e+02 5.674745941777086244e-01
1.725890075683593750e+03 1.175150355883905604e+02 5.661477913306476317e-01
1.725910888671875000e+03 1.181771578554403845e+02 5.663137426140631980e-01
1.725973388671875000e+03 1.185343545506209892e+02 5.683094277998932409e-01
1.725994201660156250e+03 1.161169841486594265e+02 5.673051475644388386e-01
1.726015075683593750e+03 1.179674815682025439e+02 5.685477190498139377e-01
1.726035888671875000e+03 1.185606067214205979e+02 5.670379273312363688e-01
1.726056701660156250e+03 1.182710470745957281e+02 5.686838593643662731e-01
1.726077575683593750e+03 1.196452122471181667e+02 5.690083420029680150e-01
1.726098388671875000e+03 1.202416906161712831e+02 5.728914659910897544e-01
1.726119201660156250e+03 1.201601747727906968e+02 5.678744787507264968e-01
1.726140075683593750e+03 1.192004808822609050e+02 5.693834392956450552e-01
1.726160888671875000e+03 1.192219715575980530e+02 5.683977042051818751e-01
1.726181701660156250e+03 1.181591523644905379e+02 5.690067969119049218e-01
1.726202575683593750e+03 1.194659594678356314e+02 5.686189510990606877e-01
1.726223388671875000e+03 1.180025564845247885e+02 5.718468445480954232e-01
1.726244201660156250e+03 1.194165605014285632e+02 5.700170979947021266e-01
1.726265075683593750e+03 1.194532830769782805e+02 5.691630131933300696e-01
1.726285888671875000e+03 1.202983459110068338e+02 5.728144178759012606e-01
1.726306701660156250e+03 1.191598274560502233e+02 5.737189109125061526e-01
1.726327575683593750e+03 1.208170571245572091e+02 5.767854946790679227e-01
1.726348388671875000e+03 1.192892098663672584e+02 5.722367211030678913e-01
1.726369201660156250e+03 1.192948242819604161e+02 5.734828723139144824e-01
1.726390014648437500e+03 1.203818554002913288e+02 5.726032758204684381e-01
1.726410827636718750e+03 1.187230155953723596e+02 5.721922427053272031e-01
1.726431701660156250e+03 1.216568657044955444e+02 5.723667771447926711e-01
1.726452514648437500e+03 1.183064443711663074e+02 5.726173023338523294e-01
1.726473327636718750e+03 1.205984751504463901e+02 5.729320148377312627e-01
1.726494201660156250e+03 1.215551044294886509e+02 5.732814119036724332e-01
1.726515014648437500e+03 1.189537651685614463e+02 5.730672956181351863e-01
1.726535827636718750e+03 1.217840324599503816e+02 5.749005013914736395e-01
1.726556701660156250e+03 1.204598820938976331e+02 5.760578624616894405e-01
1.726577514648437500e+03 1.213478228789195441e+02 5.748003136082472375e-01
1.726598327636718750e+03 1.224937915796902246e+02 5.763423344247716740e-01
1.726619201660156250e+03 1.206997048414588249e+02 5.753164374337461640e-01
1.726640014648437500e+03 1.213382061245672361e+02 5.756360941179189394e-01
1.726660827636718750e+03 1.205680472768319191e+02 5.760877127521173424e-01
1.726681701660156250e+03 1.203612671412276711e+02 5.749805613010090521e-01
1.726702514648437500e+03 1.188719413684594031e+02 5.753343087144248136e-01
1.726723327636718750e+03 1.199887668142142019e+02 5.756087315152279560e-01
1.726744201660156250e+03 1.197132123025376558e+02 5.759928797043352144e-01
1.726765014648437500e+03 1.222652685972950195e+02 5.753384786000406148e-01
1.726785827636718750e+03 1.201195019450002377e+02 5.775831363749008851e-01
1.726806701660156250e+03 1.205810814460491400e+02 5.775309681123597105e-01
1.726827514648437500e+03 1.213147812908132721e+02 5.766719652173196708e-01
1.726848327636718750e+03 1.205324965613380783e+02 5.767794234596237413e-01
1.726869201660156250e+03 1.207234048122451640e+02 5.772019053315368131e-01
1.726890014648437500e+03 1.196813095517526762e+02 5.765290268689680087e-01
1.726910827636718750e+03 1.205589377818533734e+02 5.790781463469059087e-01
1.726931701660156250e+03 1.213903771248242975e+02 5.791706474999853693e-01
1.726952514648437500e+03 1.209094202680956869e+02 5.755882281260091826e-01
1.726973327636718750e+03 1.218969359830261965e+02 5.751154379444629594e-01
1.726994201660156250e+03 1.201758817915042528e+02 5.755198005448362020e-01
1.727015014648437500e+03 1.207327472194517384e+02 5.754481538706344157e-01
1.727035827636718750e+03 1.216453523432264916e+02 5.775555306113105969e-01
1.727056701660156250e+03 1.195569089281061395e+02 5.759978985383852335e-01
1.727077514648437500e+03 1.202030348702049878e+02 5.767884915127676759e-01
1.727098327636718750e+03 1.218325254518518932e+02 5.782000518746024387e-01
1.727119201660156250e+03 1.208121111225803332e+02 5.773369599021777043e-01
1.727140014648437500e+03 1.211067159796792367e+02 5.782560766967035359e-01
1.727160827636718750e+03 1.187806729657406350e+02 5.786216767422301954e-01
1.727181701660156250e+03 1.220401523175061129e+02 5.779073924269575446e-01
1.727202514648437500e+03 1.216785912171996529e+02 5.787634288556372519e-01
1.727223327636718750e+03 1.206946619272607109e+02 5.769511497220968232e-01
1.727244201660156250e+03 1.236273899797818103e+02 5.786771714874671124e-01
1.727265014648437500e+03 1.201267022796575930e+02 5.776615863003600193e-01
1.727285827636718750e+03 1.224681343508363227e+02 5.771582743004912697e-01
1.727306701660156250e+03 1.208641633602147891e+02 5.782235293582302926e-01
1.727327514648437500e+03 1.216251438407974774e+02 5.769447703134327199e-01
1.727348327636718750e+03 1.220606577419241745e+02 5.787913889328756278e-01
1.727369201660156250e+03 1.203337416180632005e+02 5.782684715197019543e-01
1.727390014648437500e+03 1.221403421415101320e+02 5.776621796002082698e-01
1.727410827636718750e+03 1.214164412923077236e+02 5.780352445469445488e-01
1.727431701660156250e+03 1.215155237604235197e+02 5.780155748476543121e-01
1.727452514648437500e+03 1.216145518029548924e+02 5.823411308620664029e-01
1.727473327636718750e+03 1.225053123028641124e+02 5.794116728944327388e-01
1.727494201660156250e+03 1.200984600100820643e+02 5.811877955714807031e-01
1.727515014648437500e+03 1.216635842948296897e+02 5.798107263016327728e-01
1.727535827636718750e+03 1.199513919560120172e+02 5.795888924852002910e-01
1.727556701660156250e+03 1.199008812814450948e+02 5.800915340838909140e-01
1.727577514648437500e+03 1.198730248360636779e+02 5.839508710455405538e-01
1.727598327636718750e+03 1.218707966071598605e+02 5.802929413046192808e-01
1.727619201660156250e+03 1.223644652416502225e+02 5.818953387417092893e-01
1.727640014648437500e+03 1.211284570498750668e+02 5.814871837338511096e-01
1.727660827636718750e+03 1.208580907693264805e+02 5.810715616805331996e-01
1.727681701660156250e+03 1.197846910060568035e+02 5.809831591264787987e-01
1.727702514648437500e+03 1.235146290765822812e+02 5.800133357488032049e-01
1.727723327636718750e+03 1.220880208642052054e+02 5.821475994383336072e-01
1.727744201660156250e+03 1.219350140623044609e+02 5.799562216959017746e-01
1.727765014648437500e+03 1.209139092149508912e+02 5.806974194206732109e-01
1.727785827636718750e+03 1.194179651315153592e+02 5.804119754920255003e-01
1.727806701660156250e+03 1.235526375771185030e+02 5.816584935975830373e-01
1.727827514648437500e+03 1.234716858098047680e+02 5.837010235223101251e-01
1.727848327636718750e+03 1.220318505977550387e+02 5.827360046748520928e-01
1.727869201660156250e+03 1.218542982393353356e+02 5.824291226238619279e-01
1.727890014648437500e+03 1.226925950604961315e+02 5.818527255112546648e-01
1.727910827636718750e+03 1.226188100492314135e+02 5.819474998485966166e-01
1.727931701660156250e+03 1.236138076270637498e+02 5.810844349659457508e-01
1.727952514648437500e+03 1.224411723628181505e+02 5.810769213101074637e-01
1.727973327636718750e+03 1.229498148712663692e+02 5.802019802638294088e-01
1.727994201660156250e+03 1.225042055788411517e+02 5.810394285105805467e-01
1.728015014648437500e+03 1.230384681452760134e+02 5.802726804663497218e-01
1.728035827636718750e+03 1.218423116301437403e+02 5.806333408639459126e-01
1.728056701660156250e+03 1.231301416327550413e+02 5.811759758030405898e-01
1.728077514648437500e+03 1.214048024470648102e+02 5.816348729512081928e-01
1.728098327636718750e+03 1.234298860405859983e+02 5.849697513584998232e-01
1.728119201660156250e+03 1.249971396155015100e+02 5.849579061133499680e-01
1.728140014648437500e+03 1.228533956147425101e+02 5.839834819263787224e-01
1.728160827636718750e+03 1.230195021474328172e+02 5.824035887274894296e-01
1.728181701660156250e+03 1.214488672352770635e+02 5.816997889959205637e-01
1.728202514648437500e+03 1.216822536446307765e+02 5.814034320995726812e-01
1.728223327636718750e+03 1.219460818716277402e+02 5.841514578030749805e-01
1.728244201660156250e+03 1.241547371899183645e+02 5.817302975467775195e-01
1.728265014648437500e+03 1.221890543910705844e+02 5.800983926334217777e-01
1.728285827636718750e+03 1.248073262480500460e+02 5.809351180973235662e-01
1.728306701660156250e+03 1.232870984768219671e+02 5.818714972287143405e-01
1.728327514648437500e+03 1.230408060597914499e+02 5.825661371201643624e-01
1.728348327636718750e+03 1.227975165459437505e+02 5.812851905424634147e-01
1.728369201660156250e+03 1.220882149944755071e+02 5.811891031666707175e-01
1.728390014648437500e+03 1.231809810832652374e+02 5.811368227055746516e-01
1.728410827636718750e+03 1.224153097086225870e+02 5.834662393889106236e-01
1.728431701660156250e+03 1.235780324094370428e+02 5.826519210544134353e-01
1.728452514648437500e+03 1.225241350900918746e+02 5.825792587369507114e-01
1.728473327636718750e+03 1.229077843978581512e+02 5.834250434808453400e-01
1.728494201660156250e+03 1.223570466346443908e+02 5.829639514162242575e-01
1.728514953613281250e+03 1.252002747639981521e+02 5.830488078721584033e-01
1.728535827636718750e+03 1.227430904614151217e+02 5.842513427865851927e-01
1.728556640625000000e+03 1.221689378910141812e+02 5.848533009129647242e-01
1.728577453613281250e+03 1.252060019595662794e+02 5.910892599541839321e-01
1.728598327636718750e+03 1.236808248186907946e+02 5.870759965922341950e-01
1.728619140625000000e+03 1.233225256495166775e+02 5.862064253060901287e-01
1.728639953613281250e+03 1.240349606101276834e+02 5.846464047040100809e-01
1.728660827636718750e+03 1.236226188977843492e+02 5.846008058312728295e-01
1.728681640625000000e+03 1.227338701182549414e+02 5.840215001378071813e-01
1.728702453613281250e+03 1.227132754774219023e+02 5.842698844166998029e-01
1.728723327636718750e+03 1.238810315455712896e+02 5.865168695275804200e-01
1.728744140625000000e+03 1.215147522001997089e+02 5.835970101016496603e-01
1.728764953613281250e+03 1.237047625330776839e+02 5.889332293015839825e-01
1.728785827636718750e+03 1.223425062194027930e+02 5.844107254858101896e-01
1.728806640625000000e+03 1.224831028241605821e+02 5.842889610230965758e-01
1.728827453613281250e+03 1.226670255957877487e+02 5.860201713732492435e-01
1.728848327636718750e+03 1.239859880704462398e+02 5.859383900953525348e-01
1.728869140625000000e+03 1.220979604959474045e+02 5.875031978438982616e-01
1.728889953613281250e+03 1.232731176078288939e+02 5.852544236176900894e-01
1.728910827636718750e+03 1.234547164675212230e+02 5.871471887772796716e-01
1.728931640625000000e+03 1.241344243532690825e+02 5.846949818151307987e-01
1.728952453613281250e+03 1.230249838532053417e+02 5.852641496377740671e-01
1.728973327636718750e+03 1.218973944558668876e+02 5.846518844856642971e-01
1.728994140625000000e+03 1.230917316682112244e+02 5.865634118277809339e-01
1.729014953613281250e+03 1.226893980664016084e+02 5.843227006081217478e-01
1.729035827636718750e+03 1.241467717259568673e+02 5.853678668261815821e-01
1.729056640625000000e+03 1.247552480376576511e+02 5.852909080893502480e-01
1.729077453613281250e+03 1.250280732988953218e+02 5.861587615276835361e-01
1.729098327636718750e+03 1.240498267799962662e+02 5.876329433908058508e-01
1.729119140625000000e+03 1.250179263351581511e+02 5.855398227300049330e-01
1.729139953613281250e+03 1.257377948597571020e+02 5.856397762490389569e-01
1.729160827636718750e+03 1.240508241653167261e+02 5.874582011997881992e-01
1.729181640625000000e+03 1.236419506537111346e+02 5.871424682792911742e-01
1.729202453613281250e+03 1.238975298660351143e+02 5.891175757850305450e-01
1.729223327636718750e+03 1.233234450044566302e+02 5.847637117873131229e-01
1.729264953613281250e+03 1.231920941682156325e+02 5.832684060702627571e-01
1.729285827636718750e+03 1.235720207893161415e+02 5.829799779640421065e-01
1.729306640625000000e+03 1.238056805109289940e+02 5.841375551937714183e-01
1.729327453613281250e+03 1.239532097239592616e+02 5.838577235235742346e-01
1.729348327636718750e+03 1.241228928060684211e+02 5.826005903252813312e-01
1.729369140625000000e+03 1.246565359647051707e+02 5.824133879403298186e-01
1.729389953613281250e+03 1.237182645991010759e+02 5.838460343741977976e-01
1.729410827636718750e+03 1.237078192309906086e+02 5.840761756826685636e-01
1.729431640625000000e+03 1.242400768979309902e+02 5.833797578276374018e-01
1.729452453613281250e+03 1.265194502569745509e+02 5.842292297843524329e-01
1.729473327636718750e+03 1.228212289260979020e+02 5.840634193637688210e-01
1.729494140625000000e+03 1.238593507006203822e+02 5.854753833615892189e-01
1.729514953613281250e+03 1.251996134646269923e+02 5.866516847034057847e-01
1.729535827636718750e+03 1.240800107055691086e+02 5.874259354189375060e-01
1.729556640625000000e+03 1.242920350998024617e+02 5.874319727045353989e-01
1.729577453613281250e+03 1.233849810024277929e+02 5.873701510086150046e-01
1.729598327636718750e+03 1.254124383502914668e+02 5.900309183618730469e-01
1.729619140625000000e+03 1.240741999880531097e+02 5.893670233452694696e-01
1.729639953613281250e+03 1.239049460334023962e+02 5.876982871703261280e-01
1.729660827636718750e+03 1.248245082335419767e+02 5.883485651701088059e-01
1.729681640625000000e+03 1.246634958864875102e+02 5.880559644405861652e-01
1.729702453613281250e+03 1.251076272416375588e+02 5.884941779588436228e-01
1.729723327636718750e+03 1.242755467304106816e+02 5.875714978885520079e-01
1.729744140625000000e+03 1.248180265026666120e+02 5.873754531654027389e-01
1.729764953613281250e+03 1.245988750143963699e+02 5.876837331506502560e-01
1.729785827636718750e+03 1.239151139153773329e+02 5.879972494265390814e-01
1.729806640625000000e+03 1.250872510934614752e+02 5.879549263802354986e-01
1.729827453613281250e+03 1.239615875245676477e+02 5.884125885879073481e-01
1.729848327636718750e+03 1.238872941458158863e+02 5.893111951075011845e-01
1.729869140625000000e+03 1.252340216408105960e+02 5.900983702960489463e-01
1.729889953613281250e+03 1.241744524537787129e+02 5.907538510607494020e-01
1.729910827636718750e+03 1.249802178991442787e+02 5.914755978359447219e-01
1.729931640625000000e+03 1.241664964661440962e+02 5.878026395839703877e-01
1.729952453613281250e+03 1.252235733610838935e+02 5.877569306393740645e-01
1.729973327636718750e+03 1.237027455414952044e+02 5.891662142085055676e-01
1.729994140625000000e+03 1.242412554411999110e+02 5.872077397567913026e-01
1.730014953613281250e+03 1.252571870485361529e+02 5.872054051323266632e-01
1.730035827636718750e+03 1.250813030570659947e+02 5.871099821025377308e-01
1.730056640625000000e+03 1.235821384002520347e+02 5.875334050441476386e-01
1.730077453613281250e+03 1.242126443696290465e+02 5.964187326141873191e-01
1.730098327636718750e+03 1.240177840636220452e+02 5.904284225788504203e-01
1.730119140625000000e+03 1.233301111936774390e+02 5.912380286652043626e-01
1.730139953613281250e+03 1.252134055318008450e+02 5.901753838557952658e-01
1.730160827636718750e+03 1.250573543894429349e+02 5.904670352714050940e-01
1.730181640625000000e+03 1.261940131529850930e+02 5.905035257306897600e-01
1.730202453613281250e+03 1.243684938628528016e+02 5.909303925165975135e-01
1.730223327636718750e+03 1.243151819371561686e+02 5.891681869771389080e-01
1.730244140625000000e+03 1.253933099144891514e+02 5.882514783967940364e-01
1.730264953613281250e+03 1.248851514068026631e+02 5.878573690240839200e-01
1.730285827636718750e+03 1.250867124277888962e+02 5.884723763201458180e-01
1.730306640625000000e+03 1.233700524345709510e+02 5.870980531333074293e-01
1.730327453613281250e+03 1.247762677705354548e+02 5.859392293268751439e-01
1.730348327636718750e+03 1.244197331904891257e+02 5.906754245123143621e-01
1.730369140625000000e+03 1.253590309091427457e+02 5.888013913672013322e-01
1.730389953613281250e+03 1.245361658879521656e+02 5.875582087879170912e-01
1.730410827636718750e+03 1.268309005045155544e+02 5.878959985024875268e-01
1.730431640625000000e+03 1.250478119887261386e+02 5.885856803257825121e-01
1.730452453613281250e+03 1.246684005600086920e+02 5.891279462485293772e-01
1.730473327636718750e+03 1.258734880800689808e+02 5.895670563930087704e-01
1.730494140625000000e+03 1.252183596379279464e+02 5.922964272680669717e-01
1.730514953613281250e+03 1.244005808855359021e+02 5.917558057779841452e-01
1.730535766601562500e+03 1.255129031894194043e+02 5.921253513949581437e-01
1.730556579589843750e+03 1.264728975105854403e+02 5.932146218526033188e-01
1.730577453613281250e+03 1.261446219607448143e+02 5.935658119015271295e-01
1.730598266601562500e+03 1.247519514563817182e+02 5.939416826934439397e-01
1.730619079589843750e+03 1.265627894463436576e+02 5.937132824035072920e-01
1.730639953613281250e+03 1.248519701063783174e+02 5.952588284946070951e-01
1.730660766601562500e+03 1.244548671114911826e+02 5.937850590444118115e-01
1.730681579589843750e+03 1.260533448675203374e+02 5.951228082364511396e-01
1.730702453613281250e+03 1.266515418333274141e+02 5.941113827824479054e-01
1.730723266601562500e+03 1.269956483916511019e+02 5.956414863090064848e-01
1.730744079589843750e+03 1.272773200306355932e+02 5.931614669426485964e-01
1.730764953613281250e+03 1.267876693124343888e+02 5.935510502835920077e-01
1.730785766601562500e+03 1.242004068018889598e+02 5.944597118512593426e-01
1.730806579589843750e+03 1.249372889051976330e+02 5.947425476832389757e-01
1.730827453613281250e+03 1.257745025859411072e+02 5.944976867345234117e-01
1.730848266601562500e+03 1.248857355535421050e+02 5.955972796351098886e-01
1.730869079589843750e+03 1.266608191850344696e+02 5.962642340890406123e-01
1.730889953613281250e+03 1.252613500707115861e+02 5.956252250390763336e-01
1.730910766601562500e+03 1.233489144076405921e+02 5.957291644299205213e-01
1.730931579589843750e+03 1.262200169177118880e+02 5.949015493045420877e-01
1.730952453613281250e+03 1.265130448779863457e+02 5.967762520876404020e-01
1.730973266601562500e+03 1.269248013517356668e+02 5.942991377575682632e-01
1.730994079589843750e+03 1.264810655673531983e+02 5.967965768552919714e-01
1.731014953613281250e+03 1.263995297865558598e+02 5.956464896873646664e-01
1.731035766601562500e+03 1.245610128722427135e+02 6.000664177532178956e-01
1.731056579589843750e+03 1.258435515901125825e+02 5.962999949497962415e-01
1.731077453613281250e+03 1.256960268773742797e+02 5.953141490282662929e-01
1.731098266601562500e+03 1.261906879803791526e+02 5.962482147270042887e-01
1.731119079589843750e+03 1.284456965659820185e+02 5.972950411052493358e-01
1.731139953613281250e+03 1.263010390363301241e+02 5.986394337323722725e-01
1.731160766601562500e+03 1.242126247501116580e+02 5.963615655787102288e-01
1.731181579589843750e+03 1.260569452373272981e+02 5.964939558837313305e-01
1.731202453613281250e+03 1.250993919394615972e+02 5.986368698804053201e-01
1.731223266601562500e+03 1.274747870805484240e+02 5.953660605458468424e-01
1.731244079589843750e+03 1.266421354725925852e+02 5.943463492883969135e-01
1.731264953613281250e+03 1.263263892162966471e+02 5.933260407919400681e-01
1.731285766601562500e+03 1.255167572691749598e+02 5.936590426193026904e-01
1.731306579589843750e+03 1.240418360102078452e+02 5.928614643730591993e-01
1.731327453613281250e+03 1.238831756489802700e+02 5.932196959380643397e-01
1.731348266601562500e+03 1.259009931275398344e+02 5.934300313422353756e-01
1.731369079589843750e+03 1.261633180421505500e+02 5.941761144187428512e-01
1.731389953613281250e+03 1.243299735506915056e+02 5.954372875957604228e-01
1.731410766601562500e+03 1.264143496779278451e+02 5.953473388810393008e-01
1.731431579589843750e+03 1.258401935830086700e+02 5.977061381742371227e-01
1.731452453613281250e+03 1.241275455117786208e+02 5.987750782025151874e-01
1.731473266601562500e+03 1.256798097954720248e+02 6.003216417799086546e-01
1.731494079589843750e+03 1.253065780685931969e+02 5.995488089623994821e-01
1.731514953613281250e+03 1.282062914005535390e+02 6.067492327031022148e-01
1.731535766601562500e+03 1.256663972294869041e+02 5.988251468910371633e-01
1.731556579589843750e+03 1.249156937703309893e+02 5.990827652314801854e-01
1.731577453613281250e+03 1.259513044185596726e+02 6.002993512438780099e-01
1.731598266601562500e+03 1.246828279663429271e+02 6.054344167511718222e-01
1.731619079589843750e+03 1.255222396324149514e+02 6.016455258629399561e-01
1.731639953613281250e+03 1.254141187017691550e+02 6.007078217674917120e-01
1.731660766601562500e+03 1.284041173580599207e+02 6.017000115507282754e-01
1.731681579589843750e+03 1.253336722825695091e+02 6.011075367745873921e-01
1.731702453613281250e+03 1.258873960171748365e+02 6.020131095491703110e-01
1.731723266601562500e+03 1.256422291646047427e+02 6.031910291905866472e-01
1.731744079589843750e+03 1.257474565074719948e+02 6.018524709586955401e-01
1.731764953613281250e+03 1.258133786176147026e+02 6.024889314592418721e-01
1.731785766601562500e+03 1.258282152625419030e+02 6.079710167749676764e-01
1.731806579589843750e+03 1.270316630842460768e+02 6.040483611021566501e-01
1.731827453613281250e+03 1.254048256985766443e+02 6.055616246025284921e-01
1.731848266601562500e+03 1.264486750432585325e+02 6.067702794106591968e-01
1.731869079589843750e+03 1.275716684114814399e+02 6.085462069274023555e-01
1.731889953613281250e+03 1.258481245026832909e+02 6.100458462871621856e-01
1.731910766601562500e+03 1.271489639877709834e+02 6.089112155272323745e-01
1.731931579589843750e+03 1.256286523618875322e+02 6.092107257965193590e-01
1.731952453613281250e+03 1.254179191048467601e+02 6.077357520752200148e-01
1.731973266601562500e+03 1.260858460235940726e+02 6.072190366163897624e-01
1.731994079589843750e+03 1.252723666690512232e+02 6.074380903134194432e-01
1.732014953613281250e+03 1.272224559556937891e+02 6.061654789003712018e-01
1.732035766601562500e+03 1.257658999200524619e+02 6.069200656945314964e-01
1.732056579589843750e+03 1.254490596435105232e+02 6.070659858260276653e-01
1.732077453613281250e+03 1.267024639119404270e+02 6.085463048733582569e-01
1.732098266601562500e+03 1.257328221563355584e+02 6.085379794108224383e-01
1.732119079589843750e+03 1.249241098614891570e+02 6.098711488214747511e-01
1.732139953613281250e+03 1.259514905245514313e+02 6.088496413333297497e-01
1.732160766601562500e+03 1.279786662619104192e+02 6.105574359822417696e-01
1.732181579589843750e+03 1.274450084557550582e+02 6.103539550734355945e-01
1.732202453613281250e+03 1.281073695024678329e+02 6.091669901374274776e-01
1.732223266601562500e+03 1.268413382247759529e+02 6.081764710257101525e-01
1.732244079589843750e+03 1.274049277412384384e+02 6.081520916666411924e-01
1.732264953613281250e+03 1.263965003101743463e+02 6.067764680352486506e-01
1.732285766601562500e+03 1.273585680478270632e+02 6.060830968012514974e-01
1.732306579589843750e+03 1.262699928658906288e+02 6.072061775150228158e-01
1.732327453613281250e+03 1.278519025113275660e+02 6.060659355277844274e-01
1.732348266601562500e+03 1.268811393513890806e+02 6.065201766879135814e-01
1.732369079589843750e+03 1.272569208818781448e+02 6.096633082389968372e-01
1.732389892578125000e+03 1.288237043203964731e+02 6.083605220240587697e-01
1.732410705566406250e+03 1.265159512112667812e+02 6.086169442885293046e-01
1.732431579589843750e+03 1.287344992670647343e+02 6.102135097778574879e-01
1.732452392578125000e+03 1.281724426380028774e+02 6.109339506626687566e-01
1.732473205566406250e+03 1.252197846131227124e+02 6.119089749170710801e-01
1.732494079589843750e+03 1.259436833542432055e+02 6.129100915602385680e-01
1.732514892578125000e+03 1.268086552842674308e+02 6.140138417541389781e-01
1.732535705566406250e+03 1.268036984973827259e+02 6.159889075097942923e-01
1.732556579589843750e+03 1.255728473665944023e+02 6.214460657230161944e-01
1.732577392578125000e+03 1.256985298762499070e+02 6.170362939191326168e-01
1.732598205566406250e+03 1.279864731984017823e+02 6.185544726145846273e-01
1.732619079589843750e+03 1.243787709472091052e+02 6.185030376911735406e-01
1.732639892578125000e+03 1.278255950727703407e+02 6.189168772450763800e-01
1.732660705566406250e+03 1.262036197000281561e+02 6.218345111337163500e-01
1.732681579589843750e+03 1.278179955826295782e+02 6.192945174769917127e-01
1.732702392578125000e+03 1.261170273885040984e+02 6.191216595269052325e-01
1.732723205566406250e+03 1.263836704491307898e+02 6.196833737650053742e-01
1.732744079589843750e+03 1.266324769173363762e+02 6.206417718409368289e-01
1.732764892578125000e+03 1.272278236621433933e+02 6.219816279411863880e-01
1.732785705566406250e+03 1.264849595439805228e+02 6.238448674028052032e-01
1.732806579589843750e+03 1.295993523776282927e+02 6.265781029639657662e-01
1.732827392578125000e+03 1.284574284665886239e+02 6.277143426534270709e-01
1.732848205566406250e+03 1.272140273903342660e+02 6.297742173375714403e-01
1.732869079589843750e+03 1.272849232709197196e+02 6.315653957279795394e-01
1.732889892578125000e+03 1.264232744401910793e+02 6.356046091220483030e-01
1.732910705566406250e+03 1.277677078092749809e+02 6.328794420415299049e-01
1.732931579589843750e+03 1.272377174901885013e+02 6.319751144018537214e-01
1.732952392578125000e+03 1.278482170804669238e+02 6.324280406894037254e-01
1.732973205566406250e+03 1.291075823719129971e+02 6.321127990999551027e-01
1.732994079589843750e+03 1.280175062240205364e+02 6.329698013903366505e-01
1.733014892578125000e+03 1.268397813640116425e+02 6.302203552948979492e-01
1.733035705566406250e+03 1.281616629309719428e+02 6.303699590907680950e-01
1.733056579589843750e+03 1.273457229221148879e+02 6.317560065768523803e-01
1.733077392578125000e+03 1.279918542929575409e+02 6.318975592490471138e-01
1.733098205566406250e+03 1.255747097440040676e+02 6.334238748915237416e-01
1.733119079589843750e+03 1.253495114860659925e+02 6.334341786640491634e-01
1.733139892578125000e+03 1.269355042865671379e+02 6.348137235758321006e-01
1.733160705566406250e+03 1.265171966173672757e+02 6.369757104521522884e-01
1.733181579589843750e+03 1.280746441283684476e+02 6.388678527100848381e-01
1.733202392578125000e+03 1.267374726172627106e+02 6.370918725262483262e-01
1.733223205566406250e+03 1.284553550176415229e+02 6.372244996932102667e-01
1.733244079589843750e+03 1.273895849222448078e+02 6.394882817003751940e-01
1.733264892578125000e+03 1.283845441487454764e+02 6.346391522518430861e-01
1.733285705566406250e+03 1.262632118658446672e+02 6.346434959885587368e-01
1.733306579589843750e+03 1.273915933024364477e+02 6.327163010933859466e-01
1.733327392578125000e+03 1.275023075872629050e+02 6.329294967815881634e-01
1.733348205566406250e+03 1.270148847488144810e+02 6.316881198519568308e-01
1.733369079589843750e+03 1.254807034582025125e+02 6.338884836988336602e-01
1.733389892578125000e+03 1.273079154311740240e+02 6.329839262300068770e-01
1.733410705566406250e+03 1.271488429219206040e+02 6.356023584870045262e-01
1.733431579589843750e+03 1.268297688262398424e+02 6.355009778688291977e-01
1.733452392578125000e+03 1.278460860241663966e+02 6.400476040123238564e-01
1.733473205566406250e+03 1.287242517143709506e+02 6.398920425243966870e-01
1.733514892578125000e+03 1.300976059638790048e+02 6.458670443278724527e-01
1.733535705566406250e+03 1.270755125716871561e+02 6.464193490047192014e-01
1.733556579589843750e+03 1.277459761577413531e+02 6.504631116642397570e-01
1.733577392578125000e+03 1.260243320289073097e+02 6.509413807240959082e-01
1.733598205566406250e+03 1.285636934493974763e+02 6.530625272377191814e-01
1.733619079589843750e+03 1.273490883120861099e+02 6.542750568452981863e-01
1.733639892578125000e+03 1.288845563025811600e+02 6.577812450169169267e-01
1.733660705566406250e+03 1.282046149475816037e+02 6.572705462448462654e-01
1.733681579589843750e+03 1.270994179506170241e+02 6.589378761117479222e-01
1.733702392578125000e+03 1.289595479690903517e+02 6.612453393104876787e-01
1.733723205566406250e+03 1.278582838089004099e+02 6.636650017735501450e-01
1.733744079589843750e+03 1.273376761599608642e+02 6.652610957120995705e-01
1.733764892578125000e+03 1.296940715478816344e+02 6.685199136742443482e-01
1.733785705566406250e+03 1.281656646408668507e+02 6.736439992363459917e-01
1.733806579589843750e+03 1.278664957097751369e+02 6.772370286264699502e-01
1.733827392578125000e+03 1.286261012510694854e+02 6.808875222004437955e-01
1.733848205566406250e+03 1.302531091302708433e+02 6.841692436656052756e-01
1.733869079589843750e+03 1.278934874096715077e+02 6.863817527284593600e-01
1.733889892578125000e+03 1.304840319826626569e+02 6.889472596907260105e-01
1.733910705566406250e+03 1.259603568485725873e+02 6.883711713923751363e-01
1.733931579589843750e+03 1.301520151153030156e+02 6.885336128567945968e-01
1.733952392578125000e+03 1.291904715268531447e+02 6.879588459938604794e-01
1.733973205566406250e+03 1.294220066938538025e+02 6.892828366327536926e-01
1.733994079589843750e+03 1.310004256154180666e+02 6.856357484251451861e-01
1.734014892578125000e+03 1.297242137234615029e+02 6.848535536756916731e-01
1.734035705566406250e+03 1.274397151207719929e+02 6.871780161704083012e-01
1.734056579589843750e+03 1.305041596690412575e+02 6.857368445127157708e-01
1.734077392578125000e+03 1.286882617263853206e+02 6.902850267945157547e-01
1.734098205566406250e+03 1.277588081121016046e+02 6.932044702416038096e-01
1.734119079589843750e+03 1.291669146990554395e+02 6.965934655146706067e-01
1.734139892578125000e+03 1.289783500062222004e+02 7.032374186185392784e-01
1.734160705566406250e+03 1.305287509996446715e+02 7.032024764714992493e-01
1.734181518554687500e+03 1.301305562850968158e+02 7.075122440613120789e-01
1.734202331542968750e+03 1.284517247023640891e+02 7.087131117921057211e-01
1.734223205566406250e+03 1.294388328013266687e+02 7.096279365541954265e-01
1.734244018554687500e+03 1.276022862873762591e+02 7.097346851783308264e-01
1.734264831542968750e+03 1.289604343013959920e+02 7.105764792861736234e-01
1.734285705566406250e+03 1.284173014542569149e+02 7.076734713671791743e-01
1.734306518554687500e+03 1.307418984676624518e+02 7.077299427786827302e-01
1.734327331542968750e+03 1.310389689088024454e+02 7.081174989119530805e-01
1.734348205566406250e+03 1.285083738592271629e+02 7.097299821939111464e-01
1.734369018554687500e+03 1.291115923388732654e+02 7.127867322492918989e-01
1.734389831542968750e+03 1.300341772214224818e+02 7.214102648647493510e-01
1.734410705566406250e+03 1.301862849114062328e+02 7.364405943277749778e-01
1.734431518554687500e+03 1.315642330335780912e+02 7.588850080986019320e-01
1.734452331542968750e+03 1.306773718971432459e+02 7.867750115529653643e-01
1.734473205566406250e+03 1.298504610806670598e+02 8.158276711703527084e-01
1.734494018554687500e+03 1.311841761185705479e+02 8.496405584817005030e-01
1.734514831542968750e+03 1.315111169602699874e+02 8.877957898842984141e-01
1.734535705566406250e+03 1.335499192910399415e+02 9.253288483520160090e-01
1.734556518554687500e+03 1.288986376052139917e+02 9.659013704511566489e-01
1.734577331542968750e+03 1.275593366141196725e+02 1.005364631532017938e+00
1.734598205566406250e+03 1.299368092408299731e+02 1.044064292871921928e+00
1.734619018554687500e+03 1.279851819338773993e+02 1.078829162186101920e+00
1.734639831542968750e+03 1.295447865333722461e+02 1.108178850512499869e+00
1.734660705566406250e+03 1.366509318462735223e+02 1.130962834871587885e+00
1.734681518554687500e+03 1.380941898948896096e+02 1.149088616591785295e+00
1.734702331542968750e+03 1.415495475908485901e+02 1.160166011473822367e+00
1.734723205566406250e+03 1.399369125385330790e+02 1.170176992478311417e+00
1.734744018554687500e+03 1.378895440236568959e+02 1.179697403013587165e+00
1.734764831542968750e+03 1.364757151801909743e+02 1.189243692836431610e+00
1.734785705566406250e+03 1.258473578711111998e+02 1.202172385255352749e+00
1.734806518554687500e+03 1.335438679263387769e+02 1.217611808421086961e+00
1.734827331542968750e+03 1.323542622638695434e+02 1.230703470761224994e+00
1.734848205566406250e+03 1.218251701780111205e+02 1.244809053477826000e+00
1.734869018554687500e+03 1.211778290883731302e+02 1.252763649455999939e+00
1.734889831542968750e+03 1.204525103676361937e+02 1.259016373074140160e+00
1.734910705566406250e+03 1.194678191172879735e+02 1.252664682217891068e+00
1.734931518554687500e+03 1.117509491264660539e+02 1.240055822300334842e+00
1.734952331542968750e+03 1.186164544439258748e+02 1.230423554089977500e+00
1.734973205566406250e+03 1.200750699024753487e+02 1.211374757638571831e+00
1.734994018554687500e+03 1.249571677647298884e+02 1.186563373411639200e+00
1.735014831542968750e+03 1.300998093218590839e+02 1.160928026368621246e+00
1.735035705566406250e+03 1.366592172122783211e+02 1.137754460053826966e+00
1.735056518554687500e+03 1.320221624210361995e+02 1.116788032446029089e+00
1.735077331542968750e+03 1.354466148558159944e+02 1.099964633286405258e+00
1.735098205566406250e+03 1.341707843266460429e+02 1.092392214907349723e+00
1.735119018554687500e+03 1.333107445461918985e+02 1.086143748504948991e+00
1.735139831542968750e+03 1.372337227617771873e+02 1.085494410731941750e+00
1.735160705566406250e+03 1.422718519816160097e+02 1.084226948857866413e+00
1.735181518554687500e+03 1.383520606961208728e+02 1.083351954275657336e+00
1.735202331542968750e+03 1.411993358970321424e+02 1.081700463807841572e+00
1.735223205566406250e+03 1.368347139679800648e+02 1.069772737379534711e+00
1.735244018554687500e+03 1.399952931803672129e+02 1.056963802421595044e+00
1.735264831542968750e+03 1.330001292278294613e+02 1.040361152169016590e+00
1.735285705566406250e+03 1.274423532873177152e+02 1.022024387557612046e+00
1.735306518554687500e+03 1.304881385252867290e+02 1.004941354720113367e+00
1.735327331542968750e+03 1.301232230586957712e+02 9.877812926525842974e-01
1.735348205566406250e+03 1.270886723317478726e+02 9.726590995287232033e-01
1.735369018554687500e+03 1.287782820735321252e+02 9.571308940473313154e-01
1.735389831542968750e+03 1.330905378973404822e+02 9.421147573045115520e-01
1.735410705566406250e+03 1.377477994324465840e+02 9.286624803546862372e-01
1.735431518554687500e+03 1.442183675036899331e+02 9.174017270960329595e-01
1.735452331542968750e+03 1.380601228756623300e+02 9.084038297320508049e-01
1.735473205566406250e+03 1.417150422420587290e+02 9.040480862631151693e-01
1.735494018554687500e+03 1.423166892132210819e+02 9.005931700906442128e-01
1.735514831542968750e+03 1.456713327840469390e+02 8.976469791421655131e-01
1.735535705566406250e+03 1.373923280153051110e+02 8.939496277564762394e-01
1.735556518554687500e+03 1.365154322112579166e+02 8.939898655869574773e-01
1.735577331542968750e+03 1.399577683882885708e+02 8.923416659211095281e-01
1.735598205566406250e+03 1.361265766426354276e+02 8.911449855233370965e-01
1.735619018554687500e+03 1.369527043522169834e+02 8.903826333591287057e-01
1.735639831542968750e+03 1.355351712470793473e+02 8.895475998311824783e-01
1.735660705566406250e+03 1.368557440442079383e+02 8.887670109726414358e-01
1.735681518554687500e+03 1.344792704490879487e+02 8.882609664493409385e-01
1.735702331542968750e+03 1.375152806191797481e+02 8.893128148292231971e-01
1.735723205566406250e+03 1.349803586099884569e+02 8.898938842261505666e-01
1.735744018554687500e+03 1.364171755624832372e+02 8.930553270823844425e-01
1.735764831542968750e+03 1.359533493541129019e+02 8.954620516035110001e-01
1.735785705566406250e+03 1.342923668432732143e+02 8.992623564672170833e-01
1.735806518554687500e+03 1.375538428636149888e+02 9.060964454259511358e-01
1.735827331542968750e+03 1.347145432198123558e+02 9.118422253832357827e-01
1.735848205566406250e+03 1.350818987595736189e+02 9.188770751265455949e-01
1.735869018554687500e+03 1.375386171026372040e+02 9.234761057366434045e-01
1.735889831542968750e+03 1.379785313912472020e+02 9.288911373875775590e-01
1.735910705566406250e+03 1.385917579522198366e+02 9.298264535876312742e-01
1.735931457519531250e+03 1.380078833643480607e+02 9.298209407151734052e-01
1.735952331542968750e+03 1.353170627149621623e+02 9.278330218421555475e-01
1.735973144531250000e+03 1.381765878073136662e+02 9.255245190777624531e-01
1.735993957519531250e+03 1.377082858326283485e+02 9.216567928884432659e-01
1.736014831542968750e+03 1.380673152935533494e+02 9.174990811980009431e-01
1.736035644531250000e+03 1.381581258093800670e+02 9.146151054152625859e-01
1.736056457519531250e+03 1.376847569756197061e+02 9.131412591341758755e-01
1.736077331542968750e+03 1.378460615169086054e+02 9.101247822965998768e-01
1.736098144531250000e+03 1.350815392864186322e+02 9.104524711592528741e-01
1.736118957519531250e+03 1.368929466881206736e+02 9.112270425068376145e-01
1.736139831542968750e+03 1.373781803312949705e+02 9.121460999114221480e-01
1.736160644531250000e+03 1.385045679964003966e+02 9.128425804230724250e-01
1.736181457519531250e+03 1.391765419547131728e+02 9.124434714901568100e-01
1.736202331542968750e+03 1.359947998809386718e+02 9.116993540030280396e-01
1.736223144531250000e+03 1.355091306119215915e+02 9.096836942581982832e-01
1.736243957519531250e+03 1.361663884121286401e+02 9.034481803502882880e-01
1.736264831542968750e+03 1.322044739474304436e+02 8.962853570239308620e-01
1.736285644531250000e+03 1.343390802781385958e+02 8.884116326215024673e-01
1.736306457519531250e+03 1.345395034076331626e+02 8.791245253046501285e-01
1.736327331542968750e+03 1.348686868372823255e+02 8.693848341845662464e-01
1.736348144531250000e+03 1.365175721228591499e+02 8.608551456781303735e-01
1.736368957519531250e+03 1.332303732200485911e+02 8.487422332633037803e-01
1.736389831542968750e+03 1.340320004373808160e+02 8.426460532305871665e-01
1.736410644531250000e+03 1.326428940783738426e+02 8.331343452976871511e-01
1.736431457519531250e+03 1.344222272198092583e+02 8.256058794532131762e-01
1.736452331542968750e+03 1.345341977122157573e+02 8.227670911870090809e-01
1.736473144531250000e+03 1.338782386176697514e+02 8.186127991779919011e-01
1.736493957519531250e+03 1.368878921438161456e+02 8.175370630267809746e-01
1.736514831542968750e+03 1.319092134539626500e+02 8.207619661846822234e-01
1.736535644531250000e+03 1.350945733851620787e+02 8.192245534996505096e-01
1.736556457519531250e+03 1.338684868598768389e+02 8.187789387721097212e-01
1.736577331542968750e+03 1.322549552350241129e+02 8.197838669389311272e-01
1.736598144531250000e+03 1.343199850509859630e+02 8.225807437860477300e-01
1.736618957519531250e+03 1.335330341430452563e+02 8.214192508381958913e-01
1.736639831542968750e+03 1.343031409080754770e+02 8.225087510892749032e-01
1.736660644531250000e+03 1.363617669789770730e+02 8.222262991519180275e-01
1.736681457519531250e+03 1.307380566275364231e+02 8.202283543617290285e-01
1.736702331542968750e+03 1.354544916196732061e+02 8.153386779068296786e-01
1.736723144531250000e+03 1.330520154870797569e+02 8.122470902249625535e-01
1.736743957519531250e+03 1.319534438167763710e+02 8.080244778617355905e-01
1.736764831542968750e+03 1.336443318950153412e+02 8.036541275582008703e-01
1.736785644531250000e+03 1.299463478878462581e+02 7.986311168284150330e-01
1.736806457519531250e+03 1.343132073234141330e+02 7.952543495968276144e-01
1.736827331542968750e+03 1.317374472460461448e+02 7.901934837061043160e-01
1.736848144531250000e+03 1.346341417274422838e+02 7.880700167686900404e-01
1.736868957519531250e+03 1.316313224117011487e+02 7.830715687296896377e-01
1.736889831542968750e+03 1.332291730408535102e+02 7.806584216523202446e-01
1.736910644531250000e+03 1.332973377882424302e+02 7.758876639196585767e-01
1.736931457519531250e+03 1.302349587135007027e+02 7.711711392511694241e-01
1.736952331542968750e+03 1.307641456711228329e+02 7.648256371820868482e-01
1.736973144531250000e+03 1.300023383888355113e+02 7.587920867584720952e-01
1.736993957519531250e+03 1.303546395852196724e+02 7.508984985256283995e-01
1.737014831542968750e+03 1.310172985880651879e+02 7.437765677699667011e-01
1.737035644531250000e+03 1.292668720350450542e+02 7.352920650004739489e-01
1.737056457519531250e+03 1.309077578944731499e+02 7.267781419583826397e-01
1.737077331542968750e+03 1.300052227212187290e+02 7.152230345713975757e-01
1.737098144531250000e+03 1.296092132427362458e+02 7.040638906953624598e-01
1.737118957519531250e+03 1.263301912416025061e+02 6.944653997968285308e-01
1.737139831542968750e+03 1.287850354531105097e+02 6.853794425974822913e-01
1.737160644531250000e+03 1.297047107935533745e+02 6.774392048631028285e-01
1.737181457519531250e+03 1.281859765875916821e+02 6.688141186003637717e-01
1.737202331542968750e+03 1.258494293789502763e+02 6.617816125044014841e-01
1.737223144531250000e+03 1.245445036829075605e+02 6.503918163758326543e-01
1.737243957519531250e+03 1.260562503679951902e+02 6.410653531476944167e-01
1.737264831542968750e+03 1.289529386612401254e+02 6.324229748759327974e-01
1.737285644531250000e+03 1.258834277284668417e+02 6.197155229827728817e-01
1.737306457519531250e+03 1.267893018452734850e+02 6.072924068134524234e-01
1.737327331542968750e+03 1.254324332178716332e+02 5.970339808018479966e-01
1.737348144531250000e+03 1.259405182309972275e+02 5.872671680498676716e-01
1.737368957519531250e+03 1.272090139370546069e+02 5.816422769229711021e-01
1.737389831542968750e+03 1.255032493795073378e+02 5.763351209168577904e-01
