1.711390136718750000e+03 2.935306102016350565e+02 5.601374496646199797e-01
1.711410949707031250e+03 2.931945724072677422e+02 5.640830440425633752e-01
1.711431823730468750e+03 2.932117966826107249e+02 5.600891637066824913e-01
1.711452636718750000e+03 2.928317394535199583e+02 5.601291761678925951e-01
1.711473449707031250e+03 2.926390383313099619e+02 5.605735905358593119e-01
1.711494323730468750e+03 2.924553509094909032e+02 5.607813700210557695e-01
1.711515136718750000e+03 2.924935212323617861e+02 5.619662984860204213e-01
1.711535949707031250e+03 2.919300080982940244e+02 5.609031369195531802e-01
1.711556823730468750e+03 2.929350620522541817e+02 5.625423839283759664e-01
1.711577636718750000e+03 2.930320922664169530e+02 5.614087062222444802e-01
1.711598449707031250e+03 2.926784394140874497e+02 5.620569497607181830e-01
1.711619323730468750e+03 2.928741956349216480e+02 5.633990731996463275e-01
1.711640136718750000e+03 2.919045995148403563e+02 5.611473880923552038e-01
1.711660949707031250e+03 2.920297473816993943e+02 5.629810819140724787e-01
1.711681823730468750e+03 2.922790778633806781e+02 5.618623987552148202e-01
1.711702636718750000e+03 2.919721004381210037e+02 5.635369332961482902e-01
1.711723449707031250e+03 2.925136837225704767e+02 5.624775882070858213e-01
1.711744323730468750e+03 2.916413028179510434e+02 5.628307482754473234e-01
1.711765136718750000e+03 2.919823020494688421e+02 5.621809849512651169e-01
1.711785949707031250e+03 2.929175220730209617e+02 5.654738018635564467e-01
1.711806823730468750e+03 2.924299001720111164e+02 5.620784239369596147e-01
1.711827636718750000e+03 2.912763199203426439e+02 5.620431899498501416e-01
1.711848449707031250e+03 2.914139807680039667e+02 5.617112616834372130e-01
1.711869323730468750e+03 2.920038390813716660e+02 5.623825268467477212e-01
1.711890136718750000e+03 2.913324040446195795e+02 5.618700897969711727e-01
1.711910949707031250e+03 2.920193487792005271e+02 5.623479478684144661e-01
1.711931823730468750e+03 2.924787377489865889e+02 5.632399883845081723e-01
1.711952636718750000e+03 2.925509434270705924e+02 5.635462937602844224e-01
1.711973449707031250e+03 2.920494387546204393e+02 5.632361786861325159e-01
1.711994323730468750e+03 2.924019871286437819e+02 5.627858707073701838e-01
1.712015136718750000e+03 2.914774396094807685e+02 5.651598667053306935e-01
1.712035949707031250e+03 2.920801983485314395e+02 5.640206973999176698e-01
1.712056823730468750e+03 2.915598482562100457e+02 5.628945238665339357e-01
1.712077636718750000e+03 2.923805950103669602e+02 5.643274239883950827e-01
1.712098449707031250e+03 2.920391023662624548e+02 5.627776361455651966e-01
1.712119323730468750e+03 2.923776652513416252e+02 5.717229255300684265e-01
1.712140136718750000e+03 2.922857836359733028e+02 5.640134848223734565e-01
1.712160949707031250e+03 2.920928186536832527e+02 5.632881629720696282e-01
1.712181823730468750e+03 2.922272615988590587e+02 5.653154326911631333e-01
1.712202636718750000e+03 2.926529849828717715e+02 5.644388164039849665e-01
1.712223449707031250e+03 2.924893529949644631e+02 5.653385490796917212e-01
1.712244323730468750e+03 2.921452514082592415e+02 5.654295557315126564e-01
1.712265136718750000e+03 2.925002519215864254e+02 5.647320701603382176e-01
1.712285949707031250e+03 2.919717474279153748e+02 5.640292044241134173e-01
1.712306823730468750e+03 2.920362366544576957e+02 5.645515857605677423e-01
1.712327636718750000e+03 2.919745105300360706e+02 5.664163785883860047e-01
1.712348449707031250e+03 2.920513312452522428e+02 5.659344780186686963e-01
1.712369323730468750e+03 2.918319669176485149e+02 5.655729807332489090e-01
1.712390136718750000e+03 2.919507571788242331e+02 5.734158826282212962e-01
1.712410949707031250e+03 2.924485982201121033e+02 5.666890194869251829e-01
1.712431823730468750e+03 2.922403962245801949e+02 5.671739045922871147e-01
1.712452636718750000e+03 2.914342555112547188e+02 5.668987106445179114e-01
1.712473449707031250e+03 2.932258920468347014e+02 5.694015491296364750e-01
1.712494323730468750e+03 2.926700321787809571e+02 5.706779406537247912e-01
1.712515136718750000e+03 2.918693732890167212e+02 5.690000141743823958e-01
1.712535949707031250e+03 2.926330569566769100e+02 5.706355603881877459e-01
1.712556823730468750e+03 2.922195642529111410e+02 5.722163833420059742e-01
1.712577636718750000e+03 2.930253722066934188e+02 5.721937531525930209e-01
1.712598449707031250e+03 2.931965290388140488e+02 5.713909873353096858e-01
1.712619323730468750e+03 2.918765032454455195e+02 5.714665585476542686e-01
1.712640136718750000e+03 2.922955464005502790e+02 5.722635939630393853e-01
1.712660949707031250e+03 2.926907710451785647e+02 5.723350665042712393e-01
1.712681823730468750e+03 2.924180389524540260e+02 5.733769013194729425e-01
1.712702636718750000e+03 2.927305346459637576e+02 5.725185369214145226e-01
1.712723449707031250e+03 2.927624267911239713e+02 5.739466483097295235e-01
1.712744323730468750e+03 2.919420452824614358e+02 5.735477757246923991e-01
1.712765136718750000e+03 2.929487803650952742e+02 5.737797103203822191e-01
1.712785949707031250e+03 2.927124862687552422e+02 5.739989346534200010e-01
1.712806823730468750e+03 2.928006848578534118e+02 5.749749634309199164e-01
1.712827636718750000e+03 2.925824025284380241e+02 5.764660359143636281e-01
1.712848449707031250e+03 2.915482672515934723e+02 5.747730667692336759e-01
1.712869323730468750e+03 2.926009561644445398e+02 5.757038090257001750e-01
1.712890136718750000e+03 2.925553034666629628e+02 5.772618732544727571e-01
1.712910949707031250e+03 2.925512903140555068e+02 5.761822974345340853e-01
1.712931823730468750e+03 2.922560802852680695e+02 5.752103379364434943e-01
1.712952636718750000e+03 2.919065908616469187e+02 5.746124889878072572e-01
1.712973449707031250e+03 2.927083945153602258e+02 5.755642548028045979e-01
1.712994323730468750e+03 2.927452578732862776e+02 5.751574103880775501e-01
1.713015136718750000e+03 2.916107550313297452e+02 5.747503039096660826e-01
1.713035949707031250e+03 2.923272816290068477e+02 5.763911718938672379e-01
1.713056823730468750e+03 2.917543792706211434e+02 5.766742132865430026e-01
1.713077636718750000e+03 2.922902312993078908e+02 5.767956993507495911e-01
1.713098449707031250e+03 2.919509541708676466e+02 5.773879843402087708e-01
1.713119323730468750e+03 2.928055858609452002e+02 5.776513711291463293e-01
1.713140136718750000e+03 2.923069511781118308e+02 5.796677393257141375e-01
1.713160949707031250e+03 2.923291850923154698e+02 5.782370587594172218e-01
1.713181823730468750e+03 2.919238061471610308e+02 5.785876562182395988e-01
1.713202636718750000e+03 2.926480287080613607e+02 5.788348968641079395e-01
1.713223449707031250e+03 2.924464425154468472e+02 5.777724454044781410e-01
1.713244323730468750e+03 2.917510036548214316e+02 5.772011308449461753e-01
1.713265136718750000e+03 2.920949184771978366e+02 5.840367577575940050e-01
1.713285949707031250e+03 2.930465640375463181e+02 5.782583959145588537e-01
1.713306823730468750e+03 2.924297303343156500e+02 5.771849180204080554e-01
1.713327636718750000e+03 2.924155735128377387e+02 5.760875834214396196e-01
1.713348449707031250e+03 2.917398094326787827e+02 5.764481480200349672e-01
1.713369323730468750e+03 2.918839253388213137e+02 5.764607109633825832e-01
1.713390136718750000e+03 2.932097216799385251e+02 5.774071334714014903e-01
1.713410949707031250e+03 2.925152196187310665e+02 5.775105845732294574e-01
1.713431823730468750e+03 2.921398333137211125e+02 5.779118531605823561e-01
1.713452636718750000e+03 2.927702912452590454e+02 5.785426615824493801e-01
1.713473449707031250e+03 2.919063724677827736e+02 5.794084581674887602e-01
1.713494323730468750e+03 2.934779201569361362e+02 5.816015667223258800e-01
1.713515136718750000e+03 2.924376246993871291e+02 5.793830226190487265e-01
1.713535949707031250e+03 2.930174478682660606e+02 5.808680130316912216e-01
1.713556823730468750e+03 2.925237577870011592e+02 5.816257011184713388e-01
1.713577636718750000e+03 2.924092838415797360e+02 5.839566635650522697e-01
1.713598449707031250e+03 2.919961392172921819e+02 5.812815503817483354e-01
1.713619323730468750e+03 2.928528063447190561e+02 5.814388511844579277e-01
1.713640136718750000e+03 2.935688012400955245e+02 5.820079517181785400e-01
1.713660949707031250e+03 2.926373489482728019e+02 5.818906524634431809e-01
1.713681823730468750e+03 2.920716698979443890e+02 5.811237710868788486e-01
1.713702636718750000e+03 2.927469942697129568e+02 5.835616709358150134e-01
1.713723449707031250e+03 2.922257463373620112e+02 5.822565039684608479e-01
1.713744323730468750e+03 2.924207118012976707e+02 5.825827629003986763e-01
1.713765136718750000e+03 2.920875834597687231e+02 5.822826584976187325e-01
1.713785949707031250e+03 2.926095829504777157e+02 5.832990880405458656e-01
1.713806823730468750e+03 2.926444123585399097e+02 5.829706228078401775e-01
1.713827636718750000e+03 2.924637342425003794e+02 5.836932116706016194e-01
1.713848449707031250e+03 2.921889071701437501e+02 5.839820530057437953e-01
1.713869323730468750e+03 2.922790500864376213e+02 5.838684936680331727e-01
1.713890136718750000e+03 2.924811417892854593e+02 5.840553062000022333e-01
1.713910949707031250e+03 2.923252767942811943e+02 5.844722993191526772e-01
1.713931823730468750e+03 2.910487120815934077e+02 5.819527489892301064e-01
1.713952636718750000e+03 2.926875804791673659e+02 5.846087839790649054e-01
1.713973449707031250e+03 2.914320092616770239e+02 5.853162396541138346e-01
1.713994323730468750e+03 2.918170486874967082e+02 5.810896662593988404e-01
1.714015136718750000e+03 2.918364360623471043e+02 5.813942566157217495e-01
1.714035949707031250e+03 2.932245587247396656e+02 5.833002887176421680e-01
1.714056823730468750e+03 2.925631695239640067e+02 5.817046048936758140e-01
1.714077636718750000e+03 2.916716216698674771e+02 5.879046416275099940e-01
1.714098449707031250e+03 2.928974253059628836e+02 5.838140794352664198e-01
1.714119323730468750e+03 2.915556453120312312e+02 5.842549899487631260e-01
1.714140136718750000e+03 2.926740840680997167e+02 5.843917803471545547e-01
1.714160949707031250e+03 2.922090454006983009e+02 5.850203138476173237e-01
1.714181823730468750e+03 2.917143893808778330e+02 5.839358663665742410e-01
1.714202636718750000e+03 2.927609894216973885e+02 5.837802338786073353e-01
1.714223449707031250e+03 2.921583498799781182e+02 5.828519577700991272e-01
1.714244323730468750e+03 2.921904059089779366e+02 5.833402162100403965e-01
1.714265136718750000e+03 2.927408318881981586e+02 5.815711539074044367e-01
1.714285949707031250e+03 2.918115165905504114e+02 5.809308857820844052e-01
1.714306823730468750e+03 2.922107688886459300e+02 5.822295548734193193e-01
1.714327636718750000e+03 2.926142280538331875e+02 5.812882154474059426e-01
1.714348449707031250e+03 2.926332326563354513e+02 5.826143505757568342e-01
1.714369323730468750e+03 2.917957036132899020e+02 5.811112576683659103e-01
1.714390136718750000e+03 2.917961013456696264e+02 5.813205911983554408e-01
1.714410949707031250e+03 2.935222684892399911e+02 5.828577867764500597e-01
1.714431823730468750e+03 2.923761212059516197e+02 5.835952738342409241e-01
1.714452636718750000e+03 2.920141771457239201e+02 5.824836406538898004e-01
1.714473449707031250e+03 2.925716868417202363e+02 5.830348022961207022e-01
1.714494323730468750e+03 2.921717671416831763e+02 5.900928400831939591e-01
1.714515136718750000e+03 2.927391502063198914e+02 5.872868831106368148e-01
1.714535949707031250e+03 2.926209421533175146e+02 5.859076428753654531e-01
1.714556762695312500e+03 2.930363112847924754e+02 5.901882100560026378e-01
1.714577636718750000e+03 2.925252003851650215e+02 5.876088021355951874e-01
1.714598449707031250e+03 2.918409816063305016e+02 5.860869916314191963e-01
1.714619262695312500e+03 2.935718476538120854e+02 5.877069839124886563e-01
1.714640075683593750e+03 2.927204536731520648e+02 5.877531277383896136e-01
1.714660949707031250e+03 2.932938443610133845e+02 5.878268489272697739e-01
1.714681762695312500e+03 2.915046070415669988e+02 5.859109745379409429e-01
1.714702575683593750e+03 2.932080113371576999e+02 5.873643160439132593e-01
1.714723449707031250e+03 2.927845966176923866e+02 5.861072040214703183e-01
1.714744262695312500e+03 2.922003984974035120e+02 5.866336755751168086e-01
1.714765075683593750e+03 2.925973181233391074e+02 5.868232136263448195e-01
1.714785949707031250e+03 2.924007923107519673e+02 5.876886267898209226e-01
1.714806762695312500e+03 2.919814193322554274e+02 5.879749731849110983e-01
1.714827575683593750e+03 2.926514073718283271e+02 5.882824577329277549e-01
1.714848449707031250e+03 2.921859332780925911e+02 5.880511498780478519e-01
1.714869262695312500e+03 2.916050820507132926e+02 5.883017841620707955e-01
1.714890075683593750e+03 2.926634062315877145e+02 5.896656449578452364e-01
1.714910949707031250e+03 2.926410740820467140e+02 5.909094120654987403e-01
1.714931762695312500e+03 2.923710114667577500e+02 5.886048702184972781e-01
1.714952575683593750e+03 2.924833107866796809e+02 5.878114108329550724e-01
1.714973449707031250e+03 2.919238598666154871e+02 5.877874543666040674e-01
1.714994262695312500e+03 2.925600807702007273e+02 5.863230136391859304e-01
1.715015075683593750e+03 2.914516958731909426e+02 5.894165513085130037e-01
1.715035949707031250e+03 2.912559624285306654e+02 5.859239703841614411e-01
1.715056762695312500e+03 2.910542556745637057e+02 5.855208632256468926e-01
1.715077575683593750e+03 2.917220297051848092e+02 5.866024567495067288e-01
1.715098449707031250e+03 2.921389222775504777e+02 5.880473742198484288e-01
1.715119262695312500e+03 2.912846540176156509e+02 5.878675082404818397e-01
1.715140075683593750e+03 2.911245416351597441e+02 5.873827340395590957e-01
1.715160949707031250e+03 2.919696508976201699e+02 5.880618685608379748e-01
1.715181762695312500e+03 2.926497641579402398e+02 5.878986091958737781e-01
1.715202575683593750e+03 2.917656964079077397e+02 5.885105096677502035e-01
1.715223449707031250e+03 2.912391585982876450e+02 5.868775773728135414e-01
1.715244262695312500e+03 2.919653222887911852e+02 5.862325307036763133e-01
1.715265075683593750e+03 2.908164361370397160e+02 5.849221906104496993e-01
1.715285949707031250e+03 2.913419510027696333e+02 5.852620618669819308e-01
1.715306762695312500e+03 2.923132180702728533e+02 5.876222168840896654e-01
1.715327575683593750e+03 2.912809672370123621e+02 5.849440736202549118e-01
1.715348449707031250e+03 2.915526375992787962e+02 5.851051776839446550e-01
1.715369262695312500e+03 2.904066164253735565e+02 5.840002969976219038e-01
1.715390075683593750e+03 2.918555019269805371e+02 5.856871006302474258e-01
1.715410949707031250e+03 2.914935433595860559e+02 5.869444015709726070e-01
1.715431762695312500e+03 2.928843873423807054e+02 5.877845896655873315e-01
1.715452575683593750e+03 2.912468561002421552e+02 5.880540132805184284e-01
1.715473449707031250e+03 2.921464507051794044e+02 5.878952634508017860e-01
1.715494262695312500e+03 2.915203368059388822e+02 5.886740802807118866e-01
1.715515075683593750e+03 2.924858882744790662e+02 5.889745459423956220e-01
1.715535949707031250e+03 2.921224268465390992e+02 5.896837131073392468e-01
1.715556762695312500e+03 2.908021742399568552e+02 5.902742747283908908e-01
1.715577575683593750e+03 2.915774573916129384e+02 5.901638198379173250e-01
1.715598449707031250e+03 2.912287826037157856e+02 5.902281512797620255e-01
1.715619262695312500e+03 2.916347399215712244e+02 5.903916246043030558e-01
1.715640075683593750e+03 2.913946536842915975e+02 5.900510461594813405e-01
1.715681762695312500e+03 2.919550778348565245e+02 5.890628622443504492e-01
1.715702575683593750e+03 2.926510887227462376e+02 5.899168310302140839e-01
1.715723449707031250e+03 2.908167567521064711e+02 5.899516884776456749e-01
1.715744262695312500e+03 2.919567573307731436e+02 5.902765972150577634e-01
1.715765075683593750e+03 2.926306152218421062e+02 5.908890865431082329e-01
1.715785949707031250e+03 2.916537530582763793e+02 5.908471976224165534e-01
1.715806762695312500e+03 2.929686807523665379e+02 5.923309434267574058e-01
1.715827575683593750e+03 2.935557927460531005e+02 5.928899157242523144e-01
1.715848449707031250e+03 2.924901231022121237e+02 5.922196392104784879e-01
1.715869262695312500e+03 2.924041473425328377e+02 5.926856489706736619e-01
1.715890075683593750e+03 2.920523369963889877e+02 5.935496695012337787e-01
1.715910949707031250e+03 2.919376717073232044e+02 5.922483729979813871e-01
1.715931762695312500e+03 2.918945172154664078e+02 5.921557506011800864e-01
1.715952575683593750e+03 2.921827892630964811e+02 5.921506925633432949e-01
1.715973449707031250e+03 2.923057583414860687e+02 5.913521634846793384e-01
1.715994262695312500e+03 2.932536121314395245e+02 5.903221867878758466e-01
1.716015075683593750e+03 2.927895034958856968e+02 5.903965210377272177e-01
1.716035949707031250e+03 2.928093850225740766e+02 5.900809714148793628e-01
1.716056762695312500e+03 2.917755705585333317e+02 5.912888615762798006e-01
1.716077575683593750e+03 2.929236649955597045e+02 5.903646430133463463e-01
1.716098449707031250e+03 2.925673126745605828e+02 5.908688359787404032e-01
1.716119262695312500e+03 2.932253132699503340e+02 5.941689669478493752e-01
1.716140075683593750e+03 2.925497590158810226e+02 5.925072916201897799e-01
1.716160949707031250e+03 2.917273545269498527e+02 5.924347062087785831e-01
1.716181762695312500e+03 2.919253834264378611e+02 5.926910041416666441e-01
1.716202575683593750e+03 2.926625264954802219e+02 5.923820850281064088e-01
1.716223449707031250e+03 2.913677372784559338e+02 5.916462571246139390e-01
1.716244262695312500e+03 2.920626547227075207e+02 5.932291155361011370e-01
1.716265075683593750e+03 2.924950313533520898e+02 5.913638554524606183e-01
1.716285949707031250e+03 2.935206384009112526e+02 5.914176758401957779e-01
1.716306762695312500e+03 2.935207780688360231e+02 5.902965146874504798e-01
1.716327575683593750e+03 2.921517154880016847e+02 5.924486404805774376e-01
1.716348449707031250e+03 2.930523432483831812e+02 5.889494476304757420e-01
1.716369262695312500e+03 2.926192350902725252e+02 5.879717545910293497e-01
1.716390075683593750e+03 2.931145493325350913e+02 5.885916297657700635e-01
1.716410949707031250e+03 2.924946933020838742e+02 5.886710173886031683e-01
1.716431762695312500e+03 2.924777720074740159e+02 5.891054345226200972e-01
1.716452575683593750e+03 2.922936845545798974e+02 5.897945105608638494e-01
1.716473449707031250e+03 2.925607028987993203e+02 5.915644727574265183e-01
1.716494262695312500e+03 2.925737185762593526e+02 5.915407438554699526e-01
1.716515075683593750e+03 2.922874032783739153e+02 5.923420123228497758e-01
1.716535949707031250e+03 2.937353561903526042e+02 5.949062082353053782e-01
1.716556762695312500e+03 2.926541870297737091e+02 5.963658133178798559e-01
1.716577575683593750e+03 2.916782439494355685e+02 5.954421675631160760e-01
1.716598449707031250e+03 2.918147128347624744e+02 5.952569760438892743e-01
1.716619262695312500e+03 2.918215305259286652e+02 5.956501421270278263e-01
1.716640075683593750e+03 2.931656128900542626e+02 5.976578706208240943e-01
1.716660949707031250e+03 2.924097272431494048e+02 5.960771980837408224e-01
1.716681762695312500e+03 2.925189355453804865e+02 5.967471619959237028e-01
1.716702575683593750e+03 2.922461891551252506e+02 5.984665109161166896e-01
1.716723449707031250e+03 2.926945267624452640e+02 5.971490041321230180e-01
1.716744262695312500e+03 2.935649057096808860e+02 5.982347817356433728e-01
1.716765075683593750e+03 2.932480867684397481e+02 5.981132903990749039e-01
1.716785949707031250e+03 2.916785891936569328e+02 5.977233150976172249e-01
1.716806762695312500e+03 2.927424137826543529e+02 5.984768936697105746e-01
1.716827575683593750e+03 2.935688767919523912e+02 5.992773174127615787e-01
1.716848449707031250e+03 2.914809962070855249e+02 5.990315738071934071e-01
1.716869262695312500e+03 2.923778997121053180e+02 5.996662324172620240e-01
1.716890075683593750e+03 2.919258782311580376e+02 5.990955748404643844e-01
1.716910949707031250e+03 2.924397265590704933e+02 6.025016191864416282e-01
1.716931762695312500e+03 2.918513459198557030e+02 6.010103292466193459e-01
1.716952575683593750e+03 2.929440481124687494e+02 6.001878861459135628e-01
1.716973449707031250e+03 2.931533647777981741e+02 5.981653824889240356e-01
1.716994262695312500e+03 2.922187462567673606e+02 5.963191364999751443e-01
1.717015075683593750e+03 2.916135362167736957e+02 5.960011971592881208e-01
1.717035949707031250e+03 2.923406560882859253e+02 5.963668877412283686e-01
1.717056762695312500e+03 2.923103957405609776e+02 5.965246070828867930e-01
1.717077575683593750e+03 2.918641272074194717e+02 5.964512114433312417e-01
1.717098449707031250e+03 2.921905222658606931e+02 5.977716521502128844e-01
1.717119262695312500e+03 2.923670756219643749e+02 5.995488089623994821e-01
1.717140075683593750e+03 2.915686980693516261e+02 5.994225126971625128e-01
1.717160949707031250e+03 2.929916987040220420e+02 6.000905544770225308e-01
1.717181762695312500e+03 2.933203442505126191e+02 6.003136738771144287e-01
1.717202575683593750e+03 2.923152253928266759e+02 6.005991120172771147e-01
1.717223449707031250e+03 2.929502839886617949e+02 6.005648973702751858e-01
1.717244262695312500e+03 2.933203398969405384e+02 5.994137621966144636e-01
1.717265075683593750e+03 2.934466061051144834e+02 5.991069664568090536e-01
1.717285949707031250e+03 2.924740189054496113e+02 5.976009467972809297e-01
1.717306762695312500e+03 2.922643196987064584e+02 5.964433667189096289e-01
1.717327575683593750e+03 2.917296688086783547e+02 5.955647792574386701e-01
1.717348449707031250e+03 2.927645155368837777e+02 5.951322978661338636e-01
1.717369262695312500e+03 2.929839891036733093e+02 5.962169244977120197e-01
1.717390075683593750e+03 2.933271004400503443e+02 5.962767543828172423e-01
1.717410949707031250e+03 2.925503338279553418e+02 5.948459398947292254e-01
1.717431762695312500e+03 2.923084008818700568e+02 5.992242775553930922e-01
1.717452575683593750e+03 2.935949605182415212e+02 6.000263615618635082e-01
1.717473449707031250e+03 2.932526096050705746e+02 5.984009485063200851e-01
1.717494262695312500e+03 2.936953534013409239e+02 6.014292185384778611e-01
1.717515075683593750e+03 2.923793268712339000e+02 6.004234032007034205e-01
1.717535949707031250e+03 2.921219299307081201e+02 6.014063991785297825e-01
1.717556762695312500e+03 2.929920865050645489e+02 6.044432538614320505e-01
1.717577575683593750e+03 2.923768702997361970e+02 6.043355365954278247e-01
1.717598449707031250e+03 2.925381850363356762e+02 6.051477873604692581e-01
1.717619262695312500e+03 2.923485773437992634e+02 6.059875480596912389e-01
1.717640075683593750e+03 2.921018336652510925e+02 6.048519561455291127e-01
1.717660949707031250e+03 2.920955856695069883e+02 6.051590404254099109e-01
1.717681762695312500e+03 2.928037007469116588e+02 6.058263891452649874e-01
1.717702575683593750e+03 2.919558905851623081e+02 6.056848201989619707e-01
1.717723449707031250e+03 2.930337434648953376e+02 6.066460515238292217e-01
1.717744262695312500e+03 2.920326107975060950e+02 6.064806695972581041e-01
1.717765075683593750e+03 2.931642027773629025e+02 6.091813488907340535e-01
1.717785949707031250e+03 2.928153146047720270e+02 6.081963168175391621e-01
1.717806762695312500e+03 2.924609810386101003e+02 6.081416045663450287e-01
1.717827575683593750e+03 2.923592291628846738e+02 6.084199659723702469e-01
1.717848449707031250e+03 2.926409703130354387e+02 6.098278759222776069e-01
1.717869262695312500e+03 2.915212791995358543e+02 6.093494947915766291e-01
1.717890075683593750e+03 2.906663483631513145e+02 6.090495634393244817e-01
1.717910949707031250e+03 2.920904911912998045e+02 6.108239870887295364e-01
1.717931762695312500e+03 2.923378621781851621e+02 6.100249858726286556e-01
1.717952575683593750e+03 2.930404365548030228e+02 6.119409238080366631e-01
1.717973449707031250e+03 2.921496692047502961e+02 6.085581807036828383e-01
1.717994262695312500e+03 2.915071267727721533e+02 6.064526347088403657e-01
1.718015075683593750e+03 2.924448282398449805e+02 6.060918001840318592e-01
1.718035949707031250e+03 2.923103503517590411e+02 6.057720286149842481e-01
1.718056762695312500e+03 2.923416349548217568e+02 6.062099227242929711e-01
1.718077575683593750e+03 2.924587688808519488e+02 6.069932019891551844e-01
1.718098449707031250e+03 2.932901879919156158e+02 6.076345531369486963e-01
1.718119262695312500e+03 2.918665934701506899e+02 6.087695317199681710e-01
1.718140075683593750e+03 2.923241632772685534e+02 6.093443593856008311e-01
1.718160949707031250e+03 2.913029369464393312e+02 6.104612938469761163e-01
1.718181762695312500e+03 2.924233318721849173e+02 6.116794880511555732e-01
1.718202575683593750e+03 2.924642599620894430e+02 6.117343223411765285e-01
1.718223449707031250e+03 2.924927668094900355e+02 6.118209850873651545e-01
1.718244262695312500e+03 2.918076868131427091e+02 6.113348524802054706e-01
1.718265075683593750e+03 2.915970978482228020e+02 6.097128982767567873e-01
1.718285949707031250e+03 2.918518755641015332e+02 6.088782021570082748e-01
1.718306762695312500e+03 2.921784769235385966e+02 6.072055149203611224e-01
1.718327575683593750e+03 2.922609577791786251e+02 6.067767627300832967e-01
1.718348449707031250e+03 2.910303611264222923e+02 6.059450552569189963e-01
1.718369262695312500e+03 2.918188802594542608e+02 6.064061445527548777e-01
1.718390075683593750e+03 2.926696105172501348e+02 6.064205195323897346e-01
1.718410949707031250e+03 2.922877233770059888e+02 6.068168890068743604e-01
1.718431762695312500e+03 2.920445224982161108e+02 6.115701702028722986e-01
1.718452575683593750e+03 2.912276879509547598e+02 6.092485883615800235e-01
1.718473449707031250e+03 2.923459581188257062e+02 6.117902477666840033e-01
1.718494262695312500e+03 2.925448082733282149e+02 6.147582618775631058e-01
1.718515075683593750e+03 2.923801152527857994e+02 6.151253497691130390e-01
1.718535949707031250e+03 2.921573014469584564e+02 6.198949220274906358e-01
1.718556762695312500e+03 2.927826495882537188e+02 6.193464400388304369e-01
1.718577575683593750e+03 2.913272093242651408e+02 6.214221829718643564e-01
1.718598449707031250e+03 2.916771674620514432e+02 6.219156453254032213e-01
1.718619262695312500e+03 2.926201089898964369e+02 6.225034681859360486e-01
1.718640075683593750e+03 2.924738992325577556e+02 6.226034709238733589e-01
1.718660949707031250e+03 2.924151572672767543e+02 6.239046512070254291e-01
1.718681762695312500e+03 2.926877210680993358e+02 6.222574620211356322e-01
1.718702575683593750e+03 2.917842170133594664e+02 6.220235762114401101e-01
1.718723449707031250e+03 2.917709260753066474e+02 6.225271179619710216e-01
1.718744262695312500e+03 2.918867365303858605e+02 6.235567834459607717e-01
1.718765075683593750e+03 2.930942248087146140e+02 6.251461573412724348e-01
1.718785949707031250e+03 2.919678697947606452e+02 6.260296208454665390e-01
1.718806762695312500e+03 2.923688122472346436e+02 6.271654286513864696e-01
1.718827575683593750e+03 2.919443507283875761e+02 6.287527193120620028e-01
1.718848449707031250e+03 2.928134624340384562e+02 6.293845164802175374e-01
1.718869262695312500e+03 2.911649231749486830e+02 6.295833615122733429e-01
1.718890075683593750e+03 2.921612731245726877e+02 6.323523555666799023e-01
1.718910949707031250e+03 2.927446244520976961e+02 6.312032890033487664e-01
1.718931762695312500e+03 2.915112218962389647e+02 6.300263470484060990e-01
1.718952575683593750e+03 2.928737330625963864e+02 6.304876218332463589e-01
1.718973449707031250e+03 2.921638546089477586e+02 6.289476179650825838e-01
1.718994262695312500e+03 2.925367924946272069e+02 6.284777443176610134e-01
1.719015075683593750e+03 2.919354491949226258e+02 6.285651330315231711e-01
1.719035949707031250e+03 2.925480631769548268e+02 6.282121607340911407e-01
1.719056762695312500e+03 2.912773558072166225e+02 6.272317855321954960e-01
1.719077575683593750e+03 2.927991475771969476e+02 6.282649116886807050e-01
1.719098449707031250e+03 2.909386336714559889e+02 6.296440440818097395e-01
1.719119262695312500e+03 2.914556152071180009e+02 6.311169975213137828e-01
1.719140075683593750e+03 2.912972701933018129e+02 6.328551666569662837e-01
1.719160949707031250e+03 2.917492832147168542e+02 6.349099332658768580e-01
1.719181762695312500e+03 2.918047629706991870e+02 6.362481045273161717e-01
1.719202575683593750e+03 2.908635016909361752e+02 6.364335433535781572e-01
1.719223449707031250e+03 2.918545249603076854e+02 6.368642535440101060e-01
1.719244262695312500e+03 2.921056840122535050e+02 6.362465587815191448e-01
1.719265075683593750e+03 2.920192479199495779e+02 6.347275942633757717e-01
1.719285949707031250e+03 2.917315172199618019e+02 6.368426103001907368e-01
1.719306762695312500e+03 2.926451529508080966e+02 6.350846178640561224e-01
1.719327575683593750e+03 2.925960476781519333e+02 6.320008618342884965e-01
1.719348449707031250e+03 2.918187144558227146e+02 6.328790182309690371e-01
1.719369262695312500e+03 2.920897557342187270e+02 6.312261170883172179e-01
1.719390075683593750e+03 2.921274896379721326e+02 6.332974400722628516e-01
1.719410949707031250e+03 2.914457900459706821e+02 6.323573512524978124e-01
1.719431762695312500e+03 2.920049175247759194e+02 6.340568693765503694e-01
1.719452575683593750e+03 2.925641925009534248e+02 6.363457365274296507e-01
1.719473449707031250e+03 2.920863018220559866e+02 6.389999946674830289e-01
1.719494262695312500e+03 2.914978518861803991e+02 6.396129103251044778e-01
1.719515075683593750e+03 2.911176756713587679e+02 6.415377371757019498e-01
1.719535949707031250e+03 2.924518449320021887e+02 6.440543520068227057e-01
1.719556762695312500e+03 2.911768015506264646e+02 6.468292422857788715e-01
1.719577575683593750e+03 2.918911494022320312e+02 6.536367018063068413e-01
1.719598449707031250e+03 2.923443804490033244e+02 6.500773319679193918e-01
1.719619262695312500e+03 2.911921542757873453e+02 6.511212618173647382e-01
1.719640075683593750e+03 2.909695287524622813e+02 6.524081169854886175e-01
1.719660949707031250e+03 2.916713950528858277e+02 6.541034469509003912e-01
1.719681762695312500e+03 2.923962401457553142e+02 6.540023140662197809e-01
1.719702575683593750e+03 2.918238582465849618e+02 6.581156188571558596e-01
1.719723449707031250e+03 2.922587417159018628e+02 6.571984249627225161e-01
1.719744262695312500e+03 2.924710570626675690e+02 6.581625317470788383e-01
1.719765075683593750e+03 2.929141671317442501e+02 6.597790063434944008e-01
1.719785949707031250e+03 2.918413263798206572e+02 6.612152544061988824e-01
1.719806762695312500e+03 2.915723673311181869e+02 6.635230173058270786e-01
1.719827575683593750e+03 2.920321935357138727e+02 6.657024553392056898e-01
1.719848449707031250e+03 2.919849785725339189e+02 6.681148302394428473e-01
1.719869262695312500e+03 2.926380814827188033e+02 6.706607403079392071e-01
1.719890075683593750e+03 2.924321406699669978e+02 6.705818150988527293e-01
1.719931762695312500e+03 2.916130215658195652e+02 6.717519869304725555e-01
1.719952575683593750e+03 2.906177413687743183e+02 6.717079309735562997e-01
1.719973449707031250e+03 2.914643726382403202e+02 6.705508824157255798e-01
1.719994262695312500e+03 2.917723829764650532e+02 6.693081950484620624e-01
1.720015075683593750e+03 2.906544137636641381e+02 6.703713469027897665e-01
1.720035949707031250e+03 2.907111788190197785e+02 6.674988192287102384e-01
1.720056762695312500e+03 2.915735828501512401e+02 6.683089076150486862e-01
1.720077575683593750e+03 2.914370105193037830e+02 6.702132189304511600e-01
1.720098449707031250e+03 2.899422086066271049e+02 6.688593676969404322e-01
1.720119262695312500e+03 2.934418456668888098e+02 6.728963186496392801e-01
1.720140075683593750e+03 2.915708377652498484e+02 6.732801116275083375e-01
1.720160949707031250e+03 2.928654842090197690e+02 6.782399910674462573e-01
1.720181762695312500e+03 2.917315763623294629e+02 6.809180290796156276e-01
1.720202575683593750e+03 2.917653275705225724e+02 6.859920610352169268e-01
1.720223449707031250e+03 2.934839566388205867e+02 6.846681924845969824e-01
1.720244262695312500e+03 2.927819207749294037e+02 6.843885106882552360e-01
1.720265075683593750e+03 2.934350851483018801e+02 6.838853268716089673e-01
1.720285949707031250e+03 2.917949274798845067e+02 6.849305080053806893e-01
1.720306762695312500e+03 2.934264699249580985e+02 6.821607993226430633e-01
1.720327575683593750e+03 2.927322934356688506e+02 6.794661238129711123e-01
1.720348449707031250e+03 2.935855524329581385e+02 6.810559057515273018e-01
1.720369262695312500e+03 2.940135011721802698e+02 6.806042725670792271e-01
1.720390075683593750e+03 2.943946202104208396e+02 6.831062976758507377e-01
1.720410949707031250e+03 2.917112295308662624e+02 6.813372398652970396e-01
1.720431762695312500e+03 2.932060631571055183e+02 6.846032672084194637e-01
1.720452575683593750e+03 2.932008404386900224e+02 6.891812012518556685e-01
1.720473449707031250e+03 2.938363250853093973e+02 6.934155293680620558e-01
1.720494262695312500e+03 2.909112145023168523e+02 6.957742465129562737e-01
1.720515075683593750e+03 2.911430773197352551e+02 7.015193620091083604e-01
1.720535949707031250e+03 2.934913241041542733e+02 7.097444689657095296e-01
1.720556762695312500e+03 2.914379725868668629e+02 7.167148387229217432e-01
1.720577575683593750e+03 2.927442931573525584e+02 7.237771079565539223e-01
1.720598449707031250e+03 2.923712464432034039e+02 7.316226922407305100e-01
1.720619262695312500e+03 2.933444489195029519e+02 7.412452740060250234e-01
1.720640075683593750e+03 2.914585735795325263e+02 7.470041682064498811e-01
1.720660949707031250e+03 2.918801713026192601e+02 7.562361771132075638e-01
1.720681762695312500e+03 2.929564458132666687e+02 7.706949565162621862e-01
1.720702575683593750e+03 2.917806509691197334e+02 7.885969318154127938e-01
1.720723449707031250e+03 2.922679512115070111e+02 8.154606796131357305e-01
1.720744262695312500e+03 2.914478507326301724e+02 8.453210051103401401e-01
1.720765075683593750e+03 2.928999961787759503e+02 8.802729174754398977e-01
1.720785949707031250e+03 2.925419396177767339e+02 9.176870684951030643e-01
1.720806762695312500e+03 2.924661307524759195e+02 9.544825657031149602e-01
1.720827575683593750e+03 2.916235144983663758e+02 9.942898141851991278e-01
1.720848449707031250e+03 2.936692568838532225e+02 1.030619746577081219e+00
1.720869262695312500e+03 2.924610763185200994e+02 1.065887940036680082e+00
1.720890075683593750e+03 2.916962679440891861e+02 1.094345911359432266e+00
1.720910949707031250e+03 2.908521643464714543e+02 1.119491814972301658e+00
1.720931762695312500e+03 2.914186807812554889e+02 1.137075414120970462e+00
1.720952575683593750e+03 2.912574414347234324e+02 1.146938929218231040e+00
1.720973449707031250e+03 2.917030163053054821e+02 1.151186086763044347e+00
1.720994262695312500e+03 2.917880067524083643e+02 1.151270013773994405e+00
1.721015075683593750e+03 2.924268005477802035e+02 1.149893169002013327e+00
1.721035949707031250e+03 2.928830498082375016e+02 1.142652877579381832e+00
1.721056762695312500e+03 2.920175114254952859e+02 1.136230363833525381e+00
1.721077575683593750e+03 2.916694966062655112e+02 1.130826590528932529e+00
1.721098449707031250e+03 2.939662922665695532e+02 1.128904349249589378e+00
1.721119262695312500e+03 2.930050332934581547e+02 1.128772872912729541e+00
1.721140075683593750e+03 2.919746716741865384e+02 1.128539345856077736e+00
1.721160949707031250e+03 2.924570231440345651e+02 1.132041458283935986e+00
1.721181762695312500e+03 2.901886493851723117e+02 1.126702451015388684e+00
1.721202575683593750e+03 2.939768834773151411e+02 1.126930858054905116e+00
1.721223449707031250e+03 2.937791080067383973e+02 1.127853536305847282e+00
1.721244262695312500e+03 2.921104457942310546e+02 1.128268368558592583e+00
1.721265075683593750e+03 2.923615943704055553e+02 1.122242940002247336e+00
1.721285949707031250e+03 2.922628242709452024e+02 1.112392566079680289e+00
1.721306762695312500e+03 2.927526285925173397e+02 1.098168847343613530e+00
1.721327575683593750e+03 2.944019544485145161e+02 1.083194479235465524e+00
1.721348449707031250e+03 2.911522412815770622e+02 1.065229556188535653e+00
1.721369262695312500e+03 2.913409232419048749e+02 1.048656712453475137e+00
1.721390075683593750e+03 2.942559137624434697e+02 1.033577229316606116e+00
1.721410949707031250e+03 2.920177648812998541e+02 1.018589973752845212e+00
1.721431762695312500e+03 2.941449290569562436e+02 1.009226789901655374e+00
1.721452575683593750e+03 2.927469610163632296e+02 1.000243872469530171e+00
1.721473449707031250e+03 2.935455016994180824e+02 9.963291264106229894e-01
1.721494262695312500e+03 2.936721855792418410e+02 9.897131215697581030e-01
1.721515075683593750e+03 2.929688441684916143e+02 9.891895146343694378e-01
1.721535949707031250e+03 2.922224047206088926e+02 9.889653367562739605e-01
1.721556762695312500e+03 2.924880019855436331e+02 9.918299353589471457e-01
1.721577575683593750e+03 2.916505796162498427e+02 9.976816124854975820e-01
1.721598449707031250e+03 2.927851558878780907e+02 1.002557642794442705e+00
1.721619262695312500e+03 2.920409246720330430e+02 1.006484405984236163e+00
1.721640075683593750e+03 2.900183356694858503e+02 1.008981957693006581e+00
1.721660949707031250e+03 2.929738151897122407e+02 1.009952313930954748e+00
1.721681762695312500e+03 2.925238465910688319e+02 1.005646084883890623e+00
1.721702575683593750e+03 2.928422036497329373e+02 9.992139230094084779e-01
1.721723449707031250e+03 2.932683387893946474e+02 9.873501156883811580e-01
1.721744262695312500e+03 2.935522992978155798e+02 9.761008124953192144e-01
1.721765075683593750e+03 2.925292422170559803e+02 9.645329642825184457e-01
1.721785949707031250e+03 2.913449183312955029e+02 9.523753047531567928e-01
1.721806762695312500e+03 2.922681143770651033e+02 9.438300686148318741e-01
1.721827575683593750e+03 2.936802383116452120e+02 9.311252344002891590e-01
1.721848449707031250e+03 2.928517843533687710e+02 9.220951270101802599e-01
1.721869262695312500e+03 2.924951317433504983e+02 9.144712007179033320e-01
1.721890075683593750e+03 2.922951019964210673e+02 9.078822727933624215e-01
1.721910949707031250e+03 2.939835589035052408e+02 9.014910347313437322e-01
1.721931762695312500e+03 2.927408345737537729e+02 8.963412500958451989e-01
1.721952575683593750e+03 2.920384573498313330e+02 8.897815860137664457e-01
1.721973449707031250e+03 2.920953770556468498e+02 8.850241445491396908e-01
1.721994262695312500e+03 2.926002189237772200e+02 8.813145174258099068e-01
1.722015075683593750e+03 2.911469642384937515e+02 8.757375605878818803e-01
1.722035949707031250e+03 2.941114209273932829e+02 8.721172324413296595e-01
1.722056762695312500e+03 2.926202117392502942e+02 8.701887005019091070e-01
1.722077575683593750e+03 2.914319104963929021e+02 8.666592269052389996e-01
1.722098449707031250e+03 2.927519202400380891e+02 8.682063192203927082e-01
1.722119262695312500e+03 2.912063177229422308e+02 8.678659070854635171e-01
1.722140075683593750e+03 2.924711967739696092e+02 8.669545659829049900e-01
1.722160949707031250e+03 2.927294787808821184e+02 8.689954314951325864e-01
1.722181762695312500e+03 2.921489180911709127e+02 8.707247923477855478e-01
1.722202575683593750e+03 2.919206352940304896e+02 8.734704681889466915e-01
1.722223449707031250e+03 2.925954942625741069e+02 8.728079927726213327e-01
1.722244262695312500e+03 2.920551714674363666e+02 8.720558908600711812e-01
1.722265075683593750e+03 2.913489525473473805e+02 8.725338651102089171e-01
1.722285949707031250e+03 2.930206917382320171e+02 8.668409462684746325e-01
1.722306762695312500e+03 2.935542022661576311e+02 8.630330000675683344e-01
1.722327575683593750e+03 2.934310231882989228e+02 8.601094315456936368e-01
1.722348449707031250e+03 2.928202640577256943e+02 8.488707389966143602e-01
1.722369262695312500e+03 2.927690169627305750e+02 8.415328317562396077e-01
1.722390075683593750e+03 2.922346805363729345e+02 8.340848553985673597e-01
1.722410888671875000e+03 2.919940358880220401e+02 8.275222023927097936e-01
1.722431701660156250e+03 2.910202047250571695e+02 8.219705808925363844e-01
1.722452575683593750e+03 2.918777851999327595e+02 8.184977849115915305e-01
1.722473388671875000e+03 2.906210405260811740e+02 8.172260530615264029e-01
1.722494201660156250e+03 2.924879157573367365e+02 8.186721386177809867e-01
1.722515075683593750e+03 2.924253653612111066e+02 8.233316719048708876e-01
1.722535888671875000e+03 2.923560693292578208e+02 8.294897170599285774e-01
1.722556701660156250e+03 2.923616298167801233e+02 8.364284179075853753e-01
1.722577575683593750e+03 2.922353950967011542e+02 8.449838235536898390e-01
1.722598388671875000e+03 2.929548049631928279e+02 8.511620726246349466e-01
1.722619201660156250e+03 2.928249462688206677e+02 8.604391964848376873e-01
1.722640075683593750e+03 2.912383674932829081e+02 8.660697951041591569e-01
1.722660888671875000e+03 2.917052744656253935e+02 8.694640854278262720e-01
1.722681701660156250e+03 2.922872236420702166e+02 8.730521660629482206e-01
1.722702575683593750e+03 2.914289897262852946e+02 8.738863533820169227e-01
1.722723388671875000e+03 2.912575607582506336e+02 8.697391806354698440e-01
1.722744201660156250e+03 2.909760428459065906e+02 8.668398117151443483e-01
1.722765075683593750e+03 2.919183857553155121e+02 8.620569169090418482e-01
1.722785888671875000e+03 2.919432374864139774e+02 8.563783243181893878e-01
1.722806701660156250e+03 2.922231938776290008e+02 8.500806181206476131e-01
1.722827575683593750e+03 2.913623737275639769e+02 8.439296954916429838e-01
1.722848388671875000e+03 2.914766625385884709e+02 8.386452218001652081e-01
1.722869201660156250e+03 2.912118286340241866e+02 8.331418214718090409e-01
1.722890075683593750e+03 2.921362202727465274e+02 8.292867680570268352e-01
1.722910888671875000e+03 2.914063493983875333e+02 8.246504028464579639e-01
1.722931701660156250e+03 2.917189690072392523e+02 8.192923242103017367e-01
1.722952575683593750e+03 2.915933968352642296e+02 8.166702427753339544e-01
1.722973388671875000e+03 2.926270794138374640e+02 8.102552141976946398e-01
1.722994201660156250e+03 2.916503297553587117e+02 8.023569746701204597e-01
1.723015075683593750e+03 2.920625545409235428e+02 7.974641155671963189e-01
1.723035888671875000e+03 2.916153741635649794e+02 7.881834969528189738e-01
1.723056701660156250e+03 2.913498762448706429e+02 7.809416734722063325e-01
1.723077575683593750e+03 2.918501198360909257e+02 7.731216633508051217e-01
1.723098388671875000e+03 2.917845549893174848e+02 7.664344945713504886e-01
1.723119201660156250e+03 2.922895229460185647e+02 7.609848791016241565e-01
1.723140075683593750e+03 2.924859475487858163e+02 7.543170975631849906e-01
1.723160888671875000e+03 2.920067002775665514e+02 7.482301572162654013e-01
1.723181701660156250e+03 2.917949294101186979e+02 7.425970453363307522e-01
1.723202575683593750e+03 2.926709634221564329e+02 7.386403497174885979e-01
1.723223388671875000e+03 2.924315490322680944e+02 7.335210258341124945e-01
1.723244201660156250e+03 2.921090747403793557e+02 7.277889360255166418e-01
1.723265075683593750e+03 2.927803463288838657e+02 7.247255957009010041e-01
1.723285888671875000e+03 2.932063173738220598e+02 7.163664645563645461e-01
1.723306701660156250e+03 2.912139205467195211e+02 7.085539296663133646e-01
1.723327575683593750e+03 2.922191279890961937e+02 7.003021158778806043e-01
1.723348388671875000e+03 2.924507411325843123e+02 6.912413793857533628e-01
1.723369201660156250e+03 2.916290868671136423e+02 6.811683789625208041e-01
1.723390075683593750e+03 2.915504306599775646e+02 6.718843592501968498e-01
1.723410888671875000e+03 2.918162316063237540e+02 6.621295171954106884e-01
1.723431701660156250e+03 2.929898525780705540e+02 6.537799900170974121e-01
1.723452575683593750e+03 2.925068902055297713e+02 6.454911222623040956e-01
1.723473388671875000e+03 2.922052539543324770e+02 6.387120505479501054e-01
1.723494201660156250e+03 2.924504454985702182e+02 6.334360135648626766e-01
1.723515075683593750e+03 2.927622483052953157e+02 6.279585432716646709e-01
1.723535888671875000e+03 2.923612448933819223e+02 6.242502245171218656e-01
1.723556701660156250e+03 2.921446311692568543e+02 6.217408078583648301e-01
1.723577575683593750e+03 2.926656507218417005e+02 6.185414878080046641e-01
1.723598388671875000e+03 2.922486373224798513e+02 6.153408866599892058e-01
1.723619201660156250e+03 2.919910323694535350e+02 6.130293553574853727e-01
1.723640075683593750e+03 2.926043074693038193e+02 6.079743990982494628e-01
1.723660888671875000e+03 2.930218478929390926e+02 6.023574382250841408e-01
1.723681701660156250e+03 2.928712438445925272e+02 5.968287105486024258e-01
1.723702575683593750e+03 2.929081407502848151e+02 5.898354637119739285e-01
1.723723388671875000e+03 2.926268337831968438e+02 5.817660040955218159e-01
1.723744201660156250e+03 2.928450881443770868e+02 5.753302682995329320e-01
1.723765075683593750e+03 2.926966561721725384e+02 5.715789841766711898e-01
1.723785888671875000e+03 2.920322149735595190e+02 5.678244364128898214e-01
1.723806701660156250e+03 2.927861977504180686e+02 5.665420369462691452e-01
1.723827575683593750e+03 2.932853162251691970e+02 5.676055050971406946e-01
1.723848388671875000e+03 2.920297345911344564e+02 5.665619471737184387e-01
1.724973388671875000e+03 2.919900654064522314e+02 5.604456634063070819e-01
1.724994201660156250e+03 2.916076426709442444e+02 5.613940280568132657e-01
1.725015075683593750e+03 2.931575347160535898e+02 5.613733505686869796e-01
1.725035888671875000e+03 2.918611812886365442e+02 5.618888661049504796e-01
1.725056701660156250e+03 2.920660113664645223e+02 5.623893628987918225e-01
1.725077575683593750e+03 2.903008094137641706e+02 5.622697994940646371e-01
1.725098388671875000e+03 2.909336944906542612e+02 5.615859552493828177e-01
1.725119201660156250e+03 2.917648120911337628e+02 5.636635508091171198e-01
1.725140075683593750e+03 2.925968085206164915e+02 5.615153436492079653e-01
1.725160888671875000e+03 2.917413776744715506e+02 5.663988573315377195e-01
1.725181701660156250e+03 2.911169760961461179e+02 5.647690888548089205e-01
1.725202575683593750e+03 2.926254767141081174e+02 5.643122672176524857e-01
1.725223388671875000e+03 2.925980167852596878e+02 5.650275452406242627e-01
1.725244201660156250e+03 2.920643743657718687e+02 5.628135125353916912e-01
1.725265075683593750e+03 2.931288199034626132e+02 5.650116160557441258e-01
1.725285888671875000e+03 2.923463270868497830e+02 5.640661107420600340e-01
1.725306701660156250e+03 2.924237370801431553e+02 5.641767887980490004e-01
1.725327575683593750e+03 2.923090336727893828e+02 5.636055995286671783e-01
1.725348388671875000e+03 2.915508272494560629e+02 5.650033348120113708e-01
1.725369201660156250e+03 2.922844305904276325e+02 5.681130835832998160e-01
1.725390075683593750e+03 2.919350052747671498e+02 5.642559406675966560e-01
1.725410888671875000e+03 2.919943806462754878e+02 5.653114261058183043e-01
1.725431701660156250e+03 2.921555085326029939e+02 5.639013741848717398e-01
1.725452575683593750e+03 2.933179087182181775e+02 5.672622263630183737e-01
1.725473388671875000e+03 2.919684682153745143e+02 5.661637148684248722e-01
1.725494201660156250e+03 2.929825862026609116e+02 5.675610838377664891e-01
1.725515075683593750e+03 2.918777361825243588e+02 5.637947916054183439e-01
1.725535888671875000e+03 2.936219310367280286e+02 5.680972409154996239e-01
1.725556701660156250e+03 2.914628846439350127e+02 5.649830795387593696e-01
1.725577575683593750e+03 2.925482757027012894e+02 5.688604656299871554e-01
1.725598388671875000e+03 2.924618938430526782e+02 5.646302628338384366e-01
1.725619201660156250e+03 2.924981470887261139e+02 5.680811354990210615e-01
1.725640075683593750e+03 2.918666287795738867e+02 5.651738670246307938e-01
1.725660888671875000e+03 2.932093030370004954e+02 5.673292860300656049e-01
1.725681701660156250e+03 2.922941646972108174e+02 5.645452773956408654e-01
1.725702575683593750e+03 2.938709397657619320e+02 5.707622218099615008e-01
1.725723388671875000e+03 2.923567345619489970e+02 5.657032780725435028e-01
1.725744201660156250e+03 2.923926773402254184e+02 5.649720548791259400e-01
1.725765075683593750e+03 2.929911793062183278e+02 5.677778802205138975e-01
1.725785888671875000e+03 2.918057091160469554e+02 5.659987200311401567e-01
1.725806701660156250e+03 2.917402151520789175e+02 5.658056824135516694e-01
1.725827575683593750e+03 2.912799342194264227e+02 5.679971648484648528e-01
1.725848388671875000e+03 2.926980237021087987e+02 5.661548451183390229e-01
1.725869201660156250e+03 2.932387504341702424e+02 5.674745941777086244e-01
1.725890075683593750e+03 2.923048146849312161e+02 5.661477913306476317e-01
1.725910888671875000e+03 2.918761830632228111e+02 5.663137426140631980e-01
1.725973388671875000e+03 2.935591877921107766e+02 5.683094277998932409e-01
1.725994201660156250e+03 2.919208127737157952e+02 5.673051475644388386e-01
1.726015075683593750e+03 2.928716664319017582e+02 5.685477190498139377e-01
1.726035888671875000e+03 2.921203622269746916e+02 5.670379273312363688e-01
1.726056701660156250e+03 2.926540454672217493e+02 5.686838593643662731e-01
1.726077575683593750e+03 2.926824519625035919e+02 5.690083420029680150e-01
1.726098388671875000e+03 2.926994401989542212e+02 5.728914659910897544e-01
1.726119201660156250e+03 2.920635073043980583e+02 5.678744787507264968e-01
1.726140075683593750e+03 2.931770889665127697e+02 5.693834392956450552e-01
1.726160888671875000e+03 2.912420672945451088e+02 5.683977042051818751e-01
1.726181701660156250e+03 2.918768020898094164e+02 5.690067969119049218e-01
1.726202575683593750e+03 2.917182098354643358e+02 5.686189510990606877e-01
1.726223388671875000e+03 2.924609290294797006e+02 5.718468445480954232e-01
1.726244201660156250e+03 2.919009207245919697e+02 5.700170979947021266e-01
1.726265075683593750e+03 2.915952236382387355e+02 5.691630131933300696e-01
1.726285888671875000e+03 2.930161920341709560e+02 5.728144178759012606e-01
1.726306701660156250e+03 2.920327868025570979e+02 5.737189109125061526e-01
1.726327575683593750e+03 2.921627342846338706e+02 5.767854946790679227e-01
1.726348388671875000e+03 2.919269740984582313e+02 5.722367211030678913e-01
1.726369201660156250e+03 2.929624265628253283e+02 5.734828723139144824e-01
1.726390014648437500e+03 2.926113473642849385e+02 5.726032758204684381e-01
1.726410827636718750e+03 2.922007238538462843e+02 5.721922427053272031e-01
1.726431701660156250e+03 2.924703844545186939e+02 5.723667771447926711e-01
1.726452514648437500e+03 2.918071280672771763e+02 5.726173023338523294e-01
1.726473327636718750e+03 2.923613258094240450e+02 5.729320148377312627e-01
1.726494201660156250e+03 2.924924036187438787e+02 5.732814119036724332e-01
1.726515014648437500e+03 2.920030844312046838e+02 5.730672956181351863e-01
1.726535827636718750e+03 2.931552910464255319e+02 5.749005013914736395e-01
1.726556701660156250e+03 2.922399649872473901e+02 5.760578624616894405e-01
1.726577514648437500e+03 2.925051960236114610e+02 5.748003136082472375e-01
1.726598327636718750e+03 2.923762724945492550e+02 5.763423344247716740e-01
1.726619201660156250e+03 2.925091135849716579e+02 5.753164374337461640e-01
1.726640014648437500e+03 2.927479481613894450e+02 5.756360941179189394e-01
1.726660827636718750e+03 2.917859363896314449e+02 5.760877127521173424e-01
1.726681701660156250e+03 2.920187800194943293e+02 5.749805613010090521e-01
1.726702514648437500e+03 2.912868053839729896e+02 5.753343087144248136e-01
1.726723327636718750e+03 2.922521392523298687e+02 5.756087315152279560e-01
1.726744201660156250e+03 2.925115845222517237e+02 5.759928797043352144e-01
1.726765014648437500e+03 2.926149475973882659e+02 5.753384786000406148e-01
1.726785827636718750e+03 2.924506264621552418e+02 5.775831363749008851e-01
1.726806701660156250e+03 2.924247173424887478e+02 5.775309681123597105e-01
1.726827514648437500e+03 2.928117317005313112e+02 5.766719652173196708e-01
1.726848327636718750e+03 2.918138116167256726e+02 5.767794234596237413e-01
1.726869201660156250e+03 2.923248636299516647e+02 5.772019053315368131e-01
1.726890014648437500e+03 2.919427903852651980e+02 5.765290268689680087e-01
1.726910827636718750e+03 2.920961112191831148e+02 5.790781463469059087e-01
1.726931701660156250e+03 2.917835522617458537e+02 5.791706474999853693e-01
1.726952514648437500e+03 2.912790397094943842e+02 5.755882281260091826e-01
1.726973327636718750e+03 2.918666767226458205e+02 5.751154379444629594e-01
1.726994201660156250e+03 2.917196404350355010e+02 5.755198005448362020e-01
1.727015014648437500e+03 2.920933780991411481e+02 5.754481538706344157e-01
1.727035827636718750e+03 2.929915736607686085e+02 5.775555306113105969e-01
1.727056701660156250e+03 2.912528797151219351e+02 5.759978985383852335e-01
1.727077514648437500e+03 2.920207388798405077e+02 5.767884915127676759e-01
1.727098327636718750e+03 2.929267717882365787e+02 5.782000518746024387e-01
1.727119201660156250e+03 2.914681727094024950e+02 5.773369599021777043e-01
1.727140014648437500e+03 2.928994122312323043e+02 5.782560766967035359e-01
1.727160827636718750e+03 2.913611716287558124e+02 5.786216767422301954e-01
1.727181701660156250e+03 2.921712832580851682e+02 5.779073924269575446e-01
1.727202514648437500e+03 2.921219915384687056e+02 5.787634288556372519e-01
1.727223327636718750e+03 2.914726409180750011e+02 5.769511497220968232e-01
1.727244201660156250e+03 2.930116089307848029e+02 5.786771714874671124e-01
1.727265014648437500e+03 2.911895197886242386e+02 5.776615863003600193e-01
1.727285827636718750e+03 2.927562662254341035e+02 5.771582743004912697e-01
1.727306701660156250e+03 2.922566263757457818e+02 5.782235293582302926e-01
1.727327514648437500e+03 2.924058830737656649e+02 5.769447703134327199e-01
1.727348327636718750e+03 2.926511484180921912e+02 5.787913889328756278e-01
1.727369201660156250e+03 2.916286641729942062e+02 5.782684715197019543e-01
1.727390014648437500e+03 2.919935867862473629e+02 5.776621796002082698e-01
1.727410827636718750e+03 2.923854051946518666e+02 5.780352445469445488e-01
1.727431701660156250e+03 2.921295169805666774e+02 5.780155748476543121e-01
1.727452514648437500e+03 2.914429872572479781e+02 5.823411308620664029e-01
1.727473327636718750e+03 2.926754038090314225e+02 5.794116728944327388e-01
1.727494201660156250e+03 2.915835320354098030e+02 5.811877955714807031e-01
1.727515014648437500e+03 2.921584277661415854e+02 5.798107263016327728e-01
1.727535827636718750e+03 2.918618831803381113e+02 5.795888924852002910e-01
1.727556701660156250e+03 2.918886190880778031e+02 5.800915340838909140e-01
1.727577514648437500e+03 2.920102759574987772e+02 5.839508710455405538e-01
1.727598327636718750e+03 2.919217081722604235e+02 5.802929413046192808e-01
1.727619201660156250e+03 2.930065587428989033e+02 5.818953387417092893e-01
1.727640014648437500e+03 2.919488075195206420e+02 5.814871837338511096e-01
1.727660827636718750e+03 2.917326400408356335e+02 5.810715616805331996e-01
1.727681701660156250e+03 2.915573015828869643e+02 5.809831591264787987e-01
1.727702514648437500e+03 2.920298308807269905e+02 5.800133357488032049e-01
1.727723327636718750e+03 2.926782804573221028e+02 5.821475994383336072e-01
1.727744201660156250e+03 2.915754427535046034e+02 5.799562216959017746e-01
1.727765014648437500e+03 2.920344137841815950e+02 5.806974194206732109e-01
1.727785827636718750e+03 2.917494143829733844e+02 5.804119754920255003e-01
1.727806701660156250e+03 2.929424265623023871e+02 5.816584935975830373e-01
1.727827514648437500e+03 2.930414035037422309e+02 5.837010235223101251e-01
1.727848327636718750e+03 2.928354302989020539e+02 5.827360046748520928e-01
1.727869201660156250e+03 2.923217494969888435e+02 5.824291226238619279e-01
1.727890014648437500e+03 2.922683641227972657e+02 5.818527255112546648e-01
1.727910827636718750e+03 2.924374627141996825e+02 5.819474998485966166e-01
1.727931701660156250e+03 2.935945400365386604e+02 5.810844349659457508e-01
1.727952514648437500e+03 2.930766901526133097e+02 5.810769213101074637e-01
1.727973327636718750e+03 2.923593758873935258e+02 5.802019802638294088e-01
1.727994201660156250e+03 2.925323378033932045e+02 5.810394285105805467e-01
1.728015014648437500e+03 2.926718167966561737e+02 5.802726804663497218e-01
1.728035827636718750e+03 2.925665441199167844e+02 5.806333408639459126e-01
1.728056701660156250e+03 2.927584984531107466e+02 5.811759758030405898e-01
1.728077514648437500e+03 2.929469240403093977e+02 5.816348729512081928e-01
1.728098327636718750e+03 2.924072133300751943e+02 5.849697513584998232e-01
1.728119201660156250e+03 2.929003493782794862e+02 5.849579061133499680e-01
1.728140014648437500e+03 2.929272636519886532e+02 5.839834819263787224e-01
1.728160827636718750e+03 2.922630126343429993e+02 5.824035887274894296e-01
1.728181701660156250e+03 2.919769605680125437e+02 5.816997889959205637e-01
1.728202514648437500e+03 2.923378845988662533e+02 5.814034320995726812e-01
1.728223327636718750e+03 2.935273929320266006e+02 5.841514578030749805e-01
1.728244201660156250e+03 2.923909074142203508e+02 5.817302975467775195e-01
1.728265014648437500e+03 2.920194842952567456e+02 5.800983926334217777e-01
1.728285827636718750e+03 2.926664460107407422e+02 5.809351180973235662e-01
1.728306701660156250e+03 2.926280211482375080e+02 5.818714972287143405e-01
1.728327514648437500e+03 2.924441463808224739e+02 5.825661371201643624e-01
1.728348327636718750e+03 2.922908783450719739e+02 5.812851905424634147e-01
1.728369201660156250e+03 2.922611075102574887e+02 5.811891031666707175e-01
1.728390014648437500e+03 2.922935024956034908e+02 5.811368227055746516e-01
1.728410827636718750e+03 2.932378080852084850e+02 5.834662393889106236e-01
1.728431701660156250e+03 2.932904665152722714e+02 5.826519210544134353e-01
1.728452514648437500e+03 2.916805397474694814e+02 5.825792587369507114e-01
1.728473327636718750e+03 2.936464051711436696e+02 5.834250434808453400e-01
1.728494201660156250e+03 2.925706526574925874e+02 5.829639514162242575e-01
1.728514953613281250e+03 2.922564591336306421e+02 5.830488078721584033e-01
1.728535827636718750e+03 2.926071102844052234e+02 5.842513427865851927e-01
1.728556640625000000e+03 2.924096120994896069e+02 5.848533009129647242e-01
1.728577453613281250e+03 2.932635222764060359e+02 5.910892599541839321e-01
1.728598327636718750e+03 2.923985859234981035e+02 5.870759965922341950e-01
1.728619140625000000e+03 2.925800082633133457e+02 5.862064253060901287e-01
1.728639953613281250e+03 2.923643097248600498e+02 5.846464047040100809e-01
1.728660827636718750e+03 2.921488673602472090e+02 5.846008058312728295e-01
1.728681640625000000e+03 2.917804028703799304e+02 5.840215001378071813e-01
1.728702453613281250e+03 2.915841484865419488e+02 5.842698844166998029e-01
1.728723327636718750e+03 2.933128654585069057e+02 5.865168695275804200e-01
1.728744140625000000e+03 2.913324631541632925e+02 5.835970101016496603e-01
1.728764953613281250e+03 2.921655724795576816e+02 5.889332293015839825e-01
1.728785827636718750e+03 2.916231886584123458e+02 5.844107254858101896e-01
1.728806640625000000e+03 2.915827858315664685e+02 5.842889610230965758e-01
1.728827453613281250e+03 2.920062255246335212e+02 5.860201713732492435e-01
1.728848327636718750e+03 2.924162492224299399e+02 5.859383900953525348e-01
1.728869140625000000e+03 2.919039075466095028e+02 5.875031978438982616e-01
1.728889953613281250e+03 2.924097069448295656e+02 5.852544236176900894e-01
1.728910827636718750e+03 2.924423037946528439e+02 5.871471887772796716e-01
1.728931640625000000e+03 2.927805576548092290e+02 5.846949818151307987e-01
1.728952453613281250e+03 2.920011182936903538e+02 5.852641496377740671e-01
1.728973327636718750e+03 2.922678881807644871e+02 5.846518844856642971e-01
1.728994140625000000e+03 2.936485449757446986e+02 5.865634118277809339e-01
1.729014953613281250e+03 2.919996699723121765e+02 5.843227006081217478e-01
1.729035827636718750e+03 2.918175105748866258e+02 5.853678668261815821e-01
1.729056640625000000e+03 2.929798707378388940e+02 5.852909080893502480e-01
1.729077453613281250e+03 2.934238799801111099e+02 5.861587615276835361e-01
1.729098327636718750e+03 2.926674075530041819e+02 5.876329433908058508e-01
1.729119140625000000e+03 2.923588650628840355e+02 5.855398227300049330e-01
1.729139953613281250e+03 2.919161781866876026e+02 5.856397762490389569e-01
1.729160827636718750e+03 2.922697453133251884e+02 5.874582011997881992e-01
1.729181640625000000e+03 2.921662671588450166e+02 5.871424682792911742e-01
1.729202453613281250e+03 2.921746346083762091e+02 5.891175757850305450e-01
1.729223327636718750e+03 2.916603682015973504e+02 5.847637117873131229e-01
1.729264953613281250e+03 2.921779880996564884e+02 5.832684060702627571e-01
1.729285827636718750e+03 2.914774180414615330e+02 5.829799779640421065e-01
1.729306640625000000e+03 2.918294197109319157e+02 5.841375551937714183e-01
1.729327453613281250e+03 2.914413740459732480e+02 5.838577235235742346e-01
1.729348327636718750e+03 2.918482101318464856e+02 5.826005903252813312e-01
1.729369140625000000e+03 2.923506037714586796e+02 5.824133879403298186e-01
1.729389953613281250e+03 2.922141854001052934e+02 5.838460343741977976e-01
1.729410827636718750e+03 2.921658317895024197e+02 5.840761756826685636e-01
1.729431640625000000e+03 2.914559859960318704e+02 5.833797578276374018e-01
1.729452453613281250e+03 2.927364243870637779e+02 5.842292297843524329e-01
1.729473327636718750e+03 2.912424502009448020e+02 5.840634193637688210e-01
1.729494140625000000e+03 2.908017118751497492e+02 5.854753833615892189e-01
1.729514953613281250e+03 2.925634290372134956e+02 5.866516847034057847e-01
1.729535827636718750e+03 2.923218163030090864e+02 5.874259354189375060e-01
1.729556640625000000e+03 2.918714697704144214e+02 5.874319727045353989e-01
1.729577453613281250e+03 2.916853583769369038e+02 5.873701510086150046e-01
1.729598327636718750e+03 2.927164774958629891e+02 5.900309183618730469e-01
1.729619140625000000e+03 2.922808091312616625e+02 5.893670233452694696e-01
1.729639953613281250e+03 2.918123760731625111e+02 5.876982871703261280e-01
1.729660827636718750e+03 2.931403303494125794e+02 5.883485651701088059e-01
1.729681640625000000e+03 2.922409272516987926e+02 5.880559644405861652e-01
1.729702453613281250e+03 2.931324469734594800e+02 5.884941779588436228e-01
1.729723327636718750e+03 2.922344648279685089e+02 5.875714978885520079e-01
1.729744140625000000e+03 2.922217122217130623e+02 5.873754531654027389e-01
1.729764953613281250e+03 2.918267572439153241e+02 5.876837331506502560e-01
1.729785827636718750e+03 2.919327985013724174e+02 5.879972494265390814e-01
1.729806640625000000e+03 2.921421537383607188e+02 5.879549263802354986e-01
1.729827453613281250e+03 2.920744644282531226e+02 5.884125885879073481e-01
1.729848327636718750e+03 2.925385700119959438e+02 5.893111951075011845e-01
1.729869140625000000e+03 2.928451012741513750e+02 5.900983702960489463e-01
1.729889953613281250e+03 2.926304702809049445e+02 5.907538510607494020e-01
1.729910827636718750e+03 2.922719240930439923e+02 5.914755978359447219e-01
1.729931640625000000e+03 2.921300790464615034e+02 5.878026395839703877e-01
1.729952453613281250e+03 2.924778109884653645e+02 5.877569306393740645e-01
1.729973327636718750e+03 2.921359786243819485e+02 5.891662142085055676e-01
1.729994140625000000e+03 2.926481449671217661e+02 5.872077397567913026e-01
1.730014953613281250e+03 2.929893684032527403e+02 5.872054051323266632e-01
1.730035827636718750e+03 2.920171755425647575e+02 5.871099821025377308e-01
1.730056640625000000e+03 2.916481430156406986e+02 5.875334050441476386e-01
1.730077453613281250e+03 2.923602325074607506e+02 5.964187326141873191e-01
1.730098327636718750e+03 2.926990842848017564e+02 5.904284225788504203e-01
1.730119140625000000e+03 2.926022763983297068e+02 5.912380286652043626e-01
1.730139953613281250e+03 2.929281563947694735e+02 5.901753838557952658e-01
1.730160827636718750e+03 2.921607675053950857e+02 5.904670352714050940e-01
1.730181640625000000e+03 2.921747087813673716e+02 5.905035257306897600e-01
1.730202453613281250e+03 2.920451310061707773e+02 5.909303925165975135e-01
1.730223327636718750e+03 2.921893500874399479e+02 5.891681869771389080e-01
1.730244140625000000e+03 2.925496776640216012e+02 5.882514783967940364e-01
1.730264953613281250e+03 2.918046559453848090e+02 5.878573690240839200e-01
1.730285827636718750e+03 2.924806684623688966e+02 5.884723763201458180e-01
1.730306640625000000e+03 2.916559132560631724e+02 5.870980531333074293e-01
1.730327453613281250e+03 2.923518316544615914e+02 5.859392293268751439e-01
1.730348327636718750e+03 2.917113008544665149e+02 5.906754245123143621e-01
1.730369140625000000e+03 2.926546527169743968e+02 5.888013913672013322e-01
1.730389953613281250e+03 2.925346537958819226e+02 5.875582087879170912e-01
1.730410827636718750e+03 2.930722008966837393e+02 5.878959985024875268e-01
1.730431640625000000e+03 2.923454945502710416e+02 5.885856803257825121e-01
1.730452453613281250e+03 2.919498422364640078e+02 5.891279462485293772e-01
1.730473327636718750e+03 2.923524797213877946e+02 5.895670563930087704e-01
1.730494140625000000e+03 2.921850827497340788e+02 5.922964272680669717e-01
1.730514953613281250e+03 2.923695268547003820e+02 5.917558057779841452e-01
1.730535766601562500e+03 2.928525486040421129e+02 5.921253513949581437e-01
1.730556579589843750e+03 2.927862749374247073e+02 5.932146218526033188e-01
1.730577453613281250e+03 2.925802415890798898e+02 5.935658119015271295e-01
1.730598266601562500e+03 2.921987125545243771e+02 5.939416826934439397e-01
1.730619079589843750e+03 2.926813867239117712e+02 5.937132824035072920e-01
1.730639953613281250e+03 2.930826234865110109e+02 5.952588284946070951e-01
1.730660766601562500e+03 2.923568381762989361e+02 5.937850590444118115e-01
1.730681579589843750e+03 2.928958207005836698e+02 5.951228082364511396e-01
1.730702453613281250e+03 2.927094047479429832e+02 5.941113827824479054e-01
1.730723266601562500e+03 2.930520998397052495e+02 5.956414863090064848e-01
1.730744079589843750e+03 2.926113349900986691e+02 5.931614669426485964e-01
1.730764953613281250e+03 2.929219790118004312e+02 5.935510502835920077e-01
1.730785766601562500e+03 2.918927741796752571e+02 5.944597118512593426e-01
1.730806579589843750e+03 2.921514867886558022e+02 5.947425476832389757e-01
1.730827453613281250e+03 2.919029815838900959e+02 5.944976867345234117e-01
1.730848266601562500e+03 2.922499991065724885e+02 5.955972796351098886e-01
1.730869079589843750e+03 2.931020179283215725e+02 5.962642340890406123e-01
1.730889953613281250e+03 2.917972028266425468e+02 5.956252250390763336e-01
1.730910766601562500e+03 2.919602884649834209e+02 5.957291644299205213e-01
1.730931579589843750e+03 2.919216177955606213e+02 5.949015493045420877e-01
1.730952453613281250e+03 2.925811350333335668e+02 5.967762520876404020e-01
1.730973266601562500e+03 2.928234282884080244e+02 5.942991377575682632e-01
1.730994079589843750e+03 2.923146254275079059e+02 5.967965768552919714e-01
1.731014953613281250e+03 2.932689109754605852e+02 5.956464896873646664e-01
1.731035766601562500e+03 2.923607841876876705e+02 6.000664177532178956e-01
1.731056579589843750e+03 2.926089778520687332e+02 5.962999949497962415e-01
1.731077453613281250e+03 2.922865204449382190e+02 5.953141490282662929e-01
1.731098266601562500e+03 2.922591648069064263e+02 5.962482147270042887e-01
1.731119079589843750e+03 2.933145865154231728e+02 5.972950411052493358e-01
1.731139953613281250e+03 2.923793966668407620e+02 5.986394337323722725e-01
1.731160766601562500e+03 2.916758471882241679e+02 5.963615655787102288e-01
1.731181579589843750e+03 2.923792295210149632e+02 5.964939558837313305e-01
1.731202453613281250e+03 2.925394441375175347e+02 5.986368698804053201e-01
1.731223266601562500e+03 2.933439746650879556e+02 5.953660605458468424e-01
1.731244079589843750e+03 2.927743895057895429e+02 5.943463492883969135e-01
1.731264953613281250e+03 2.921794129096016377e+02 5.933260407919400681e-01
1.731285766601562500e+03 2.924678502620966469e+02 5.936590426193026904e-01
1.731306579589843750e+03 2.919134534744184748e+02 5.928614643730591993e-01
1.731327453613281250e+03 2.916665368162935010e+02 5.932196959380643397e-01
1.731348266601562500e+03 2.925905008010973347e+02 5.934300313422353756e-01
1.731369079589843750e+03 2.925613006556954474e+02 5.941761144187428512e-01
1.731389953613281250e+03 2.923729235826729678e+02 5.954372875957604228e-01
1.731410766601562500e+03 2.925364616135767051e+02 5.953473388810393008e-01
1.731431579589843750e+03 2.927478151494217968e+02 5.977061381742371227e-01
1.731452453613281250e+03 2.928406980953181460e+02 5.987750782025151874e-01
1.731473266601562500e+03 2.924509877439049319e+02 6.003216417799086546e-01
1.731494079589843750e+03 2.924128898472068840e+02 5.995488089623994821e-01
1.731514953613281250e+03 2.928058665853543516e+02 6.067492327031022148e-01
1.731535766601562500e+03 2.917273774136082238e+02 5.988251468910371633e-01
1.731556579589843750e+03 2.912853415399662822e+02 5.990827652314801854e-01
1.731577453613281250e+03 2.921949642982814339e+02 6.002993512438780099e-01
1.731598266601562500e+03 2.916351416212566505e+02 6.054344167511718222e-01
1.731619079589843750e+03 2.915159987427888950e+02 6.016455258629399561e-01
1.731639953613281250e+03 2.917813614830883466e+02 6.007078217674917120e-01
1.731660766601562500e+03 2.934694286754185555e+02 6.017000115507282754e-01
1.731681579589843750e+03 2.918384714692129478e+02 6.011075367745873921e-01
1.731702453613281250e+03 2.921509967148458031e+02 6.020131095491703110e-01
1.731723266601562500e+03 2.921072970074476416e+02 6.031910291905866472e-01
1.731744079589843750e+03 2.919980104459326640e+02 6.018524709586955401e-01
1.731764953613281250e+03 2.918684836996126819e+02 6.024889314592418721e-01
1.731785766601562500e+03 2.926845025507333844e+02 6.079710167749676764e-01
1.731806579589843750e+03 2.918324917828185789e+02 6.040483611021566501e-01
1.731827453613281250e+03 2.918661601286083283e+02 6.055616246025284921e-01
1.731848266601562500e+03 2.919483612256281049e+02 6.067702794106591968e-01
1.731869079589843750e+03 2.929372897451372637e+02 6.085462069274023555e-01
1.731889953613281250e+03 2.918758058295223350e+02 6.100458462871621856e-01
1.731910766601562500e+03 2.925548583103106353e+02 6.089112155272323745e-01
1.731931579589843750e+03 2.921482788063547673e+02 6.092107257965193590e-01
1.731952453613281250e+03 2.910833638110992183e+02 6.077357520752200148e-01
1.731973266601562500e+03 2.921843281630090701e+02 6.072190366163897624e-01
1.731994079589843750e+03 2.912955199258200878e+02 6.074380903134194432e-01
1.732014953613281250e+03 2.917282967796164144e+02 6.061654789003712018e-01
1.732035766601562500e+03 2.919105529860687511e+02 6.069200656945314964e-01
1.732056579589843750e+03 2.918344174878765216e+02 6.070659858260276653e-01
1.732077453613281250e+03 2.916612064321985827e+02 6.085463048733582569e-01
1.732098266601562500e+03 2.912105743440778269e+02 6.085379794108224383e-01
1.732119079589843750e+03 2.925149424395603432e+02 6.098711488214747511e-01
1.732139953613281250e+03 2.919250547210881450e+02 6.088496413333297497e-01
1.732160766601562500e+03 2.925220916909037783e+02 6.105574359822417696e-01
1.732181579589843750e+03 2.920211091528117890e+02 6.103539550734355945e-01
1.732202453613281250e+03 2.922376412066293483e+02 6.091669901374274776e-01
1.732223266601562500e+03 2.919107868319895829e+02 6.081764710257101525e-01
1.732244079589843750e+03 2.925787022872464149e+02 6.081520916666411924e-01
1.732264953613281250e+03 2.920111841421863801e+02 6.067764680352486506e-01
1.732285766601562500e+03 2.925388610707135513e+02 6.060830968012514974e-01
1.732306579589843750e+03 2.921680766185617699e+02 6.072061775150228158e-01
1.732327453613281250e+03 2.933802898524958209e+02 6.060659355277844274e-01
1.732348266601562500e+03 2.919982020225144197e+02 6.065201766879135814e-01
1.732369079589843750e+03 2.924002965677905195e+02 6.096633082389968372e-01
1.732389892578125000e+03 2.933527641132257031e+02 6.083605220240587697e-01
1.732410705566406250e+03 2.926786895509688975e+02 6.086169442885293046e-01
1.732431579589843750e+03 2.933467953958527801e+02 6.102135097778574879e-01
1.732452392578125000e+03 2.928596070557452435e+02 6.109339506626687566e-01
1.732473205566406250e+03 2.915583308190589378e+02 6.119089749170710801e-01
1.732494079589843750e+03 2.917948545508038478e+02 6.129100915602385680e-01
1.732514892578125000e+03 2.922458212737115559e+02 6.140138417541389781e-01
1.732535705566406250e+03 2.921239229400597992e+02 6.159889075097942923e-01
1.732556579589843750e+03 2.918786250829484175e+02 6.214460657230161944e-01
1.732577392578125000e+03 2.921480483606469534e+02 6.170362939191326168e-01
1.732598205566406250e+03 2.929106806575979931e+02 6.185544726145846273e-01
1.732619079589843750e+03 2.920345407228035697e+02 6.185030376911735406e-01
1.732639892578125000e+03 2.918630221418076189e+02 6.189168772450763800e-01
1.732660705566406250e+03 2.917356985255402151e+02 6.218345111337163500e-01
1.732681579589843750e+03 2.929143954757225856e+02 6.192945174769917127e-01
1.732702392578125000e+03 2.918197349117950807e+02 6.191216595269052325e-01
1.732723205566406250e+03 2.917405369131410566e+02 6.196833737650053742e-01
1.732744079589843750e+03 2.923935459871084959e+02 6.206417718409368289e-01
1.732764892578125000e+03 2.922787762726029541e+02 6.219816279411863880e-01
1.732785705566406250e+03 2.923303155790723622e+02 6.238448674028052032e-01
1.732806579589843750e+03 2.932130782809296079e+02 6.265781029639657662e-01
1.732827392578125000e+03 2.926291776209999966e+02 6.277143426534270709e-01
1.732848205566406250e+03 2.917105385192833182e+02 6.297742173375714403e-01
1.732869079589843750e+03 2.921732934064531264e+02 6.315653957279795394e-01
1.732889892578125000e+03 2.911459774793457314e+02 6.356046091220483030e-01
1.732910705566406250e+03 2.922166331104428423e+02 6.328794420415299049e-01
1.732931579589843750e+03 2.913485859568696128e+02 6.319751144018537214e-01
1.732952392578125000e+03 2.919135451784345037e+02 6.324280406894037254e-01
1.732973205566406250e+03 2.927242412012666932e+02 6.321127990999551027e-01
1.732994079589843750e+03 2.921339865734213959e+02 6.329698013903366505e-01
1.733014892578125000e+03 2.917215050345786835e+02 6.302203552948979492e-01
1.733035705566406250e+03 2.928376847897748121e+02 6.303699590907680950e-01
1.733056579589843750e+03 2.919056341567872437e+02 6.317560065768523803e-01
1.733077392578125000e+03 2.922115511571233242e+02 6.318975592490471138e-01
1.733098205566406250e+03 2.915276678645407742e+02 6.334238748915237416e-01
1.733119079589843750e+03 2.914651270609795120e+02 6.334341786640491634e-01
1.733139892578125000e+03 2.916777301921478056e+02 6.348137235758321006e-01
1.733160705566406250e+03 2.924189135350185325e+02 6.369757104521522884e-01
1.733181579589843750e+03 2.921250580975063826e+02 6.388678527100848381e-01
1.733202392578125000e+03 2.910221495184205196e+02 6.370918725262483262e-01
1.733223205566406250e+03 2.924956303248243898e+02 6.372244996932102667e-01
1.733244079589843750e+03 2.923201241457295509e+02 6.394882817003751940e-01
1.733264892578125000e+03 2.921680614311987370e+02 6.346391522518430861e-01
1.733285705566406250e+03 2.913552272969246246e+02 6.346434959885587368e-01
1.733306579589843750e+03 2.911627801775453008e+02 6.327163010933859466e-01
1.733327392578125000e+03 2.919356258359447338e+02 6.329294967815881634e-01
1.733348205566406250e+03 2.912822139471176115e+02 6.316881198519568308e-01
1.733369079589843750e+03 2.918734547008617142e+02 6.338884836988336602e-01
1.733389892578125000e+03 2.923617133706077880e+02 6.329839262300068770e-01
1.733410705566406250e+03 2.920197707696790417e+02 6.356023584870045262e-01
1.733431579589843750e+03 2.919261854198169885e+02 6.355009778688291977e-01
1.733452392578125000e+03 2.919885433099345846e+02 6.400476040123238564e-01
1.733473205566406250e+03 2.920848753821476294e+02 6.398920425243966870e-01
1.733514892578125000e+03 2.929085278978567430e+02 6.458670443278724527e-01
1.733535705566406250e+03 2.918309959606792177e+02 6.464193490047192014e-01
1.733556579589843750e+03 2.923272328039521994e+02 6.504631116642397570e-01
1.733577392578125000e+03 2.914424813764264854e+02 6.509413807240959082e-01
1.733598205566406250e+03 2.913822809806865166e+02 6.530625272377191814e-01
1.733619079589843750e+03 2.918303992122271779e+02 6.542750568452981863e-01
1.733639892578125000e+03 2.916654232205311246e+02 6.577812450169169267e-01
1.733660705566406250e+03 2.918007908057104487e+02 6.572705462448462654e-01
1.733681579589843750e+03 2.920019528320078734e+02 6.589378761117479222e-01
1.733702392578125000e+03 2.933713921557360322e+02 6.612453393104876787e-01
1.733723205566406250e+03 2.921153116387560544e+02 6.636650017735501450e-01
1.733744079589843750e+03 2.908974630227923512e+02 6.652610957120995705e-01
1.733764892578125000e+03 2.919594830749662719e+02 6.685199136742443482e-01
1.733785705566406250e+03 2.924425690992592308e+02 6.736439992363459917e-01
1.733806579589843750e+03 2.913569893025821784e+02 6.772370286264699502e-01
1.733827392578125000e+03 2.919887022588671925e+02 6.808875222004437955e-01
1.733848205566406250e+03 2.931786127083315137e+02 6.841692436656052756e-01
1.733869079589843750e+03 2.920784392293701899e+02 6.863817527284593600e-01
1.733889892578125000e+03 2.932265265647014871e+02 6.889472596907260105e-01
1.733910705566406250e+03 2.904866058500865051e+02 6.883711713923751363e-01
1.733931579589843750e+03 2.924730914146133500e+02 6.885336128567945968e-01
1.733952392578125000e+03 2.927423478065449558e+02 6.879588459938604794e-01
1.733973205566406250e+03 2.929083774934322832e+02 6.892828366327536926e-01
1.733994079589843750e+03 2.914401281910979833e+02 6.856357484251451861e-01
1.734014892578125000e+03 2.924314068004065348e+02 6.848535536756916731e-01
1.734035705566406250e+03 2.916268518129406289e+02 6.871780161704083012e-01
1.734056579589843750e+03 2.930377406094238495e+02 6.857368445127157708e-01
1.734077392578125000e+03 2.921991896159020143e+02 6.902850267945157547e-01
1.734098205566406250e+03 2.911922063860907315e+02 6.932044702416038096e-01
1.734119079589843750e+03 2.926021004426937679e+02 6.965934655146706067e-01
1.734139892578125000e+03 2.924449683352651732e+02 7.032374186185392784e-01
1.734160705566406250e+03 2.932102939924282623e+02 7.032024764714992493e-01
1.734181518554687500e+03 2.928587625415582920e+02 7.075122440613120789e-01
1.734202331542968750e+03 2.919720822118765682e+02 7.087131117921057211e-01
1.734223205566406250e+03 2.926560936923283975e+02 7.096279365541954265e-01
1.734244018554687500e+03 2.922923377049898477e+02 7.097346851783308264e-01
1.734264831542968750e+03 2.931272728931248821e+02 7.105764792861736234e-01
1.734285705566406250e+03 2.919402452332878966e+02 7.076734713671791743e-01
1.734306518554687500e+03 2.929838131065274638e+02 7.077299427786827302e-01
1.734327331542968750e+03 2.926133040217401913e+02 7.081174989119530805e-01
1.734348205566406250e+03 2.926552967725694998e+02 7.097299821939111464e-01
1.734369018554687500e+03 2.927656333916815470e+02 7.127867322492918989e-01
1.734389831542968750e+03 2.930333779061331256e+02 7.214102648647493510e-01
1.734410705566406250e+03 2.923236583309621892e+02 7.364405943277749778e-01
1.734431518554687500e+03 2.928323648540932709e+02 7.588850080986019320e-01
1.734452331542968750e+03 2.924445233351883644e+02 7.867750115529653643e-01
1.734473205566406250e+03 2.924854994605843785e+02 8.158276711703527084e-01
1.734494018554687500e+03 2.925911112667050702e+02 8.496405584817005030e-01
1.734514831542968750e+03 2.929507868159347481e+02 8.877957898842984141e-01
1.734535705566406250e+03 2.930511593476370535e+02 9.253288483520160090e-01
1.734556518554687500e+03 2.918468337124361369e+02 9.659013704511566489e-01
1.734577331542968750e+03 2.906445111017326326e+02 1.005364631532017938e+00
1.734598205566406250e+03 2.913868936185192524e+02 1.044064292871921928e+00
1.734619018554687500e+03 2.917446088098859036e+02 1.078829162186101920e+00
1.734639831542968750e+03 2.921816210596800829e+02 1.108178850512499869e+00
1.734660705566406250e+03 2.931255485629080795e+02 1.130962834871587885e+00
1.734681518554687500e+03 2.939714900295223288e+02 1.149088616591785295e+00
1.734702331542968750e+03 2.937349637322674880e+02 1.160166011473822367e+00
1.734723205566406250e+03 2.924518311610952424e+02 1.170176992478311417e+00
1.734744018554687500e+03 2.916666505758712447e+02 1.179697403013587165e+00
1.734764831542968750e+03 2.929081897004643906e+02 1.189243692836431610e+00
1.734785705566406250e+03 2.895928885652510871e+02 1.202172385255352749e+00
1.734806518554687500e+03 2.928276401633420392e+02 1.217611808421086961e+00
1.734827331542968750e+03 2.936082457793684171e+02 1.230703470761224994e+00
1.734848205566406250e+03 2.934205154157471043e+02 1.244809053477826000e+00
1.734869018554687500e+03 2.894966045601615861e+02 1.252763649455999939e+00
1.734889831542968750e+03 2.923939713854149431e+02 1.259016373074140160e+00
1.734910705566406250e+03 2.898927038431506844e+02 1.252664682217891068e+00
1.734931518554687500e+03 2.912618749305129313e+02 1.240055822300334842e+00
1.734952331542968750e+03 2.929382961188032368e+02 1.230423554089977500e+00
1.734973205566406250e+03 2.921816309088490016e+02 1.211374757638571831e+00
1.734994018554687500e+03 2.928254681024593538e+02 1.186563373411639200e+00
1.735014831542968750e+03 2.935838865021557922e+02 1.160928026368621246e+00
1.735035705566406250e+03 2.930231737536255423e+02 1.137754460053826966e+00
1.735056518554687500e+03 2.905754705026513420e+02 1.116788032446029089e+00
1.735077331542968750e+03 2.905544292248373495e+02 1.099964633286405258e+00
1.735098205566406250e+03 2.919893135151453407e+02 1.092392214907349723e+00
1.735119018554687500e+03 2.923147483897316761e+02 1.086143748504948991e+00
1.735139831542968750e+03 2.936686548478633085e+02 1.085494410731941750e+00
1.735160705566406250e+03 2.941059860225407192e+02 1.084226948857866413e+00
1.735181518554687500e+03 2.926830693075992258e+02 1.083351954275657336e+00
1.735202331542968750e+03 2.928548364328808020e+02 1.081700463807841572e+00
1.735223205566406250e+03 2.925882005505429788e+02 1.069772737379534711e+00
1.735244018554687500e+03 2.920927037912572359e+02 1.056963802421595044e+00
1.735264831542968750e+03 2.921209829434146741e+02 1.040361152169016590e+00
1.735285705566406250e+03 2.908590496751271530e+02 1.022024387557612046e+00
1.735306518554687500e+03 2.922050806941522296e+02 1.004941354720113367e+00
1.735327331542968750e+03 2.920527026327795284e+02 9.877812926525842974e-01
1.735348205566406250e+03 2.918019551355830572e+02 9.726590995287232033e-01
1.735369018554687500e+03 2.918547523643533168e+02 9.571308940473313154e-01
1.735389831542968750e+03 2.931624052118181680e+02 9.421147573045115520e-01
1.735410705566406250e+03 2.910815028877038912e+02 9.286624803546862372e-01
1.735431518554687500e+03 2.937096555765456287e+02 9.174017270960329595e-01
1.735452331542968750e+03 2.922929572613301161e+02 9.084038297320508049e-01
1.735473205566406250e+03 2.939266821688898972e+02 9.040480862631151693e-01
1.735494018554687500e+03 2.920042374390205850e+02 9.005931700906442128e-01
1.735514831542968750e+03 2.938232782299098744e+02 8.976469791421655131e-01
1.735535705566406250e+03 2.913679871360058087e+02 8.939496277564762394e-01
1.735556518554687500e+03 2.929586266409768314e+02 8.939898655869574773e-01
1.735577331542968750e+03 2.932110693279095130e+02 8.923416659211095281e-01
1.735598205566406250e+03 2.932125883032618958e+02 8.911449855233370965e-01
1.735619018554687500e+03 2.929918012518345449e+02 8.903826333591287057e-01
1.735639831542968750e+03 2.926871670460222958e+02 8.895475998311824783e-01
1.735660705566406250e+03 2.927728878247660305e+02 8.887670109726414358e-01
1.735681518554687500e+03 2.902036925206616615e+02 8.882609664493409385e-01
1.735702331542968750e+03 2.935844002665148764e+02 8.893128148292231971e-01
1.735723205566406250e+03 2.919179256915740552e+02 8.898938842261505666e-01
1.735744018554687500e+03 2.925813954444263345e+02 8.930553270823844425e-01
1.735764831542968750e+03 2.932419439994523600e+02 8.954620516035110001e-01
1.735785705566406250e+03 2.916606331662715093e+02 8.992623564672170833e-01
1.735806518554687500e+03 2.934481228238828407e+02 9.060964454259511358e-01
1.735827331542968750e+03 2.919255547708856966e+02 9.118422253832357827e-01
1.735848205566406250e+03 2.909567611081440646e+02 9.188770751265455949e-01
1.735869018554687500e+03 2.920239952015469953e+02 9.234761057366434045e-01
1.735889831542968750e+03 2.913392403173234015e+02 9.288911373875775590e-01
1.735910705566406250e+03 2.917869380326760620e+02 9.298264535876312742e-01
1.735931457519531250e+03 2.911411730988307909e+02 9.298209407151734052e-01
1.735952331542968750e+03 2.900929597777173967e+02 9.278330218421555475e-01
1.735973144531250000e+03 2.909452935726989153e+02 9.255245190777624531e-01
1.735993957519531250e+03 2.909716236685861759e+02 9.216567928884432659e-01
1.736014831542968750e+03 2.916480177544856360e+02 9.174990811980009431e-01
1.736035644531250000e+03 2.925972467580523926e+02 9.146151054152625859e-01
1.736056457519531250e+03 2.912963138620849577e+02 9.131412591341758755e-01
1.736077331542968750e+03 2.921407609285515719e+02 9.101247822965998768e-01
1.736098144531250000e+03 2.914642960518476684e+02 9.104524711592528741e-01
1.736118957519531250e+03 2.931025570240485649e+02 9.112270425068376145e-01
1.736139831542968750e+03 2.922802544935511833e+02 9.121460999114221480e-01
1.736160644531250000e+03 2.931340627169029176e+02 9.128425804230724250e-01
1.736181457519531250e+03 2.917388731681387526e+02 9.124434714901568100e-01
1.736202331542968750e+03 2.923868025949849425e+02 9.116993540030280396e-01
1.736223144531250000e+03 2.912988619783861850e+02 9.096836942581982832e-01
1.736243957519531250e+03 2.919233807336288464e+02 9.034481803502882880e-01
1.736264831542968750e+03 2.910786133903811788e+02 8.962853570239308620e-01
1.736285644531250000e+03 2.916006261479649311e+02 8.884116326215024673e-01
1.736306457519531250e+03 2.916859918602378912e+02 8.791245253046501285e-01
1.736327331542968750e+03 2.922817140428500124e+02 8.693848341845662464e-01
1.736348144531250000e+03 2.932032391600985193e+02 8.608551456781303735e-01
1.736368957519531250e+03 2.933294240209831969e+02 8.487422332633037803e-01
1.736389831542968750e+03 2.915849598823316455e+02 8.426460532305871665e-01
1.736410644531250000e+03 2.921287839583214918e+02 8.331343452976871511e-01
1.736431457519531250e+03 2.917859363470031440e+02 8.256058794532131762e-01
1.736452331542968750e+03 2.930501475781776435e+02 8.227670911870090809e-01
1.736473144531250000e+03 2.924564791877367043e+02 8.186127991779919011e-01
1.736493957519531250e+03 2.927595341769131210e+02 8.175370630267809746e-01
1.736514831542968750e+03 2.918934371700656811e+02 8.207619661846822234e-01
1.736535644531250000e+03 2.939487926368328772e+02 8.192245534996505096e-01
1.736556457519531250e+03 2.923431116058286534e+02 8.187789387721097212e-01
1.736577331542968750e+03 2.913948999250918632e+02 8.197838669389311272e-01
1.736598144531250000e+03 2.926323968391960761e+02 8.225807437860477300e-01
1.736618957519531250e+03 2.924928206855614690e+02 8.214192508381958913e-01
1.736639831542968750e+03 2.928238751288017738e+02 8.225087510892749032e-01
1.736660644531250000e+03 2.930942139301879479e+02 8.222262991519180275e-01
1.736681457519531250e+03 2.930176569324750062e+02 8.202283543617290285e-01
1.736702331542968750e+03 2.924893766447260077e+02 8.153386779068296786e-01
1.736723144531250000e+03 2.934603348854019487e+02 8.122470902249625535e-01
1.736743957519531250e+03 2.918059315684406556e+02 8.080244778617355905e-01
1.736764831542968750e+03 2.932442751978642264e+02 8.036541275582008703e-01
1.736785644531250000e+03 2.912148765999713760e+02 7.986311168284150330e-01
1.736806457519531250e+03 2.936371373625712522e+02 7.952543495968276144e-01
1.736827331542968750e+03 2.924782928908657595e+02 7.901934837061043160e-01
1.736848144531250000e+03 2.936037603594176062e+02 7.880700167686900404e-01
1.736868957519531250e+03 2.925364342389142394e+02 7.830715687296896377e-01
1.736889831542968750e+03 2.930299678526006346e+02 7.806584216523202446e-01
1.736910644531250000e+03 2.940418785208286181e+02 7.758876639196585767e-01
1.736931457519531250e+03 2.932691468695268213e+02 7.711711392511694241e-01
1.736952331542968750e+03 2.929416535825401979e+02 7.648256371820868482e-01
1.736973144531250000e+03 2.931541729688079840e+02 7.587920867584720952e-01
1.736993957519531250e+03 2.928110529589636144e+02 7.508984985256283995e-01
1.737014831542968750e+03 2.940886277906070063e+02 7.437765677699667011e-01
1.737035644531250000e+03 2.935363452082742697e+02 7.352920650004739489e-01
1.737056457519531250e+03 2.927683172557748321e+02 7.267781419583826397e-01
1.737077331542968750e+03 2.931470760543691654e+02 7.152230345713975757e-01
1.737098144531250000e+03 2.929168547786412660e+02 7.040638906953624598e-01
1.737118957519531250e+03 2.925785816175433638e+02 6.944653997968285308e-01
1.737139831542968750e+03 2.930063102454182626e+02 6.853794425974822913e-01
1.737160644531250000e+03 2.927906352880663121e+02 6.774392048631028285e-01
1.737181457519531250e+03 2.919651575073715435e+02 6.688141186003637717e-01
1.737202331542968750e+03 2.929819264327432506e+02 6.617816125044014841e-01
1.737223144531250000e+03 2.915562505198863619e+02 6.503918163758326543e-01
1.737243957519531250e+03 2.911683186873391946e+02 6.410653531476944167e-01
1.737264831542968750e+03 2.940448613453883695e+02 6.324229748759327974e-01
1.737285644531250000e+03 2.931769232167635550e+02 6.197155229827728817e-01
1.737306457519531250e+03 2.931360995737195481e+02 6.072924068134524234e-01
1.737327331542968750e+03 2.926956127929718718e+02 5.970339808018479966e-01
1.737348144531250000e+03 2.933745166363655699e+02 5.872671680498676716e-01
1.737368957519531250e+03 2.930741342734237378e+02 5.816422769229711021e-01
1.737389831542968750e+03 2.930471144165437636e+02 5.763351209168577904e-01
