1.438474616678096027e+03 2.303917824639685932e+03 1.442335867973365104e+00
1.438495450771697961e+03 2.303075916203605175e+03 1.441964472990433066e+00
1.438516284864369027e+03 2.304612247563503843e+03 1.442161796233311977e+00
1.438537118955179039e+03 2.303046342935173470e+03 1.441753893438684431e+00
1.438557953044125952e+03 2.303060233584958041e+03 1.443029962303947977e+00
1.438578787131675199e+03 2.303823965485778899e+03 1.441712964514417550e+00
1.438599621217361346e+03 2.304983393168303792e+03 1.442228832045228559e+00
1.438620455301185302e+03 2.299822475029166981e+03 1.442297600441863281e+00
1.438641289383611820e+03 2.302846035071505412e+03 1.442669240190063817e+00
1.438662123464642491e+03 2.306489789336440026e+03 1.445376667969561213e+00
1.438682957543810062e+03 2.305327355819765216e+03 1.444069240003721832e+00
1.438703791621114533e+03 2.303706520886684757e+03 1.442004650753949679e+00
1.438724625696557496e+03 2.306411624708154704e+03 1.443081179846087636e+00
1.438745459770602338e+03 2.307432630098960999e+03 1.444103002948120551e+00
1.438766293842783853e+03 2.305183532696044040e+03 1.444177872969609089e+00
1.438787127913569975e+03 2.307069931682926381e+03 1.445061409249262629e+00
1.438807961982492998e+03 2.305193796688538896e+03 1.442576855706183991e+00
1.438828796049553148e+03 2.304481017224305560e+03 1.442235196565780253e+00
1.438849630114750653e+03 2.307641960306798865e+03 1.444947150164811012e+00
1.438870464178551629e+03 2.307163365066255210e+03 1.443690198840551719e+00
1.438891298240955166e+03 2.306476303087991710e+03 1.445231997335738150e+00
1.438912132301030397e+03 2.304619872250092158e+03 1.442160969631719469e+00
1.438932966359709098e+03 2.305560116487120922e+03 1.442569501052063830e+00
1.438953800416989907e+03 2.305802162272317673e+03 1.443139995168277734e+00
1.438974634472408525e+03 2.306432152853585649e+03 1.443594246261516334e+00
1.438995468525964952e+03 2.304788130375637593e+03 1.442891748477375113e+00
1.439016302577657825e+03 2.304909439681644471e+03 1.445611706254909423e+00
1.439037136627954624e+03 2.303888783482093459e+03 1.443069366929103925e+00
1.439057970676854893e+03 2.306558521363992895e+03 1.443911806757802063e+00
1.439078804723891153e+03 2.305442372900121882e+03 1.443386299594525690e+00
1.439099638769065450e+03 2.309001769004158177e+03 1.443728842311911009e+00
1.439120472812842308e+03 2.303127366877612531e+03 1.441734049256873540e+00
1.439141306854755840e+03 2.306597452682547100e+03 1.442933717972617158e+00
1.439162140895273978e+03 2.306212587691828958e+03 1.442798221510046774e+00
1.439182974933929017e+03 2.305791925140468720e+03 1.443254232125856129e+00
1.439203808971187073e+03 2.306981124856328734e+03 1.445760873889878617e+00
1.439224643007048599e+03 2.302564169816701451e+03 1.442359836320472377e+00
1.439245477041046797e+03 2.303578828628848441e+03 1.442024077871832732e+00
1.439266311073181896e+03 2.306395643620873216e+03 1.444214852540459670e+00
1.439287145103920921e+03 2.304951590305109676e+03 1.443147759933379959e+00
1.439307979133262506e+03 2.306567212524716524e+03 1.443446671629575961e+00
1.439328813160741447e+03 2.302357430601442502e+03 1.443434035831183460e+00
1.439349647186823859e+03 2.301130315975001849e+03 1.442202051157505105e+00
1.439370481211043625e+03 2.304802708985460413e+03 1.443352354701085138e+00
1.439391315233866408e+03 2.303648062471587309e+03 1.442360414861858953e+00
1.439412149255292206e+03 2.301631796617293730e+03 1.441480433098041303e+00
1.439432983274853996e+03 2.301994662478233295e+03 1.442497605267260896e+00
1.439453817293485372e+03 2.301923405219518372e+03 1.443900578560664671e+00
1.439474651309788896e+03 2.302156696481415111e+03 1.443532559092716383e+00
1.439495485325160189e+03 2.301488597568608839e+03 1.442156919277068683e+00
1.439516319338669518e+03 2.301229051359000096e+03 1.442577929978366535e+00
1.439537153350782546e+03 2.301954304308224437e+03 1.443070523442729236e+00
1.439557987361498363e+03 2.300313929862772511e+03 1.442524298028574625e+00
1.439578821370350852e+03 2.301723806515995875e+03 1.444495800319863799e+00
1.439599655377805902e+03 2.302587323962375194e+03 1.443263565620858113e+00
1.439620489383864424e+03 2.304184845961874089e+03 1.445249236500777190e+00
1.439641323388525961e+03 2.306093846414346444e+03 1.443300238237960720e+00
1.439662157391325536e+03 2.300078362612081946e+03 1.443537679145463493e+00
1.439682991393192879e+03 2.300174991016656350e+03 1.442805409751757084e+00
1.439703825393198031e+03 2.302465150242745949e+03 1.442260654367128581e+00
1.439724659391806654e+03 2.304916191873651314e+03 1.445439431055306256e+00
1.439745493389018065e+03 2.303552300459588423e+03 1.442675685398401075e+00
1.439766327384831129e+03 2.305277194553835216e+03 1.443654444451136776e+00
1.439787161378782912e+03 2.300267109532122504e+03 1.442509505506696099e+00
1.439807995371802917e+03 2.302880388251924160e+03 1.443437587079815509e+00
1.439828829362960505e+03 2.301407533777187837e+03 1.442666513362483860e+00
1.439849663353186997e+03 2.305938404386582079e+03 1.443893065527057651e+00
1.439870497341550617e+03 2.302372250420396995e+03 1.442544544530501405e+00
1.439891331328517481e+03 2.302783900013239872e+03 1.444470381911432844e+00
1.439912165314086906e+03 2.302913976950425422e+03 1.445647742079756437e+00
1.439932999298725463e+03 2.302665679390169771e+03 1.443919154574839769e+00
1.439953833281500920e+03 2.303716873853220022e+03 1.443174110260943444e+00
1.439974667262878938e+03 2.302549581841668441e+03 1.442741127421823588e+00
1.439995501242860428e+03 2.303958560431949991e+03 1.444097389603762327e+00
1.440016335221444933e+03 2.301409604214362844e+03 1.443045988633515186e+00
1.440037169198633364e+03 2.303950733613456578e+03 1.443063584347075157e+00
1.440058003174424812e+03 2.305820879584056911e+03 1.443681446115758105e+00
1.440078837148817911e+03 2.305942035079385278e+03 1.445677510127121534e+00
1.440099671121814481e+03 2.302207913035300408e+03 1.442943136156202844e+00
1.440120505093880183e+03 2.302465124543693946e+03 1.443059206090982149e+00
1.440141339064082558e+03 2.304389065325816318e+03 1.444326610934855593e+00
1.440162173032888859e+03 2.305368519859461230e+03 1.444682875949094614e+00
1.440183007000762927e+03 2.305370587068834084e+03 1.444153934796109207e+00
1.440203840966775488e+03 2.304371959941554906e+03 1.443411571916472846e+00
1.440224674931856043e+03 2.302350169545296922e+03 1.442750959994588911e+00
1.440245508895539388e+03 2.304295527917785876e+03 1.444146257987475535e+00
1.440266342857826203e+03 2.301813814068644206e+03 1.445715688193732529e+00
1.440287176818715579e+03 2.301990538952065890e+03 1.443254810308716163e+00
1.440308010778207972e+03 2.302762336530761331e+03 1.443469547924344676e+00
1.440328844736303381e+03 2.303863008878608071e+03 1.443886955998380905e+00
1.440349678693001806e+03 2.303632598610019159e+03 1.443299329693388255e+00
1.440370512648769363e+03 2.303458797668814441e+03 1.444687166768868325e+00
1.440391346603140391e+03 2.304955223128275975e+03 1.444943107620169753e+00
1.440412180556113981e+03 2.299960992310878737e+03 1.442861757716200177e+00
1.440433014507689904e+03 2.303714615114899516e+03 1.444776198403583400e+00
1.440453848457868844e+03 2.304396385657817518e+03 1.443708447275367623e+00
1.440474682406651482e+03 2.301348210703329642e+03 1.443376636530958601e+00
1.440495516354502342e+03 2.303788988592010355e+03 1.443807694904807315e+00
1.440516350300955992e+03 2.304571693325173328e+03 1.444283031142026497e+00
1.440537184246013567e+03 2.304304460421459680e+03 1.443876470665937717e+00
1.440558018190140046e+03 2.305347900787498929e+03 1.444899711428591083e+00
1.440578852132402972e+03 2.305306058263416162e+03 1.445082445135617677e+00
1.440599686073735029e+03 2.303893530450833168e+03 1.443156268085469707e+00
1.440620520013669648e+03 2.302575023783484085e+03 1.443461289375992163e+00
1.440641353952672944e+03 2.304757269635072589e+03 1.443577152490812088e+00
1.440662187889814049e+03 2.304075889537113653e+03 1.443543542409368108e+00
1.440683021826023378e+03 2.305705360894424757e+03 1.445110657490694894e+00
1.440703855761301384e+03 2.304708206708683065e+03 1.444307957623888639e+00
1.440724689694717654e+03 2.305177634375345860e+03 1.444315468499311805e+00
1.440745523627202147e+03 2.305789577086484769e+03 1.444728589027492349e+00
1.440766357558288973e+03 2.305898441084628303e+03 1.446240266521541917e+00
1.440787191488444932e+03 2.305769636620707388e+03 1.444569329625858822e+00
1.440808025416738474e+03 2.304952856949382294e+03 1.444218897123575873e+00
1.440828859344100010e+03 2.305468864038375614e+03 1.444906394196985078e+00
1.440849693270530906e+03 2.309106171899280980e+03 1.445440750617870584e+00
1.440870527195564591e+03 2.302432004673874872e+03 1.443491185096963614e+00
1.440891361119201520e+03 2.308544832761574980e+03 1.446219577189074901e+00
1.440912195041441919e+03 2.305698799681675609e+03 1.444256701046620073e+00
1.440933028962750541e+03 2.303495556305476839e+03 1.444638811793213184e+00
1.440953862882662179e+03 2.305536572295385668e+03 1.444460148399931310e+00
1.440974696801641130e+03 2.308214650421340139e+03 1.444933537469408114e+00
1.440995530718758346e+03 2.306826669613315062e+03 1.444735850177578440e+00
1.441016364635409900e+03 2.304864700594242549e+03 1.447718746279420543e+00
1.441058032464057533e+03 2.304310040223039778e+03 1.444614386139045914e+00
1.441078866376984479e+03 2.303781442878456346e+03 1.444934279983373315e+00
1.441141368107847939e+03 2.302632488806778383e+03 1.444560499704923728e+00
1.441183035922058934e+03 2.304163415614357746e+03 1.444512883219667865e+00
1.441203869827534618e+03 2.304152506123451985e+03 1.445417080781374652e+00
1.441224703732079888e+03 2.305796192844501547e+03 1.445138374355814603e+00
1.441245537634762513e+03 2.305985486345668050e+03 1.446027259390327835e+00
1.441287205437332432e+03 2.303677208699352832e+03 1.445720305774912839e+00
1.441308039336754973e+03 2.306112619848381200e+03 1.446209108768645724e+00
1.441328873235245510e+03 2.303610182813336905e+03 1.444822156053149120e+00
1.441349707132339063e+03 2.306312782968760985e+03 1.445875975596541574e+00
1.441370541028501975e+03 2.303831014837378007e+03 1.445074195804916251e+00
1.441391374923268359e+03 2.306829652115028239e+03 1.446865834810629803e+00
1.441412208816637531e+03 2.304396650340879660e+03 1.445450317410435392e+00
1.441433042709074925e+03 2.306059991355736656e+03 1.446034761335494467e+00
1.441453876600580998e+03 2.303950771628180064e+03 1.445669016813221353e+00
1.441474710490690086e+03 2.303649803054189306e+03 1.445671160761244023e+00
1.441495544379401963e+03 2.303796668808674895e+03 1.445161718803003925e+00
1.441516378267182972e+03 2.301813733333041455e+03 1.444862996902725572e+00
1.441537212153566543e+03 2.304335367492095429e+03 1.446352610199745259e+00
1.441558046039019473e+03 2.302964900652912092e+03 1.445095066520448057e+00
1.441578879923541535e+03 2.302587237341079799e+03 1.444970580200813037e+00
1.441599713806665022e+03 2.306790274546197452e+03 1.447977938373326667e+00
1.441620547688392435e+03 2.304003759983492728e+03 1.445724923341344725e+00
1.441641381569188070e+03 2.304726504964835840e+03 1.446058503498866665e+00
1.441662215449052383e+03 2.307611635944802856e+03 1.446612459095912628e+00
1.441683049327520166e+03 2.308088131269265432e+03 1.446956050571812202e+00
1.441703883205056627e+03 2.305016201496669510e+03 1.446371896497967047e+00
1.441724717081196559e+03 2.305763943135184945e+03 1.446385001143610793e+00
1.441745550956404941e+03 2.305616701601862133e+03 1.446090323981498393e+00
1.441766384830215884e+03 2.304483346891677229e+03 1.445998158069877970e+00
1.441787218703095505e+03 2.306906798579882434e+03 1.446539775334489741e+00
1.441808052574578142e+03 2.309319496319694736e+03 1.447197669283253774e+00
1.441828886445129001e+03 2.306710691825853701e+03 1.446596142651037642e+00
1.441849720314282877e+03 2.309441230952354090e+03 1.447757282220979436e+00
1.441870554182506567e+03 2.309276847785223254e+03 1.447080530848024127e+00
1.441891388049798479e+03 2.308776700225756031e+03 1.447235971988729997e+00
1.441912221915693408e+03 2.308030882299148288e+03 1.446815410400321467e+00
1.441933055780657014e+03 2.307137843616821556e+03 1.447427964468715800e+00
1.441953889644223636e+03 2.306057044110741117e+03 1.446765396218176125e+00
1.441974723506859391e+03 2.308971860450240001e+03 1.447374018060548995e+00
1.441995557368562913e+03 2.305748030643173479e+03 1.446212982917322032e+00
1.442016391228869452e+03 2.306372224072187237e+03 1.448405981286737587e+00
1.442037225088245123e+03 2.306184926443459517e+03 1.447039011151922017e+00
1.442058058946224037e+03 2.309402279020841888e+03 1.448958298961749547e+00
1.442078892803272083e+03 2.308392969635118334e+03 1.447445836346809456e+00
1.442099726658921554e+03 2.306245130848239114e+03 1.446147533139966912e+00
1.442120560513641067e+03 2.308977806576380772e+03 1.447932492542454597e+00
1.442141394367427893e+03 2.307931296143551208e+03 1.448469847613190753e+00
1.442162228219818644e+03 2.310344366855916633e+03 1.448380384584483593e+00
1.442183062071277618e+03 2.308558329229034371e+03 1.448395117146821898e+00
1.442203895921804815e+03 2.309035199009122152e+03 1.447556521773166294e+00
1.442224729770937074e+03 2.308326754315724429e+03 1.446859573051320291e+00
1.442245563619137556e+03 2.306632935773946429e+03 1.446615672919420614e+00
1.442266397465939917e+03 2.308406591536459928e+03 1.447027889602461537e+00
1.442287231311811411e+03 2.308062454031128709e+03 1.448163247095239248e+00
1.442308065156751127e+03 2.309756272529049511e+03 1.449117816381747748e+00
1.442328899000294541e+03 2.310159232072619943e+03 1.448507869784670943e+00
1.442349732842906178e+03 2.308752060879309738e+03 1.447736861593383439e+00
1.442370566684586038e+03 2.310391828611133860e+03 1.448706112082495778e+00
1.442391400524870051e+03 2.309788135174413583e+03 1.447666622316162277e+00
1.442412234364222513e+03 2.311834471906464387e+03 1.448142914510991419e+00
1.442433068202177992e+03 2.311656611217710633e+03 1.448890422634633968e+00
1.442453902039667810e+03 2.312217097790120079e+03 1.448881948154755905e+00
1.442474735875294527e+03 2.311677457303163465e+03 1.448194527436658108e+00
1.442495569710455129e+03 2.310776197359569323e+03 1.449924266415896223e+00
1.442516403544218974e+03 2.312962511197499680e+03 1.448834144577723082e+00
1.442537237377051952e+03 2.312834791225061053e+03 1.449355044472241616e+00
1.442558071208487945e+03 2.314623678795946489e+03 1.452175773768634492e+00
1.442578905039459642e+03 2.314246385534067031e+03 1.449277316244162783e+00
1.442599738868566874e+03 2.312996851858973969e+03 1.450014620740117666e+00
1.442620572697208445e+03 2.314093661474832516e+03 1.450269128224484394e+00
1.442641406524453032e+03 2.314501681667481080e+03 1.449866795176330214e+00
1.442662240350766979e+03 2.316371526468409229e+03 1.450992701521959694e+00
1.442683074175683032e+03 2.315414813879921894e+03 1.450288526833772407e+00
1.442703908000134106e+03 2.313899213894420882e+03 1.452406264545374803e+00
1.442724741822723445e+03 2.317216731134024485e+03 1.451507816988782507e+00
1.442745575644847122e+03 2.314399254195239791e+03 1.449603993501699106e+00
1.442766409465571996e+03 2.316430136682147349e+03 1.450255072290381531e+00
1.442787243285366003e+03 2.315536201179552791e+03 1.450984978738084408e+00
1.442808077104229596e+03 2.314234820854273494e+03 1.450681950257820318e+00
1.442828910921695524e+03 2.313806027318405086e+03 1.449542562085530895e+00
1.442849744738230129e+03 2.316164909382240239e+03 1.453108920756973399e+00
1.442870578553833639e+03 2.309619562210059485e+03 1.448869030648319844e+00
1.442891412368040619e+03 2.313140863948543029e+03 1.449455714838488563e+00
1.442912246181316050e+03 2.313766563255152050e+03 1.450265018316325039e+00
1.442933079993659476e+03 2.313806967725918184e+03 1.450680881986905035e+00
1.442953913805071352e+03 2.314348010361570232e+03 1.450398173416594938e+00
1.442974747615087381e+03 2.312597272312126734e+03 1.450221288172246048e+00
1.442995581424172087e+03 2.311039021032189794e+03 1.449332096571922524e+00
1.443016415231858446e+03 2.314378498412966110e+03 1.450566983359151907e+00
1.443037249039080052e+03 2.313728203488377858e+03 1.449970636399333435e+00
1.443058082844904902e+03 2.312006061568699351e+03 1.449679401734435436e+00
1.443078916649799339e+03 2.313699064698531856e+03 1.449986010516853163e+00
1.443099750453295201e+03 2.311892564634214523e+03 1.450331679589087042e+00
1.443120584255859967e+03 2.312983976976223857e+03 1.450985225210545293e+00
1.443141418057493411e+03 2.313671856795401254e+03 1.449712869562385098e+00
1.443162251858195532e+03 2.314742491566595163e+03 1.450007879301564717e+00
1.443183085657501579e+03 2.312198857198921360e+03 1.450842181987097135e+00
1.443203919455875166e+03 2.312702043494779900e+03 1.449398142772572617e+00
1.443224753253317886e+03 2.311902316629258621e+03 1.449827575297370164e+00
1.443245587049830647e+03 2.314124416112301333e+03 1.449956988650407341e+00
1.443266420844945060e+03 2.311121601587139594e+03 1.449753079272461997e+00
1.443287254639127468e+03 2.314185537330354236e+03 1.450193175240428456e+00
1.443308088432379009e+03 2.314547419958129922e+03 1.450986950516598650e+00
1.443328922224698999e+03 2.312053361533312000e+03 1.450201642057946216e+00
1.443349756015622916e+03 2.313459537586934857e+03 1.450353132195344896e+00
1.443370589805615055e+03 2.315512532954453036e+03 1.450819257609131663e+00
1.443391423594676098e+03 2.314396104739642851e+03 1.449929692767168543e+00
1.443412257382340158e+03 2.316411994386092374e+03 1.450841278165434289e+00
1.443433091169072441e+03 2.316572179101929578e+03 1.450802166797754200e+00
1.443453924954874083e+03 2.319480895053275617e+03 1.451647674065491334e+00
1.443474758739743493e+03 2.321834099781488021e+03 1.452199579709507971e+00
1.443495592523215919e+03 2.314442792972537063e+03 1.451258455263358282e+00
1.443516426306223366e+03 2.316318076813574407e+03 1.450793539148232059e+00
1.443537260087834056e+03 2.317407028296680437e+03 1.452090890099425380e+00
1.443558093868047536e+03 2.316260229488547338e+03 1.451212208573699369e+00
1.443578927647796036e+03 2.316660848989316037e+03 1.451188550727497084e+00
1.443599761426145960e+03 2.314367989821773790e+03 1.451231923150927194e+00
1.443620595203565472e+03 2.313082052030819341e+03 1.454631721582672732e+00
1.443641428980053206e+03 2.318893641465509518e+03 1.451539518012194607e+00
1.443662262755143502e+03 2.320290672426675883e+03 1.451833746032924699e+00
1.443683096529769500e+03 2.319556342177814713e+03 1.451974721136808366e+00
1.443703930302996923e+03 2.317792460056203709e+03 1.452259749537579525e+00
1.443724764075294388e+03 2.319170151440419886e+03 1.454078279594491541e+00
1.443745597846195551e+03 2.318827837373169586e+03 1.451571382591901882e+00
1.443766431616630143e+03 2.317360106299258860e+03 1.452385909282733367e+00
1.443787265385666615e+03 2.316294051868072984e+03 1.451312093006029480e+00
1.443808099153773583e+03 2.318372315642126523e+03 1.451661798634708234e+00
1.443828932920482202e+03 2.316618954832663803e+03 1.451512826782066723e+00
1.443849766686725616e+03 2.317564128173194149e+03 1.451571382591901882e+00
1.443870600451572500e+03 2.317376925207754539e+03 1.453369530232865969e+00
1.443891434215487607e+03 2.318383588628136295e+03 1.451501575254925180e+00
1.443912267978471391e+03 2.316467875835039649e+03 1.451291475976548062e+00
1.443933101740058191e+03 2.317789166409064819e+03 1.452767522997349570e+00
1.443953935501179103e+03 2.315581162511862203e+03 1.451013404952527841e+00
1.443974769260903486e+03 2.314980600584964577e+03 1.451178282445056977e+00
1.443995603019695864e+03 2.315793453916582166e+03 1.452595357867048742e+00
1.444016436777091485e+03 2.313338620046534743e+03 1.450820900945769321e+00
1.444078938044157894e+03 2.314499518297263421e+03 1.452368344431640645e+00
1.444099771797828907e+03 2.310679556497546400e+03 1.451309957391075489e+00
1.444120605550102027e+03 2.312492488054499518e+03 1.451721580173327197e+00
1.444141439301909941e+03 2.314761015885778306e+03 1.451204897683237016e+00
1.444162273052321552e+03 2.314921050588774506e+03 1.450911363756133943e+00
1.444183106801800477e+03 2.314842394564301230e+03 1.450664775653148775e+00
1.444203940550348534e+03 2.316230715256735493e+03 1.451538696750893864e+00
1.444224774297500971e+03 2.317985377370583592e+03 1.452277315702094507e+00
1.444245608043720949e+03 2.316467403297592227e+03 1.451443591549697043e+00
1.444266441789475493e+03 2.316235676357213833e+03 1.451344701813268578e+00
1.444287275533367392e+03 2.312375057854762872e+03 1.450427926156908409e+00
1.444308109276792948e+03 2.313932295515350233e+03 1.451374024472735558e+00
1.444328943019287635e+03 2.313797115406329794e+03 1.450932889951981553e+00
1.444349776760385339e+03 2.311341037422321278e+03 1.450652942314394567e+00
1.444370610500552630e+03 2.313255371080835630e+03 1.450253757108290964e+00
1.444391444239787006e+03 2.314521993830021074e+03 1.450666747866889983e+00
1.444412277978090970e+03 2.310327882917961688e+03 1.449602513257220560e+00
1.444433111714999086e+03 2.310182328948734266e+03 1.450410501974203292e+00
1.444453945451440177e+03 2.312466348502231995e+03 1.450419871607900424e+00
1.444474779186483374e+03 2.314107015738252358e+03 1.451331641950718288e+00
1.444495612920596614e+03 2.311877482158402927e+03 1.450217013726516457e+00
1.444516446653311959e+03 2.314236624754823424e+03 1.450643656362916589e+00
1.444537280385562099e+03 2.314919197125966093e+03 1.450814245420890103e+00
1.444558114116415481e+03 2.312497783708079169e+03 1.451428397136265813e+00
1.444578947838421527e+03 2.312429718355859222e+03 1.450274553285420653e+00
1.444599781567412492e+03 2.309872256452073088e+03 1.449817544046836604e+00
1.444620615295006473e+03 2.308547439379234675e+03 1.450186352429180259e+00
1.444641449022134566e+03 2.312632892711475506e+03 1.451497468836433935e+00
1.444662282747864992e+03 2.310340249948256314e+03 1.450394310446982304e+00
1.444683116473129985e+03 2.310476790373561471e+03 1.450584076941465295e+00
1.444703950196998903e+03 2.310456748267171406e+03 1.450218164540067800e+00
1.444724783919470156e+03 2.310764627447357270e+03 1.449969732034402936e+00
1.444745617641475519e+03 2.310892968088846828e+03 1.450245865990701599e+00
1.444766451362550924e+03 2.310904274503208399e+03 1.449797645787114009e+00
1.444787285082228209e+03 2.310630877363329091e+03 1.450553998676427092e+00
1.444808118800973489e+03 2.311037341971351907e+03 1.450706848964772977e+00
1.444828952518788356e+03 2.312747751697067088e+03 1.450485621720656537e+00
1.444849786235206921e+03 2.311689152306616961e+03 1.451585754273962525e+00
1.444870619951158460e+03 2.309883265408640000e+03 1.449845993150434609e+00
1.444891453665713470e+03 2.313359706453082254e+03 1.450490963786400522e+00
1.444912287379803502e+03 2.314502587779332771e+03 1.451581155351184149e+00
1.444933121092496549e+03 2.313887048193119426e+03 1.451927512011990551e+00
1.444953954803791476e+03 2.312419255051943310e+03 1.451700065672388629e+00
1.444974788514621650e+03 2.313785923677877690e+03 1.451607681080438583e+00
1.444995622224054387e+03 2.315427143173559671e+03 1.451975706354366569e+00
1.445016455933021007e+03 2.315365522996806703e+03 1.451987118409029387e+00
1.445037289640591553e+03 2.315012231898468144e+03 1.451426836619933436e+00
1.445058123347230548e+03 2.321330611685535132e+03 1.453269213011498584e+00
1.445078957052472560e+03 2.328705776689600953e+03 1.455568453721094446e+00
1.445099790757248911e+03 2.326292724792993795e+03 1.454610495982544105e+00
1.445120624460628505e+03 2.320073226110300311e+03 1.453826816854872916e+00
1.445141458163542666e+03 2.316613995400058684e+03 1.452560807496573458e+00
1.445162291865059160e+03 2.316455362737620362e+03 1.452618336280747879e+00
1.445183125565177988e+03 2.316480975567525547e+03 1.452415949610504464e+00
1.445203959264832520e+03 2.313627850682783446e+03 1.452781472567124199e+00
1.445224792963555046e+03 2.314521326840427719e+03 1.452597819857331496e+00
1.445245626660881044e+03 2.317539585813633948e+03 1.452191863343833766e+00
1.445266460357275491e+03 2.315640949239766087e+03 1.452547512360708781e+00
1.445287294052738616e+03 2.316516528453636511e+03 1.451624187558931522e+00
1.445308127747270646e+03 2.316921528311410384e+03 1.452036952733390729e+00
1.445328961440870899e+03 2.319090520668109548e+03 1.453616725621549088e+00
1.445349795133073485e+03 2.320558706169828383e+03 1.453501908838090051e+00
1.445370628824346113e+03 2.317125052292096370e+03 1.452190303647918235e+00
1.445391462515151943e+03 2.314004237197465955e+03 1.452328781699232740e+00
1.445412296204561471e+03 2.316910612441782177e+03 1.453813779289594876e+00
1.445433129892574925e+03 2.319266841665532866e+03 1.452923094145671223e+00
1.445453963580122490e+03 2.315126181247066597e+03 1.451995410565145805e+00
1.445474797266736914e+03 2.313371281030440969e+03 1.451611130210860079e+00
1.445495630951955491e+03 2.316631746113085228e+03 1.452418247752071734e+00
1.445516464636242517e+03 2.314794249941271119e+03 1.451849346747114966e+00
1.445537298319598449e+03 2.315133865624468399e+03 1.452242347333317474e+00
1.445558132002022830e+03 2.319825452672679148e+03 1.453552101290621623e+00
1.445578965683050455e+03 2.319152908575286347e+03 1.453898808349062266e+00
1.445599799363613556e+03 2.319589682283835828e+03 1.453408162410015692e+00
1.445620633042778536e+03 2.323929582007669524e+03 1.455413001523925720e+00
1.445641466721011966e+03 2.320677726209762113e+03 1.453496003729723540e+00
1.445662300398313619e+03 2.322060537200919043e+03 1.455304715735955545e+00
1.445683134074684403e+03 2.323969933306940675e+03 1.454863462039056587e+00
1.445703967750124548e+03 2.326773380597514006e+03 1.455918692692292904e+00
1.445724801424167481e+03 2.326360171966782218e+03 1.455087218800232618e+00
1.445745635097744525e+03 2.326554361921801956e+03 1.455696374004062044e+00
1.445766468769924359e+03 2.326050466841055822e+03 1.455481966033411956e+00
1.445787302441173551e+03 2.325431404059308534e+03 1.456615235201256020e+00
1.445808136111491422e+03 2.336488553986858278e+03 1.458303841792224720e+00
1.445828969780411171e+03 2.335002987920098349e+03 1.458470428925513263e+00
1.445849803448865487e+03 2.331421218220148148e+03 1.456998932099065502e+00
1.445870637115923500e+03 2.331270154037767497e+03 1.457361833229727344e+00
1.445891470782515626e+03 2.328696398269514248e+03 1.457071094121554777e+00
1.445912304447710994e+03 2.335710770461990251e+03 1.458417381407782765e+00
1.445933138111509379e+03 2.334234547387887233e+03 1.457910185686206006e+00
1.445953971774841648e+03 2.339343601329780995e+03 1.459544450940930105e+00
1.445974805437243504e+03 2.337769621312754225e+03 1.459671124427912803e+00
1.445995639098247466e+03 2.324590541023038440e+03 1.456089400575480308e+00
1.446016472758320106e+03 2.327258727855670259e+03 1.458382805484682798e+00
1.446037306417926629e+03 2.333286261581341023e+03 1.457483134621982312e+00
1.446058140075671417e+03 2.338212035310893953e+03 1.458523065849530065e+00
1.446078973732950999e+03 2.343030576388638565e+03 1.460310612780777895e+00
1.446099807389298803e+03 2.340451610519798123e+03 1.459550821630281936e+00
1.446120641044248941e+03 2.336599203303597733e+03 1.458397355263802542e+00
1.446141474698733418e+03 2.330130638456312226e+03 1.456963749771696959e+00
1.446162308351822048e+03 2.327361970717850454e+03 1.456035693202735626e+00
1.446183142003978901e+03 2.325174642051329101e+03 1.455877097523225361e+00
1.446203975655203521e+03 2.328211360196996793e+03 1.456760248339642905e+00
1.446224809305031613e+03 2.325299344025856044e+03 1.456446553337568117e+00
1.446245642954394953e+03 2.331968346076036141e+03 1.457392179973379331e+00
1.446266476602361536e+03 2.331697706014307187e+03 1.457584225035139847e+00
1.446287310249861548e+03 2.334550491972257078e+03 1.458539248869832328e+00
1.446308143895963894e+03 2.334790668560794074e+03 1.458689954840862502e+00
1.446328977541135373e+03 2.343781432866134764e+03 1.461405551616167697e+00
1.446349811184910550e+03 2.342851180818035573e+03 1.460163911214602539e+00
1.446370644828219611e+03 2.345908524660882449e+03 1.462543359749494343e+00
1.446391478470131460e+03 2.344501475102536006e+03 1.461981986486716512e+00
1.446412312111578558e+03 2.364568867143420448e+03 1.466082565360900869e+00
1.446433145751627535e+03 2.394966614426723936e+03 1.473862050644439980e+00
1.446453979390746099e+03 2.409317433851354508e+03 1.477504530639931257e+00
1.446474813028933113e+03 2.372459844660820181e+03 1.468885537244852824e+00
1.446495646665722916e+03 2.360029414431744499e+03 1.464993807418285998e+00
1.446516480302047057e+03 2.360104355604662032e+03 1.465716130203174261e+00
1.446537313936973533e+03 2.369299562463229449e+03 1.467574927839543797e+00
1.446558147570969595e+03 2.369321443132174863e+03 1.468532059103617948e+00
1.446578981204500451e+03 2.395002369031863509e+03 1.474653028637789687e+00
1.446599814836634550e+03 2.381868680353698892e+03 1.473362356233768988e+00
1.446620648467370529e+03 2.386196669158009172e+03 1.472003822601579470e+00
1.446641482097641074e+03 2.406759572403588209e+03 1.477230102751091012e+00
1.446662315726513498e+03 2.388773223916270581e+03 1.473882999000199145e+00
1.446683149354921625e+03 2.382033546047429354e+03 1.470600099235250147e+00
1.446703982981932540e+03 2.382197031639820125e+03 1.472723597597958900e+00
1.446724816608012588e+03 2.367805066830092983e+03 1.467496864926370215e+00
1.446745650233161086e+03 2.353820143092506896e+03 1.464163416231238690e+00
1.446766483857378489e+03 2.339669168814848945e+03 1.459882467451185661e+00
1.446787317480197999e+03 2.335090418116491492e+03 1.460419506917342014e+00
1.446808151102552529e+03 2.329986681881229742e+03 1.457671324015819447e+00
1.446828984723510530e+03 2.335118160647050900e+03 1.459574098912650220e+00
1.446849818343536526e+03 2.339415721330888118e+03 1.460505620593650633e+00
1.446870651962629836e+03 2.327301667313331563e+03 1.457142598088025043e+00
1.446891485580793415e+03 2.329143368026200733e+03 1.457545294605844033e+00
1.446912319198025898e+03 2.329972335192209357e+03 1.458006422549362524e+00
1.446933152813862080e+03 2.322842321505244399e+03 1.457346209727154562e+00
1.446953986429231463e+03 2.319777325456087510e+03 1.455269820111931400e+00
1.446974820043204545e+03 2.316511221177970128e+03 1.454809053876056302e+00
1.446995653656244940e+03 2.316198127371727878e+03 1.454597465441386683e+00
1.447016487268354012e+03 2.318056019350257429e+03 1.456375015197235223e+00
1.447058154489779554e+03 2.319701950101819875e+03 1.455550927275335749e+00
1.447078988098630361e+03 2.319824739807233527e+03 1.455282844632853623e+00
1.447099821706550529e+03 2.321926164778936254e+03 1.456446798885774330e+00
1.447120655314002988e+03 2.321518826437664757e+03 1.456132381420827349e+00
1.447141488920058464e+03 2.317266005427477012e+03 1.454711949914315738e+00
1.447162322525183527e+03 2.317706568447046266e+03 1.455524473408482455e+00
1.447183156129377494e+03 2.317530175350337686e+03 1.455151119577446250e+00
1.447203989732174023e+03 2.318916122152941625e+03 1.455677293138710526e+00
1.447224823334504890e+03 2.320851445368906298e+03 1.456076874490374928e+00
1.447245656935439456e+03 2.316405441376903127e+03 1.454745383908738976e+00
1.447266490535907906e+03 2.318219227354227769e+03 1.455638311709331001e+00
1.447287324134978917e+03 2.320683740130619753e+03 1.458305803674887713e+00
1.447308157733118605e+03 2.321159863965855948e+03 1.456127141919010937e+00
1.447328991330327426e+03 2.321700009618823060e+03 1.455801355236002737e+00
1.447349824926139490e+03 2.317126110225149660e+03 1.455348456956117031e+00
1.447370658521485439e+03 2.317734924050999780e+03 1.456077693192039169e+00
1.447391492115434630e+03 2.320836284791052094e+03 1.456358235147531044e+00
1.447412325708917933e+03 2.316034990109536920e+03 1.455029459913966594e+00
1.447433159301004480e+03 2.317290827789358900e+03 1.455819369974992838e+00
1.447453992892159476e+03 2.318104354889828301e+03 1.456463332369750230e+00
1.447474826482383378e+03 2.322769641483064788e+03 1.457802984895553600e+00
1.447495660071675957e+03 2.322185536865576523e+03 1.458537941157688422e+00
1.447516493659571552e+03 2.319923705592897022e+03 1.458449259192168057e+00
1.447537327247001485e+03 2.315463504775763340e+03 1.456996804819681302e+00
1.447558160833033980e+03 2.312391838710108459e+03 1.455956847845668811e+00
1.447578994418135608e+03 2.313193856765337387e+03 1.454709983184831357e+00
1.447599828002771574e+03 2.311988112840897429e+03 1.455030770779365712e+00
1.447620661586010556e+03 2.314374942334538900e+03 1.455233121463765933e+00
1.447641495167852554e+03 2.312702395503390562e+03 1.454997916859187557e+00
1.447662328749228436e+03 2.312134138498377979e+03 1.454720226538422700e+00
1.447683162329673905e+03 2.314303990802258795e+03 1.456582744386499595e+00
1.447703995908721936e+03 2.311607711872592517e+03 1.456020710457236467e+00
1.447724829487303396e+03 2.308972065438722439e+03 1.454354207243109043e+00
1.447745663064488099e+03 2.309618740605556013e+03 1.456007692536793741e+00
1.447766496640742389e+03 2.309916378679589343e+03 1.454909592667634977e+00
1.447787330216066493e+03 2.311643588109928714e+03 1.455584997181887719e+00
1.447808163790457456e+03 2.310524531242979720e+03 1.454980219677054265e+00
1.447828997363917551e+03 2.312608387567078807e+03 1.456595102439230072e+00
1.447849830935980663e+03 2.313401680203794513e+03 1.456316325105755149e+00
1.447870664507577658e+03 2.312499343321573633e+03 1.456003516952752541e+00
1.447891498078244013e+03 2.313466792800433723e+03 1.457037549861757375e+00
1.447912331647512019e+03 2.311288662309568736e+03 1.456679314457319574e+00
1.447933165215850067e+03 2.316042955977658494e+03 1.457069539648530920e+00
1.447953998783257475e+03 2.316590018467068148e+03 1.457670424428533895e+00
1.447974832349732424e+03 2.314019377572281883e+03 1.456880290620379048e+00
1.447995665915276504e+03 2.313816001463923385e+03 1.456907947221737221e+00
1.448016499479888353e+03 2.313035004841985028e+03 1.459464651617393027e+00
1.448037333043569561e+03 2.312177738660173873e+03 1.458701886427170802e+00
1.448058166605854012e+03 2.313511366578197340e+03 1.457431114492623525e+00
1.448079000167672348e+03 2.310580801025307210e+03 1.458812453265912801e+00
1.448099833728093927e+03 2.310441517159818432e+03 1.456596821100510475e+00
1.448120667288049390e+03 2.310644839050624341e+03 1.457322978659719936e+00
1.448141500846608551e+03 2.309626263338395347e+03 1.457544067789701581e+00
1.448162334404236390e+03 2.311976967576256357e+03 1.457782950311364401e+00
1.448183167960932451e+03 2.310101919708915375e+03 1.457239049252894603e+00
1.448204001516697645e+03 2.311708983630353487e+03 1.459228250121535675e+00
1.448224835071530379e+03 2.309747204673154556e+03 1.457354634987569231e+00
1.448245668625432927e+03 2.311517264709721076e+03 1.458117614413449337e+00
1.448266502178404608e+03 2.314720026617860640e+03 1.459114038305154182e+00
1.448287335730444966e+03 2.312317786983766382e+03 1.460176565519829994e+00
1.448308169281087430e+03 2.315866632273133291e+03 1.459635026462671847e+00
1.448329002831264006e+03 2.314663732438290481e+03 1.459450684245155339e+00
1.448349836380043598e+03 2.314187436082886506e+03 1.459849151108116638e+00
1.448370669928357529e+03 2.312957576469217202e+03 1.460040464754975176e+00
1.448391503475274931e+03 2.311732710021720777e+03 1.459956854875144483e+00
1.448412337021726444e+03 2.312844547726786459e+03 1.460299265773175703e+00
1.448433170566781882e+03 2.319796337565229351e+03 1.462930309536620843e+00
1.448454004111371432e+03 2.320245137313594114e+03 1.463595659701283580e+00
1.448474837654563544e+03 2.320274940530680851e+03 1.463222980306503329e+00
1.448495671196824560e+03 2.321317429056563469e+03 1.463084311198577181e+00
1.448516504738153344e+03 2.313542844732190133e+03 1.462529666306311205e+00
1.448537338279017604e+03 2.315605983645740707e+03 1.462150926583006383e+00
1.448558171818484425e+03 2.321462735128125587e+03 1.463524063746614701e+00
1.448579005357019469e+03 2.326720914726823139e+03 1.466774931437474505e+00
1.448599838894623645e+03 2.314784424813694386e+03 1.462667328481139117e+00
1.448620672431296498e+03 2.308418469187377013e+03 1.461989080406562946e+00
1.448641505967503463e+03 2.312935091775771525e+03 1.462149703631217657e+00
1.448662339502313898e+03 2.307977349238950865e+03 1.461329606419240479e+00
1.448683173036192557e+03 2.310691930445409071e+03 1.462822091263276780e+00
1.448704006569605554e+03 2.307957628579397806e+03 1.462208485690186910e+00
1.448724840101622021e+03 2.310217415706951670e+03 1.463161550372481301e+00
1.448745673632706939e+03 2.313410131526911300e+03 1.462917923513445073e+00
1.448766507163326423e+03 2.313001230821331774e+03 1.463270639685571028e+00
1.448787340692549606e+03 2.313878598745071486e+03 1.467013854779826820e+00
1.448808174221305990e+03 2.311388014729715906e+03 1.463600791017454661e+00
1.448829007749131506e+03 2.311799015697550203e+03 1.463869711967261233e+00
1.448849841275559356e+03 2.317139875246467000e+03 1.464797525312332205e+00
1.448870674801522000e+03 2.313382666683097796e+03 1.464430361591429808e+00
1.448891508326553549e+03 2.312592230518902397e+03 1.464244262095289795e+00
1.448912341850653547e+03 2.313766799914102194e+03 1.464418802294129573e+00
1.448933175373821996e+03 2.311665732118083724e+03 1.464689933330450833e+00
1.448954008896525011e+03 2.311349995316842524e+03 1.464583310181069020e+00
1.448974842417831042e+03 2.313161364546289406e+03 1.464998689722510239e+00
1.448995675938671411e+03 2.313772815387706942e+03 1.465741993478361982e+00
1.449016509458580458e+03 2.313993078929172498e+03 1.465131888978825403e+00
1.449037342977557955e+03 2.312606327119134221e+03 1.464986321186873219e+00
1.449058176495604584e+03 2.309384914401514834e+03 1.464464876133376059e+00
1.449079010013184416e+03 2.311950543179626038e+03 1.465466420393154889e+00
1.449099843529834970e+03 2.305063912604126017e+03 1.464739579629366295e+00
1.449120677045553521e+03 2.308740160243658465e+03 1.465372300476539769e+00
1.449141510560340521e+03 2.306320109641531872e+03 1.464010993759901291e+00
1.449162344074661632e+03 2.304629904733345029e+03 1.464745195252324494e+00
1.449183177587585533e+03 2.304782068421283839e+03 1.464117495746607878e+00
1.449204011100509433e+03 2.302574180330381296e+03 1.464199565386854252e+00
1.449224844612036577e+03 2.304388653946542036e+03 1.464194273336503427e+00
1.449245678123098060e+03 2.302885660661097972e+03 1.463093192281522903e+00
1.449266511633694563e+03 2.302585719986314416e+03 1.465504489653630005e+00
1.449287345142893628e+03 2.302612713246485328e+03 1.465909036471020999e+00
1.449308178652092465e+03 2.302879811304106170e+03 1.463592075914240231e+00
1.449329012159894546e+03 2.301804625168139410e+03 1.463800898317722643e+00
1.449349845667696627e+03 2.302889676565123409e+03 1.465139537194016350e+00
1.449370679174101042e+03 2.302314597747436892e+03 1.463737619479601015e+00
1.449391512680505912e+03 2.303363895496838722e+03 1.464981113351153663e+00
1.449412346185513343e+03 2.300932322512232076e+03 1.463457433192950852e+00
1.449433179690521911e+03 2.301495578527280486e+03 1.463945118240216114e+00
1.449454013194599611e+03 2.298914788795176719e+03 1.462872778830772935e+00
1.449474846698210058e+03 2.299799317009462357e+03 1.462856073315263572e+00
1.449495680200888501e+03 2.300141322341728028e+03 1.463026297660809272e+00
1.449516513703567398e+03 2.300260426549185013e+03 1.462648664564234258e+00
1.449537347205316109e+03 2.297422844646080193e+03 1.462868704332385583e+00
1.449558180706598478e+03 2.301919627136662257e+03 1.463748776950862807e+00
1.449579014207415639e+03 2.302509812144880016e+03 1.463055875074943391e+00
1.449599847707301478e+03 2.300357216492194311e+03 1.462360525408975320e+00
1.449620681207187999e+03 2.297956892534327835e+03 1.463104925005697554e+00
1.449641514706607495e+03 2.301222586159847197e+03 1.463280171375111349e+00
1.449662348205562012e+03 2.298220684000169513e+03 1.462038981490725309e+00
1.449683181704050639e+03 2.297547380159052864e+03 1.462288461368169479e+00
1.449704015202073606e+03 2.297890017042537238e+03 1.462172287309285723e+00
1.449724848700096572e+03 2.300154714613650413e+03 1.462951169970195142e+00
1.449745682197653423e+03 2.301400033300451923e+03 1.462208241109539175e+00
1.451745705671557516e+03 2.303011226223221456e+03 1.464872965203454003e+00
1.451766539310335020e+03 2.305400143113878585e+03 1.459065426128866028e+00
1.451787372947249878e+03 2.308766217980073179e+03 1.457496630106934754e+00
1.451808206582768435e+03 2.306330256156255928e+03 1.455829851175098666e+00
1.451829040216424573e+03 2.309678211327152439e+03 1.456601895231506516e+00
1.451849873848217158e+03 2.307483005495787438e+03 1.456904919749545613e+00
1.451870707478146414e+03 2.307188962170039758e+03 1.457933570928803046e+00
1.451891541106680506e+03 2.307381900569101617e+03 1.455477133709877080e+00
1.451912374732886519e+03 2.308548223709157810e+03 1.456152520580433318e+00
1.451933208357695094e+03 2.306240498482928160e+03 1.456275068730376931e+00
1.451954041981105547e+03 2.309090972187806074e+03 1.457128199402097257e+00
1.451974875602188604e+03 2.307895339336214874e+03 1.455584997181887719e+00
1.451995709221409015e+03 2.308154927197657344e+03 1.456323774048968067e+00
1.452016542839231533e+03 2.306428127717576899e+03 1.455980673839874395e+00
1.452037376455191406e+03 2.308469849806604998e+03 1.456831685735223703e+00
1.452058210068823882e+03 2.303391245319949576e+03 1.455303814685765307e+00
1.452079043681059375e+03 2.307148537988530279e+03 1.455090905459812012e+00
1.452099877291432449e+03 2.306943429116928201e+03 1.456695436125180487e+00
1.452120710900408540e+03 2.307405008012561666e+03 1.455424632347245728e+00
1.452141544507055642e+03 2.310553480278004372e+03 1.456753292621421947e+00
1.452162378112306442e+03 2.308143672506330859e+03 1.456916784131612408e+00
1.452183211715228026e+03 2.306473806170175067e+03 1.456475855131213804e+00
1.452204045316752399e+03 2.304520518023981367e+03 1.456302900540460632e+00
1.452224878916415037e+03 2.306154353974201513e+03 1.457596411027269001e+00
1.452245712514215029e+03 2.305885584213134280e+03 1.455359842563702877e+00
1.452266546110618037e+03 2.307103745134476412e+03 1.456680214656675076e+00
1.452287379704692512e+03 2.305414318010693023e+03 1.455253518817725578e+00
1.452308213297370457e+03 2.306184889488958561e+03 1.454992427478499106e+00
1.452329046888185530e+03 2.306283882746020936e+03 1.455917464505508407e+00
1.452349880477137049e+03 2.306239036949647016e+03 1.456211954037315515e+00
1.452370714064226377e+03 2.306814934890486711e+03 1.455660341258828705e+00
1.452391547649919630e+03 2.308623517442916182e+03 1.456246335921364432e+00
1.452412381233748874e+03 2.305166322757276703e+03 1.454989232157815726e+00
1.452433214816182499e+03 2.306887680765297318e+03 1.455446255602726779e+00
1.452454048396286908e+03 2.306586391432969776e+03 1.455493842014611960e+00
1.452474881974995014e+03 2.308330120110602365e+03 1.455373849196168745e+00
1.452495715552305455e+03 2.305766413082206782e+03 1.455176924865121624e+00
1.452516549127287362e+03 2.307113018544007900e+03 1.459369327771029790e+00
1.452537382700872513e+03 2.306849524802357791e+03 1.455580820385272256e+00
1.452558216273061589e+03 2.303795414924942634e+03 1.454256908964966399e+00
1.452579049843388020e+03 2.306299136142210955e+03 1.455844017052202677e+00
1.452599883411851351e+03 2.305860906608382265e+03 1.455910832278969336e+00
1.452620716978451128e+03 2.306034128620901356e+03 1.455573285741458056e+00
1.452641550544120491e+03 2.306110753965921958e+03 1.454614511660377696e+00
1.452662384107461548e+03 2.305311320985179009e+03 1.454708672030364580e+00
1.452683217669405167e+03 2.306752489379647159e+03 1.455975761295657200e+00
1.452704051229951574e+03 2.306045571951621696e+03 1.454364862935369374e+00
1.452724884788636473e+03 2.306145782379096090e+03 1.454622952742945730e+00
1.452745718345924615e+03 2.303441020672312789e+03 1.454288714004557725e+00
1.452766551901348521e+03 2.309139304002605058e+03 1.455295787123081164e+00
1.452787385455375443e+03 2.305642975558804210e+03 1.454452728436992803e+00
1.452808219007541084e+03 2.305888246233793780e+03 1.454644587915374432e+00
1.452829052558308831e+03 2.305396209938596712e+03 1.454968831098795157e+00
1.452849886107680504e+03 2.307372709071830741e+03 1.454694986785077582e+00
1.452870719655188623e+03 2.306762167897817562e+03 1.455116056421493775e+00
1.452891553201300439e+03 2.306077756795732512e+03 1.455156772203412219e+00
1.452912386745549611e+03 2.303375749376061776e+03 1.454209528002625262e+00
1.452933220288401571e+03 2.308706360329764721e+03 1.454728994791800956e+00
1.452954053829855638e+03 2.306174425652512127e+03 1.454612462846541554e+00
1.452974887369912494e+03 2.306539081036703465e+03 1.458655467104297720e+00
1.452995720908108979e+03 2.306257617858906542e+03 1.455377698948726595e+00
1.453016554444908024e+03 2.305945865831303308e+03 1.455331828894356638e+00
1.453037387979843061e+03 2.307123925373809016e+03 1.454768410306091164e+00
1.453058221513846547e+03 2.307441700348420454e+03 1.455166684726366455e+00
1.453079055045988525e+03 2.306141631788753330e+03 1.455419144575992974e+00
1.453099888576733065e+03 2.306323930039670358e+03 1.454752840895828125e+00
1.453120722106080393e+03 2.307608302472896867e+03 1.455051580609390882e+00
1.453141555633565986e+03 2.304953107143415309e+03 1.455268591377525400e+00
1.453162389160119574e+03 2.305528029480869918e+03 1.454942694384304902e+00
1.453183222684810517e+03 2.306218375542731792e+03 1.454594597067594419e+00
1.453204056208104703e+03 2.306662951934968078e+03 1.454744728347606486e+00
1.453224889730000541e+03 2.305265393704155940e+03 1.454266991565705602e+00
1.453245723250502124e+03 2.306920012706298166e+03 1.454656798533515039e+00
1.453266556769139470e+03 2.304038743552257984e+03 1.453957432046372178e+00
1.453287390286845493e+03 2.305181955500956064e+03 1.454090576950191949e+00
1.453308223802688644e+03 2.303762153630430475e+03 1.454772097773589845e+00
1.453329057317600473e+03 2.304151286441373486e+03 1.454687037811041916e+00
1.453349890830651020e+03 2.305811036764728215e+03 1.454237235396396599e+00
1.453370724342303674e+03 2.304812061833787084e+03 1.455595152480525734e+00
1.453391557852558435e+03 2.306761253794172717e+03 1.454521574561291164e+00
1.453412391361417122e+03 2.307403724271135616e+03 1.455937361003855068e+00
1.453433224869344485e+03 2.304136318637545628e+03 1.455753696987902357e+00
1.453454058375408295e+03 2.307771373384268827e+03 1.456757302392450937e+00
1.453474891880076029e+03 2.306332999822424881e+03 1.454673926006377460e+00
1.453495725383347462e+03 2.304931694940172292e+03 1.454390846103821744e+00
1.453516558885221457e+03 2.306961994669765772e+03 1.454920653968621913e+00
1.453537392385697331e+03 2.307710855529315268e+03 1.455309057151779939e+00
1.453558225884776448e+03 2.306992363341714736e+03 1.455134243491025936e+00
1.453579059382459945e+03 2.308172648889665652e+03 1.454893942831468223e+00
1.453599892878746459e+03 2.306049248765349148e+03 1.454708016452687991e+00
1.453620726374100286e+03 2.306170620179496382e+03 1.455336334053006331e+00
1.453641559867591468e+03 2.307206710167423353e+03 1.456129106734401546e+00
1.453662393359686575e+03 2.306789970212941626e+03 1.454286910644625896e+00
1.453683226850850588e+03 2.306258869339225384e+03 1.454263302817446757e+00
1.453704060340151500e+03 2.307348256552211751e+03 1.454614265802869788e+00
1.453724893828520635e+03 2.309040079393481847e+03 1.455367951683139482e+00
1.453745727315493014e+03 2.307012640775582440e+03 1.454468464981279574e+00
1.453766560801068408e+03 2.304628451222620697e+03 1.456416759847980025e+00
1.453787394285247501e+03 2.307240305065844950e+03 1.454823639396482404e+00
1.453808227768028473e+03 2.307298492812654786e+03 1.454593859484847984e+00
1.453829061249413371e+03 2.306733452729314195e+03 1.455763605446302122e+00
1.453849894729866492e+03 2.306056696525045481e+03 1.454657945834649801e+00
1.453870728208456512e+03 2.309503878191281729e+03 1.455684335890665038e+00
1.453891561686115892e+03 2.306078365742297137e+03 1.454587303177329760e+00
1.453912395162379426e+03 2.309109856627719637e+03 1.454936877057951383e+00
1.453933228637244611e+03 2.308922860277494237e+03 1.454968831098795157e+00
1.453954062111178018e+03 2.309187388517961153e+03 1.455230090507253493e+00
1.453974895583248554e+03 2.308059004934006225e+03 1.455456575679592301e+00
1.453995729054389358e+03 2.309211183017323947e+03 1.456239377748444142e+00
1.454016562524133406e+03 2.308129129958252634e+03 1.455709312817662804e+00
1.454037395992478650e+03 2.309623293434596235e+03 1.456618345115293423e+00
1.454058229459892573e+03 2.306142094055659072e+03 1.455534792930765597e+00
1.454079062925910421e+03 2.308935174723249929e+03 1.455279240374578453e+00
1.454099896390066533e+03 2.308879450702354916e+03 1.455951362080442735e+00
1.454120729853756529e+03 2.307315984473308163e+03 1.457179575879539168e+00
1.454141563315582971e+03 2.306340176997784965e+03 1.454660158484282650e+00
1.454162396776477635e+03 2.308509611052642413e+03 1.455403336402850467e+00
1.454183230235976907e+03 2.309255110839448662e+03 1.456183219982949861e+00
1.454204063694079423e+03 2.304530999533692466e+03 1.454324206951731036e+00
1.454224897151248570e+03 2.305953827353070210e+03 1.455678357742936191e+00
1.454245730607021414e+03 2.305316463624030348e+03 1.454773654701505103e+00
1.454266564061397503e+03 2.303244700904750061e+03 1.454433221442629875e+00
1.454287397514377972e+03 2.306271629921087424e+03 1.454901317120791626e+00
1.454308230966425526e+03 2.305120467678833393e+03 1.457140471018378847e+00
1.454329064417076097e+03 2.303582747976088740e+03 1.456727187923882116e+00
1.454349897866795573e+03 2.305809370086695708e+03 1.457768067299153536e+00
1.454370731314653540e+03 2.302892354411167162e+03 1.454091396770207378e+00
1.454391564761579048e+03 2.302026334176094224e+03 1.454354617078870371e+00
1.454412398207573005e+03 2.303520375619805236e+03 1.454751283945637130e+00
1.454433231652170434e+03 2.303198343480169569e+03 1.453952676645733577e+00
1.454454065095370879e+03 2.302259351255598631e+03 1.454885257509440422e+00
1.454474898537174340e+03 2.303982996137982354e+03 1.455078616558222349e+00
1.454495731978046479e+03 2.304570155576796424e+03 1.455127935389053384e+00
1.454516565417521633e+03 2.304288603081188285e+03 1.454911559127290088e+00
1.454537398856065465e+03 2.303337348568421476e+03 1.454182147988414275e+00
1.454558232293211859e+03 2.302660808959989936e+03 1.454024579922624572e+00
1.454579065728961496e+03 2.302859449788477377e+03 1.456598130555362802e+00
1.454620732597201823e+03 2.306582129563499166e+03 1.454884438136761160e+00
1.454641566029692513e+03 2.305813829052216988e+03 1.455086071837569550e+00
1.454662399460785537e+03 2.308953489954469205e+03 1.455238200349715960e+00
1.454683232890481577e+03 2.308002721655211189e+03 1.455059445664499407e+00
1.454704066319246522e+03 2.307033210064003924e+03 1.455006027995728424e+00
1.454724899746614483e+03 2.304847214974183316e+03 1.454285107282457856e+00
1.454745733173051121e+03 2.304443893630487310e+03 1.454394206668994549e+00
1.454766566598090549e+03 2.303521174524014896e+03 1.454158784395003456e+00
1.454787400021733447e+03 2.303286035144920788e+03 1.454228628126454037e+00
1.454808233444444568e+03 2.303569981321420528e+03 1.454347649855221025e+00
1.454829066866224366e+03 2.303118902490142773e+03 1.453816403211501074e+00
1.454849900286607408e+03 2.305356433419386121e+03 1.454694003409200631e+00
1.454870733705593466e+03 2.306029818747280842e+03 1.454991690097425794e+00
1.454891567123648429e+03 2.306774905147273330e+03 1.454409124206022863e+00
1.454912400540306407e+03 2.304640734763111141e+03 1.454609430596768282e+00
1.454933233956032382e+03 2.308328176644258747e+03 1.456733980100240133e+00
1.454954067370361827e+03 2.306385354068166180e+03 1.454455761013458748e+00
1.454974900783760404e+03 2.301135237833705560e+03 1.453485013603056375e+00
1.454995734195761543e+03 2.306111539833475035e+03 1.454015233517567784e+00
1.455016567606365470e+03 2.304611099858055240e+03 1.454430434707792097e+00
1.455037401016038984e+03 2.305833775220602547e+03 1.453845512027466924e+00
1.455058234424780494e+03 2.302530613214649748e+03 1.453205967770079488e+00
1.455079067832124110e+03 2.305717649507691931e+03 1.454122631568524282e+00
1.455099901238537541e+03 2.305434967472525386e+03 1.454303468683640466e+00
1.455120734643553988e+03 2.303075195353330855e+03 1.453838378371552498e+00
1.455141568047173678e+03 2.307932080237062564e+03 1.454805530385709256e+00
1.455162401449860454e+03 2.304462885916913365e+03 1.454485266832811874e+00
1.455183234851617499e+03 2.304721425037821518e+03 1.454668763200861470e+00
1.455204068251977333e+03 2.305356988902930880e+03 1.454270844248342298e+00
1.455224901651406071e+03 2.305580402046913150e+03 1.453771795895007379e+00
1.455245735049436462e+03 2.304681827717779015e+03 1.454513460723181772e+00
1.455266568446536439e+03 2.306190283579910101e+03 1.454819296532092965e+00
1.455287401842239888e+03 2.306293032087310166e+03 1.455669513314965524e+00
1.455308235237012468e+03 2.305205048470131260e+03 1.454173950279088245e+00
1.455329068630386018e+03 2.305278931489269780e+03 1.453729483278432655e+00
1.455349902022829610e+03 2.304407796869326376e+03 1.453639851904872771e+00
1.455370735413876446e+03 2.304632844656667203e+03 1.454080493126192808e+00
1.455391568803991504e+03 2.302287666687318051e+03 1.453872652398445098e+00
1.455412402193174330e+03 2.305717174536693619e+03 1.453649282730403725e+00
1.455433235580961536e+03 2.304139293620497483e+03 1.454257400800770705e+00
1.455454068967817420e+03 2.305482161461538453e+03 1.454064260482132331e+00
1.455474902353275866e+03 2.303473798149997947e+03 1.453432932395212873e+00
1.455495735737803443e+03 2.304397957078490890e+03 1.453758675835552294e+00
1.455516569120933582e+03 2.304762332437770510e+03 1.454202068229487832e+00
1.455537402503131943e+03 2.305173686614341023e+03 1.453389543633296643e+00
1.455558235883933548e+03 2.304199704033028411e+03 1.453836410460312756e+00
1.455579069263804513e+03 2.306398321838922129e+03 1.454325108608852668e+00
1.455599902642743473e+03 2.304083909166927242e+03 1.453347958103288429e+00
1.455620736020285449e+03 2.304336850079667329e+03 1.453563418957115161e+00
1.455641569396897012e+03 2.304388536621770982e+03 1.452853105600788952e+00
1.455662402772576570e+03 2.303821990530610492e+03 1.454633032806500026e+00
1.455683236146858462e+03 2.305775661810161637e+03 1.453503877202214412e+00
1.455704069519744507e+03 2.303419544850947204e+03 1.454390436278269583e+00
1.455724902891699003e+03 2.305895046866766734e+03 1.453918322513561678e+00
1.455745736262721948e+03 2.305646613313315356e+03 1.455617755955400883e+00
1.455766569632812434e+03 2.303728092039031708e+03 1.452932037339308202e+00
1.455787403001507982e+03 2.304509981235900341e+03 1.453109248906568896e+00
1.455808236368806547e+03 2.305974177659125871e+03 1.452932857813032053e+00
1.455829069735171970e+03 2.303917669642128658e+03 1.453339919737377306e+00
1.455849903100606980e+03 2.304898906028205602e+03 1.453700290135080841e+00
1.455870736465111577e+03 2.305800732160208554e+03 1.454550751221289628e+00
1.455891569828218508e+03 2.305394562279844195e+03 1.453499284348444442e+00
1.455912403190392979e+03 2.304708865747188611e+03 1.453253955656528706e+00
1.455933236551170921e+03 2.307130516545233149e+03 1.453572604244850686e+00
1.455954069911018905e+03 2.306160879746930732e+03 1.453170037340753451e+00
1.455974903269934430e+03 2.308132048897443838e+03 1.454748006150314410e+00
1.455995736627453425e+03 2.307004543429394744e+03 1.453186115907536102e+00
1.456016569984040416e+03 2.303713848042327299e+03 1.453835262510859483e+00
1.456037403339231560e+03 2.304528817348833400e+03 1.453007436939380392e+00
1.456058236693490926e+03 2.306796921088298859e+03 1.455990580753627750e+00
1.456079070046818970e+03 2.307934829797625753e+03 1.454464039095408001e+00
1.456099903399214554e+03 2.309141638966053506e+03 1.453345333335634537e+00
1.456120736750214974e+03 2.304260055628401005e+03 1.452931791197100919e+00
1.456141570099818637e+03 2.306558162184761841e+03 1.453225737330624323e+00
1.456162403448954592e+03 2.305736730441463351e+03 1.453492066977484232e+00
1.456183236796694018e+03 2.308835625649299345e+03 1.455460670927909206e+00
1.456204070143503486e+03 2.306947077978181824e+03 1.457334267041557885e+00
1.456224903488914606e+03 2.309282576185648395e+03 1.454751365890425419e+00
1.456245736833394403e+03 2.306200417187766107e+03 1.452674878043965112e+00
1.456266570176942878e+03 2.308256217107129032e+03 1.453364034701733587e+00
1.456287403519095506e+03 2.305741705747132983e+03 1.452929411820278904e+00
1.456308236860316356e+03 2.305412884373608904e+03 1.453623450323432431e+00
1.456329070200605429e+03 2.308074665449906206e+03 1.453345497383751850e+00
1.456349903539498428e+03 2.307744322746634680e+03 1.454831997325428228e+00
1.456370736877459422e+03 2.306478853101019013e+03 1.453047883643427740e+00
1.456391570214489548e+03 2.308188420635324292e+03 1.454048355594512065e+00
1.456412403550122008e+03 2.308344749973964099e+03 1.453406357957511608e+00
1.456433236884822463e+03 2.308407498960380053e+03 1.453253135364089399e+00
1.456454070218592960e+03 2.308418650078101564e+03 1.454637622080587445e+00
1.456474903551432362e+03 2.308753273914382589e+03 1.453206624025367599e+00
1.456495736882874553e+03 2.307617767572710818e+03 1.453576786811997534e+00
1.456516570212919532e+03 2.308578630322080244e+03 1.454639343054637379e+00
1.456537403542498396e+03 2.306720063514569574e+03 1.453345989527992543e+00
1.456558236870680503e+03 2.305133048388989209e+03 1.452899464158153631e+00
1.456579070197931969e+03 2.306789307314672897e+03 1.453883393613790487e+00
1.456599903524251658e+03 2.307715420579481815e+03 1.453247639392803769e+00
1.456620736849173454e+03 2.306994432270021662e+03 1.453635833534535848e+00
1.456641570173165064e+03 2.308757506572891543e+03 1.454058685592872324e+00
1.456662403495759463e+03 2.308185384592981336e+03 1.453657483398522965e+00
1.456683236817887519e+03 2.309461533761481405e+03 1.453505845563673127e+00
1.456704070138619045e+03 2.309014434825783610e+03 1.454248793650181337e+00
1.456724903458419476e+03 2.305394380575723972e+03 1.452649028309189294e+00
1.456745736776823378e+03 2.306712011491986232e+03 1.453132957518744384e+00
1.456766570094294821e+03 2.305054492842106811e+03 1.453542915873323071e+00
1.456787403410835395e+03 2.307428155484011768e+03 1.452726986428550582e+00
1.456808236726444648e+03 2.307173228914617539e+03 1.453391758213950391e+00
1.456829070040658053e+03 2.309493640874342418e+03 1.453663797881449060e+00
1.456849903353938316e+03 2.308302010971305208e+03 1.453011375004664041e+00
1.456870736666287939e+03 2.306412892311756877e+03 1.455887168903511109e+00
1.456891569977241488e+03 2.305250994499353510e+03 1.452570409463463053e+00
1.456912403287262578e+03 2.307521883211727072e+03 1.452595686132660768e+00
1.456933236596352572e+03 2.307979100884352192e+03 1.453065604359875529e+00
1.456954069904511471e+03 2.305947384822306049e+03 1.452593552404856103e+00
1.456974903211273613e+03 2.308546261811160093e+03 1.453184393212461289e+00
1.456995736517103978e+03 2.307088721063398225e+03 1.453137551530343741e+00
1.457016569822003021e+03 2.308375852496316838e+03 1.452651654334983000e+00
1.457037403125970513e+03 2.305203685815918107e+03 1.452511155287538935e+00
1.457058236428541932e+03 2.305203210594429038e+03 1.453049442418821391e+00
1.457079069730181573e+03 2.307605305334337572e+03 1.452661994265400214e+00
1.457099903030888981e+03 2.307090758019776786e+03 1.453061010120807239e+00
1.457120736330200089e+03 2.308451073284897120e+03 1.455160704452003184e+00
1.457141569628580555e+03 2.307984348599900386e+03 1.452977326795782176e+00
1.457162402926029927e+03 2.305842238585646101e+03 1.451967331983813336e+00
1.457183236222546839e+03 2.305979353590000301e+03 1.452021846627906898e+00
1.457204069517666539e+03 2.309445899003997511e+03 1.455908457770765052e+00
1.457224902811856055e+03 2.306897443398372161e+03 1.452962558649870672e+00
1.457245736105114020e+03 2.306936588464005581e+03 1.452580175501430260e+00
1.457266569397439525e+03 2.305761652042704554e+03 1.454157144830493298e+00
1.457287402688368957e+03 2.309356271510185252e+03 1.453772697894744947e+00
1.457308235978367520e+03 2.308909250084007908e+03 1.452957307717372748e+00
1.457329069267433624e+03 2.307650778900088426e+03 1.452432364827637601e+00
1.457349902555103426e+03 2.306968005133643601e+03 1.452971583645764175e+00
1.457370735842307113e+03 2.307564269175653408e+03 1.452787544690948618e+00
1.457391569128114952e+03 2.310110176038856025e+03 1.453248377658811874e+00
1.457412402412991014e+03 2.308875835854224079e+03 1.453408982614958767e+00
1.457433235696469183e+03 2.308820055301740922e+03 1.454073278640093614e+00
1.457454068979481917e+03 2.305667885519192623e+03 1.452365635814202971e+00
1.457474902261098578e+03 2.307800547112349250e+03 1.453150267022431219e+00
1.457495735541317572e+03 2.307234328312743855e+03 1.452632943797615983e+00
1.457516568821070450e+03 2.309900127835321200e+03 1.452893474551653297e+00
1.457537402099427482e+03 2.306131372496311087e+03 1.451922503649559104e+00
1.457558235376852963e+03 2.307394576085840527e+03 1.452414718461740417e+00
1.457579068653346894e+03 2.309241615590800393e+03 1.453281435185678871e+00
1.457620735203073991e+03 2.308821963759980918e+03 1.453380439210712138e+00
1.457641568476774410e+03 2.308369210089727858e+03 1.454730060090012822e+00
1.457662401748611501e+03 2.311905638660212844e+03 1.453538569182403872e+00
1.457683235019983385e+03 2.312967612729732991e+03 1.453402667024957351e+00
1.457704068290423493e+03 2.310483100711857787e+03 1.453179471215281016e+00
1.457724901548757089e+03 2.310590624975280207e+03 1.453174713268826412e+00
1.457745734816869572e+03 2.312860639009993974e+03 1.454847893646012746e+00
1.457766568084049595e+03 2.310834771594603353e+03 1.452296277071126296e+00
1.457787401349833544e+03 2.313962267379183686e+03 1.455165947433595175e+00
1.457808234615150923e+03 2.309955933324667512e+03 1.451952717770490286e+00
1.457829067879071999e+03 2.311210423236841507e+03 1.452843095240228255e+00
1.457849901142062436e+03 2.316319850767946264e+03 1.454546325585797995e+00
1.457870734403654296e+03 2.315004974693415534e+03 1.453999492067985511e+00
1.457891567664315971e+03 2.312229141089250788e+03 1.453889133161978542e+00
1.457912400924511985e+03 2.316140647395835458e+03 1.455348293133775117e+00
1.457933234183311015e+03 2.312230388723077795e+03 1.452695393379088262e+00
1.457954067440713061e+03 2.315950746187795176e+03 1.454768901968964467e+00
1.457974900697648081e+03 2.314569242267239588e+03 1.454545587978573584e+00
1.457995733953187937e+03 2.313402728370035220e+03 1.453768597891428538e+00
1.458016567207796015e+03 2.314107921150485254e+03 1.453771221894883059e+00
1.458037400461471861e+03 2.313984416829552174e+03 1.454254859647325038e+00
1.458058233713751633e+03 2.313108075328754694e+03 1.453809843397855905e+00
1.458079066965564834e+03 2.313942141983726742e+03 1.453313507650629166e+00
1.458099900215981961e+03 2.312551710913957777e+03 1.453618201778285934e+00
1.458120733465467310e+03 2.317007514981653458e+03 1.454280107039295444e+00
1.458141566713555903e+03 2.311119665887337305e+03 1.453795575700976839e+00
1.458162399961179517e+03 2.312996212962883874e+03 1.453810089391401661e+00
1.458183233207405465e+03 2.313570028484836712e+03 1.453721365019324363e+00
1.458204066452699408e+03 2.311216959200378369e+03 1.453159783059846166e+00
1.458224899697062483e+03 2.313191422719272396e+03 1.455038554018349473e+00
1.458245732940494918e+03 2.313152148014821250e+03 1.454141650854593459e+00
1.458266566182530369e+03 2.313001620670097964e+03 1.454558291161854866e+00
1.458287399423633360e+03 2.313903187766777137e+03 1.453718084901774787e+00
1.458308232663805029e+03 2.313567744236258932e+03 1.454977761718067031e+00
1.458329065903046512e+03 2.313315868746961769e+03 1.453912009136061334e+00
1.458349899140891011e+03 2.314757717767479789e+03 1.454125992753555696e+00
1.458370732378269622e+03 2.315404026945233454e+03 1.455176433340107822e+00
1.458391565614250339e+03 2.313634993458651024e+03 1.454589597888322539e+00
1.458412398849301098e+03 2.313274273245317545e+03 1.453499776440614122e+00
1.458433232082953509e+03 2.312833068550095049e+03 1.453702832257944833e+00
1.458454065316141623e+03 2.312550128709787714e+03 1.453357062729348170e+00
1.458474898547931389e+03 2.311244198169634274e+03 1.452832100174554775e+00
1.458495731778790969e+03 2.311416385705279481e+03 1.453884213550633131e+00
1.458516565008719454e+03 2.310651841396495001e+03 1.454759232568624272e+00
1.458537398237714569e+03 2.310181588508850837e+03 1.453084555442491377e+00
1.458558231465314066e+03 2.309667362697887256e+03 1.453130988652184152e+00
1.458579064692447901e+03 2.309311317201455040e+03 1.452087524203688584e+00
1.458599897918184979e+03 2.311304111274751449e+03 1.453581297410138751e+00
1.458620731142990508e+03 2.310997478740211136e+03 1.452655429238744800e+00
1.458641564366399052e+03 2.309848024281681774e+03 1.453094974330669364e+00
1.458662397589342618e+03 2.308718767575725451e+03 1.452801904342260197e+00
1.458683230810887835e+03 2.310805851175844964e+03 1.452888633618767189e+00
1.458704064031502639e+03 2.311737201719051427e+03 1.452583047853042375e+00
1.458724897251185439e+03 2.309843338558612686e+03 1.452259749537579525e+00
1.458745730469471937e+03 2.307482891622320494e+03 1.451370739050164449e+00
1.458766563687293001e+03 2.313678108122603589e+03 1.454392157544813102e+00
1.458787396903716399e+03 2.311229724250237723e+03 1.452916120057385685e+00
1.458808230119208474e+03 2.309773357849264357e+03 1.453833458588458472e+00
1.458829063333769454e+03 2.308792906641561785e+03 1.451796139411717368e+00
1.458849896547399112e+03 2.306593276221646192e+03 1.451226748100328923e+00
1.458870729759631558e+03 2.309929772374018739e+03 1.452551041328387971e+00
1.458891562970932910e+03 2.309260129578248780e+03 1.453505189443483170e+00
1.458912396181303393e+03 2.311437859228029083e+03 1.452227982149097985e+00
1.458933229390742554e+03 2.308777706719129128e+03 1.452435811999664983e+00
1.458954062599250392e+03 2.311633222308139921e+03 1.454040894994499844e+00
1.458974895806360564e+03 2.308670050770206217e+03 1.451527363297491213e+00
1.458995729013005075e+03 2.311260328408231089e+03 1.453819355117984990e+00
1.459016562218252602e+03 2.312665554396903190e+03 1.452696296047179425e+00
1.459037395422569034e+03 2.311933870401171589e+03 1.453020235612528355e+00
1.459058228625488482e+03 2.310916381868390545e+03 1.453044930169675508e+00
1.459079061827942041e+03 2.310932484207094149e+03 1.454487643664431396e+00
1.459099895028999526e+03 2.308666770558255394e+03 1.452217064514055522e+00
1.459120728229125007e+03 2.310933893335886751e+03 1.452740279921911126e+00
1.459141561428319164e+03 2.312278807061231419e+03 1.453231807598151404e+00
1.459162394626582000e+03 2.314139047612357444e+03 1.453024747938361116e+00
1.459183227823447851e+03 2.312617398122336454e+03 1.452395348250478557e+00
1.459204061019847813e+03 2.311160419448455286e+03 1.452256794460988321e+00
1.459224894214851020e+03 2.308871224489946144e+03 1.453775321890798944e+00
1.459245727408922448e+03 2.312100084700863590e+03 1.452594044803858342e+00
1.459266560601598030e+03 2.312754344549899542e+03 1.453070608782331519e+00
1.459287393793807496e+03 2.308862259251432079e+03 1.453648216640150093e+00
1.459308226984619523e+03 2.309468293967334830e+03 1.456450482103898603e+00
1.459329060174500455e+03 2.313006718954658027e+03 1.452794765561920665e+00
1.459349893363450064e+03 2.311150672688978375e+03 1.452373187098712437e+00
1.459370726551469033e+03 2.313611715604040910e+03 1.452935893561780878e+00
1.459391559738555543e+03 2.312806012489945260e+03 1.454543375154656148e+00
1.459412392924245523e+03 2.313125852542439134e+03 1.454088773344530461e+00
1.459433226109003499e+03 2.307665508678755941e+03 1.451727985192168280e+00
1.459454059292831971e+03 2.312203906719027145e+03 1.453563664992364668e+00
1.459474892475727302e+03 2.310503590805256863e+03 1.452250720118000826e+00
1.459495725657691992e+03 2.311899336270731510e+03 1.452726165838554406e+00
1.459516558838260153e+03 2.312411495419982202e+03 1.453805825497381132e+00
1.459537392018361970e+03 2.314538737036852126e+03 1.454371010414621912e+00
1.459558225197067031e+03 2.312201912362093935e+03 1.453737355486393268e+00
1.459579058374840997e+03 2.316748422028434106e+03 1.453798855643688492e+00
1.459599891551217524e+03 2.315421821917544548e+03 1.455244262222646023e+00
1.459620724727129527e+03 2.317017656579007053e+03 1.454016053380064566e+00
1.459641557901643409e+03 2.312896340016786326e+03 1.453354437978137126e+00
1.459662391075225969e+03 2.314484233915912682e+03 1.453341232126685201e+00
1.459683224247877433e+03 2.314287922259271454e+03 1.455545521880325488e+00
1.459704057419598485e+03 2.312093567967813669e+03 1.453292098743617977e+00
1.459724890590387076e+03 2.309946009973461514e+03 1.452133332554258471e+00
1.459745723759778912e+03 2.309380677240083514e+03 1.455433805888805887e+00
1.459766556928239424e+03 2.310103072227967004e+03 1.452767851224059381e+00
1.459787390095768387e+03 2.307329376530874015e+03 1.452710738660355716e+00
1.459808223262366027e+03 2.306605447798578098e+03 1.452771871995237607e+00
1.459829056428032573e+03 2.307259425323880805e+03 1.452720996110919982e+00
1.459849889592301906e+03 2.305945889854709094e+03 1.451788585125771469e+00
1.459870722755641054e+03 2.306346238311900834e+03 1.451818719923399836e+00
1.459891555918047516e+03 2.307374678768946069e+03 1.451747035850414314e+00
1.459912389079523109e+03 2.308035221069086674e+03 1.453523970766822160e+00
1.459933222240068062e+03 2.309142299226832620e+03 1.452208609447063203e+00
1.459954055399215576e+03 2.308439154095400681e+03 1.451793429726714324e+00
1.459974888557896520e+03 2.309625023356007205e+03 1.452129145829530676e+00
1.459995721715181389e+03 2.306450249510005960e+03 1.453762447864773266e+00
1.460016554871534936e+03 2.304825957600771744e+03 1.451767646410340173e+00
1.460037388026957615e+03 2.306130113792166412e+03 1.452180781257573772e+00
1.460058221180982400e+03 2.305786553110641307e+03 1.451737428437632094e+00
1.460079054334541524e+03 2.306242429603412347e+03 1.451353079776424915e+00
1.460099887486704120e+03 2.309837711202574610e+03 1.452911935588345749e+00
1.460120720637935392e+03 2.307785889886304176e+03 1.452098278623682015e+00
1.460141553788236024e+03 2.307045022363065073e+03 1.453867322758321201e+00
1.460162386937138308e+03 2.307473242475707593e+03 1.451889661500612494e+00
1.460183220085574931e+03 2.309099717640092877e+03 1.453435392966718753e+00
1.460204053232615479e+03 2.308396791096846300e+03 1.451821593781511543e+00
1.460224886378724932e+03 2.308319532241979232e+03 1.451779470663230320e+00
1.460245719523902153e+03 2.307416701238792484e+03 1.451398582770885737e+00
1.460266552668148051e+03 2.307356261841416199e+03 1.453162654265794052e+00
1.460287385810997421e+03 2.309587023642963231e+03 1.452114779525454757e+00
1.460308218953380901e+03 2.309438593555054013e+03 1.452097621867492583e+00
1.460329052094367398e+03 2.307869447844517254e+03 1.451643321699603417e+00
1.460349885234422345e+03 2.310014082872643030e+03 1.452639262734116921e+00
1.460370718373081445e+03 2.311877125535822415e+03 1.452332967848458445e+00
1.460391551511273974e+03 2.313571816236903487e+03 1.453292098743617977e+00
1.460412384648069292e+03 2.316630231164368979e+03 1.455364265725360484e+00
1.460433217784398948e+03 2.317853642530946672e+03 1.454109104769727656e+00
1.460454050919332531e+03 2.317662958099733260e+03 1.453872406415484875e+00
1.460474884053334335e+03 2.319845261207587555e+03 1.455501786582424240e+00
1.460495717185939156e+03 2.325720157136526268e+03 1.458651462551243227e+00
1.460516550318077407e+03 2.320137892386022031e+03 1.455263266849776915e+00
1.460537383448820037e+03 2.319530806768023012e+03 1.454660977983292636e+00
1.460558216578630891e+03 2.321242689986028836e+03 1.454858381844901460e+00
1.460579049707509967e+03 2.317755393655976604e+03 1.453957350056837683e+00
1.460620715962009399e+03 2.322808990610654291e+03 1.454919916551172365e+00
1.460641549088094962e+03 2.320993529318203400e+03 1.454246006561929150e+00
1.460662382212783086e+03 2.320967070790463822e+03 1.455110157863638953e+00
1.460683215336539888e+03 2.323710520317314604e+03 1.455189376776760080e+00
1.460704048459365822e+03 2.322260408979549993e+03 1.457533844281690305e+00
1.460724881581260888e+03 2.317485141812381698e+03 1.454263958595598760e+00
1.460745714701758061e+03 2.318295826294080143e+03 1.454512968973962872e+00
1.460766547821323911e+03 2.318404912773975411e+03 1.453994244880253195e+00
1.460787380939958894e+03 2.314781932881633111e+03 1.452618336280747879e+00
1.460808214057663008e+03 2.313819811931746699e+03 1.452820448596238379e+00
1.460829047174434436e+03 2.315485449980475551e+03 1.453504697353146247e+00
1.460849880290274996e+03 2.313041617978030899e+03 1.453253955656528706e+00
1.460870713404719481e+03 2.316083751238688819e+03 1.453477058011753975e+00
1.460891546518231962e+03 2.314755633558029785e+03 1.452511073216366855e+00
1.460912379630813575e+03 2.314716399782957069e+03 1.452297590403536676e+00
1.460933212742462956e+03 2.315358653558473634e+03 1.453045340374722327e+00
1.460954045853181469e+03 2.313380417849010882e+03 1.452453293960420222e+00
1.460974878962503908e+03 2.317460230161967957e+03 1.453599175643267349e+00
1.460995712070894569e+03 2.314633420338100677e+03 1.454550423396900216e+00
1.461016545178818433e+03 2.313291281478417659e+03 1.452940242055695608e+00
1.461037378284881015e+03 2.315488479297285721e+03 1.453128117383668982e+00
1.461058211390477481e+03 2.316748251536037060e+03 1.453870438550304289e+00
1.461079044495142625e+03 2.315185961799336383e+03 1.452699578471873254e+00
1.461099877598409876e+03 2.310823381135096952e+03 1.452008218158763020e+00
1.461120710700746940e+03 2.312307683761214321e+03 1.454680072179529216e+00
1.461141543802152455e+03 2.311341484787644276e+03 1.452565813658170502e+00
1.461162376902626420e+03 2.310899890105708437e+03 1.451135483461304387e+00
1.461183210002168835e+03 2.311271622416472383e+03 1.453782947852447771e+00
1.461204043100314948e+03 2.311805276307483837e+03 1.451506174429843421e+00
1.461224876197995400e+03 2.311271229313535059e+03 1.453211053740810721e+00
1.461245709294278640e+03 2.310615010437063574e+03 1.451649398584214712e+00
1.461266542389629421e+03 2.310883566509871343e+03 1.451824631853900982e+00
1.461287375484050926e+03 2.309296017944620417e+03 1.450676362370482142e+00
1.461308208577074538e+03 2.309079784296013713e+03 1.452254742320929104e+00
1.461329041669632034e+03 2.311429495223978847e+03 1.451536972100649692e+00
1.461349874760793000e+03 2.309052772088525671e+03 1.451584193926795718e+00
1.461370707851022416e+03 2.309594813569697635e+03 1.450706602445016591e+00
1.461391540940320965e+03 2.307011573747866350e+03 1.450265922497119497e+00
1.461412374028688646e+03 2.308994797492345242e+03 1.452637047006265503e+00
1.461433207115658433e+03 2.309613981228292687e+03 1.450399488467732700e+00
1.461454040202162105e+03 2.307241642025337569e+03 1.450650230494001436e+00
1.461474873287269929e+03 2.307712449858613581e+03 1.451107388240588048e+00
1.461495706371445522e+03 2.310527498631299750e+03 1.451075924233678816e+00
1.461516539454690474e+03 2.309612037207581125e+03 1.451665493993508083e+00
1.461537372537003648e+03 2.305867020055145076e+03 1.449557940743238182e+00
1.461558205618385500e+03 2.305840320690264889e+03 1.450111628214685755e+00
1.461579038698371505e+03 2.305924501755408528e+03 1.449995382893544793e+00
1.461599871777424596e+03 2.308421122742580337e+03 1.451804843214180574e+00
1.461620704855546592e+03 2.308909621204210907e+03 1.450611853583121391e+00
1.461641537932737492e+03 2.307650978548877902e+03 1.450173775355646066e+00
1.461662371008997980e+03 2.311880821828078297e+03 1.451453529431361078e+00
1.461683204084326007e+03 2.312972749373481292e+03 1.451802133545422535e+00
1.461704037158722940e+03 2.310810216706811843e+03 1.452353159692907125e+00
1.461724870231722889e+03 2.305781330863319454e+03 1.450379844767244242e+00
1.461745703303791970e+03 2.311041490284883366e+03 1.451467655889844499e+00
1.461766536374929501e+03 2.310827574099945650e+03 1.454979646153661932e+00
1.461787369445135482e+03 2.308960699277644380e+03 1.451149695164030362e+00
1.461808202514411050e+03 2.310126306175219270e+03 1.451483260538815045e+00
1.461829035582754386e+03 2.307637788282445854e+03 1.452133086276667484e+00
1.461849868649700511e+03 2.310080109774329230e+03 1.451388562378347347e+00
1.461870701716180974e+03 2.309132548574447810e+03 1.453025896528153948e+00
1.461891534781264909e+03 2.310947719668758509e+03 1.451859856607430777e+00
1.461912367845417521e+03 2.309655145662389259e+03 1.451914046867222918e+00
1.461933200908638355e+03 2.310263729083628732e+03 1.451873568576430573e+00
1.461954033970929004e+03 2.310550328662366155e+03 1.452291269980415578e+00
1.461974867032287420e+03 2.307337625413316800e+03 1.451108538348020449e+00
1.461995700092249990e+03 2.311581785962154299e+03 1.452558427512058437e+00
1.462016533151745534e+03 2.308626139751164828e+03 1.450463513577842756e+00
1.462037366209844095e+03 2.310993280114152640e+03 1.451379034727837691e+00
1.462058199267477448e+03 2.311526838460521958e+03 1.451274965713867715e+00
1.462079032323714046e+03 2.312727040871741792e+03 1.453292344824800519e+00
1.462099865379019548e+03 2.312856992986739897e+03 1.452055588853514712e+00
1.462120698433392590e+03 2.311671075210355411e+03 1.451975131644205552e+00
1.462141531486834992e+03 2.312578407624126612e+03 1.453451550616119858e+00
1.462162364539346527e+03 2.314017027923934165e+03 1.452928509297017001e+00
1.462183197590459486e+03 2.313859924401358967e+03 1.452408398548323598e+00
1.462204030641107465e+03 2.313686607364531483e+03 1.452296851654201859e+00
1.462224863690825032e+03 2.314034871096921052e+03 1.452000418676100635e+00
1.462245696739146069e+03 2.311852527427705809e+03 1.452050909321611405e+00
1.462266529787000309e+03 2.313738414235553137e+03 1.452286919543323451e+00
1.462287362833456882e+03 2.311287056412889342e+03 1.452170766262427914e+00
1.462308195879449613e+03 2.313114361347617887e+03 1.451489420222490834e+00
1.462329028924043996e+03 2.314016695577499377e+03 1.452006083567672023e+00
1.462349861968173172e+03 2.310166424563468354e+03 1.451035833335629022e+00
1.462370695010904910e+03 2.313664366446223539e+03 1.451507077837489890e+00
1.462391528052706917e+03 2.313872906667198549e+03 1.451956658696432978e+00
1.462412361094041898e+03 2.312068914885224331e+03 1.451036244108643514e+00
1.462433194133979441e+03 2.308658460866612586e+03 1.450812437742193595e+00
1.462454027172986116e+03 2.311305151278535050e+03 1.450745223362717606e+00
1.462474860211527357e+03 2.308403468576295381e+03 1.451768960220972682e+00
1.462495693248672069e+03 2.312130606714583791e+03 1.450985635997886991e+00
1.462516526284884549e+03 2.308265424725210778e+03 1.450130700107338244e+00
1.462537359320632049e+03 2.307945419164304440e+03 1.452094338082090097e+00
1.462558192354982566e+03 2.310708605222580900e+03 1.450905201618373219e+00
1.462579025388866967e+03 2.308180834976491496e+03 1.450393817301184995e+00
1.462599858421820500e+03 2.306149622160494800e+03 1.449546427325010933e+00
1.462620691453376367e+03 2.310959958258638835e+03 1.452446071391813698e+00
1.462641524484467936e+03 2.307511016759775885e+03 1.450605607994070789e+00
1.462662357514627502e+03 2.307325247759180911e+03 1.450821969113585741e+00
1.462683190544320951e+03 2.309286262158273985e+03 1.450118040344515302e+00
1.462704023572617643e+03 2.308815022461626540e+03 1.449810719467867548e+00
1.462724856599982104e+03 2.310783547593369349e+03 1.450161773602069326e+00
1.462745689626882950e+03 2.309735331926997333e+03 1.450345899168155928e+00
1.462766522652851563e+03 2.309415396840327048e+03 1.450513153695049517e+00
1.462787355677887490e+03 2.309908970620970649e+03 1.450233700433627648e+00
1.462808188702458438e+03 2.311833390330116345e+03 1.450849330374957669e+00
1.462829021725633538e+03 2.314763531222308757e+03 1.451773147984428691e+00
1.462849854748342977e+03 2.309064487524713968e+03 1.449989874574232340e+00
1.462870687770585846e+03 2.308947955558866397e+03 1.450093295943508442e+00
1.462891520791431503e+03 2.308548950242640785e+03 1.450064769482163340e+00
1.462912353811812409e+03 2.307372128682308357e+03 1.449796823539100998e+00
1.462933186831261537e+03 2.309528197068633744e+03 1.450472143190411956e+00
1.462954019850245459e+03 2.308996570390422221e+03 1.450061645512822128e+00
1.462974852868762355e+03 2.312879854483875533e+03 1.450782692887467418e+00
1.462995685885882949e+03 2.309422495874538072e+03 1.450679567190852559e+00
1.463016518903004453e+03 2.306211988648716215e+03 1.450048327462757136e+00
1.463037351918727381e+03 2.309205246186207660e+03 1.450070277516975814e+00
1.463058184934451901e+03 2.309599922124054046e+03 1.450204930129092906e+00
1.463079017949244644e+03 2.310944596864663708e+03 1.451358336512929004e+00
1.463099850963106064e+03 2.310622780173912361e+03 1.451157334923582454e+00
1.463120683976966575e+03 2.308321786332100601e+03 1.449756532815185350e+00
1.463141516989895990e+03 2.310001663885406742e+03 1.450017662598471313e+00
1.463162350002361109e+03 2.309830119675772039e+03 1.450687620297971270e+00
1.463183183014360111e+03 2.308247528712437997e+03 1.450124534652236674e+00
1.463204016025892543e+03 2.308659930634362809e+03 1.449199912881914409e+00
1.463224849036493424e+03 2.308853182677677069e+03 1.450052355774754442e+00
1.463245682047094988e+03 2.307346462702139888e+03 1.450525974376432270e+00
1.463266515057232027e+03 2.308942456144015523e+03 1.450150264977952297e+00
1.463287348066901359e+03 2.309754086713530342e+03 1.451246626765415826e+00
1.463308181076105939e+03 2.310560198054470675e+03 1.450904708646221675e+00
1.463329014085310519e+03 2.307230287182150278e+03 1.449888336880674311e+00
