2.010278259277343750e+03 3.684346968777920665e+03 1.652339709842874038e+00
2.010299072265625000e+03 3.685857279538119201e+03 1.659394715617670268e+00
2.010319885253906250e+03 3.682148485486508889e+03 1.659007458114185596e+00
2.010340759277343750e+03 3.682002933849176316e+03 1.656329243041850807e+00
2.010361572265625000e+03 3.684213440758760498e+03 1.660571093619334082e+00
2.010382385253906250e+03 3.683676160449473173e+03 1.665538079890638734e+00
2.010403259277343750e+03 3.680849388399074542e+03 1.669903528659271608e+00
2.010424072265625000e+03 3.680058792045508653e+03 1.679459667279132429e+00
2.010444885253906250e+03 3.685255569413473040e+03 1.688536290468681811e+00
2.010465759277343750e+03 3.684129462701673219e+03 1.701448928223466606e+00
2.010486572265625000e+03 3.684176008013759656e+03 1.714592430798237865e+00
2.010507385253906250e+03 3.683970486650574912e+03 1.719305260872212360e+00
2.010528259277343750e+03 3.686254159408349096e+03 1.731060400540964661e+00
2.010549072265625000e+03 3.687701215304118250e+03 1.737931119824732695e+00
2.010569885253906250e+03 3.686211081888442550e+03 1.744254079719092854e+00
2.010590759277343750e+03 3.687753655991381947e+03 1.748686638230239287e+00
2.010611572265625000e+03 3.691912495886470424e+03 1.754856727164225028e+00
2.010632385253906250e+03 3.690733270776862355e+03 1.755273366868461249e+00
2.010653259277343750e+03 3.687155965370128342e+03 1.754491899412408129e+00
2.010674072265625000e+03 3.684462490179162160e+03 1.751992930084490974e+00
2.010694885253906250e+03 3.685472099700599301e+03 1.750746363471412215e+00
2.010715759277343750e+03 3.686260561056569713e+03 1.750015871793433320e+00
2.010736572265625000e+03 3.686179914406090120e+03 1.751261256615391115e+00
2.010757385253906250e+03 3.688736100041266127e+03 1.752462017610922462e+00
2.010778259277343750e+03 3.685603533188973870e+03 1.753982168478892767e+00
2.010799072265625000e+03 3.685662452745199062e+03 1.757689747233019517e+00
2.010819885253906250e+03 3.684863682988132041e+03 1.760140670118194306e+00
2.010840759277343750e+03 3.681361574445512360e+03 1.763781775412036179e+00
2.010861572265625000e+03 3.683121517472648065e+03 1.764638642123996348e+00
2.010882385253906250e+03 3.685529975885007389e+03 1.763170950587285901e+00
2.010903259277343750e+03 3.683631594985568881e+03 1.761626856536633978e+00
2.010924072265625000e+03 3.684580311388426708e+03 1.759889113552709716e+00
2.010944885253906250e+03 3.683736250613939774e+03 1.756160519312595536e+00
2.010965759277343750e+03 3.682840595726621359e+03 1.755381959502184008e+00
2.010986572265625000e+03 3.686407690138086309e+03 1.750808801395917769e+00
2.011007385253906250e+03 3.681789192296099372e+03 1.748625965205130806e+00
2.011028259277343750e+03 3.681797679484418950e+03 1.747844799445130270e+00
2.011049072265625000e+03 3.683619685430846403e+03 1.747435802868618993e+00
2.011069885253906250e+03 3.686316556175363075e+03 1.746439922929983402e+00
2.011090759277343750e+03 3.688663000408029347e+03 1.747946829037348992e+00
2.011111572265625000e+03 3.687112137763515875e+03 1.748622420199244187e+00
2.011132385253906250e+03 3.687035191907076751e+03 1.749321192833497740e+00
2.011153259277343750e+03 3.680479177202430037e+03 1.750119341459486222e+00
2.011174072265625000e+03 3.685723837569963052e+03 1.755300260979604676e+00
2.011194885253906250e+03 3.682992438327537911e+03 1.754164916677198649e+00
2.011215759277343750e+03 3.684111437967909296e+03 1.752697976612014097e+00
2.011236572265625000e+03 3.682856340141824603e+03 1.751237840195017048e+00
2.011257385253906250e+03 3.683520818419391162e+03 1.748241426520788844e+00
2.011278259277343750e+03 3.687514102574466506e+03 1.749163291362082262e+00
2.011299072265625000e+03 3.681596948112232894e+03 1.744808944692513908e+00
2.011319885253906250e+03 3.681457119012287876e+03 1.743309720148714881e+00
2.011340759277343750e+03 3.682732770898993749e+03 1.737435124235821471e+00
2.011361572265625000e+03 3.684767840496131612e+03 1.738197238906495024e+00
2.011382385253906250e+03 3.683276098937351435e+03 1.733666558819012993e+00
2.011403259277343750e+03 3.683827737211659496e+03 1.736238457989486283e+00
2.011424072265625000e+03 3.682022296705802091e+03 1.739078433228581133e+00
2.011444885253906250e+03 3.681225372206962675e+03 1.743947529970276467e+00
2.011465759277343750e+03 3.682597052199510927e+03 1.749815249908822867e+00
2.011486572265625000e+03 3.683978777104206983e+03 1.757688255157704660e+00
2.011507385253906250e+03 3.683818554601143205e+03 1.766401744568522947e+00
2.011528198242187500e+03 3.682657375415980368e+03 1.783059389101971925e+00
2.011549011230468750e+03 3.685398839273084377e+03 1.786501521560700079e+00
2.011569885253906250e+03 3.687971303829203862e+03 1.797583730495661891e+00
2.011590698242187500e+03 3.687237810615952640e+03 1.805519671776385948e+00
2.011611511230468750e+03 3.686681680445647544e+03 1.813952554530208650e+00
2.011632385253906250e+03 3.684871113768327632e+03 1.819362277763228342e+00
2.011653198242187500e+03 3.686476400279102108e+03 1.825792046687629400e+00
2.011674011230468750e+03 3.683694463551620174e+03 1.831203314280479111e+00
2.011694885253906250e+03 3.685625682065684487e+03 1.830227352152796749e+00
2.011715698242187500e+03 3.686071380726327789e+03 1.834313766263293122e+00
2.011736511230468750e+03 3.686897270335108260e+03 1.835173102797178712e+00
2.011757385253906250e+03 3.684402205453832721e+03 1.840383074005268904e+00
2.011778198242187500e+03 3.685482382379792398e+03 1.841999904408902822e+00
2.011799011230468750e+03 3.685188027025226347e+03 1.848248828278186595e+00
2.011819885253906250e+03 3.684792031742091240e+03 1.850817180267064765e+00
2.011840698242187500e+03 3.683089387587908277e+03 1.854734448141611702e+00
2.011861511230468750e+03 3.684956678797279437e+03 1.856860151099914535e+00
2.011882385253906250e+03 3.684271007884376559e+03 1.856943159056188231e+00
2.011903198242187500e+03 3.683278816185990763e+03 1.857019679731980011e+00
2.011924011230468750e+03 3.686382881111417191e+03 1.856708377538541122e+00
2.011944885253906250e+03 3.683584525408764421e+03 1.855246311707885676e+00
2.011965698242187500e+03 3.684936204638992422e+03 1.851412674519832935e+00
2.011986511230468750e+03 3.683782704715552427e+03 1.847354146442069966e+00
2.012007385253906250e+03 3.686133827570281937e+03 1.844654766440507743e+00
2.012028198242187500e+03 3.688060800873991411e+03 1.843405028576328153e+00
2.012049011230468750e+03 3.688630756044666668e+03 1.841730725424301607e+00
2.012069885253906250e+03 3.687298280481611528e+03 1.838982965893495081e+00
2.012090698242187500e+03 3.681571324540047499e+03 1.836213111480945681e+00
2.012111511230468750e+03 3.683565864220995081e+03 1.835126137516855938e+00
2.012132385253906250e+03 3.683964842008089818e+03 1.833702317588495223e+00
2.012153198242187500e+03 3.684359877926456193e+03 1.836324837589790260e+00
2.012174011230468750e+03 3.685705023004942632e+03 1.837224501113752240e+00
2.012194885253906250e+03 3.684088446194733933e+03 1.838619010818543398e+00
2.012215698242187500e+03 3.681500488442013648e+03 1.834582668942271955e+00
2.012236511230468750e+03 3.683261404434459109e+03 1.832017325082007764e+00
2.012257385253906250e+03 3.683995131845619198e+03 1.834985104534176958e+00
2.012278198242187500e+03 3.683193139037074161e+03 1.828162298881651937e+00
2.012299011230468750e+03 3.682721886091090710e+03 1.824944231409252104e+00
2.012319885253906250e+03 3.685986169799361960e+03 1.821392148452445126e+00
2.012340698242187500e+03 3.684066952825331555e+03 1.817483758761999857e+00
2.012361511230468750e+03 3.679184758322554444e+03 1.815224671343024898e+00
2.012382385253906250e+03 3.679503142249266148e+03 1.812781081931042149e+00
2.012403198242187500e+03 3.684379721096478534e+03 1.815104619103206085e+00
2.012424011230468750e+03 3.683584299640468089e+03 1.823082449504421110e+00
2.012444885253906250e+03 3.683493568836257964e+03 1.821768967960174956e+00
2.012465698242187500e+03 3.684668855222149887e+03 1.828858513679631814e+00
2.012486511230468750e+03 3.684051430009767955e+03 1.838247201768791195e+00
2.012507385253906250e+03 3.683205881427460099e+03 1.846588019522160007e+00
2.012528198242187500e+03 3.687666981590798514e+03 1.859144821665602576e+00
2.012549011230468750e+03 3.685700417686888613e+03 1.871843478489878310e+00
2.012569885253906250e+03 3.684682785551997313e+03 1.886983533014153558e+00
2.012590698242187500e+03 3.687808742992249336e+03 1.899067652477049783e+00
2.012611511230468750e+03 3.685377233795614757e+03 1.912507028504465190e+00
2.012632385253906250e+03 3.683767028481816851e+03 1.923161270052483829e+00
2.012653198242187500e+03 3.686797772367345260e+03 1.931280613628814757e+00
2.012674011230468750e+03 3.684505547052339352e+03 1.939535978608516231e+00
2.012694885253906250e+03 3.685763386668219937e+03 1.945458647971579857e+00
2.012715698242187500e+03 3.685100800243597860e+03 1.951508180887020938e+00
2.012736511230468750e+03 3.684217294249222959e+03 1.955458749767646331e+00
2.012757385253906250e+03 3.683400460208896675e+03 1.959872499912141075e+00
2.012778198242187500e+03 3.681752492050670753e+03 1.964544557881167774e+00
2.012799011230468750e+03 3.681670510202648529e+03 1.968923591347892854e+00
2.012819885253906250e+03 3.680911516039424441e+03 1.972487096804731221e+00
2.012840698242187500e+03 3.685431520183478369e+03 1.976745838211559025e+00
2.012861511230468750e+03 3.684676557382903866e+03 1.979622503958446966e+00
2.012882385253906250e+03 3.685906278186280815e+03 1.977528332339716144e+00
2.012903198242187500e+03 3.683010205978747308e+03 1.975550396194605485e+00
2.012924011230468750e+03 3.684087886003187123e+03 1.972618238630528209e+00
2.012944885253906250e+03 3.684730123882575754e+03 1.968239188154041086e+00
2.012965698242187500e+03 3.687453093488757986e+03 1.966373462426387997e+00
2.012986511230468750e+03 3.689417791589184162e+03 1.957285668440217785e+00
2.013007385253906250e+03 3.689460490307459168e+03 1.952704666683957813e+00
2.013028198242187500e+03 3.688736532764065942e+03 1.948635342731957154e+00
2.013049011230468750e+03 3.683646659612401436e+03 1.945376536835841330e+00
2.013069885253906250e+03 3.684839222715716005e+03 1.941226022133795581e+00
2.013090698242187500e+03 3.685728535925235519e+03 1.938345078782335307e+00
2.013111511230468750e+03 3.683730844391239316e+03 1.934384209483074990e+00
2.013132385253906250e+03 3.685869632343126796e+03 1.933850080665760141e+00
2.013153198242187500e+03 3.686421421300872680e+03 1.931854513918052962e+00
2.013174011230468750e+03 3.683400659717245617e+03 1.929672117596679559e+00
2.013194885253906250e+03 3.687268074000113302e+03 1.934360976160638845e+00
2.013215698242187500e+03 3.683722382043800280e+03 1.926974532346594771e+00
2.013236511230468750e+03 3.686382255826869368e+03 1.924550868562536765e+00
2.013257385253906250e+03 3.685004318268595853e+03 1.921876922854570457e+00
2.013278198242187500e+03 3.684454054516557335e+03 1.917452678668462251e+00
2.013299011230468750e+03 3.684345534057040368e+03 1.917417427582870149e+00
2.013319885253906250e+03 3.681842749225747866e+03 1.908723820654826042e+00
2.013340698242187500e+03 3.683089699265201034e+03 1.905403386958220979e+00
2.013361511230468750e+03 3.680564457184659204e+03 1.896196589060325621e+00
2.013382385253906250e+03 3.680869485030408214e+03 1.893161553841962164e+00
2.013403198242187500e+03 3.679624057024321246e+03 1.890741959414143247e+00
2.013424011230468750e+03 3.682256741605473508e+03 1.892377372306305761e+00
2.013444885253906250e+03 3.686894697494059983e+03 1.895261140207675554e+00
2.013465698242187500e+03 3.682601947202185329e+03 1.898647532206371613e+00
2.013486511230468750e+03 3.687298190760240686e+03 1.908061245785005244e+00
2.013507324218750000e+03 3.685378124521818336e+03 1.918071860593156153e+00
2.013528137207031250e+03 3.683800692768942099e+03 1.929542072700423105e+00
2.013549011230468750e+03 3.686345289205295558e+03 1.945724627489534342e+00
2.013569824218750000e+03 3.683022431769227296e+03 1.957782837079039995e+00
2.013590637207031250e+03 3.681989026165857467e+03 1.974015234242008310e+00
2.013611511230468750e+03 3.681227274763693913e+03 1.988245935632328099e+00
2.013632324218750000e+03 3.682088631576973512e+03 1.997568977606841267e+00
2.013653137207031250e+03 3.683827945398824795e+03 2.008782890729459147e+00
2.013674011230468750e+03 3.687979876141117984e+03 2.014862744410819140e+00
2.013694824218750000e+03 3.687285670556858804e+03 2.022207232246222119e+00
2.013715637207031250e+03 3.687444824591663291e+03 2.026121855442511777e+00
2.013736511230468750e+03 3.685781644755219986e+03 2.033226460113149336e+00
2.013757324218750000e+03 3.686056443711433985e+03 2.036827060525096211e+00
2.013778137207031250e+03 3.685786683219787392e+03 2.039309314975836784e+00
2.013799011230468750e+03 3.687315089128632735e+03 2.043042387647253211e+00
2.013819824218750000e+03 3.686347583222308003e+03 2.047230929812381639e+00
2.013840637207031250e+03 3.687933691651123354e+03 2.051702731962356197e+00
2.013861511230468750e+03 3.682046344159448836e+03 2.056524463644396228e+00
2.013882324218750000e+03 3.680152992664440262e+03 2.051790232631475419e+00
2.013903137207031250e+03 3.686328682888227831e+03 2.048976605528936457e+00
2.013924011230468750e+03 3.688954917883273538e+03 2.044514933467443729e+00
2.013944824218750000e+03 3.688656119858458169e+03 2.038338134252592582e+00
2.013965637207031250e+03 3.690166210580776806e+03 2.033102511244336608e+00
2.013986511230468750e+03 3.686724416745701546e+03 2.023639212315548441e+00
2.014007324218750000e+03 3.688175017052727071e+03 2.014766421540700403e+00
2.014028137207031250e+03 3.682099811826419227e+03 2.007555043379201098e+00
2.014049011230468750e+03 3.685522547407615548e+03 2.002755888973459353e+00
2.014069824218750000e+03 3.684423541121871040e+03 1.996207814400882130e+00
2.014090637207031250e+03 3.684907233705918316e+03 1.994585157682712051e+00
2.014111511230468750e+03 3.683407412484146789e+03 1.991374369710672054e+00
2.014132324218750000e+03 3.683678150380888383e+03 1.990521201596948009e+00
2.014153137207031250e+03 3.681398034348615965e+03 1.988934182989758215e+00
2.014174011230468750e+03 3.685106272852648090e+03 1.989499661215738735e+00
2.014194824218750000e+03 3.683353141283598688e+03 1.985471227429231877e+00
2.014215637207031250e+03 3.682635151191655950e+03 1.982053044026038657e+00
2.014236511230468750e+03 3.685325646864226201e+03 1.980608933282208994e+00
2.014257324218750000e+03 3.683107858825150743e+03 1.977425428351666792e+00
2.014278137207031250e+03 3.682969478222192720e+03 1.978253391432172048e+00
2.014299011230468750e+03 3.684054035078499510e+03 1.968835495802961022e+00
2.014319824218750000e+03 3.684412974367939114e+03 1.962311160970212187e+00
2.014340637207031250e+03 3.684598587022331685e+03 1.953080199681503037e+00
2.014361511230468750e+03 3.682184090484637181e+03 1.947047735055208673e+00
2.014382324218750000e+03 3.685471057945541361e+03 1.938056496716892063e+00
2.014403137207031250e+03 3.686519937545161156e+03 1.933357856309953826e+00
2.014424011230468750e+03 3.683988833485085252e+03 1.930771372721141743e+00
2.014444824218750000e+03 3.686314838371722090e+03 1.929556838333986502e+00
2.014465637207031250e+03 3.687264021397168563e+03 1.933506819186973980e+00
2.014486511230468750e+03 3.683222177382120663e+03 1.936018100196780445e+00
2.014507324218750000e+03 3.688222875433566969e+03 1.945285413928837137e+00
2.014528137207031250e+03 3.685227141771000788e+03 1.950997681808463113e+00
2.014549011230468750e+03 3.682627995642159931e+03 1.959613307350793088e+00
2.014569824218750000e+03 3.684434010610708356e+03 1.970992551935639936e+00
2.014590637207031250e+03 3.682417034783061808e+03 1.982231484276516076e+00
2.014611511230468750e+03 3.684529089970443692e+03 1.993908905106447582e+00
2.014632324218750000e+03 3.682200903280414877e+03 2.005057377933647356e+00
2.014653137207031250e+03 3.687670638316955319e+03 2.012307208760431454e+00
2.014674011230468750e+03 3.685108958214393624e+03 2.017643708661496671e+00
2.014694824218750000e+03 3.683976371986098911e+03 2.020645631023489486e+00
2.014715637207031250e+03 3.682983981501737162e+03 2.024201120162155032e+00
2.014736511230468750e+03 3.688193501160862525e+03 2.029554158001512842e+00
2.014757324218750000e+03 3.687275640541967277e+03 2.031409506770606388e+00
2.014778137207031250e+03 3.685797230930934802e+03 2.034617640122537097e+00
2.014799011230468750e+03 3.684372660363230807e+03 2.034235945723488204e+00
2.014819824218750000e+03 3.686416104229057510e+03 2.035076117814233587e+00
2.014840637207031250e+03 3.688756292403999851e+03 2.035456366202277323e+00
2.014861511230468750e+03 3.687056883875811309e+03 2.034094593980511512e+00
2.014882324218750000e+03 3.686842543223226585e+03 2.035345555614996638e+00
2.014903137207031250e+03 3.690518037271623598e+03 2.030042905870837355e+00
2.014924011230468750e+03 3.686768821488369667e+03 2.026165276085142963e+00
2.014944824218750000e+03 3.686588034209949456e+03 2.020338240339274893e+00
2.014965637207031250e+03 3.683013782412649107e+03 2.013212194061487992e+00
2.014986511230468750e+03 3.687538039051223222e+03 2.006107779242190858e+00
2.015007324218750000e+03 3.688884079380576168e+03 1.999528889005947940e+00
2.015028137207031250e+03 3.682821792325311890e+03 1.990747926470711304e+00
2.015049011230468750e+03 3.681945400144835276e+03 1.985325443004063883e+00
2.015069824218750000e+03 3.682309489409976322e+03 1.979469784730777171e+00
2.015090637207031250e+03 3.683596957175516309e+03 1.975458372016867692e+00
2.015111511230468750e+03 3.683000296908074688e+03 1.970382800500558362e+00
2.015132324218750000e+03 3.687957204646660557e+03 1.966972820515041409e+00
2.015153137207031250e+03 3.682309285868367169e+03 1.963463057370339548e+00
2.015174011230468750e+03 3.683570972341858123e+03 1.959833997294488706e+00
2.015194824218750000e+03 3.686308874578687210e+03 1.958172067806466021e+00
2.015215637207031250e+03 3.682309970229224291e+03 1.955735072411883158e+00
2.015236511230468750e+03 3.681830468905616272e+03 1.953533404566286880e+00
2.015257324218750000e+03 3.685376435485353795e+03 1.955748665039823919e+00
2.015278137207031250e+03 3.685381842547010365e+03 1.950902360816296310e+00
2.015299011230468750e+03 3.684296758398447309e+03 1.948430882544396114e+00
2.015319824218750000e+03 3.683021744067209056e+03 1.941776048529024079e+00
2.015340637207031250e+03 3.685155454563328931e+03 1.935948396641296698e+00
2.015361511230468750e+03 3.689196732303016688e+03 1.927965639227649852e+00
2.015382324218750000e+03 3.687854831500013461e+03 1.921322688934698153e+00
2.015403137207031250e+03 3.687628920549139821e+03 1.913888604186094744e+00
2.015424011230468750e+03 3.683727953503145727e+03 1.909931317837104903e+00
2.015444824218750000e+03 3.683069533634300569e+03 1.906170577599114235e+00
2.015465637207031250e+03 3.680823183617741051e+03 1.905021772085012222e+00
2.015486511230468750e+03 3.681911180648505251e+03 1.908298829723203749e+00
2.015507324218750000e+03 3.684099804559037693e+03 1.913003184625474473e+00
2.015528137207031250e+03 3.684642697413933092e+03 1.916320216615015948e+00
2.015549011230468750e+03 3.684703179436349728e+03 1.924973262254384476e+00
2.015569824218750000e+03 3.685390728935185507e+03 1.931472632158705016e+00
2.015590637207031250e+03 3.684927810262592175e+03 1.939763684873099692e+00
2.015611511230468750e+03 3.684728058272401995e+03 1.949410652698087443e+00
2.015632324218750000e+03 3.684240980551643588e+03 1.960557087630149020e+00
2.015653137207031250e+03 3.683540962098341879e+03 1.972421885250289719e+00
2.015673950195312500e+03 3.688295095718217908e+03 1.983282314039687355e+00
2.015694763183593750e+03 3.684733224568845344e+03 1.987651252989196093e+00
2.015715637207031250e+03 3.683038444152875400e+03 1.992072846348418969e+00
2.015736450195312500e+03 3.682658513632553422e+03 1.995299955969372929e+00
2.015757263183593750e+03 3.683452352761776183e+03 1.998952293154953708e+00
2.015778137207031250e+03 3.684772566826562525e+03 2.001430238497648340e+00
2.015798950195312500e+03 3.685054858053144471e+03 2.001748751000931303e+00
2.015819763183593750e+03 3.687561228690050029e+03 1.998556868125099140e+00
2.015840637207031250e+03 3.690929576960845679e+03 1.999457345300078792e+00
2.015861450195312500e+03 3.689103069121083990e+03 1.996769561133015181e+00
2.015882263183593750e+03 3.687047971013330880e+03 1.996516233401623541e+00
2.015903137207031250e+03 3.687305816331804181e+03 1.993688339667082365e+00
2.015923950195312500e+03 3.685210802574175887e+03 1.990132187905037986e+00
2.015944763183593750e+03 3.683386245826779032e+03 1.982249766428319404e+00
2.015965637207031250e+03 3.685424949264823681e+03 1.978108400874828865e+00
2.015986450195312500e+03 3.685444372960993405e+03 1.965178019489560723e+00
2.016007263183593750e+03 3.686471630719424411e+03 1.956285955324122083e+00
2.016028137207031250e+03 3.683249130118205358e+03 1.949383256655639274e+00
2.016048950195312500e+03 3.681423473881169230e+03 1.945642343769161009e+00
2.016069763183593750e+03 3.682893647740205324e+03 1.932074425782162930e+00
2.016090637207031250e+03 3.685405444537694166e+03 1.927806168816506682e+00
2.016111450195312500e+03 3.686928162459701980e+03 1.928198792268129402e+00
2.016132263183593750e+03 3.681908833857587069e+03 1.922557492531240975e+00
2.016153137207031250e+03 3.686440201937515667e+03 1.921443487586551369e+00
2.016173950195312500e+03 3.688390643130433091e+03 1.921199338663222900e+00
2.016194763183593750e+03 3.680645393471075749e+03 1.919504393846551249e+00
2.016215637207031250e+03 3.685395648441231515e+03 1.919676663173942810e+00
2.016236450195312500e+03 3.681655752287234918e+03 1.919533272083476572e+00
2.016257263183593750e+03 3.686425935327917159e+03 1.920917179266412367e+00
2.016278137207031250e+03 3.686603940228487318e+03 1.920851209920030556e+00
2.016319763183593750e+03 3.689803406248765441e+03 1.910070187242731032e+00
2.016340637207031250e+03 3.689101515990222651e+03 1.903965566131425646e+00
2.016361450195312500e+03 3.686815168953211469e+03 1.898269269106160451e+00
2.016382263183593750e+03 3.685623982349337439e+03 1.891888157093382539e+00
2.016403137207031250e+03 3.683792325509986313e+03 1.884895533694935343e+00
2.016423950195312500e+03 3.679058066029836482e+03 1.880456550536385052e+00
2.016444763183593750e+03 3.685265738613317808e+03 1.878079873049067539e+00
2.016465637207031250e+03 3.684534510257594775e+03 1.875387215367884330e+00
2.016486450195312500e+03 3.684248649098152782e+03 1.874170692148913187e+00
2.016507263183593750e+03 3.681299099920589470e+03 1.875554193611213005e+00
2.016528137207031250e+03 3.685139002811713453e+03 1.877372766239557622e+00
2.016548950195312500e+03 3.687158311964185486e+03 1.884873650968347025e+00
2.016569763183593750e+03 3.684922516412786536e+03 1.889293043836797859e+00
2.016590637207031250e+03 3.685640246329924594e+03 1.896962664367989992e+00
2.016611450195312500e+03 3.683784483459546664e+03 1.906179895831667581e+00
2.016632263183593750e+03 3.689482731474688535e+03 1.919298072597490190e+00
2.016653137207031250e+03 3.689622273290398880e+03 1.929251679537759889e+00
2.016673950195312500e+03 3.686278704146613563e+03 1.940516922501237085e+00
2.016694763183593750e+03 3.687684476816664755e+03 1.951462121707804753e+00
2.016715637207031250e+03 3.689969486901613436e+03 1.955882209109706338e+00
2.016736450195312500e+03 3.688826572440807468e+03 1.958381415514092616e+00
2.016757263183593750e+03 3.688175593308008501e+03 1.959813377098181375e+00
2.016778137207031250e+03 3.688881433459819164e+03 1.967728970690197920e+00
2.016798950195312500e+03 3.695242227105051825e+03 1.963725444851432966e+00
2.016819763183593750e+03 3.690779357539338434e+03 1.963571307079174932e+00
2.016840637207031250e+03 3.688797024190468164e+03 1.963725809085482332e+00
2.016861450195312500e+03 3.687943869943400841e+03 1.966785055842869889e+00
2.016882263183593750e+03 3.689224062973392847e+03 1.965469230459530481e+00
2.016903137207031250e+03 3.690433600686677892e+03 1.967017546834871178e+00
2.016923950195312500e+03 3.688351689069611439e+03 1.961366644478973242e+00
2.016944763183593750e+03 3.687431923094031390e+03 1.961458782804427203e+00
2.016965637207031250e+03 3.685221496476077391e+03 1.949404965604870643e+00
2.016986450195312500e+03 3.688305415539109617e+03 1.942359797598850468e+00
2.017007263183593750e+03 3.688900211171637238e+03 1.934121477957046809e+00
2.017028137207031250e+03 3.685766007179057851e+03 1.927726026708272089e+00
2.017048950195312500e+03 3.688727437073277542e+03 1.916707853897505975e+00
2.017069763183593750e+03 3.686593657619841451e+03 1.911503540945802104e+00
2.017090637207031250e+03 3.685635397097285932e+03 1.908374540503205319e+00
2.017111450195312500e+03 3.685168560475709000e+03 1.902848131808166698e+00
2.017132263183593750e+03 3.686018399040801796e+03 1.901064652256070797e+00
2.017153137207031250e+03 3.685851237993442737e+03 1.901413080869478689e+00
2.017173950195312500e+03 3.682201938548286762e+03 1.901707035486530861e+00
2.017194763183593750e+03 3.683493387267858907e+03 1.905178331653714752e+00
2.017215637207031250e+03 3.686847376546524174e+03 1.904984726531709471e+00
2.017236450195312500e+03 3.687254461299649392e+03 1.907009348729887144e+00
2.017257263183593750e+03 3.687040754093248779e+03 1.907532432550411272e+00
2.017278137207031250e+03 3.688938490061831089e+03 1.908795829877271144e+00
2.017298950195312500e+03 3.691489115638359181e+03 1.906548523588274868e+00
2.017319763183593750e+03 3.684422490788710093e+03 1.901056625795078725e+00
2.017340637207031250e+03 3.691555573012713012e+03 1.897424561077746485e+00
2.017361450195312500e+03 3.688629863356409714e+03 1.889806838382779075e+00
2.017382263183593750e+03 3.684882986263998646e+03 1.881806860849087215e+00
2.017403137207031250e+03 3.683286505338410279e+03 1.871653940843146735e+00
2.017423950195312500e+03 3.686011760978544771e+03 1.866804267148669982e+00
2.017444763183593750e+03 3.687022883489607011e+03 1.860101125285682500e+00
2.017465637207031250e+03 3.685381832584150743e+03 1.854985802691232255e+00
2.017486450195312500e+03 3.685201984164970781e+03 1.852742909350072908e+00
2.017507263183593750e+03 3.687890833809918149e+03 1.848649256129818452e+00
2.017528137207031250e+03 3.685575422964268455e+03 1.848290945323231016e+00
2.017548950195312500e+03 3.685269216007530304e+03 1.851846600719353697e+00
2.017569763183593750e+03 3.687866247844844565e+03 1.859414428805786113e+00
2.017590637207031250e+03 3.689474926211291404e+03 1.867637484288730221e+00
2.017611450195312500e+03 3.685437481428558840e+03 1.878907582367803419e+00
2.017632263183593750e+03 3.683068146233180414e+03 1.896911635822784659e+00
2.017653137207031250e+03 3.689327525297293050e+03 1.909273407726046257e+00
2.017673950195312500e+03 3.685347862303949569e+03 1.914775731074341625e+00
2.017694763183593750e+03 3.686371126692165490e+03 1.928747032890089530e+00
2.017715637207031250e+03 3.687817316763723284e+03 1.936511248897912818e+00
2.017736450195312500e+03 3.692499219114050902e+03 1.940317259143873097e+00
2.017757263183593750e+03 3.694174418785373291e+03 1.942767151733918674e+00
2.017778137207031250e+03 3.690786988392981584e+03 1.945752626443026712e+00
2.017798950195312500e+03 3.688791689515297548e+03 1.947761862684300738e+00
2.017819763183593750e+03 3.689872805339969091e+03 1.947889895603675425e+00
2.017840637207031250e+03 3.691673488314700535e+03 1.948309676834648840e+00
2.017861450195312500e+03 3.690228368505270737e+03 1.948701166760877346e+00
2.017882263183593750e+03 3.690247331219252374e+03 1.956228491326695851e+00
2.017903137207031250e+03 3.689941506327742900e+03 1.949013127736348272e+00
2.017923950195312500e+03 3.691128285181842784e+03 1.945202376224542062e+00
2.017944763183593750e+03 3.689596972330782137e+03 1.938292249089452746e+00
2.017965637207031250e+03 3.688785363268947094e+03 1.934293246660057752e+00
2.017986450195312500e+03 3.689420802240224020e+03 1.922937177202217018e+00
2.018007263183593750e+03 3.689342394972919465e+03 1.913498277610081288e+00
2.018028137207031250e+03 3.689706338022453110e+03 1.905923596563007250e+00
2.018048950195312500e+03 3.688002595706748707e+03 1.898201445044073177e+00
2.018069763183593750e+03 3.686639846912372832e+03 1.892374159586149185e+00
2.018090576171875000e+03 3.685978889112458546e+03 1.889347180544375560e+00
2.018111389160156250e+03 3.689193796446442320e+03 1.887982815765313571e+00
2.018132263183593750e+03 3.684839668959202299e+03 1.888963331675421076e+00
2.018153076171875000e+03 3.687949706468458317e+03 1.891367175499448772e+00
2.018173889160156250e+03 3.687516001680783120e+03 1.892557275930858873e+00
2.018194763183593750e+03 3.688247346147309599e+03 1.897274964348667714e+00
2.018215576171875000e+03 3.690236915920967476e+03 1.898100583670256913e+00
2.018236389160156250e+03 3.691892784055953598e+03 1.900816945071261754e+00
2.018257263183593750e+03 3.690324020511925482e+03 1.909736883704422628e+00
2.018278076171875000e+03 3.687930533055954584e+03 1.900734159777645038e+00
2.018298889160156250e+03 3.688851436620971072e+03 1.901982643272876805e+00
2.018319763183593750e+03 3.687251995874270051e+03 1.893165017098922487e+00
2.018340576171875000e+03 3.690999170684339333e+03 1.886906521695935091e+00
2.018361389160156250e+03 3.685736990139057525e+03 1.881896876648558425e+00
2.018382263183593750e+03 3.684926556604693815e+03 1.872340923524620671e+00
2.018403076171875000e+03 3.687553881337581515e+03 1.865260706211394615e+00
2.018423889160156250e+03 3.687467510159984158e+03 1.859158607521298023e+00
2.018444763183593750e+03 3.690777356415164832e+03 1.857160900887666388e+00
2.018465576171875000e+03 3.686462491634325943e+03 1.856228963816217714e+00
2.018486389160156250e+03 3.687890077120886872e+03 1.857347103824124268e+00
2.018507263183593750e+03 3.690687088832038171e+03 1.860229872680921437e+00
2.018528076171875000e+03 3.687086212263613106e+03 1.863553137305921981e+00
2.018548889160156250e+03 3.690795176506940152e+03 1.871980906755939422e+00
2.018569763183593750e+03 3.690830501101738264e+03 1.877057345510672270e+00
2.018590576171875000e+03 3.688485362944372355e+03 1.884517926161987766e+00
2.018611389160156250e+03 3.690285007950135423e+03 1.894741652298560286e+00
2.018632263183593750e+03 3.689576697317516391e+03 1.903587921416712181e+00
2.018653076171875000e+03 3.689731754294946768e+03 1.912816541318795194e+00
2.018673889160156250e+03 3.693276178181907198e+03 1.921797525968774512e+00
2.018694763183593750e+03 3.695595694648467088e+03 1.930980419120898350e+00
2.018715576171875000e+03 3.695931442583407261e+03 1.945288906950146446e+00
2.018736389160156250e+03 3.693528781213633010e+03 1.940701577461731109e+00
2.018757263183593750e+03 3.692811447758560462e+03 1.947344044720005218e+00
2.018778076171875000e+03 3.692605522681050843e+03 1.944457145679710619e+00
2.018798889160156250e+03 3.690647918656118691e+03 1.943463346680859738e+00
2.018819763183593750e+03 3.691463441889834485e+03 1.944492213101439493e+00
2.018840576171875000e+03 3.691058975736219963e+03 1.942841396598558257e+00
2.018861389160156250e+03 3.690127853096777017e+03 1.941379907686444639e+00
2.018882263183593750e+03 3.691901866592899751e+03 1.940392703590365642e+00
2.018903076171875000e+03 3.691326631168679341e+03 1.939355638403078119e+00
2.018923889160156250e+03 3.690810292819663118e+03 1.933947659866131152e+00
2.018944763183593750e+03 3.693285707308646124e+03 1.930294976002816520e+00
2.018965576171875000e+03 3.692144134399780341e+03 1.933806066705110016e+00
2.018986389160156250e+03 3.692581247243402231e+03 1.915526036853524294e+00
2.019007263183593750e+03 3.693056104280127329e+03 1.911471734965756175e+00
2.019028076171875000e+03 3.692505381279071116e+03 1.900423055530869432e+00
2.019048889160156250e+03 3.694229906122272951e+03 1.893752923340004557e+00
2.019069763183593750e+03 3.687041602344745115e+03 1.885830498340794747e+00
2.019090576171875000e+03 3.689487496732544969e+03 1.882679598221300044e+00
2.019111389160156250e+03 3.688173498582185857e+03 1.879273757364210651e+00
2.019132263183593750e+03 3.689390863953706685e+03 1.878417841824794321e+00
2.019153076171875000e+03 3.690482855216095231e+03 1.877924545685726088e+00
2.019173889160156250e+03 3.694762824721248307e+03 1.878684429311246351e+00
2.019194763183593750e+03 3.693535076432071946e+03 1.876807231968981249e+00
2.019215576171875000e+03 3.691423849169378627e+03 1.875661987428109079e+00
2.019236389160156250e+03 3.691424224772199523e+03 1.875830275765967281e+00
2.019257263183593750e+03 3.692868277412058887e+03 1.872374540233549212e+00
2.019278076171875000e+03 3.688377317121717169e+03 1.870227589348931074e+00
2.019298889160156250e+03 3.691532872163226330e+03 1.867043844785995166e+00
2.019319763183593750e+03 3.689481274267442132e+03 1.868316628208167351e+00
2.019340576171875000e+03 3.692139988997159435e+03 1.859945321971392396e+00
2.019361389160156250e+03 3.690145866544476121e+03 1.850800305031313764e+00
2.019382263183593750e+03 3.686785206046265102e+03 1.842571010903394590e+00
2.019403076171875000e+03 3.688980256942588767e+03 1.837704331850940287e+00
2.019423889160156250e+03 3.687376092926427646e+03 1.832149867790914266e+00
2.019444763183593750e+03 3.687141426024325028e+03 1.826129051971170147e+00
2.019465576171875000e+03 3.691048281403887358e+03 1.822951078544244652e+00
2.019486389160156250e+03 3.691606135151010676e+03 1.822875285814267166e+00
2.019507263183593750e+03 3.688802262874943153e+03 1.823157448988229845e+00
2.019528076171875000e+03 3.688239514650872934e+03 1.824596292444334411e+00
2.019548889160156250e+03 3.685301543007022246e+03 1.829047337190081723e+00
2.019569763183593750e+03 3.689302847037555239e+03 1.834917280115297977e+00
2.019590576171875000e+03 3.690468258404238895e+03 1.835101127852244662e+00
2.019611389160156250e+03 3.691204651929196189e+03 1.840795509717687795e+00
2.019632263183593750e+03 3.689519615912553036e+03 1.847476748886708542e+00
2.019653076171875000e+03 3.697037074067332469e+03 1.853440310331846863e+00
2.019673889160156250e+03 3.694770625373734674e+03 1.858563927454883968e+00
2.019694763183593750e+03 3.694601636850217346e+03 1.863610772318757158e+00
2.019715576171875000e+03 3.689340133901480385e+03 1.866420380773180288e+00
2.019736389160156250e+03 3.690758668071134707e+03 1.869309564208515573e+00
2.019757263183593750e+03 3.692163110043269171e+03 1.870638989193268875e+00
2.019778076171875000e+03 3.691934278951661781e+03 1.880073295950062562e+00
2.019798889160156250e+03 3.690180905337608237e+03 1.873976364458949329e+00
2.019819763183593750e+03 3.692334355548036001e+03 1.877146001426633015e+00
2.019840576171875000e+03 3.692244251788649763e+03 1.877042547947872286e+00
2.019861389160156250e+03 3.692082089632002408e+03 1.878646864404722283e+00
2.019882263183593750e+03 3.691431511426189900e+03 1.880176519263898394e+00
2.019903076171875000e+03 3.692440310577389027e+03 1.879745708271438609e+00
2.019923889160156250e+03 3.691209900421099064e+03 1.877083764903547891e+00
2.019944763183593750e+03 3.694656195083017337e+03 1.877071952432501911e+00
2.019965576171875000e+03 3.687487558315307069e+03 1.866773040612945467e+00
2.019986389160156250e+03 3.689916674327273540e+03 1.860038895251589830e+00
2.020007263183593750e+03 3.690138903160946029e+03 1.853383774082416613e+00
2.020028076171875000e+03 3.692114321307155024e+03 1.846260882676786341e+00
2.020048889160156250e+03 3.686120225417406800e+03 1.836003209013617354e+00
2.020069763183593750e+03 3.690234420027779834e+03 1.832922940126045619e+00
2.020090576171875000e+03 3.688147486777987524e+03 1.818116791602705229e+00
2.020111389160156250e+03 3.691671254585952283e+03 1.815140018264136845e+00
2.020132263183593750e+03 3.692794913391653608e+03 1.805919078357353547e+00
2.020153076171875000e+03 3.690485818044854568e+03 1.805216657997596563e+00
2.020173889160156250e+03 3.690234790602958128e+03 1.800314091723280940e+00
2.020194763183593750e+03 3.690925218434671024e+03 1.800593964277144909e+00
2.020215576171875000e+03 3.687620300579936156e+03 1.802139266658347116e+00
2.020236389160156250e+03 3.689332081135431508e+03 1.804180057408398152e+00
2.020257263183593750e+03 3.686823406002533829e+03 1.804399013167906185e+00
2.020278076171875000e+03 3.693016415302522546e+03 1.807179897344469266e+00
2.020298889160156250e+03 3.691543592345603884e+03 1.807908193945418684e+00
2.020319763183593750e+03 3.689012420585792825e+03 1.806559924823461172e+00
2.020340576171875000e+03 3.691665211452881067e+03 1.803699834156404114e+00
2.020361389160156250e+03 3.689525983022949276e+03 1.798486799397938984e+00
2.020382263183593750e+03 3.689839440144896344e+03 1.791713699196642251e+00
2.020403076171875000e+03 3.689645500411087141e+03 1.784982351434904801e+00
2.020423889160156250e+03 3.688179134928663643e+03 1.781286005024335317e+00
2.020444763183593750e+03 3.688749405259668038e+03 1.772680986684913806e+00
2.020465576171875000e+03 3.687520123108318330e+03 1.768259496714307710e+00
2.020486389160156250e+03 3.688212664242180836e+03 1.764929170132880198e+00
2.020507263183593750e+03 3.690657386684428275e+03 1.763411155178060241e+00
2.020528076171875000e+03 3.688572893087161901e+03 1.763363495456383268e+00
2.020548889160156250e+03 3.689829583706436551e+03 1.763540539757116443e+00
2.020569763183593750e+03 3.689561664886952258e+03 1.765096399630284418e+00
2.020590576171875000e+03 3.689817020956983470e+03 1.765940207643176496e+00
2.020611389160156250e+03 3.699240077636763999e+03 1.769690500129205812e+00
2.020632263183593750e+03 3.691652336309543898e+03 1.771207104300127400e+00
2.020653076171875000e+03 3.693954023776638223e+03 1.776669955128291845e+00
2.020673889160156250e+03 3.685114925608528665e+03 1.777511689352881064e+00
2.020694763183593750e+03 3.691593966727004045e+03 1.783078175707791146e+00
2.020715576171875000e+03 3.690473658072047783e+03 1.788406984934415522e+00
2.020736389160156250e+03 3.690437934331694123e+03 1.794516234279016631e+00
2.020757202148437500e+03 3.691314103505304502e+03 1.793980863381920754e+00
2.020778015136718750e+03 3.693111414177431925e+03 1.797392861750609638e+00
2.020798889160156250e+03 3.692802345748769312e+03 1.799784287136825034e+00
2.020819702148437500e+03 3.693245422865510136e+03 1.800347066903994042e+00
2.020840515136718750e+03 3.687288639997525934e+03 1.800936677725036850e+00
2.020861389160156250e+03 3.692008708337853022e+03 1.805646171089194230e+00
2.020882202148437500e+03 3.688494983635765038e+03 1.802303903417863840e+00
2.020903015136718750e+03 3.691942419664159843e+03 1.801878423194663625e+00
2.020923889160156250e+03 3.690939902189434179e+03 1.799009100708093056e+00
2.020944702148437500e+03 3.690915571310711584e+03 1.796140437703674042e+00
2.020965515136718750e+03 3.692413794739825789e+03 1.791153331525333625e+00
2.020986389160156250e+03 3.690936636622542665e+03 1.790411561291809006e+00
2.021007202148437500e+03 3.692056499447878195e+03 1.779946100940536402e+00
2.021028015136718750e+03 3.690116420647904306e+03 1.770205001058723582e+00
2.021048889160156250e+03 3.690286130503918685e+03 1.760731219417793758e+00
2.021069702148437500e+03 3.690746726189518540e+03 1.752658119523740732e+00
2.021090515136718750e+03 3.694871654681685413e+03 1.742866144447397847e+00
2.021111389160156250e+03 3.691033703941939166e+03 1.734974731679058024e+00
2.021132202148437500e+03 3.689332107027184065e+03 1.725048454267567255e+00
2.021153015136718750e+03 3.689376795534696157e+03 1.719718798782872815e+00
2.021173889160156250e+03 3.693262724235672522e+03 1.714908954883978653e+00
2.021194702148437500e+03 3.688518645451432803e+03 1.711320181076952940e+00
2.021215515136718750e+03 3.687830754208369854e+03 1.705462330532180992e+00
2.021236389160156250e+03 3.690549281565418823e+03 1.704612851977883592e+00
2.021257202148437500e+03 3.683419648046306975e+03 1.701773500977659781e+00
2.021278015136718750e+03 3.687694357051670067e+03 1.704124927087319330e+00
2.021298889160156250e+03 3.687713557960711569e+03 1.702934254455217733e+00
2.021319702148437500e+03 3.690251316309100730e+03 1.701188552722137759e+00
2.021340515136718750e+03 3.689283173562311731e+03 1.698867094988040893e+00
2.021361389160156250e+03 3.688419578859115063e+03 1.692927145875830597e+00
2.021382202148437500e+03 3.684955661136148137e+03 1.686375631936110286e+00
2.021403015136718750e+03 3.688153147410832389e+03 1.680317037731284602e+00
2.021423889160156250e+03 3.688229855565251910e+03 1.675902106633157862e+00
2.021444702148437500e+03 3.687935427023059674e+03 1.666791299292547546e+00
2.021465515136718750e+03 3.687211871811145556e+03 1.660215273537165137e+00
2.021486389160156250e+03 3.687054933655292189e+03 1.654314962060768002e+00
2.021507202148437500e+03 3.689001368604844629e+03 1.648554359379780454e+00
2.021528015136718750e+03 3.690496197751882846e+03 1.642175214523688753e+00
2.021548889160156250e+03 3.694759637602299335e+03 1.635637312985968261e+00
2.021569702148437500e+03 3.692868153354575497e+03 1.627654328654098981e+00
2.021590515136718750e+03 3.691595604356419699e+03 1.625456232435069870e+00
2.021611389160156250e+03 3.691136696796820161e+03 1.615246404859034035e+00
2.021632202148437500e+03 3.688156377956530832e+03 1.605896384653190401e+00
2.021653015136718750e+03 3.688474177579154002e+03 1.598814229860559655e+00
2.021673889160156250e+03 3.688762977399384454e+03 1.586896033551432605e+00
2.021694702148437500e+03 3.687126884509909814e+03 1.576185337467677305e+00
2.021715515136718750e+03 3.689776160008298120e+03 1.566902976103957013e+00
2.021736389160156250e+03 3.691353137389226958e+03 1.560676960780954081e+00
2.021757202148437500e+03 3.686238261679976404e+03 1.542538430772324665e+00
2.021778015136718750e+03 3.688949415242136638e+03 1.531767699251294523e+00
2.021798889160156250e+03 3.686065808475542326e+03 1.519282303449583704e+00
2.021819702148437500e+03 3.689596029491022819e+03 1.511266359756557209e+00
2.021840515136718750e+03 3.685543989736540880e+03 1.504761608671581152e+00
2.021861389160156250e+03 3.689258251562137048e+03 1.504648000925616236e+00
2.021882202148437500e+03 3.688294375969986049e+03 1.503673902125629125e+00
2.021903015136718750e+03 3.690388138442795025e+03 1.502815623971250680e+00
2.021923889160156250e+03 3.687543740247159803e+03 1.503660107571173299e+00
2.021944702148437500e+03 3.689239822215020467e+03 1.501739843972723421e+00
2.021965515136718750e+03 3.689760670677867893e+03 1.501859466053307557e+00
2.021986389160156250e+03 3.687673900550422331e+03 1.501783502770531076e+00
2.022007202148437500e+03 3.689476782525262934e+03 1.502049317770604020e+00
2.022028015136718750e+03 3.691265371140600109e+03 1.502166375745147553e+00
2.022048889160156250e+03 3.690605724046445630e+03 1.500944158319703403e+00
2.022069702148437500e+03 3.690751842705073614e+03 1.503812078524803475e+00
2.022090515136718750e+03 3.687379456619510165e+03 1.501929313957063306e+00
2.022111389160156250e+03 3.687505539389550449e+03 1.503740415471228165e+00
2.022132202148437500e+03 3.688703971778190407e+03 1.501138652321717615e+00
2.022153015136718750e+03 3.686886351443829881e+03 1.501711584146922629e+00
2.022173889160156250e+03 3.688670746492901799e+03 1.501867165356543410e+00
2.023132202148437500e+03 3.686620868063737817e+03 1.594028373791199549e+00
2.023153015136718750e+03 3.689093243115571113e+03 1.616972904433616520e+00
2.023173889160156250e+03 3.690984469842647286e+03 1.618273531630252116e+00
2.023194702148437500e+03 3.688739471071857224e+03 1.627645100396723166e+00
2.023215515136718750e+03 3.687093503967649212e+03 1.629033438201788808e+00
2.023236389160156250e+03 3.686894738930123822e+03 1.632372637186663367e+00
2.023257202148437500e+03 3.689463329120822436e+03 1.633175020265760891e+00
2.023278015136718750e+03 3.687696198951561200e+03 1.632310123822072967e+00
2.023298889160156250e+03 3.688711855748230391e+03 1.634258597260459966e+00
2.023319702148437500e+03 3.688193535154539859e+03 1.632435075131894564e+00
2.023340515136718750e+03 3.689009014140928684e+03 1.631961217302563050e+00
2.023361389160156250e+03 3.689812505308309028e+03 1.635519239120657220e+00
2.023382202148437500e+03 3.687730654031746781e+03 1.635760406848160819e+00
2.023403015136718750e+03 3.689653954153528048e+03 1.640264780371874398e+00
2.023423889160156250e+03 3.686493605478936388e+03 1.645009530802193698e+00
2.023444702148437500e+03 3.690580187408893380e+03 1.652531894947374180e+00
2.023465515136718750e+03 3.694925897084208373e+03 1.657466657484429673e+00
2.023486389160156250e+03 3.694059092575083923e+03 1.664394005363613482e+00
2.023507202148437500e+03 3.691019923955707327e+03 1.671514240451850153e+00
2.023528015136718750e+03 3.692345857745660851e+03 1.682654736277568563e+00
2.023548889160156250e+03 3.690273801784374882e+03 1.688384636604416178e+00
2.023569702148437500e+03 3.689809367227510393e+03 1.695530187456757876e+00
2.023590515136718750e+03 3.690203709219926623e+03 1.702400683448410446e+00
2.023611389160156250e+03 3.693355353296171415e+03 1.705479175991844620e+00
2.023632202148437500e+03 3.690699823926121553e+03 1.706314530043157474e+00
2.023653015136718750e+03 3.689220754221884818e+03 1.706403044938716418e+00
2.023673889160156250e+03 3.689273628712802292e+03 1.705137621004337412e+00
2.023694702148437500e+03 3.690552471163101927e+03 1.704166199078608335e+00
2.023715515136718750e+03 3.688440303186486290e+03 1.706126586586885763e+00
2.023736389160156250e+03 3.689219645988994671e+03 1.703672548522130459e+00
2.023757202148437500e+03 3.691638098445793730e+03 1.702635318459059910e+00
2.023778015136718750e+03 3.692578474603744780e+03 1.704201104609723849e+00
2.023798889160156250e+03 3.689491946355994060e+03 1.706163548106383265e+00
2.023819702148437500e+03 3.688464901225563608e+03 1.703403345163466254e+00
2.023840515136718750e+03 3.691454629873317572e+03 1.703466888549322933e+00
2.023861389160156250e+03 3.687631418170246889e+03 1.703818783620550725e+00
2.023882202148437500e+03 3.689318718200288458e+03 1.702973875287791872e+00
2.023903015136718750e+03 3.688547278611294132e+03 1.701358193706677069e+00
2.023923889160156250e+03 3.691681386307077901e+03 1.697281989928477230e+00
2.023944702148437500e+03 3.693432002680958249e+03 1.699680940756018055e+00
2.023965515136718750e+03 3.689912520632970427e+03 1.693578369341075307e+00
2.023986389160156250e+03 3.692887407770127993e+03 1.689446421703645118e+00
2.024007202148437500e+03 3.689789945405321760e+03 1.689790019584526792e+00
2.024028015136718750e+03 3.686261804125354502e+03 1.688442461542030371e+00
2.024048889160156250e+03 3.685535596953905497e+03 1.693616660524750239e+00
2.024069702148437500e+03 3.687875857913407799e+03 1.696690083187870179e+00
2.024090515136718750e+03 3.689914592084003289e+03 1.700572980360617326e+00
2.024111389160156250e+03 3.687858138938694538e+03 1.709589457614437258e+00
2.024132202148437500e+03 3.687872058594759892e+03 1.718853617925964583e+00
2.024153015136718750e+03 3.689469169188757405e+03 1.719195152203278232e+00
2.024173889160156250e+03 3.688479067778118861e+03 1.722952819346511344e+00
2.024194702148437500e+03 3.689874051221455375e+03 1.725905625717071512e+00
2.024215515136718750e+03 3.688950072787477893e+03 1.726035473508741980e+00
2.024236389160156250e+03 3.686854248563603051e+03 1.725405689577056423e+00
2.024257202148437500e+03 3.688493622078457065e+03 1.722816373342238583e+00
2.024278015136718750e+03 3.690735328200601089e+03 1.719397544255443666e+00
2.024298889160156250e+03 3.687627319890154013e+03 1.714187044471649379e+00
2.024319702148437500e+03 3.686172041617252489e+03 1.709636315381602545e+00
2.024340515136718750e+03 3.690066467579989876e+03 1.707594300733765502e+00
2.024361328125000000e+03 3.686228628724742975e+03 1.702690138989364499e+00
2.024382141113281250e+03 3.688640770697390053e+03 1.701481717576713404e+00
2.024403015136718750e+03 3.692819045554571858e+03 1.701956741998071676e+00
2.024423828125000000e+03 3.695398692697753177e+03 1.705558927548554760e+00
2.024444641113281250e+03 3.692026120837596409e+03 1.706392496048514174e+00
2.024465515136718750e+03 3.687010651251338004e+03 1.711866152887786985e+00
2.024486328125000000e+03 3.688066373405617469e+03 1.717717155154746322e+00
2.024507141113281250e+03 3.687086531203672166e+03 1.725831856769179939e+00
2.024528015136718750e+03 3.687285759487007454e+03 1.735021797065242621e+00
2.024548828125000000e+03 3.684935349829328061e+03 1.744086765598276800e+00
2.024569641113281250e+03 3.686933803766315123e+03 1.757293353242937339e+00
2.024590515136718750e+03 3.685549005791055151e+03 1.762313505546173831e+00
2.024611328125000000e+03 3.688308098881920614e+03 1.774141415615947848e+00
2.024632141113281250e+03 3.688582629250724040e+03 1.778842570723575101e+00
2.024653015136718750e+03 3.688325414596991322e+03 1.781486361699518239e+00
2.024673828125000000e+03 3.684981011005686923e+03 1.783104917865761863e+00
2.024694641113281250e+03 3.687466812486339677e+03 1.787676211654860792e+00
2.024715515136718750e+03 3.687314979773129835e+03 1.789711447213007567e+00
2.024736328125000000e+03 3.687794404076464616e+03 1.790483934527997034e+00
2.024757141113281250e+03 3.687591312068351272e+03 1.792644529594437763e+00
2.024778015136718750e+03 3.686085727535103160e+03 1.794551640993817587e+00
2.024798828125000000e+03 3.689805276471602156e+03 1.798375108897711794e+00
2.024819641113281250e+03 3.687741252257630094e+03 1.801185281240771818e+00
2.024840515136718750e+03 3.686602454491407570e+03 1.803297027368146788e+00
2.024861328125000000e+03 3.685686397890147873e+03 1.803057310000703461e+00
2.024882141113281250e+03 3.688603738767209506e+03 1.805378174831105520e+00
2.024903015136718750e+03 3.693285862325708422e+03 1.802145021591843754e+00
2.024923828125000000e+03 3.689632803424623489e+03 1.801405461291563093e+00
2.024944641113281250e+03 3.686114136114766552e+03 1.795437909851441693e+00
2.024965515136718750e+03 3.688189264374815593e+03 1.791762800372943554e+00
2.024986328125000000e+03 3.684035407845668487e+03 1.787391315170450579e+00
2.025007141113281250e+03 3.686767713820117933e+03 1.789341600794579046e+00
2.025028015136718750e+03 3.684849500323354277e+03 1.786065936205295968e+00
2.025048828125000000e+03 3.687299696316437803e+03 1.788849597240086631e+00
2.025069641113281250e+03 3.685652782335090251e+03 1.789521670657669983e+00
2.025090515136718750e+03 3.686479217665264514e+03 1.794906267465637528e+00
2.025111328125000000e+03 3.682382485190190891e+03 1.800170397640393327e+00
2.025132141113281250e+03 3.686556887287822519e+03 1.811220177614890847e+00
2.025153015136718750e+03 3.687741503473025659e+03 1.815898274589024197e+00
2.025173828125000000e+03 3.684769648103233976e+03 1.825381772072710129e+00
2.025194641113281250e+03 3.687689089880640040e+03 1.826466451947174718e+00
2.025215515136718750e+03 3.685758584446857185e+03 1.828682643252255380e+00
2.025236328125000000e+03 3.686743163158130301e+03 1.829037886701136539e+00
2.025257141113281250e+03 3.687155986232839496e+03 1.824947628158139601e+00
2.025278015136718750e+03 3.687417674734192133e+03 1.820052034137255914e+00
2.025298828125000000e+03 3.686424682602521443e+03 1.815999894167354967e+00
2.025319641113281250e+03 3.686468740659879586e+03 1.809708583302538809e+00
2.025340515136718750e+03 3.687709358153179437e+03 1.803607435824729599e+00
2.025361328125000000e+03 3.689870791931425174e+03 1.798668140831171991e+00
2.025382141113281250e+03 3.688585172589807371e+03 1.794085385539235800e+00
2.025403015136718750e+03 3.688213690540393145e+03 1.793373677191083981e+00
2.025423828125000000e+03 3.686943297034185434e+03 1.796940677935226160e+00
2.025444641113281250e+03 3.683457675842344543e+03 1.799267776225471849e+00
2.025465515136718750e+03 3.686575959576069636e+03 1.804532659584424437e+00
2.025486328125000000e+03 3.683734685713502586e+03 1.809338937245187129e+00
2.025507141113281250e+03 3.687021174177947614e+03 1.818809773095415583e+00
2.025528015136718750e+03 3.685828011598791363e+03 1.829402184005839871e+00
2.025548828125000000e+03 3.684403283648482102e+03 1.840576026148397437e+00
2.025569641113281250e+03 3.686904608101321628e+03 1.855791694243646983e+00
2.025590515136718750e+03 3.686875411634716784e+03 1.866338880176526160e+00
2.025611328125000000e+03 3.687003508761060402e+03 1.876801007286152734e+00
2.025632141113281250e+03 3.689852869592798470e+03 1.887065784453887840e+00
2.025653015136718750e+03 3.684757781667316976e+03 1.893156894177146388e+00
2.025673828125000000e+03 3.688115996711452681e+03 1.906323540941836869e+00
2.025694641113281250e+03 3.684020973519139716e+03 1.906848563352040005e+00
2.025715515136718750e+03 3.687371844006079300e+03 1.909425123590094087e+00
2.025736328125000000e+03 3.686104348778575968e+03 1.911905061523499150e+00
2.025757141113281250e+03 3.688171787129155291e+03 1.917277784638900195e+00
2.025778015136718750e+03 3.688814863868669363e+03 1.918400671158483117e+00
2.025798828125000000e+03 3.685411523827245219e+03 1.920160040145859615e+00
2.025819641113281250e+03 3.690075468716047908e+03 1.923703448133277982e+00
2.025840515136718750e+03 3.691918665739018707e+03 1.925370240214828721e+00
2.025861328125000000e+03 3.689907141116792900e+03 1.926188334988641060e+00
2.025882141113281250e+03 3.690473894277478848e+03 1.927332069908967549e+00
2.025903015136718750e+03 3.686939139203735976e+03 1.924534577917089706e+00
2.025923828125000000e+03 3.684622102980498312e+03 1.922230819390144285e+00
2.025944641113281250e+03 3.687004483484359753e+03 1.919414899604494185e+00
2.025965515136718750e+03 3.686756639081304911e+03 1.915390986077547320e+00
2.025986328125000000e+03 3.688192689883341700e+03 1.913185261148366179e+00
2.026007141113281250e+03 3.684810173217950251e+03 1.910566227451631516e+00
2.026028015136718750e+03 3.685281785704435606e+03 1.910209420991179519e+00
2.026048828125000000e+03 3.685919454243954533e+03 1.910653203744213657e+00
2.026069641113281250e+03 3.685383113470366425e+03 1.913994301340036230e+00
2.026090515136718750e+03 3.683834002436125502e+03 1.916782361837187532e+00
2.026111328125000000e+03 3.685182583684607380e+03 1.919088002109835323e+00
2.026132141113281250e+03 3.680625251357871093e+03 1.923703572070557311e+00
2.026153015136718750e+03 3.685175936425552663e+03 1.928528657822423442e+00
2.026173828125000000e+03 3.684214607835755032e+03 1.930189862671567003e+00
2.026194641113281250e+03 3.683639508789871343e+03 1.931680553552028057e+00
2.026215515136718750e+03 3.686274613570765268e+03 1.934535126845124076e+00
2.026236328125000000e+03 3.687317101533918049e+03 1.928148652214507264e+00
2.026257141113281250e+03 3.685812168819596536e+03 1.924455414566525802e+00
2.026278015136718750e+03 3.689340891414633006e+03 1.919048929692951821e+00
2.026298828125000000e+03 3.684268938899674140e+03 1.910387021343994629e+00
2.026319641113281250e+03 3.687150700198100367e+03 1.901329506460050833e+00
2.026340515136718750e+03 3.691938439773252412e+03 1.894132465982988123e+00
2.026361328125000000e+03 3.685039351246905426e+03 1.886463977363634914e+00
2.026382141113281250e+03 3.682917249424444435e+03 1.876623722192609645e+00
2.026403015136718750e+03 3.684926106649914345e+03 1.872008416670438269e+00
2.026423828125000000e+03 3.680876526369572275e+03 1.868622679184614332e+00
2.026444641113281250e+03 3.681462944324278851e+03 1.872464882148271448e+00
2.026465515136718750e+03 3.683855138141671887e+03 1.873127129101362698e+00
2.026486328125000000e+03 3.684824636724789343e+03 1.880341550663791050e+00
2.026507141113281250e+03 3.683377904816331920e+03 1.893593782333170994e+00
2.026528015136718750e+03 3.684787003771166383e+03 1.903141113112815974e+00
2.026548828125000000e+03 3.685497986296935778e+03 1.918539983830325202e+00
2.026569641113281250e+03 3.685648213258133183e+03 1.934675311070345183e+00
2.026590515136718750e+03 3.684573463281746172e+03 1.949402825296674857e+00
2.026611328125000000e+03 3.687420079252368851e+03 1.965475053025800278e+00
2.026632141113281250e+03 3.683084169231417491e+03 1.977911447384606447e+00
2.026653015136718750e+03 3.683804162996647847e+03 1.990917444231395717e+00
2.026673828125000000e+03 3.685494982857232117e+03 1.999556432650227977e+00
2.026694641113281250e+03 3.689089603243307920e+03 2.005232998254521615e+00
2.026715515136718750e+03 3.686832970344841215e+03 2.009023457057453221e+00
2.026736328125000000e+03 3.688531160918393198e+03 2.013767539859018463e+00
2.026757141113281250e+03 3.689239470429766243e+03 2.015725658180356206e+00
2.026778015136718750e+03 3.689615313621724908e+03 2.018864593560288245e+00
2.026798828125000000e+03 3.692293168712105853e+03 2.020067745054753061e+00
2.026819641113281250e+03 3.686880584234698745e+03 2.020281123060013062e+00
2.026840515136718750e+03 3.687493948103984167e+03 2.024335625063292454e+00
2.026861328125000000e+03 3.690619153836912574e+03 2.025828830029299699e+00
2.026882141113281250e+03 3.684786759786009043e+03 2.021851731981587186e+00
2.026903015136718750e+03 3.687618180266541913e+03 2.020261060822519550e+00
2.026923828125000000e+03 3.690375962485910804e+03 2.021636750748645017e+00
2.026944641113281250e+03 3.688756280752861585e+03 2.013581060217262131e+00
2.026965515136718750e+03 3.684310444419549185e+03 2.007869497002279680e+00
2.026986328125000000e+03 3.683300402088567807e+03 2.001639885936326912e+00
2.027007141113281250e+03 3.684284405733410949e+03 1.997958273615167313e+00
2.027028015136718750e+03 3.686954684722721595e+03 1.994028474977475263e+00
2.027048828125000000e+03 3.687197748882281758e+03 1.990429390439458768e+00
2.027069641113281250e+03 3.685249287257229753e+03 1.992044660645924115e+00
2.027090515136718750e+03 3.685655217647482004e+03 1.989680189667769605e+00
2.027111328125000000e+03 3.687674792727143995e+03 1.989831945521338907e+00
2.027132141113281250e+03 3.685906614835068012e+03 1.990421904020051702e+00
2.027153015136718750e+03 3.680995957596185235e+03 1.992551463669865797e+00
2.027173828125000000e+03 3.680457250169791678e+03 1.993375655759436871e+00
2.027194641113281250e+03 3.685765559095342269e+03 1.994721659601368380e+00
2.027215515136718750e+03 3.684598897975387899e+03 1.989597087499667127e+00
2.027236328125000000e+03 3.685983673361738056e+03 1.986291395539840021e+00
2.027257141113281250e+03 3.689879888723682143e+03 1.980766559909561186e+00
2.027278015136718750e+03 3.691490466143566664e+03 1.972441285761935781e+00
2.027298828125000000e+03 3.690014887510426433e+03 1.964931963842024842e+00
2.027319641113281250e+03 3.683890559348389161e+03 1.951000431383359990e+00
2.027340515136718750e+03 3.685122108063249925e+03 1.938798899719480051e+00
2.027361328125000000e+03 3.687895196988319640e+03 1.931859388778931264e+00
2.027382141113281250e+03 3.687822915264590392e+03 1.917161324842328263e+00
2.027403015136718750e+03 3.685894513323881711e+03 1.909062171694973609e+00
2.027423828125000000e+03 3.683015456570437436e+03 1.903679975698352012e+00
2.027444641113281250e+03 3.687550881795325040e+03 1.903260121927788706e+00
2.027465515136718750e+03 3.684994244836881080e+03 1.906493874880928141e+00
2.027486328125000000e+03 3.683678703928240793e+03 1.911737891047986526e+00
2.027507141113281250e+03 3.683030604892268457e+03 1.918846038502390661e+00
2.027528015136718750e+03 3.682899768431032498e+03 1.930188998025834657e+00
2.027548828125000000e+03 3.684409308393095671e+03 1.944328886715775528e+00
2.027569641113281250e+03 3.683135214058618203e+03 1.955046052317159111e+00
2.027590515136718750e+03 3.685851385763243343e+03 1.967332965784007293e+00
2.027611328125000000e+03 3.687436140051082020e+03 1.982141394105270571e+00
2.027632141113281250e+03 3.681931841611356958e+03 1.990665288065343264e+00
2.027653015136718750e+03 3.686056738338754712e+03 2.001031609555782520e+00
2.027673828125000000e+03 3.684526378164726793e+03 2.017620784164513736e+00
2.027694641113281250e+03 3.684100532746504996e+03 2.015731572135670113e+00
2.027715515136718750e+03 3.688513183681585815e+03 2.023294215486683534e+00
2.027736328125000000e+03 3.687373968988738397e+03 2.025214869084436931e+00
2.027757141113281250e+03 3.690934454963114604e+03 2.027346337230405915e+00
2.027778015136718750e+03 3.692457364942302320e+03 2.027799169291126802e+00
2.027798828125000000e+03 3.689049437904716342e+03 2.028824282148277369e+00
2.027819641113281250e+03 3.686781408018905040e+03 2.029211811709715541e+00
2.027840515136718750e+03 3.685220051986130329e+03 2.027142288694126382e+00
2.027861328125000000e+03 3.686902601585125467e+03 2.024311598573727000e+00
2.027882141113281250e+03 3.688285045365286805e+03 2.021739468166542597e+00
2.027903015136718750e+03 3.684832386016689725e+03 2.016890727225053581e+00
2.027923828125000000e+03 3.689303162456891641e+03 2.014900964617565737e+00
2.027944641113281250e+03 3.687727042283592255e+03 2.008761408072588406e+00
2.027965515136718750e+03 3.687663575599247906e+03 2.002184390224460930e+00
2.027986328125000000e+03 3.685779297819423391e+03 1.997224909014686078e+00
2.028007141113281250e+03 3.683824231793108538e+03 1.993067887194590382e+00
2.028028015136718750e+03 3.685139766080679237e+03 1.985824115916940968e+00
2.028048828125000000e+03 3.685384024585873249e+03 1.983495682661907900e+00
2.028069641113281250e+03 3.686752581416847079e+03 1.981339904478188307e+00
2.028090515136718750e+03 3.682416202364055152e+03 1.979020591833033471e+00
2.028111328125000000e+03 3.683719471436038020e+03 1.978964812040608701e+00
2.028132141113281250e+03 3.686484375400715635e+03 1.980713838539192917e+00
2.028153015136718750e+03 3.682273220132347433e+03 1.980699394083231368e+00
2.028173828125000000e+03 3.687724698385086867e+03 1.981421848870748015e+00
2.028194641113281250e+03 3.684037586545705835e+03 1.978318229988290877e+00
2.028215515136718750e+03 3.690318686678964241e+03 1.977642864752529483e+00
2.028236328125000000e+03 3.688267488502988726e+03 1.974885130813239575e+00
2.028257141113281250e+03 3.688268930382927920e+03 1.969521870755322368e+00
2.028278015136718750e+03 3.687231901930906133e+03 1.962852363782884302e+00
2.028298828125000000e+03 3.683291477485188352e+03 1.955124525801927415e+00
2.028319641113281250e+03 3.685441658137265676e+03 1.946181076583618719e+00
2.028340515136718750e+03 3.684332739784657861e+03 1.934077038718783559e+00
2.028361328125000000e+03 3.686859656352605271e+03 1.924488059003122364e+00
2.028382141113281250e+03 3.682862281131662712e+03 1.913596956897153145e+00
2.028403015136718750e+03 3.681452388671473727e+03 1.903716420449199864e+00
2.028423828125000000e+03 3.682932044169123856e+03 1.897424812385301252e+00
2.028444641113281250e+03 3.682723667871783618e+03 1.893352716149704795e+00
2.028465515136718750e+03 3.683125044561465074e+03 1.891206888235686279e+00
2.028486328125000000e+03 3.680680438118107304e+03 1.894463921363223946e+00
2.028507141113281250e+03 3.685256521013680413e+03 1.897919446801481502e+00
2.028528015136718750e+03 3.684406177297227714e+03 1.906217355917658507e+00
2.028548828125000000e+03 3.685567286141150817e+03 1.916323326982265041e+00
2.028569641113281250e+03 3.683622630298174045e+03 1.926271449717834150e+00
2.028590515136718750e+03 3.684190529005783446e+03 1.941285588220117653e+00
2.028611328125000000e+03 3.683848959543988258e+03 1.958424816294432214e+00
2.028632141113281250e+03 3.682732351967031718e+03 1.968324524453026303e+00
2.028653015136718750e+03 3.688946700736988987e+03 1.980909851430094237e+00
2.028673828125000000e+03 3.688624576613546651e+03 1.990739722666451383e+00
2.028694641113281250e+03 3.687379011829896172e+03 1.998296489020642497e+00
2.028715515136718750e+03 3.688416832025343410e+03 2.001705872688801513e+00
2.028736328125000000e+03 3.688982543809677281e+03 2.006414854698008732e+00
2.028757141113281250e+03 3.684943699874238973e+03 2.008974325476456713e+00
2.028778015136718750e+03 3.688773110273904877e+03 2.007081013586366591e+00
2.028798828125000000e+03 3.685924006277449280e+03 2.005761431092200286e+00
2.028819641113281250e+03 3.687067946229547942e+03 2.004204502924957776e+00
2.028840515136718750e+03 3.686810115310661331e+03 2.001046145538554644e+00
2.028861328125000000e+03 3.686832562173568931e+03 2.003084426921269756e+00
2.028882141113281250e+03 3.687674382705139124e+03 1.994333525022871312e+00
2.028903015136718750e+03 3.684509856602928721e+03 1.989479767931626286e+00
2.028923828125000000e+03 3.684773837522637677e+03 1.984201558861179215e+00
2.028944641113281250e+03 3.684525779187320495e+03 1.980978514545665758e+00
2.028965515136718750e+03 3.684030178295554833e+03 1.974434955262610369e+00
2.028986328125000000e+03 3.683377922837303686e+03 1.969182950809587718e+00
2.029007141113281250e+03 3.686114107497808618e+03 1.962573641713492467e+00
2.029028015136718750e+03 3.684384704151734240e+03 1.954508177218307940e+00
2.029048828125000000e+03 3.687106740891626032e+03 1.955621451413966483e+00
2.029069641113281250e+03 3.683144003934354259e+03 1.949674625638535774e+00
2.029090515136718750e+03 3.686599018327023714e+03 1.947682725318638397e+00
2.029111328125000000e+03 3.685142350305821765e+03 1.947318211250048670e+00
2.029132141113281250e+03 3.686499056333361295e+03 1.947273950740726844e+00
2.029173828125000000e+03 3.692281531729165181e+03 1.952914478400341602e+00
2.029194641113281250e+03 3.691677955200521865e+03 1.953858138769119179e+00
2.029215515136718750e+03 3.689982132273384650e+03 1.954819455407830420e+00
2.029236328125000000e+03 3.689478425523577243e+03 1.955765609977341724e+00
2.029257141113281250e+03 3.688502568209965375e+03 1.954785000132693407e+00
2.029278015136718750e+03 3.690270212323284341e+03 1.950762609378238421e+00
2.029298828125000000e+03 3.686221539992212001e+03 1.944108337538929199e+00
2.029319641113281250e+03 3.686884836499851644e+03 1.934549915989935087e+00
2.029340515136718750e+03 3.689614169056969331e+03 1.925560247960102167e+00
2.029361328125000000e+03 3.685857581624903560e+03 1.912974706339986453e+00
2.029382141113281250e+03 3.683330404956520852e+03 1.903912533830706577e+00
2.029403015136718750e+03 3.688241357193932345e+03 1.895861601007457597e+00
2.029423828125000000e+03 3.686179418027826614e+03 1.889283768510962469e+00
2.029444641113281250e+03 3.685629636338773253e+03 1.885166390459316332e+00
2.029465515136718750e+03 3.685236718986191590e+03 1.883552564109779892e+00
2.029486328125000000e+03 3.681987907717526014e+03 1.884136889645747104e+00
2.029507141113281250e+03 3.683791257277478053e+03 1.888191359262056945e+00
2.029528015136718750e+03 3.684978495876966008e+03 1.894671814413323441e+00
2.029548828125000000e+03 3.683168605507888060e+03 1.902152049845277526e+00
2.029569641113281250e+03 3.684447807854754956e+03 1.913820523906680338e+00
2.029590515136718750e+03 3.687978777288346919e+03 1.927969720111988972e+00
2.029611328125000000e+03 3.688935364856551587e+03 1.938988083388178518e+00
2.029632141113281250e+03 3.688354242797464849e+03 1.953590276611774756e+00
2.029653015136718750e+03 3.689468645972803643e+03 1.960958229958436272e+00
2.029673828125000000e+03 3.689833302533674214e+03 1.968919050436775064e+00
2.029694641113281250e+03 3.689921116212594370e+03 1.975012310810591698e+00
2.029715515136718750e+03 3.686978166828791018e+03 1.978141787007289931e+00
2.029736328125000000e+03 3.688731064284336298e+03 1.984836074248496729e+00
2.029757141113281250e+03 3.690637052056104494e+03 1.984208347801856176e+00
2.029778015136718750e+03 3.689146403016196473e+03 1.985848307913944844e+00
2.029798828125000000e+03 3.686464169789348034e+03 1.985459219232044603e+00
2.029819641113281250e+03 3.689711333032767925e+03 1.985819433560898961e+00
2.029840515136718750e+03 3.688548370588203852e+03 1.983171713946392023e+00
2.029861328125000000e+03 3.687153010913774324e+03 1.983323547061316194e+00
2.029882141113281250e+03 3.686348689806774473e+03 1.980082878728696372e+00
2.029903015136718750e+03 3.686787210187007531e+03 1.977344524092505829e+00
2.029923828125000000e+03 3.685909051563461617e+03 1.975725441503104474e+00
2.029944641113281250e+03 3.689765952047610881e+03 1.976636862581056420e+00
2.029965515136718750e+03 3.688565971558011370e+03 1.963624003039094790e+00
2.029986328125000000e+03 3.688104933316760253e+03 1.958515388738006235e+00
2.030007141113281250e+03 3.689581977464366446e+03 1.953104003793394883e+00
2.030028015136718750e+03 3.689228288334789340e+03 1.948166251555066841e+00
2.030048828125000000e+03 3.689386376074427972e+03 1.944210184457500157e+00
2.030069641113281250e+03 3.686307386831851090e+03 1.945169098865482171e+00
2.030090515136718750e+03 3.690809044420838745e+03 1.938642042192982640e+00
2.030111328125000000e+03 3.690996759911596655e+03 1.937081568665116826e+00
2.030132141113281250e+03 3.694443710589339844e+03 1.936254962695603821e+00
2.030153015136718750e+03 3.691253436923912432e+03 1.935933679757031900e+00
2.030173828125000000e+03 3.688935906085678198e+03 1.936314681704676577e+00
2.030194641113281250e+03 3.686174816315196495e+03 1.937769163570204345e+00
2.030215515136718750e+03 3.687737097882852595e+03 1.937818747111897721e+00
2.030236328125000000e+03 3.689601981204047206e+03 1.936596629057627972e+00
2.030257141113281250e+03 3.689129801917808891e+03 1.932814500787635392e+00
2.030278015136718750e+03 3.688625263974190148e+03 1.929145582453265728e+00
2.030298828125000000e+03 3.690344566092729565e+03 1.923318150502820290e+00
2.030319641113281250e+03 3.686020873381176443e+03 1.914124717479708027e+00
2.030340515136718750e+03 3.686587426630937443e+03 1.902607924900333813e+00
2.030361328125000000e+03 3.687115632907960844e+03 1.894466627139635095e+00
2.030382141113281250e+03 3.687386906905097931e+03 1.886182309927534329e+00
2.030403015136718750e+03 3.681910598303762072e+03 1.880718729023126423e+00
2.030423828125000000e+03 3.685433796565335342e+03 1.881324655059076756e+00
2.030444641113281250e+03 3.685895592525261236e+03 1.877506742097048598e+00
2.030465515136718750e+03 3.682586193003521203e+03 1.876638904194531055e+00
2.030486328125000000e+03 3.686649843452277764e+03 1.878432057394527233e+00
2.030507141113281250e+03 3.687646541014315517e+03 1.881402148307319111e+00
2.030528015136718750e+03 3.682767498780081951e+03 1.886079794533695342e+00
2.030548828125000000e+03 3.685926851634254035e+03 1.893409003348505593e+00
2.030569641113281250e+03 3.686979127068658727e+03 1.902974613555587169e+00
2.030590515136718750e+03 3.691066173443590287e+03 1.911672602674496790e+00
2.030611328125000000e+03 3.690777050392649016e+03 1.923017642868131594e+00
2.030632141113281250e+03 3.691128406904150779e+03 1.932716124220339005e+00
2.030653015136718750e+03 3.688286031254620411e+03 1.942813969280686948e+00
2.030673828125000000e+03 3.688577359495217024e+03 1.952135064068280190e+00
2.030694641113281250e+03 3.689707097335125127e+03 1.956353654644219731e+00
2.030715515136718750e+03 3.687175552554057049e+03 1.959434510807221086e+00
2.030736328125000000e+03 3.689159299037837627e+03 1.962670339493234772e+00
2.030757141113281250e+03 3.685754832464078390e+03 1.964126607718107431e+00
2.030778015136718750e+03 3.689200485127776574e+03 1.966881304143809794e+00
2.030798828125000000e+03 3.686986778379682619e+03 1.974632738467587245e+00
2.030819641113281250e+03 3.687765949167609961e+03 1.972401638406921398e+00
2.030840515136718750e+03 3.688561413563419137e+03 1.972689124107266379e+00
2.030861328125000000e+03 3.687264714211090450e+03 1.974579309976051134e+00
2.030882141113281250e+03 3.688349244944792645e+03 1.975563973169424115e+00
2.030903015136718750e+03 3.687688494047970835e+03 1.981213070498196283e+00
2.030923828125000000e+03 3.689569228511162237e+03 1.974771042119243925e+00
2.030944641113281250e+03 3.688730159746112349e+03 1.971375123033960453e+00
2.030965515136718750e+03 3.684316582912038939e+03 1.966667648358288556e+00
2.030986328125000000e+03 3.687130043382618169e+03 1.962719293964688472e+00
2.031007141113281250e+03 3.688123589711452041e+03 1.956354385857210776e+00
2.031028015136718750e+03 3.687615917222891312e+03 1.950852987599702493e+00
2.031048828125000000e+03 3.685874062576809138e+03 1.944585947912711887e+00
2.031069641113281250e+03 3.689372273840295748e+03 1.940883266690563547e+00
2.031090515136718750e+03 3.692152695933300492e+03 1.940128082196260095e+00
2.031111328125000000e+03 3.690649714371801110e+03 1.937650674683189633e+00
2.031132141113281250e+03 3.690048714402868427e+03 1.940737388415564979e+00
2.031153015136718750e+03 3.685668311401564097e+03 1.936948882445163056e+00
2.031173828125000000e+03 3.683005848781400800e+03 1.938039273922075090e+00
2.031194641113281250e+03 3.683919950935350698e+03 1.939224583124699919e+00
2.031215515136718750e+03 3.689805984919719322e+03 1.939332464638667597e+00
2.031236328125000000e+03 3.686999785100307236e+03 1.938198086892989558e+00
2.031257141113281250e+03 3.690399289841492191e+03 1.938183879136309518e+00
2.031278015136718750e+03 3.688622952541139057e+03 1.929553749298654530e+00
2.031298828125000000e+03 3.687119578812189047e+03 1.923535939602000644e+00
2.031319641113281250e+03 3.685972003027533447e+03 1.915443202690955582e+00
2.031340515136718750e+03 3.684550573118565808e+03 1.907636419695145857e+00
2.031361328125000000e+03 3.684084446636292341e+03 1.901398284767527258e+00
2.031382141113281250e+03 3.686771705833428769e+03 1.897712600518387083e+00
2.031403015136718750e+03 3.684263694100296561e+03 1.886730817989193509e+00
2.031423828125000000e+03 3.684452893781801322e+03 1.882766596444286122e+00
2.031444641113281250e+03 3.684023976272294021e+03 1.882403760681578442e+00
2.031465515136718750e+03 3.683740300575584570e+03 1.878974453328622785e+00
2.031486328125000000e+03 3.685793371735708206e+03 1.880769626460769617e+00
2.031507141113281250e+03 3.684915589552855636e+03 1.881761439560679428e+00
2.031528015136718750e+03 3.686131688674087854e+03 1.885995856696196293e+00
2.031548828125000000e+03 3.687290052851752534e+03 1.891749717412932297e+00
2.031569641113281250e+03 3.686038599796592280e+03 1.901581535150046687e+00
2.031590515136718750e+03 3.686448114544666623e+03 1.914734142564037400e+00
2.031611328125000000e+03 3.687394128209419250e+03 1.919864067689786236e+00
2.031632141113281250e+03 3.686796480443843393e+03 1.928813844663691990e+00
2.031653015136718750e+03 3.687488174846827860e+03 1.945265068487075144e+00
2.031673828125000000e+03 3.686560087037268659e+03 1.947516789590450381e+00
2.031694641113281250e+03 3.687982865312957529e+03 1.960075827416327687e+00
2.031715515136718750e+03 3.688992655820581604e+03 1.957430739754765892e+00
2.031736328125000000e+03 3.689792595676710789e+03 1.960740706459091820e+00
2.031757141113281250e+03 3.684736005004653180e+03 1.964502687980073103e+00
2.031778015136718750e+03 3.687844002338119481e+03 1.966130284801585804e+00
2.031798828125000000e+03 3.685874024138772256e+03 1.968085040464833346e+00
2.031819641113281250e+03 3.689322999798938326e+03 1.970536223981945501e+00
2.031840515136718750e+03 3.689202748613096901e+03 1.973883520904541777e+00
2.031861328125000000e+03 3.687483082548195398e+03 1.974273683291677184e+00
2.031882141113281250e+03 3.691221634941135108e+03 1.979986790507016314e+00
2.031902954101562500e+03 3.689498351947198444e+03 1.979996303208107822e+00
2.031923828125000000e+03 3.686752413271727619e+03 1.985007658302273770e+00
2.031944641113281250e+03 3.689348590016837989e+03 1.973425022306282361e+00
2.031965454101562500e+03 3.689041279192265392e+03 1.969587783577108508e+00
2.031986328125000000e+03 3.688980834773414699e+03 1.964869353049826461e+00
2.032007141113281250e+03 3.691750623323201125e+03 1.957933412122938588e+00
2.032027954101562500e+03 3.690835225605740561e+03 1.950590701988805353e+00
2.032048767089843750e+03 3.693620807745715410e+03 1.944786215067739743e+00
2.032069641113281250e+03 3.687803568262972021e+03 1.939488651683991316e+00
2.032090454101562500e+03 3.687263700703364975e+03 1.938014608152937690e+00
2.032111267089843750e+03 3.688533744891514743e+03 1.934207888088209426e+00
2.032132141113281250e+03 3.686950887551530286e+03 1.934473627438672905e+00
2.032152954101562500e+03 3.684640612061602496e+03 1.933567301251401416e+00
2.032173767089843750e+03 3.687893533796565862e+03 1.934828546996183452e+00
2.032194641113281250e+03 3.683347364766368173e+03 1.939478632979129369e+00
2.032215454101562500e+03 3.687750673764474868e+03 1.938661596273659304e+00
2.032236267089843750e+03 3.687658249136692575e+03 1.935915452833152139e+00
2.032257141113281250e+03 3.691035870346620868e+03 1.936536180047429445e+00
2.032277954101562500e+03 3.688206572723563568e+03 1.932893260110466915e+00
2.032298767089843750e+03 3.683778282041440889e+03 1.932081582986766799e+00
2.032319641113281250e+03 3.682850110100845541e+03 1.921578423171512284e+00
2.032340454101562500e+03 3.684826913851989048e+03 1.917923687873611449e+00
2.032361267089843750e+03 3.687251157674288606e+03 1.909474631549283874e+00
2.032382141113281250e+03 3.685473510116326906e+03 1.905418151959440198e+00
2.032402954101562500e+03 3.682847217603632998e+03 1.894905918473292594e+00
2.032423767089843750e+03 3.684753314443296858e+03 1.889474755321680632e+00
2.032444641113281250e+03 3.684868633631033845e+03 1.883943210304737548e+00
2.032465454101562500e+03 3.685221993829572966e+03 1.879987568103998363e+00
2.032486267089843750e+03 3.682286459713229306e+03 1.874959500193300821e+00
2.032507141113281250e+03 3.686257148106693421e+03 1.877582043761254038e+00
2.032527954101562500e+03 3.690329193074271643e+03 1.880432143764365183e+00
2.032548767089843750e+03 3.686095906996099075e+03 1.881178594102198787e+00
2.032569641113281250e+03 3.682368061374279932e+03 1.884862203544845016e+00
2.032590454101562500e+03 3.685481345060240983e+03 1.893183466706499507e+00
2.032611267089843750e+03 3.688445989525283494e+03 1.901324177134555926e+00
2.032632141113281250e+03 3.687676019785913468e+03 1.910305399620206179e+00
2.032652954101562500e+03 3.685833629021681645e+03 1.917359855633329557e+00
2.032673767089843750e+03 3.687195667755836894e+03 1.925603397970050201e+00
2.032694641113281250e+03 3.687733292497490766e+03 1.931904928024327672e+00
2.032715454101562500e+03 3.690430742547567661e+03 1.937302610125285041e+00
2.032736267089843750e+03 3.691437780601599115e+03 1.939654106490620533e+00
2.032757141113281250e+03 3.687026517715606587e+03 1.946363662997353305e+00
2.032777954101562500e+03 3.688189551895023214e+03 1.942991350300963260e+00
2.032798767089843750e+03 3.689509193088655593e+03 1.945881342925263935e+00
2.032819641113281250e+03 3.688752026840689268e+03 1.947121510582078496e+00
2.032840454101562500e+03 3.689942273218985520e+03 1.949081568964890154e+00
2.032861267089843750e+03 3.688687650068172388e+03 1.949321002609837095e+00
2.032882141113281250e+03 3.687306047507364383e+03 1.949470885946542831e+00
2.032902954101562500e+03 3.688351441936776155e+03 1.950384857639836822e+00
2.032923767089843750e+03 3.689768869657284995e+03 1.951637006426219401e+00
2.032944641113281250e+03 3.687974941152703195e+03 1.948020123133030079e+00
2.032965454101562500e+03 3.691550294530427436e+03 1.944170329284924170e+00
2.032986267089843750e+03 3.697406264305234799e+03 1.941096075751022720e+00
2.033007141113281250e+03 3.691914860271034286e+03 1.932687628003486813e+00
2.033027954101562500e+03 3.691067332842345422e+03 1.925295816951989147e+00
2.033048767089843750e+03 3.688794793042940000e+03 1.917326095035951417e+00
2.033069641113281250e+03 3.686364651888001845e+03 1.910590623640550767e+00
2.033090454101562500e+03 3.687287560911436685e+03 1.903787491968364387e+00
2.033111267089843750e+03 3.685930965069458125e+03 1.900678403104746339e+00
2.033132141113281250e+03 3.687205117056498693e+03 1.900060391721142050e+00
2.033152954101562500e+03 3.685103903218164305e+03 1.897731445631860359e+00
2.033173767089843750e+03 3.690398713201760984e+03 1.896847848210837739e+00
2.033194641113281250e+03 3.682881844802831438e+03 1.894969456912170003e+00
2.033215454101562500e+03 3.685465811673425833e+03 1.895671257664582443e+00
2.033236267089843750e+03 3.684223357110739016e+03 1.897697712746424958e+00
2.033257141113281250e+03 3.686292894611359770e+03 1.897646201410618350e+00
2.033277954101562500e+03 3.687439625552100097e+03 1.897816560396360597e+00
2.033298767089843750e+03 3.688506353318447509e+03 1.900292012713189038e+00
2.033319641113281250e+03 3.688027591706859766e+03 1.894627959939006567e+00
2.033340454101562500e+03 3.684982288055501158e+03 1.891636853536306617e+00
2.033361267089843750e+03 3.687074996331863986e+03 1.885759255773027609e+00
2.033382141113281250e+03 3.684188441336526012e+03 1.878559358103202070e+00
2.033402954101562500e+03 3.686867063018883528e+03 1.872592906811598734e+00
2.033423767089843750e+03 3.688802427915114095e+03 1.866595058543589314e+00
2.033444641113281250e+03 3.684335721031526646e+03 1.857876534477318264e+00
2.033465454101562500e+03 3.689008732818805129e+03 1.849870770039011791e+00
2.033486267089843750e+03 3.687545769886190556e+03 1.845412393913682836e+00
2.033507141113281250e+03 3.686809140301560092e+03 1.836343988099725433e+00
2.033527954101562500e+03 3.689288053031291383e+03 1.833692175974767968e+00
2.033548767089843750e+03 3.690266133003146933e+03 1.833478668983446136e+00
2.033569641113281250e+03 3.686050620013584648e+03 1.840033648950314404e+00
2.033590454101562500e+03 3.687888515618810288e+03 1.840762158191156628e+00
2.033611267089843750e+03 3.688953599209691674e+03 1.848585221876525519e+00
2.033632141113281250e+03 3.689423978976529270e+03 1.852008106032689838e+00
2.033652954101562500e+03 3.686936078775696842e+03 1.858620434409541167e+00
2.033673767089843750e+03 3.688832677660370337e+03 1.873844744505430038e+00
2.033694641113281250e+03 3.686933318399218479e+03 1.874141432966986542e+00
2.033715454101562500e+03 3.687514171100894146e+03 1.877444517532369961e+00
2.033736267089843750e+03 3.690764136961822260e+03 1.882277859959282207e+00
2.033757141113281250e+03 3.689268378840358309e+03 1.883681164188159674e+00
2.033777954101562500e+03 3.687676081560699913e+03 1.886914355640568308e+00
2.033798767089843750e+03 3.689129313526777878e+03 1.887777469779180262e+00
2.033819641113281250e+03 3.689130316050856891e+03 1.886477689961450377e+00
2.033840454101562500e+03 3.687375182119227247e+03 1.885015378226531313e+00
2.033861267089843750e+03 3.685336448755246238e+03 1.882202176146566153e+00
2.033882141113281250e+03 3.687253633199162778e+03 1.879667132006458630e+00
2.033902954101562500e+03 3.689533486516597350e+03 1.881717347554203057e+00
2.033923767089843750e+03 3.691540164986745822e+03 1.881090381732418493e+00
2.033944641113281250e+03 3.698378032013528809e+03 1.874011860186034051e+00
2.033965454101562500e+03 3.694387174825646525e+03 1.868435494485159332e+00
2.033986267089843750e+03 3.688816811500161293e+03 1.861572761910794460e+00
2.034007141113281250e+03 3.689613280967532774e+03 1.859218494656669662e+00
2.034027954101562500e+03 3.688523942308556798e+03 1.853278608211714973e+00
2.034048767089843750e+03 3.685171344309720098e+03 1.837007186613940357e+00
2.034069641113281250e+03 3.688001946848334683e+03 1.828111893044460423e+00
2.034090454101562500e+03 3.688765080285158547e+03 1.819431206199623619e+00
2.034111267089843750e+03 3.687659914056214802e+03 1.809212893799323263e+00
2.034132141113281250e+03 3.683790668105968052e+03 1.803104251100899225e+00
2.034152954101562500e+03 3.680371794680419953e+03 1.792316924978450521e+00
2.034173767089843750e+03 3.684583243151787883e+03 1.789492159894218615e+00
2.034194641113281250e+03 3.682007935143828945e+03 1.782825375643347199e+00
2.034215454101562500e+03 3.682060101001932708e+03 1.779593115389456859e+00
2.034236267089843750e+03 3.684863159257142797e+03 1.775903608786469468e+00
2.034257141113281250e+03 3.682435955905794799e+03 1.776866203122631882e+00
2.034277954101562500e+03 3.684441037458665505e+03 1.770826795977324952e+00
2.034298767089843750e+03 3.682114399787732509e+03 1.764803737610657342e+00
2.034319641113281250e+03 3.684049680104436902e+03 1.761724027976780516e+00
2.034340454101562500e+03 3.680730145183794775e+03 1.757359967791597422e+00
2.034361267089843750e+03 3.683549842506096411e+03 1.750729817388637644e+00
2.034382141113281250e+03 3.685591833327863242e+03 1.740319863220080476e+00
2.034402954101562500e+03 3.686874852343721159e+03 1.731612815435707331e+00
2.034423767089843750e+03 3.688433901018669985e+03 1.719931872371509129e+00
2.034444641113281250e+03 3.683516256353195786e+03 1.709999349828228432e+00
2.034465454101562500e+03 3.683337198728628664e+03 1.700115800167233182e+00
2.034486267089843750e+03 3.684700121309143924e+03 1.693630808334982474e+00
2.034507141113281250e+03 3.682119504121973478e+03 1.686243861295414703e+00
2.034527954101562500e+03 3.682447911641888368e+03 1.681433829996039853e+00
2.034548767089843750e+03 3.683890992116206689e+03 1.672194334531963422e+00
2.034569641113281250e+03 3.682724932131714013e+03 1.665995446783944178e+00
2.034590454101562500e+03 3.681627907004361987e+03 1.658910665543036789e+00
2.034611267089843750e+03 3.685005475080051838e+03 1.655463913842518675e+00
2.034632141113281250e+03 3.680809130621527402e+03 1.646966359103548605e+00
2.034652954101562500e+03 3.683071938394205972e+03 1.640406494122003123e+00
2.034673767089843750e+03 3.681212971524686964e+03 1.635095852366579727e+00
2.034694641113281250e+03 3.683698987352104723e+03 1.620555153962462969e+00
2.034715454101562500e+03 3.681687553194972224e+03 1.607431886810976041e+00
2.034736267089843750e+03 3.683347204681131643e+03 1.594040488902722430e+00
2.034757141113281250e+03 3.683025240283628136e+03 1.583892857251383957e+00
2.034777954101562500e+03 3.680168638700859901e+03 1.559801594515055401e+00
2.034798767089843750e+03 3.680976309591085737e+03 1.544321515011263690e+00
2.034819641113281250e+03 3.680231925699576550e+03 1.526798941380466346e+00
2.034840454101562500e+03 3.682772547806291186e+03 1.513997807021171704e+00
2.034861267089843750e+03 3.681921349101857231e+03 1.507412872327110964e+00
2.034882141113281250e+03 3.684161784270635508e+03 1.503069756458276007e+00
2.034902954101562500e+03 3.684960217296287738e+03 1.502457830310172548e+00
2.034923767089843750e+03 3.682929336033525033e+03 1.504478841002116374e+00
2.034944641113281250e+03 3.681925083829262348e+03 1.501501206368626384e+00
2.034965454101562500e+03 3.681134398664068613e+03 1.500280274591548224e+00
2.034986267089843750e+03 3.678652334436803812e+03 1.495972152828171309e+00
2.035007141113281250e+03 3.679763651488070536e+03 1.496558294061345107e+00
2.035027954101562500e+03 3.678731229647984946e+03 1.498191697184052096e+00
2.035048767089843750e+03 3.680741140458409063e+03 1.494079748172612243e+00
2.035069641113281250e+03 3.677841272005630344e+03 1.493149611987588665e+00
2.035090454101562500e+03 3.681151953442461490e+03 1.494737533315734890e+00
2.035111267089843750e+03 3.681153636623648708e+03 1.495012016758418882e+00
