1.816097717285156250e+03 2.145812888888232465e+03 1.731154191984579205e+00
1.816118530273437500e+03 2.144458485494015349e+03 1.731480631976373585e+00
1.816139343261718750e+03 2.143797862458614418e+03 1.730797316657521456e+00
1.816160217285156250e+03 2.146045653053474325e+03 1.731363654967785326e+00
1.816181091308593750e+03 2.147166384751676105e+03 1.732978120805497069e+00
1.816201904296875000e+03 2.146098509085910337e+03 1.736212641820110258e+00
1.816222717285156250e+03 2.146054719508918879e+03 1.730098159408758773e+00
1.816243591308593750e+03 2.143428086080339199e+03 1.730355631487261014e+00
1.816264404296875000e+03 2.146117637405612641e+03 1.731929808086326350e+00
1.816285217285156250e+03 2.145261103500003628e+03 1.731318831194420094e+00
1.816306091308593750e+03 2.145102086276830505e+03 1.734309564679182403e+00
1.816326904296875000e+03 2.145811945663306687e+03 1.732532519190826292e+00
1.816347717285156250e+03 2.144631763247863546e+03 1.730767975505145495e+00
1.816368591308593750e+03 2.144613869456028169e+03 1.731988312873437241e+00
1.816389404296875000e+03 2.143260333319966776e+03 1.731668233102794385e+00
1.816410217285156250e+03 2.147733448373197461e+03 1.732402470253147975e+00
1.816431091308593750e+03 2.149364997478564419e+03 1.732895709998956590e+00
1.816451904296875000e+03 2.146146499452347143e+03 1.738668951453324452e+00
1.816472717285156250e+03 2.142432658279007228e+03 1.731346717088448894e+00
1.816493591308593750e+03 2.143259635768349654e+03 1.731624243323391266e+00
1.816514404296875000e+03 2.143548742355822924e+03 1.731218782549732715e+00
1.816535217285156250e+03 2.141099755365452438e+03 1.729484812259295623e+00
1.816556091308593750e+03 2.144765565240068554e+03 1.730579587947441711e+00
1.816576904296875000e+03 2.143729812725553984e+03 1.731116042480387529e+00
1.816597717285156250e+03 2.142602645087198198e+03 1.730197514961988370e+00
1.816618591308593750e+03 2.144075964337183905e+03 1.731460665889168249e+00
1.816639404296875000e+03 2.145174202271111881e+03 1.730818736762165244e+00
1.816660217285156250e+03 2.144507248695351791e+03 1.731955412777524517e+00
1.816681091308593750e+03 2.146469232844901398e+03 1.730487005339833351e+00
1.816701904296875000e+03 2.142443297035585601e+03 1.730575454900938670e+00
1.816722717285156250e+03 2.145718658721115844e+03 1.732551922481117890e+00
1.816743591308593750e+03 2.143022225352630358e+03 1.730668652701352617e+00
1.816764404296875000e+03 2.146298929255859548e+03 1.731670849048213112e+00
1.816785217285156250e+03 2.146885618061105561e+03 1.730689523361305548e+00
1.816806091308593750e+03 2.150419525098464874e+03 1.731438978326682365e+00
1.816826904296875000e+03 2.145709736209404582e+03 1.741667118102871559e+00
1.816847717285156250e+03 2.145595242159286045e+03 1.730325593903988102e+00
1.816868591308593750e+03 2.147168530250675758e+03 1.731724475058454393e+00
1.816889404296875000e+03 2.147935769488431106e+03 1.729486673304309496e+00
1.816910217285156250e+03 2.142841965179436102e+03 1.730546247757641432e+00
1.816931091308593750e+03 2.144522565634003513e+03 1.731047247296397806e+00
1.816951904296875000e+03 2.144601682358678318e+03 1.731052549925341522e+00
1.816972717285156250e+03 2.148425448900648007e+03 1.738970193529600250e+00
1.816993591308593750e+03 2.147743623401205696e+03 1.730601699578568020e+00
1.817014404296875000e+03 2.146392647886107625e+03 1.733290530862276135e+00
1.817035217285156250e+03 2.146553125906400055e+03 1.730951177374622008e+00
1.817056091308593750e+03 2.145484386365353203e+03 1.733394242402493957e+00
1.817076904296875000e+03 2.147112356619336424e+03 1.738665249018491066e+00
1.817097717285156250e+03 2.146829445495368418e+03 1.732300488542614314e+00
1.817118591308593750e+03 2.146511321112259793e+03 1.732264979331442856e+00
1.817139404296875000e+03 2.147877614219941279e+03 1.731326474039686536e+00
1.817160217285156250e+03 2.148540343928445509e+03 1.735801934580774697e+00
1.817181091308593750e+03 2.145008964387428477e+03 1.730360729557432808e+00
1.817201904296875000e+03 2.147706453760259137e+03 1.734357335456038873e+00
1.817222717285156250e+03 2.151028655725086082e+03 1.737844965329156555e+00
1.817243591308593750e+03 2.145823271285109968e+03 1.732388363829107769e+00
1.817264404296875000e+03 2.144982773454930339e+03 1.734387028283002063e+00
1.817285217285156250e+03 2.145193192832029581e+03 1.731256585504559187e+00
1.817306091308593750e+03 2.145625858453030105e+03 1.731710294272452710e+00
1.817326904296875000e+03 2.147576321167061451e+03 1.732818592497672672e+00
1.817347717285156250e+03 2.147176602268349598e+03 1.732039313669666791e+00
1.817368591308593750e+03 2.145003221050975753e+03 1.730132197251889492e+00
1.817389404296875000e+03 2.148322474923047139e+03 1.731445932146145505e+00
1.817410217285156250e+03 2.147613007946536072e+03 1.731358628703808966e+00
1.817431091308593750e+03 2.147634153707114365e+03 1.733572834536825313e+00
1.817451904296875000e+03 2.148666828252311461e+03 1.733841753940338570e+00
1.817472717285156250e+03 2.149718033077875589e+03 1.730302720899128621e+00
1.817493591308593750e+03 2.146828673338000499e+03 1.730962540761683099e+00
1.817514404296875000e+03 2.146140353133295321e+03 1.731596086524353151e+00
1.817535217285156250e+03 2.150668879703512175e+03 1.735397793353133933e+00
1.817556091308593750e+03 2.148650758803050394e+03 1.734963531990348695e+00
1.817576904296875000e+03 2.148200135164472158e+03 1.731519806147423290e+00
1.817597717285156250e+03 2.149378309251289920e+03 1.732628088615696837e+00
1.817618591308593750e+03 2.146797380439173139e+03 1.732253555670772327e+00
1.817639404296875000e+03 2.147291674250569031e+03 1.731803086824195814e+00
1.817660217285156250e+03 2.149034146356679685e+03 1.732579926137525206e+00
1.817681091308593750e+03 2.148273954478846917e+03 1.731603728145887144e+00
1.817701904296875000e+03 2.148137274891366815e+03 1.730516695688780970e+00
1.817722717285156250e+03 2.147958816480124824e+03 1.731193166963627128e+00
1.817743591308593750e+03 2.148031690876185621e+03 1.731421008426257790e+00
1.817764404296875000e+03 2.148189476506922801e+03 1.739409896824009483e+00
1.817785278320312500e+03 2.148858805833338920e+03 1.730942224350456637e+00
1.817806091308593750e+03 2.149612112838227858e+03 1.730543147913969904e+00
1.817826965332031250e+03 2.145216603280847721e+03 1.729675179896806414e+00
1.817847778320312500e+03 2.147594896447261817e+03 1.730884304052203948e+00
1.817868591308593750e+03 2.148509325867283678e+03 1.732835515989926245e+00
1.817889465332031250e+03 2.149159046781202505e+03 1.733370447067142939e+00
1.817910278320312500e+03 2.148842854781805727e+03 1.731174092746059268e+00
1.817931091308593750e+03 2.148488840701380013e+03 1.730063225136575955e+00
1.817951965332031250e+03 2.146561225544360695e+03 1.732078406380675339e+00
1.817972778320312500e+03 2.147611370063305458e+03 1.732716910474905836e+00
1.817993591308593750e+03 2.148499509677209517e+03 1.734286812954539236e+00
1.818014465332031250e+03 2.150673065209387914e+03 1.732692693037590992e+00
1.818035278320312500e+03 2.148300843470815380e+03 1.733390322384173121e+00
1.818056091308593750e+03 2.148967887786086976e+03 1.736009257401776695e+00
1.818076965332031250e+03 2.149716541405011412e+03 1.730380432768515275e+00
1.818097778320312500e+03 2.148113166762810579e+03 1.737369186636458229e+00
1.818118591308593750e+03 2.149485397015504532e+03 1.732295740260023420e+00
1.818139465332031250e+03 2.145591729458545615e+03 1.730385048523291669e+00
1.818160278320312500e+03 2.148156234076070177e+03 1.733804832422014996e+00
1.818181091308593750e+03 2.147202047751306509e+03 1.731730119805036328e+00
1.818201965332031250e+03 2.145406268294411802e+03 1.730914331939848116e+00
1.818222778320312500e+03 2.148782187831031024e+03 1.731510374134522356e+00
1.818243591308593750e+03 2.147379363129856301e+03 1.730164029608521226e+00
1.818264465332031250e+03 2.149757466635744095e+03 1.732601737025646349e+00
1.818285278320312500e+03 2.144168351938151318e+03 1.733421475969257886e+00
1.818306091308593750e+03 2.150293503951980256e+03 1.730824935456817482e+00
1.818326965332031250e+03 2.150426470580786827e+03 1.731616946006224289e+00
1.818347778320312500e+03 2.150182655539475945e+03 1.731414536462416498e+00
1.818368591308593750e+03 2.147980488864121526e+03 1.731005789819265006e+00
1.818389465332031250e+03 2.146370001312819568e+03 1.736919495464592789e+00
1.818410278320312500e+03 2.146951337431466982e+03 1.731583006193011087e+00
1.818431091308593750e+03 2.149923664722529338e+03 1.731336457885833013e+00
1.818451965332031250e+03 2.147517991563835039e+03 1.731186763007878548e+00
1.818472778320312500e+03 2.148641122330051530e+03 1.730330140911095160e+00
1.818493591308593750e+03 2.148217290394727570e+03 1.732093547686620161e+00
1.818514465332031250e+03 2.146164504767986273e+03 1.731081817390254241e+00
1.818535278320312500e+03 2.149807293361167922e+03 1.731183044571088958e+00
1.818556091308593750e+03 2.147350969631826047e+03 1.731019012245389677e+00
1.818576965332031250e+03 2.147436813595605145e+03 1.733733324824687783e+00
1.818597778320312500e+03 2.146447208476994547e+03 1.732382170728610893e+00
1.818618591308593750e+03 2.149974465010635868e+03 1.731565932769759897e+00
1.818639465332031250e+03 2.146970558966168028e+03 1.731361727087437297e+00
1.818660278320312500e+03 2.148195150043656668e+03 1.732544560265349531e+00
1.818681091308593750e+03 2.147858820372235641e+03 1.731151368674628044e+00
1.818701965332031250e+03 2.146054171880941340e+03 1.733898062898506565e+00
1.818722778320312500e+03 2.145327314219889104e+03 1.731309742361537118e+00
1.818743591308593750e+03 2.146932365224799923e+03 1.730431343173750580e+00
1.818764465332031250e+03 2.146411066131396638e+03 1.730259316474294762e+00
1.818785278320312500e+03 2.147560891282244938e+03 1.733531506225947760e+00
1.818806091308593750e+03 2.148056429205808854e+03 1.730646955213771543e+00
1.818826965332031250e+03 2.149280497149284656e+03 1.733315221373979753e+00
1.818847778320312500e+03 2.150359511032112550e+03 1.733065273880436852e+00
1.818868591308593750e+03 2.149164794112299205e+03 1.731775552461164880e+00
1.818889465332031250e+03 2.146326825055718928e+03 1.736036930618714003e+00
1.818910278320312500e+03 2.146357762055883995e+03 1.732384235097903069e+00
1.818931091308593750e+03 2.149086438640846609e+03 1.731825251668390520e+00
1.818951965332031250e+03 2.147456914224528646e+03 1.740838319592649119e+00
1.818972778320312500e+03 2.148141184966462333e+03 1.731055855452048764e+00
1.818993591308593750e+03 2.149683846261368217e+03 1.734304753161092671e+00
1.819014465332031250e+03 2.148575791742132424e+03 1.731176709438163375e+00
1.819035278320312500e+03 2.145441814547010836e+03 1.729646715684414193e+00
1.819056091308593750e+03 2.149338580213346631e+03 1.730835404312934589e+00
1.819076965332031250e+03 2.148883909678833334e+03 1.731222638626646493e+00
1.819097778320312500e+03 2.148067222412318188e+03 1.730528819675517305e+00
1.819118591308593750e+03 2.148085941135507710e+03 1.731362691027879652e+00
1.819139465332031250e+03 2.147598566308403861e+03 1.737746733017968781e+00
1.819160278320312500e+03 2.151732221310377099e+03 1.731389061476101832e+00
1.819181091308593750e+03 2.150049243244990521e+03 1.732692968237643516e+00
1.819201965332031250e+03 2.147570010396352245e+03 1.731560012107869806e+00
1.819222778320312500e+03 2.149277850600935835e+03 1.732076066348857024e+00
1.819243591308593750e+03 2.147676459836472077e+03 1.733863823969691298e+00
1.819264465332031250e+03 2.148716460135327452e+03 1.731048486873449921e+00
1.819285278320312500e+03 2.148717122401922097e+03 1.730682635382545520e+00
1.819306091308593750e+03 2.148228500968302797e+03 1.732188590770462611e+00
1.819326965332031250e+03 2.146421559741300371e+03 1.733633140470588474e+00
1.819347778320312500e+03 2.149322415310686665e+03 1.731362209057725421e+00
1.819368591308593750e+03 2.149246787035229318e+03 1.731242676316618212e+00
1.819389465332031250e+03 2.148381279116326368e+03 1.732776627027374117e+00
1.819410278320312500e+03 2.148628319598939015e+03 1.731354566370206793e+00
1.819431091308593750e+03 2.147120158243682909e+03 1.735107404698932321e+00
1.819451965332031250e+03 2.150600583427122274e+03 1.730787605204411994e+00
1.819472778320312500e+03 2.149138882012958220e+03 1.732315077387410529e+00
1.819493591308593750e+03 2.148716090664805506e+03 1.733540308344783787e+00
1.819514465332031250e+03 2.148024032524901031e+03 1.733490452003205951e+00
1.819535278320312500e+03 2.149861189524884139e+03 1.732616392136942629e+00
1.819556091308593750e+03 2.148852949846334923e+03 1.733661264185356154e+00
1.819576965332031250e+03 2.149572040528260914e+03 1.731219746569766293e+00
1.819597778320312500e+03 2.151551864521803509e+03 1.735549666432315119e+00
1.819618591308593750e+03 2.146415502610446310e+03 1.730124204620141048e+00
1.819639465332031250e+03 2.152514399482961835e+03 1.735161061905015956e+00
1.819660339355468750e+03 2.149302153157794237e+03 1.731336457885833013e+00
1.819681152343750000e+03 2.148907657107612977e+03 1.731239233431062230e+00
1.819701965332031250e+03 2.148286141187072189e+03 1.731260166069507500e+00
1.819722839355468750e+03 2.151810542325985807e+03 1.733034870543091577e+00
1.819743652343750000e+03 2.151366591551770853e+03 1.731989482949021886e+00
1.819764465332031250e+03 2.148131740792945493e+03 1.733361093897918703e+00
1.819785339355468750e+03 2.149565379534633394e+03 1.731960506138699118e+00
1.819806152343750000e+03 2.149076974023594630e+03 1.732945445871126866e+00
1.819826965332031250e+03 2.150003699264309944e+03 1.731766672535728357e+00
1.819847839355468750e+03 2.150827552683370868e+03 1.730813020168531224e+00
1.819868652343750000e+03 2.147808092600213513e+03 1.730925213476962599e+00
1.819889465332031250e+03 2.149682293119724818e+03 1.741416315705963891e+00
1.819910339355468750e+03 2.148282803849614083e+03 1.733336472814113183e+00
1.819931152343750000e+03 2.150171083920093679e+03 1.733216319658334115e+00
1.819951965332031250e+03 2.150928037487530219e+03 1.731540528856636341e+00
1.819972839355468750e+03 2.154925405522664732e+03 1.733498566650290895e+00
1.819993652343750000e+03 2.149477647641862859e+03 1.731885893782980412e+00
1.820014465332031250e+03 2.145957205772664565e+03 1.729933128387518559e+00
1.820035339355468750e+03 2.147184174039114168e+03 1.731972826504468488e+00
1.820056152343750000e+03 2.146875821738093691e+03 1.732756400683635345e+00
1.820076965332031250e+03 2.147491288678814726e+03 1.732334345484698446e+00
1.820097839355468750e+03 2.149342073281222383e+03 1.737040421884693098e+00
1.820118652343750000e+03 2.149223761767337237e+03 1.732736586893497188e+00
1.820139465332031250e+03 2.149563496198153189e+03 1.732596301530318517e+00
1.820160339355468750e+03 2.148131818625758115e+03 1.730603903837836466e+00
1.820181152343750000e+03 2.150780674396784889e+03 1.731254726362146057e+00
1.820201965332031250e+03 2.146644904785348444e+03 1.733391285196511866e+00
1.820222839355468750e+03 2.146736559433038110e+03 1.732013434910811389e+00
1.820243652343750000e+03 2.152350589098581167e+03 1.731882452176104703e+00
1.820264465332031250e+03 2.148786988506994931e+03 1.733990807122806288e+00
1.820285339355468750e+03 2.148734624869389336e+03 1.732187833749847972e+00
1.820306152343750000e+03 2.147634585931356924e+03 1.730487556441437480e+00
1.820326965332031250e+03 2.148091599840221079e+03 1.731944813031923269e+00
1.820347839355468750e+03 2.148916760016461467e+03 1.733105168853336542e+00
1.820368652343750000e+03 2.148933032511113197e+03 1.735582361023807030e+00
1.820389465332031250e+03 2.150040970992787152e+03 1.732117429386521135e+00
1.820410339355468750e+03 2.146517122170643233e+03 1.731415293821137125e+00
1.820431152343750000e+03 2.149732414431992765e+03 1.734152564829008147e+00
1.820451965332031250e+03 2.148401955132417243e+03 1.732132226239982309e+00
1.820472839355468750e+03 2.149556451371981893e+03 1.736256446689092625e+00
1.820493652343750000e+03 2.150634817833999023e+03 1.733265496112478932e+00
1.820514465332031250e+03 2.147966801178806691e+03 1.731336802155363008e+00
1.820535339355468750e+03 2.153201980551148154e+03 1.732039107191738037e+00
1.820556152343750000e+03 2.149230023422339400e+03 1.733538176585729396e+00
1.820576965332031250e+03 2.149568295448216304e+03 1.732601737025646349e+00
1.820597839355468750e+03 2.150377613243819724e+03 1.732296841312218172e+00
1.820618652343750000e+03 2.149083383367544684e+03 1.731573918746752261e+00
1.820639465332031250e+03 2.147216325369514379e+03 1.731442902762881708e+00
1.820660339355468750e+03 2.147019561776771752e+03 1.737900595830368156e+00
1.820681152343750000e+03 2.148632461675250397e+03 1.730926659752061836e+00
1.820701965332031250e+03 2.149231074481520864e+03 1.730387184166857661e+00
1.820722839355468750e+03 2.147239478331452574e+03 1.731245017474885461e+00
1.820743652343750000e+03 2.150120519607333335e+03 1.730952485889659664e+00
1.820764465332031250e+03 2.151009116072130837e+03 1.736133543081534336e+00
1.820785339355468750e+03 2.148862074240247239e+03 1.731898421174252745e+00
1.820806152343750000e+03 2.148912329385947032e+03 1.733817964746743545e+00
1.820826965332031250e+03 2.148834921428674534e+03 1.731525864639558820e+00
1.820847839355468750e+03 2.151008692522530055e+03 1.733502486423836197e+00
1.820868652343750000e+03 2.149473725541566637e+03 1.731151850703482209e+00
1.820889465332031250e+03 2.148716106551667508e+03 1.730684150740224858e+00
1.820910339355468750e+03 2.145876056677301676e+03 1.730528130814910526e+00
1.820931152343750000e+03 2.146941631420660997e+03 1.735849046213300273e+00
1.820951965332031250e+03 2.148079736444932223e+03 1.734455965918760834e+00
1.820972839355468750e+03 2.150127933458667940e+03 1.732416851806239277e+00
1.820993652343750000e+03 2.148357741007905588e+03 1.732864753341181174e+00
1.821014465332031250e+03 2.146782942586592071e+03 1.732225684375305885e+00
1.821035339355468750e+03 2.150430998038842517e+03 1.733379937731385878e+00
1.821056152343750000e+03 2.148559928460638275e+03 1.736225755932843784e+00
1.821076965332031250e+03 2.148502157848590741e+03 1.730678571462218596e+00
1.821097839355468750e+03 2.145110479901648432e+03 1.729792271088335998e+00
1.821118652343750000e+03 2.147476314636891402e+03 1.732758739796685266e+00
1.821160339355468750e+03 2.152646319977396615e+03 1.731778650098860783e+00
1.821181152343750000e+03 2.152011530640143519e+03 1.731808318303681427e+00
1.821201965332031250e+03 2.150747561542723815e+03 1.731152263870964658e+00
1.821222839355468750e+03 2.148908499520100122e+03 1.731514367255744480e+00
1.821243652343750000e+03 2.152924197419001757e+03 1.732880025361465348e+00
1.821264465332031250e+03 2.152129301534259412e+03 1.733433992262998435e+00
1.821285339355468750e+03 2.151158137837022878e+03 1.731348507278648974e+00
1.821306152343750000e+03 2.152659224079058731e+03 1.736409755028048396e+00
1.821326965332031250e+03 2.153240335511471585e+03 1.733721979598261465e+00
1.821347839355468750e+03 2.151119983436318307e+03 1.731763506039675660e+00
1.821368652343750000e+03 2.152962803633851308e+03 1.731930014577285570e+00
1.821389465332031250e+03 2.152073405907159668e+03 1.732020524077354962e+00
1.821410339355468750e+03 2.151730405580945444e+03 1.732837167053492333e+00
1.821431152343750000e+03 2.151402853188824338e+03 1.732943519750503425e+00
1.821451965332031250e+03 2.153759281218761771e+03 1.731124030532802394e+00
1.821472839355468750e+03 2.151641026617305670e+03 1.731407651367942391e+00
1.821493652343750000e+03 2.150529722429153935e+03 1.735899796235249370e+00
1.821514465332031250e+03 2.154191280612148148e+03 1.732617837000357319e+00
1.821535339355468750e+03 2.153912675682295230e+03 1.732906372719700272e+00
1.821556152343750000e+03 2.151430208939141266e+03 1.734108775558251825e+00
1.821576965332031250e+03 2.152757167471239427e+03 1.732925565451706840e+00
1.821597839355468750e+03 2.154804174821400466e+03 1.732035734715417608e+00
1.821618652343750000e+03 2.150127292679023867e+03 1.730492447460483252e+00
1.821639465332031250e+03 2.153765795804526988e+03 1.738067888174100517e+00
1.821660339355468750e+03 2.154772294024476196e+03 1.733050691350805250e+00
1.821681152343750000e+03 2.153699392752970653e+03 1.732897980132096061e+00
1.821701965332031250e+03 2.150071361016871379e+03 1.731856915239440520e+00
1.821722839355468750e+03 2.155071651725323136e+03 1.732693312237647998e+00
1.821743652343750000e+03 2.153212396325311602e+03 1.734006275469238023e+00
1.821764465332031250e+03 2.154617513736212459e+03 1.733225329714472851e+00
1.821785339355468750e+03 2.155175859949603364e+03 1.732979634155950466e+00
1.821806152343750000e+03 2.153581690796548173e+03 1.735317970513188257e+00
1.821827026367187500e+03 2.155545134964243971e+03 1.734998092760252630e+00
1.821847839355468750e+03 2.154764194878999206e+03 1.732801668840134868e+00
1.821868713378906250e+03 2.152329913472335193e+03 1.731198055989166429e+00
1.821889526367187500e+03 2.151858235019531094e+03 1.731225392962040699e+00
1.821910339355468750e+03 2.153722286311115568e+03 1.733935326185226167e+00
1.821931213378906250e+03 2.154832536017235270e+03 1.743046501747451460e+00
1.821952026367187500e+03 2.152825063465278618e+03 1.732480500787212385e+00
1.821972839355468750e+03 2.156088405452618190e+03 1.735477063004639664e+00
1.821993713378906250e+03 2.153946722429411238e+03 1.732821550681003187e+00
1.822014526367187500e+03 2.153623458980247506e+03 1.738331106092440903e+00
1.822035339355468750e+03 2.157118304745215482e+03 1.733078618163244045e+00
1.822056213378906250e+03 2.153638108059196838e+03 1.733324918665390291e+00
1.822077026367187500e+03 2.152494927825287959e+03 1.738324728432726562e+00
1.822097839355468750e+03 2.154935332352939895e+03 1.735543141177512183e+00
1.822118713378906250e+03 2.153927273569352110e+03 1.731423349343391926e+00
1.822139526367187500e+03 2.151846363788223698e+03 1.731745608344442688e+00
1.822160339355468750e+03 2.152094920763026494e+03 1.733211849002405991e+00
1.822181213378906250e+03 2.154629766195867433e+03 1.731580734335917526e+00
1.822202026367187500e+03 2.151811972206712653e+03 1.732480982446261697e+00
1.822222839355468750e+03 2.151033017633445979e+03 1.730891260100059448e+00
1.822243713378906250e+03 2.152103062374728779e+03 1.732226510197914626e+00
1.822264526367187500e+03 2.156394656039563870e+03 1.734948415731436988e+00
1.822285339355468750e+03 2.153512946854814800e+03 1.734747631836080162e+00
1.822306213378906250e+03 2.152605274857784025e+03 1.730899111447223859e+00
1.822327026367187500e+03 2.152943506686581713e+03 1.738140246212292794e+00
1.822347839355468750e+03 2.152938665629850220e+03 1.732091414146975650e+00
1.822368713378906250e+03 2.156624168290166381e+03 1.731772523654504736e+00
1.822389526367187500e+03 2.152476615660168591e+03 1.732938498068811839e+00
1.822410339355468750e+03 2.155694630939627132e+03 1.731986179204159759e+00
1.822431213378906250e+03 2.157043668331470144e+03 1.733324781115536783e+00
1.822452026367187500e+03 2.155077402363304373e+03 1.732800980883080211e+00
1.822472839355468750e+03 2.154943985051543223e+03 1.732134566195931091e+00
1.822493713378906250e+03 2.154797792532129733e+03 1.731285918376165522e+00
1.822514526367187500e+03 2.153688710706506299e+03 1.737192494467047155e+00
1.822535339355468750e+03 2.157638382593918777e+03 1.732807516464070385e+00
1.822556213378906250e+03 2.154546718501391297e+03 1.731975579646849894e+00
1.822577026367187500e+03 2.153851094875260060e+03 1.733176496024764646e+00
1.822597839355468750e+03 2.155611055789933744e+03 1.734361665691632526e+00
1.822618713378906250e+03 2.155789004731209388e+03 1.735251883765845493e+00
1.822639526367187500e+03 2.156229576890360477e+03 1.732236351220369119e+00
1.822660339355468750e+03 2.154638801993030484e+03 1.738628635627312846e+00
1.822681213378906250e+03 2.155853352582533262e+03 1.731827110198336239e+00
1.822702026367187500e+03 2.153430818421925778e+03 1.732557151699484210e+00
1.822722839355468750e+03 2.155247607430279459e+03 1.738983012642350889e+00
1.822743713378906250e+03 2.153950219972198738e+03 1.732085357633020628e+00
1.822764526367187500e+03 2.155277256839699930e+03 1.731744988805526075e+00
1.822785339355468750e+03 2.157750595164629431e+03 1.732814189610805578e+00
1.822806213378906250e+03 2.158253598420370054e+03 1.736096120981563518e+00
1.822827026367187500e+03 2.158980717003560130e+03 1.736917367852893301e+00
1.822847839355468750e+03 2.153853270634231194e+03 1.733736418964464621e+00
1.822868713378906250e+03 2.157331853947045602e+03 1.734847202113778852e+00
1.822889526367187500e+03 2.154601902869207152e+03 1.731386169697209487e+00
1.822910339355468750e+03 2.156187387758360273e+03 1.733391078879627178e+00
1.822931213378906250e+03 2.157392303084759533e+03 1.731813687437247173e+00
1.822952026367187500e+03 2.154595928175506288e+03 1.742221027958281043e+00
1.822972839355468750e+03 2.154987318579652765e+03 1.731891606835294528e+00
1.822993713378906250e+03 2.155683917507294609e+03 1.731292872810401118e+00
1.823014526367187500e+03 2.154069671722688781e+03 1.732953769439205205e+00
1.823035339355468750e+03 2.155508596044213391e+03 1.732417333482984656e+00
1.823056213378906250e+03 2.155968832276348621e+03 1.733526692548305048e+00
1.823077026367187500e+03 2.152663792092122549e+03 1.733729336814163302e+00
1.823097839355468750e+03 2.155925440560460174e+03 1.734839780923720820e+00
1.823118713378906250e+03 2.150402250319423274e+03 1.735854883571448681e+00
1.823139526367187500e+03 2.155275721536147557e+03 1.731804738872056548e+00
1.823160339355468750e+03 2.153734259178826051e+03 1.732000564213896476e+00
1.823181213378906250e+03 2.156188878417972774e+03 1.732973580746207221e+00
1.823202026367187500e+03 2.155660008760757592e+03 1.731749050223275965e+00
1.823222839355468750e+03 2.152449200393779847e+03 1.732997312742902363e+00
1.823243713378906250e+03 2.156891426264829533e+03 1.739959934913376083e+00
1.823264526367187500e+03 2.150875720951428775e+03 1.732393249481655406e+00
1.823285339355468750e+03 2.154911294196219387e+03 1.733605635173776971e+00
1.823306213378906250e+03 2.155364508481355188e+03 1.733257861817380618e+00
1.823327026367187500e+03 2.154293005585059291e+03 1.731597325708514434e+00
1.823347839355468750e+03 2.155809951287340482e+03 1.733991357110823195e+00
1.823368713378906250e+03 2.155319932812286879e+03 1.735375055895769236e+00
1.823389526367187500e+03 2.154821895861093708e+03 1.731942266330132929e+00
1.823410339355468750e+03 2.152674806840236670e+03 1.734269284987294490e+00
1.823431213378906250e+03 2.155166600357568768e+03 1.731893671789325184e+00
1.823452026367187500e+03 2.155388849972447133e+03 1.731808455973980809e+00
1.823472839355468750e+03 2.157449970173530346e+03 1.734572184582827470e+00
1.823493713378906250e+03 2.158503114798196748e+03 1.732139246098345797e+00
1.823514526367187500e+03 2.159094140618204619e+03 1.733722460912405561e+00
1.823535339355468750e+03 2.156070057502930013e+03 1.734194290781901460e+00
1.823556213378906250e+03 2.156243891179533421e+03 1.732640129026055353e+00
1.823577026367187500e+03 2.155275527443244755e+03 1.733338604821234252e+00
1.823597839355468750e+03 2.159580914945436234e+03 1.733219621058386561e+00
1.823618713378906250e+03 2.155881635370727054e+03 1.732620726723572036e+00
1.823639526367187500e+03 2.154363388006614969e+03 1.736091589076167008e+00
1.823660339355468750e+03 2.157655851023466766e+03 1.732010819482817876e+00
1.823681213378906250e+03 2.155771584083718608e+03 1.733691931579266043e+00
1.823702026367187500e+03 2.155360671771255056e+03 1.733842028958008985e+00
1.823722839355468750e+03 2.156679943603451648e+03 1.732953769439205205e+00
1.823743713378906250e+03 2.158717199150532451e+03 1.738429785393674321e+00
1.823764526367187500e+03 2.158806971939809955e+03 1.733388052895830089e+00
1.823785339355468750e+03 2.155900962145091398e+03 1.732242338388494618e+00
1.823806213378906250e+03 2.153765602893934556e+03 1.732942969429932090e+00
1.823827026367187500e+03 2.158491483729087577e+03 1.732678382574621478e+00
1.823847839355468750e+03 2.157471246079709090e+03 1.733602747092295226e+00
1.823868713378906250e+03 2.155972066432195334e+03 1.734570397719673363e+00
1.823889526367187500e+03 2.153743181658333469e+03 1.732707622577313034e+00
1.823910339355468750e+03 2.153594527957215178e+03 1.731939100155117428e+00
1.823931213378906250e+03 2.154687982574842863e+03 1.732353957435068370e+00
1.823952026367187500e+03 2.154156436047218449e+03 1.731564142804346673e+00
1.823972839355468750e+03 2.153350019021116168e+03 1.732673428925286752e+00
1.823993713378906250e+03 2.155084984409423214e+03 1.730875281809876709e+00
1.824014526367187500e+03 2.152885925772799965e+03 1.732126582803806158e+00
1.824035339355468750e+03 2.156739401030648878e+03 1.736683863788375248e+00
1.824056213378906250e+03 2.155639130458289856e+03 1.735946287172397406e+00
1.824077026367187500e+03 2.154681638591377578e+03 1.731632229031466075e+00
1.824097839355468750e+03 2.159054564657726587e+03 1.734458577659664824e+00
1.824118713378906250e+03 2.155530310677226680e+03 1.733549866845088161e+00
1.824139526367187500e+03 2.158795754042968838e+03 1.733719435506993367e+00
1.824160339355468750e+03 2.157504173240189630e+03 1.735119015681902077e+00
1.824181213378906250e+03 2.153698507663409146e+03 1.732516762458330861e+00
1.824202026367187500e+03 2.158500283064888208e+03 1.733918207173242187e+00
1.824222839355468750e+03 2.156470065359189448e+03 1.738914391584872154e+00
1.824243713378906250e+03 2.155100755899084561e+03 1.736878178151926910e+00
1.824264526367187500e+03 2.156666896747959981e+03 1.735940793478079280e+00
1.824285339355468750e+03 2.156367768593120672e+03 1.733163221276898147e+00
1.824306213378906250e+03 2.158376915379509228e+03 1.733680929886001421e+00
1.824327026367187500e+03 2.158017078420743019e+03 1.732952806383786681e+00
1.824347839355468750e+03 2.155359123996822746e+03 1.734503526478951896e+00
1.824368713378906250e+03 2.157215371185525782e+03 1.734882933325225807e+00
1.824389526367187500e+03 2.154867810644196652e+03 1.731437463629629692e+00
1.824410339355468750e+03 2.156984654538935501e+03 1.732477886064322625e+00
1.824431213378906250e+03 2.159396692721510135e+03 1.735287537947376890e+00
1.824452087402343750e+03 2.157427387048172022e+03 1.735143886283373238e+00
1.824472900390625000e+03 2.160048782571841457e+03 1.734312382847864820e+00
1.824493713378906250e+03 2.155764440666853261e+03 1.733182892628627680e+00
1.824514587402343750e+03 2.158105452067900387e+03 1.732153561015477239e+00
1.824535400390625000e+03 2.155060597101909025e+03 1.731945294839948746e+00
1.824556213378906250e+03 2.154445454338271702e+03 1.733199331104458452e+00
1.824577087402343750e+03 2.157587469506133402e+03 1.734644069935438626e+00
1.824597900390625000e+03 2.157372170546818325e+03 1.731964360564226091e+00
1.824618713378906250e+03 2.156825323646292418e+03 1.732429237737137528e+00
1.824639587402343750e+03 2.157442077303606311e+03 1.732388363829107769e+00
1.824660400390625000e+03 2.154198561896987940e+03 1.732605590024664854e+00
1.824681213378906250e+03 2.155864298618231260e+03 1.732585224075659402e+00
1.824702087402343750e+03 2.155653519693788439e+03 1.737687598879452899e+00
1.824722900390625000e+03 2.158995046629310764e+03 1.733504755762363736e+00
1.824743713378906250e+03 2.157385597281273931e+03 1.733375054859895847e+00
1.824764587402343750e+03 2.158453410752475065e+03 1.732956658602249123e+00
1.824785400390625000e+03 2.157130574850950325e+03 1.732916691419242428e+00
1.824806213378906250e+03 2.156836170061327721e+03 1.739227517414073665e+00
1.824827087402343750e+03 2.157411432293340113e+03 1.732736586893497188e+00
1.824847900390625000e+03 2.154982578638372161e+03 1.732986719370041673e+00
1.824868713378906250e+03 2.156461560815269877e+03 1.733529580756494548e+00
1.824889587402343750e+03 2.158060430627841470e+03 1.732921025254728020e+00
1.824910400390625000e+03 2.156059434202933517e+03 1.733709465383608483e+00
1.824931213378906250e+03 2.153909703872107002e+03 1.735560450220688500e+00
1.824952087402343750e+03 2.155937311444985426e+03 1.732517932177021214e+00
1.824972900390625000e+03 2.155761487110196413e+03 1.734045736314675068e+00
1.824993713378906250e+03 2.156083287219521026e+03 1.732734110153799190e+00
1.825014587402343750e+03 2.157191132116010522e+03 1.732779034909711635e+00
1.825035400390625000e+03 2.155778904521920140e+03 1.735967025711756095e+00
1.825056213378906250e+03 2.155105872906255172e+03 1.734717464143559873e+00
1.825077087402343750e+03 2.156017571431208580e+03 1.733732362202297539e+00
1.825097900390625000e+03 2.159873943258907275e+03 1.735203519312137566e+00
1.825118713378906250e+03 2.160323868338636203e+03 1.735322504438939095e+00
1.825139587402343750e+03 2.156441472322697791e+03 1.733325743964281740e+00
1.825160400390625000e+03 2.156091605836713370e+03 1.732860694538376656e+00
1.825181213378906250e+03 2.157519375770891656e+03 1.734013425236069494e+00
1.825202087402343750e+03 2.154699022322684868e+03 1.734520777169092920e+00
1.825222900390625000e+03 2.155509622789778405e+03 1.732964363013484332e+00
1.825243713378906250e+03 2.154465262404872192e+03 1.736145147201900940e+00
1.825264587402343750e+03 2.156688650495126240e+03 1.734656302519107962e+00
1.825285400390625000e+03 2.154580979353954717e+03 1.732289822092486942e+00
1.825306213378906250e+03 2.157209970218283615e+03 1.733587618967829869e+00
1.825327087402343750e+03 2.154940321024931109e+03 1.734226598490727689e+00
1.825347900390625000e+03 2.157546420216834122e+03 1.733882456081073942e+00
1.825368713378906250e+03 2.156007921302725208e+03 1.736366022681185672e+00
1.825389587402343750e+03 2.156926877668678117e+03 1.737811078553080701e+00
1.825410400390625000e+03 2.155225883112367683e+03 1.732781786771143251e+00
1.825431213378906250e+03 2.154704860689481393e+03 1.733703001962643597e+00
1.825452087402343750e+03 2.155046506790727562e+03 1.732280875986898616e+00
1.825472900390625000e+03 2.154112514901231407e+03 1.732536303537551170e+00
1.825493713378906250e+03 2.155556395177002742e+03 1.734057560644025830e+00
1.825514587402343750e+03 2.151738357927878496e+03 1.733402357499968849e+00
1.825535400390625000e+03 2.153894917970201732e+03 1.732788116035850923e+00
1.825556213378906250e+03 2.154942979938918597e+03 1.733997131974467365e+00
1.825577087402343750e+03 2.155600904025900036e+03 1.742405762279149561e+00
1.825597900390625000e+03 2.154153981053993448e+03 1.734431360377188147e+00
1.825618713378906250e+03 2.152145320313392858e+03 1.732669025669544505e+00
1.825639587402343750e+03 2.158298412489767543e+03 1.737421264511104679e+00
1.825660400390625000e+03 2.156202701891525521e+03 1.734494316876916242e+00
1.825681213378906250e+03 2.155678971803417880e+03 1.733063210322376202e+00
1.825702087402343750e+03 2.151005863140126621e+03 1.738015418139023494e+00
1.825722900390625000e+03 2.156645560619870139e+03 1.733362331820272662e+00
1.825743713378906250e+03 2.158314343001478392e+03 1.739553950017814987e+00
1.825764587402343750e+03 2.152771836880356659e+03 1.733474635209031778e+00
1.825785400390625000e+03 2.153700124639779915e+03 1.736420258865684296e+00
1.825806213378906250e+03 2.153570904493486069e+03 1.733778567474149712e+00
1.825827087402343750e+03 2.153505185362268094e+03 1.732617837000357319e+00
1.825847900390625000e+03 2.154091997432841708e+03 1.743623834236439629e+00
1.825868713378906250e+03 2.151173509402784475e+03 1.733406758892878097e+00
1.825889587402343750e+03 2.156291200247239431e+03 1.734187485464363299e+00
1.825910400390625000e+03 2.154162159253713980e+03 1.733559150230185253e+00
1.825931213378906250e+03 2.155738598914224895e+03 1.735870816025547159e+00
1.825952087402343750e+03 2.155507983063670963e+03 1.733929757368550151e+00
1.825972900390625000e+03 2.153667931706179388e+03 1.732699504226047349e+00
1.825993713378906250e+03 2.152200895625882367e+03 1.740626572449006426e+00
1.826014587402343750e+03 2.153808521457713596e+03 1.734823083130018206e+00
1.826035400390625000e+03 2.154407270021511977e+03 1.736652288224828533e+00
1.826056213378906250e+03 2.153070326096644294e+03 1.734602698423348910e+00
1.826077087402343750e+03 2.150405509725207139e+03 1.734893102843182877e+00
1.826097900390625000e+03 2.155805573715796072e+03 1.736785519475150696e+00
1.826118713378906250e+03 2.155184867604297324e+03 1.736999381966225720e+00
1.826160400390625000e+03 2.160351545062816513e+03 1.738443225643391710e+00
1.826181213378906250e+03 2.154791186511450178e+03 1.737716411588110965e+00
1.826202087402343750e+03 2.157128310137284643e+03 1.739495288501487158e+00
1.826222900390625000e+03 2.155196165519868828e+03 1.740351646231031779e+00
1.826243713378906250e+03 2.161928239286666667e+03 1.745373946621970429e+00
1.826264587402343750e+03 2.157817540479959462e+03 1.742590066560602002e+00
1.826285400390625000e+03 2.162762045864191350e+03 1.746019741597819586e+00
1.826306213378906250e+03 2.161825179428159572e+03 1.744867222606630852e+00
1.826327087402343750e+03 2.160450835735152396e+03 1.744473791820476460e+00
1.826347900390625000e+03 2.161488912054059710e+03 1.745761165477757615e+00
1.826368713378906250e+03 2.161295221936982671e+03 1.746657995076287495e+00
1.826389587402343750e+03 2.163264405272133899e+03 1.748559563324489696e+00
1.826410400390625000e+03 2.165193575734136630e+03 1.746119351807380093e+00
1.826431213378906250e+03 2.161103273070214073e+03 1.745975976850802081e+00
1.826452087402343750e+03 2.160090892328086738e+03 1.745558005801420398e+00
1.826472900390625000e+03 2.159936492290979459e+03 1.747238364327882598e+00
1.826493713378906250e+03 2.159873819244046445e+03 1.752528203609405866e+00
1.826514587402343750e+03 2.166329948314343710e+03 1.748889775283364756e+00
1.826535400390625000e+03 2.164211745026754215e+03 1.750781089309487504e+00
1.826556213378906250e+03 2.166100766027263035e+03 1.752019194140741476e+00
1.826577087402343750e+03 2.164155535504638920e+03 1.754726158796438007e+00
1.826597900390625000e+03 2.165793606076064407e+03 1.751804715508051391e+00
1.826618713378906250e+03 2.166411306030598553e+03 1.761305191658922187e+00
1.826639587402343750e+03 2.163773412387403823e+03 1.751540663869763259e+00
1.826660400390625000e+03 2.168677204029441327e+03 1.756980393870805512e+00
1.826681213378906250e+03 2.164771717963400988e+03 1.755319616334903410e+00
1.826702087402343750e+03 2.169319975801657165e+03 1.766340127793059489e+00
1.826722900390625000e+03 2.169113471780014606e+03 1.758744327668869012e+00
1.826743713378906250e+03 2.171885740894339506e+03 1.762846253925176354e+00
1.826764587402343750e+03 2.172116132852700048e+03 1.762233819543894242e+00
1.826785400390625000e+03 2.173437287534189181e+03 1.765646200137172883e+00
1.826806213378906250e+03 2.174725529401681342e+03 1.765252605765320837e+00
1.826827087402343750e+03 2.175413357575267128e+03 1.766851421208318396e+00
1.826847900390625000e+03 2.173714545625094615e+03 1.765915298227844321e+00
1.829118774414062500e+03 2.138966206944610349e+03 1.762267980792566302e+00
1.829139587402343750e+03 2.139081460128285926e+03 1.751964079993793888e+00
1.829160461425781250e+03 2.138387418345199421e+03 1.753812451817440499e+00
1.829181274414062500e+03 2.142134050384352577e+03 1.753322512674241995e+00
1.829202087402343750e+03 2.137263915901373366e+03 1.750928428145734239e+00
1.829222961425781250e+03 2.142430726244616835e+03 1.752595407389441862e+00
1.829243774414062500e+03 2.140059297051621797e+03 1.751536103865555916e+00
1.829264587402343750e+03 2.143307232344868225e+03 1.757109980602379773e+00
1.829285461425781250e+03 2.141819248379154033e+03 1.752677572072546930e+00
1.829306274414062500e+03 2.138865345393758616e+03 1.751503911259297164e+00
1.829327087402343750e+03 2.142065099299453777e+03 1.751694812252121647e+00
1.829347961425781250e+03 2.138161838813960912e+03 1.749926224924591711e+00
1.829368774414062500e+03 2.140922977445201013e+03 1.751459330668943881e+00
1.829389587402343750e+03 2.140780926686979001e+03 1.750692979663298399e+00
1.829410461425781250e+03 2.140615853401271124e+03 1.754151732803287844e+00
1.829431274414062500e+03 2.141947913781381885e+03 1.749481464947387765e+00
1.829452087402343750e+03 2.139819154595033524e+03 1.748965843355717364e+00
1.829472961425781250e+03 2.140371357767069640e+03 1.749041703649033996e+00
1.829493774414062500e+03 2.140999048655014121e+03 1.754258492151184123e+00
1.829514587402343750e+03 2.141112080570409034e+03 1.749968187860442059e+00
1.829535461425781250e+03 2.141112841146292340e+03 1.749930039778522906e+00
1.829556274414062500e+03 2.145565297128267957e+03 1.751967890410361051e+00
1.829577087402343750e+03 2.144285030510905926e+03 1.747575033429764169e+00
1.829597961425781250e+03 2.141944651129407248e+03 1.749343135716627140e+00
1.829618774414062500e+03 2.141413279998195321e+03 1.748114728409857932e+00
1.829639587402343750e+03 2.141165134856591067e+03 1.754074190591156990e+00
1.829660461425781250e+03 2.141091183240361715e+03 1.746745011572172990e+00
1.829681274414062500e+03 2.141854075537513381e+03 1.750336614659568912e+00
1.829702087402343750e+03 2.142662915474780220e+03 1.748282338911796963e+00
1.829722961425781250e+03 2.144581536476517158e+03 1.747719027500566069e+00
1.829743774414062500e+03 2.140004824151063531e+03 1.746100782000486351e+00
1.829764587402343750e+03 2.142912205918608379e+03 1.747815471655510322e+00
1.829785461425781250e+03 2.142508178372161183e+03 1.747239728872588493e+00
1.829806274414062500e+03 2.141189152575580920e+03 1.745513683120128112e+00
1.829827087402343750e+03 2.141981283438628907e+03 1.746405452070406206e+00
1.829847961425781250e+03 2.141083205830204406e+03 1.745237955740065239e+00
1.829868774414062500e+03 2.142889354952328176e+03 1.748983155877742446e+00
1.829889587402343750e+03 2.142661568311751580e+03 1.745357144706003671e+00
1.829910461425781250e+03 2.143643074770579005e+03 1.744792205658634909e+00
1.829931274414062500e+03 2.142261429405274612e+03 1.744199882090201159e+00
1.829952087402343750e+03 2.144930970721703034e+03 1.746873242099266532e+00
1.829972961425781250e+03 2.141129929813111175e+03 1.744254079719092854e+00
1.829993774414062500e+03 2.145852028249289560e+03 1.748268974302695566e+00
1.830014587402343750e+03 2.142886257348368872e+03 1.743685364978032393e+00
1.830035461425781250e+03 2.143967958722454568e+03 1.743420699004939456e+00
1.830056274414062500e+03 2.144208426484837219e+03 1.743161942510090379e+00
1.830077087402343750e+03 2.139483276908308653e+03 1.743935020776133493e+00
1.830097961425781250e+03 2.142193914471493827e+03 1.745434186308243651e+00
1.830118774414062500e+03 2.146841798921739610e+03 1.746957996014113279e+00
1.830139587402343750e+03 2.144910915252486120e+03 1.746296028180486015e+00
1.830160461425781250e+03 2.145220090272962352e+03 1.744395477710504849e+00
1.830181274414062500e+03 2.146761441153963460e+03 1.747198928525442341e+00
1.830202087402343750e+03 2.145356903685219095e+03 1.744046438307589542e+00
1.830222961425781250e+03 2.143308217474922003e+03 1.743258980696585025e+00
1.830243774414062500e+03 2.148379140445907069e+03 1.743491740910337207e+00
1.830264587402343750e+03 2.140639743968543826e+03 1.743020923197838190e+00
1.830285461425781250e+03 2.146421752064044085e+03 1.743934542280586752e+00
1.830306274414062500e+03 2.145982439177955712e+03 1.743990662077306464e+00
1.830327087402343750e+03 2.145107216768582020e+03 1.743074200020918285e+00
1.830347961425781250e+03 2.145785602025243406e+03 1.744511717547323260e+00
1.830368774414062500e+03 2.148285326356574387e+03 1.742771957278838713e+00
1.830389587402343750e+03 2.143020582222514349e+03 1.743322644112798914e+00
1.830410461425781250e+03 2.147846573356231147e+03 1.744762211641144756e+00
1.830431274414062500e+03 2.145178236752779867e+03 1.747309455688544677e+00
1.830452087402343750e+03 2.146163764002848893e+03 1.742296224032653607e+00
1.830472961425781250e+03 2.146123143826469914e+03 1.748347728562102077e+00
1.830493774414062500e+03 2.146122392293428220e+03 1.744647286737594394e+00
1.830514587402343750e+03 2.148516510484039827e+03 1.743799943106189021e+00
1.830535461425781250e+03 2.145125758696251523e+03 1.742339465437328094e+00
1.830556274414062500e+03 2.144573926272061271e+03 1.741847667992936666e+00
1.830577087402343750e+03 2.146195161273859867e+03 1.747815267041295861e+00
1.830597961425781250e+03 2.146036269520268434e+03 1.740805244359187931e+00
1.830618774414062500e+03 2.148171025472698147e+03 1.747916548148853222e+00
1.830639587402343750e+03 2.147033470608369953e+03 1.741186290487365396e+00
1.830660461425781250e+03 2.147300797798033273e+03 1.747002350288648698e+00
1.830681274414062500e+03 2.145326476059503875e+03 1.740774770761786883e+00
1.830702087402343750e+03 2.145030504875916449e+03 1.739508857579499024e+00
1.830722961425781250e+03 2.148909948165129663e+03 1.740286915132620127e+00
1.830743774414062500e+03 2.145464108583362304e+03 1.739709229015822478e+00
1.830764587402343750e+03 2.149008278669885840e+03 1.741164313273523501e+00
1.830785461425781250e+03 2.147350653853448875e+03 1.742123247680965159e+00
1.830806274414062500e+03 2.149484607841435263e+03 1.742946715923100021e+00
1.830827087402343750e+03 2.146407533337008317e+03 1.739836128125670234e+00
1.830847961425781250e+03 2.146208025497727704e+03 1.739296194656500205e+00
1.830868774414062500e+03 2.145155595273085055e+03 1.744802454065786046e+00
1.830889587402343750e+03 2.147673034056920187e+03 1.741346832124245569e+00
1.830910461425781250e+03 2.145948401970537816e+03 1.740082499751598677e+00
1.830931274414062500e+03 2.145315334449197508e+03 1.739352601181595626e+00
1.830952087402343750e+03 2.147306941674783502e+03 1.740686428554468534e+00
1.830972961425781250e+03 2.146869040021379988e+03 1.745320056977470724e+00
1.830993774414062500e+03 2.145977553666817130e+03 1.747404830917032470e+00
1.831014587402343750e+03 2.146408186993748131e+03 1.737715245368704364e+00
1.831035461425781250e+03 2.147366226069685126e+03 1.742626049457625559e+00
1.831056274414062500e+03 2.146419890621036757e+03 1.740314931321530700e+00
1.831077087402343750e+03 2.145876446341875180e+03 1.737819104428184103e+00
1.831097961425781250e+03 2.145528628619283609e+03 1.738061303786026857e+00
1.831118774414062500e+03 2.145793649098520291e+03 1.741076607050198621e+00
1.831139587402343750e+03 2.145431025285918167e+03 1.736764172960874042e+00
1.831160461425781250e+03 2.146752354493887651e+03 1.736714821011813292e+00
1.831181274414062500e+03 2.147705471180753648e+03 1.739446904967790752e+00
1.831202087402343750e+03 2.145706831972148393e+03 1.736208934147239979e+00
1.831222961425781250e+03 2.145735797121795713e+03 1.737850178620674146e+00
1.831243774414062500e+03 2.149033573793861251e+03 1.736641991721283862e+00
1.831264587402343750e+03 2.147021536490428389e+03 1.737867944851937407e+00
1.831285461425781250e+03 2.147939320863767080e+03 1.737477388852318727e+00
1.831306274414062500e+03 2.145959606773112228e+03 1.737320812508605705e+00
1.831327087402343750e+03 2.144554640814362301e+03 1.737634431317656381e+00
1.831347961425781250e+03 2.144454478356009531e+03 1.738359359529311865e+00
1.831368774414062500e+03 2.146951941871064264e+03 1.738099438020841214e+00
1.831389587402343750e+03 2.148801827609184784e+03 1.738612522748298250e+00
1.831410461425781250e+03 2.148047023766548136e+03 1.744808944692513908e+00
1.831431274414062500e+03 2.143766498436410984e+03 1.736896777927604107e+00
1.831452087402343750e+03 2.145375608944671512e+03 1.740915424218599572e+00
1.831472961425781250e+03 2.145614796280474820e+03 1.735718696326247867e+00
1.831493774414062500e+03 2.143691888267120703e+03 1.734498646770531227e+00
1.831514587402343750e+03 2.145350498559684638e+03 1.734438645853247918e+00
1.831535461425781250e+03 2.147177676443614928e+03 1.735545270473881407e+00
1.831556274414062500e+03 2.141915452258852838e+03 1.734955699036263121e+00
1.831577087402343750e+03 2.147597103676143888e+03 1.737089490079716692e+00
1.831597961425781250e+03 2.146139888617306497e+03 1.735786070171836615e+00
1.831618774414062500e+03 2.143996892615024535e+03 1.734795596699824971e+00
1.831639587402343750e+03 2.144580812946891911e+03 1.734864861669875413e+00
1.831660461425781250e+03 2.143092474451193539e+03 1.734102932322333590e+00
1.831681274414062500e+03 2.142243886852782452e+03 1.733697776200416873e+00
1.831702087402343750e+03 2.146007395799245387e+03 1.735757225420469174e+00
1.831722961425781250e+03 2.146400037693011200e+03 1.738622807581928553e+00
1.831743774414062500e+03 2.143277792971964118e+03 1.733950038775337488e+00
1.831764587402343750e+03 2.143913342558613294e+03 1.732689872234531192e+00
1.831785461425781250e+03 2.145630343830905076e+03 1.736108755322023578e+00
1.831806274414062500e+03 2.147924474370319331e+03 1.738095391442080029e+00
1.831827087402343750e+03 2.143586881883771184e+03 1.733019599887361428e+00
1.831847961425781250e+03 2.145181844716365958e+03 1.736876119123923923e+00
1.831868774414062500e+03 2.144297464834149650e+03 1.733128280003742416e+00
1.831889587402343750e+03 2.144876757620388616e+03 1.733360199842335359e+00
1.831910461425781250e+03 2.144888407177363206e+03 1.734309564679182403e+00
1.831931274414062500e+03 2.142825017237217253e+03 1.734447924481282044e+00
1.831952148437500000e+03 2.147339983947775181e+03 1.735414966461826358e+00
1.831972961425781250e+03 2.142327552122159432e+03 1.742919084020013276e+00
1.831993835449218750e+03 2.144977158395336573e+03 1.733216732333684451e+00
1.832014648437500000e+03 2.142554526238767266e+03 1.732372674598181783e+00
1.832035461425781250e+03 2.146230918900085271e+03 1.734769484187753008e+00
1.832056335449218750e+03 2.143143434235011227e+03 1.731985422095074556e+00
1.832077148437500000e+03 2.141909265552590114e+03 1.736494401794776765e+00
1.832097961425781250e+03 2.140497283609039187e+03 1.736683383294970628e+00
1.832118835449218750e+03 2.140783022015114511e+03 1.733255729710940773e+00
1.832139648437500000e+03 2.142632401881399346e+03 1.734471773764097557e+00
1.832160461425781250e+03 2.143740191334210522e+03 1.740257254470459092e+00
1.832181335449218750e+03 2.145091891353168194e+03 1.733416180587007638e+00
1.832202148437500000e+03 2.144819244938205884e+03 1.732948059888548498e+00
1.832222961425781250e+03 2.143879219741995257e+03 1.732944276441003684e+00
1.832243835449218750e+03 2.142393550949401288e+03 1.734582562097834124e+00
1.832264648437500000e+03 2.143649256541430077e+03 1.732424971482048104e+00
1.832285461425781250e+03 2.144419669967706341e+03 1.732064503792292820e+00
1.832306335449218750e+03 2.145432003410307061e+03 1.734058729323362247e+00
1.832327148437500000e+03 2.145613652236142116e+03 1.732215292740499013e+00
1.832347961425781250e+03 2.145154085195206790e+03 1.732182121674544328e+00
1.832368835449218750e+03 2.143768732022407676e+03 1.735239174487419600e+00
1.832389648437500000e+03 2.141616918712915322e+03 1.733010313612002529e+00
1.832410461425781250e+03 2.144460537258791192e+03 1.731784088160525092e+00
1.832431335449218750e+03 2.142665660976115760e+03 1.731299620650580406e+00
1.832452148437500000e+03 2.142601042217198938e+03 1.733218314254951098e+00
1.832472961425781250e+03 2.146056838241072001e+03 1.732236764129180040e+00
1.832493835449218750e+03 2.144999237227644699e+03 1.733258343260407175e+00
1.832514648437500000e+03 2.144308078490550088e+03 1.731912875743892855e+00
1.832535461425781250e+03 2.144498123240481164e+03 1.731925609431483215e+00
1.832556335449218750e+03 2.145022159633815136e+03 1.744339097575096309e+00
1.832577148437500000e+03 2.143644265132359124e+03 1.738260881968977989e+00
1.832597961425781250e+03 2.147631796290650072e+03 1.733068850708588293e+00
1.832618835449218750e+03 2.144550756667076257e+03 1.734129398586469417e+00
1.832639648437500000e+03 2.146777397669229231e+03 1.732990846665869000e+00
1.832660461425781250e+03 2.147691821969341618e+03 1.735491968591867273e+00
1.832681335449218750e+03 2.145006955812850720e+03 1.733546841138462691e+00
1.832702148437500000e+03 2.146061618066315987e+03 1.737236274628787713e+00
1.832722961425781250e+03 2.145750791048127667e+03 1.732653407781600263e+00
1.832743835449218750e+03 2.144279551031652773e+03 1.732811712982026631e+00
1.832764648437500000e+03 2.145136599878355355e+03 1.734426274271988033e+00
1.832785461425781250e+03 2.142341319825002756e+03 1.732085082336428661e+00
1.832806335449218750e+03 2.145164147636750386e+03 1.735016231735771575e+00
1.832827148437500000e+03 2.142621300599188999e+03 1.731745264156183017e+00
1.832847961425781250e+03 2.143296693383466391e+03 1.733085015128362327e+00
1.832868835449218750e+03 2.146616311866199339e+03 1.734498371856972199e+00
1.832889648437500000e+03 2.144438882687269597e+03 1.732974887734191505e+00
1.832910461425781250e+03 2.145870057273270504e+03 1.731648200337134069e+00
1.832931335449218750e+03 2.144437669970758634e+03 1.734590877810084031e+00
1.832952148437500000e+03 2.145739596795415764e+03 1.731147787884652178e+00
1.832972961425781250e+03 2.145448141901325016e+03 1.732250596517470376e+00
1.832993835449218750e+03 2.146068620465975528e+03 1.740170941122564763e+00
1.833014648437500000e+03 2.142400832725897544e+03 1.735881803839724347e+00
1.833035461425781250e+03 2.144529272711271915e+03 1.731103165111388398e+00
1.833056335449218750e+03 2.146800544199915294e+03 1.733787918391252569e+00
1.833077148437500000e+03 2.141945243588139874e+03 1.731661693221958176e+00
1.833097961425781250e+03 2.144088121701923683e+03 1.733654250489900628e+00
1.833118835449218750e+03 2.143491277187064043e+03 1.732053973539692704e+00
1.833139648437500000e+03 2.143449357237867389e+03 1.731658595375046517e+00
1.833160461425781250e+03 2.144457259007260745e+03 1.737757297373774712e+00
1.833181335449218750e+03 2.145420320144859943e+03 1.738646256775115306e+00
1.833202148437500000e+03 2.145826873819043158e+03 1.733065342665663255e+00
1.833222961425781250e+03 2.144430949322042125e+03 1.735429666507873669e+00
1.833243835449218750e+03 2.142932318048780871e+03 1.735087411640850341e+00
1.833264648437500000e+03 2.144912406536319395e+03 1.732864409375210357e+00
1.833285461425781250e+03 2.145555678436295238e+03 1.734779448218998432e+00
1.833306335449218750e+03 2.144786684532340587e+03 1.734455690998436994e+00
1.833327148437500000e+03 2.145077113427848872e+03 1.731946602603914087e+00
1.833347961425781250e+03 2.143320064513698526e+03 1.732110478262885334e+00
1.833368835449218750e+03 2.143741528667626881e+03 1.733867055383433442e+00
1.833389648437500000e+03 2.145271494078026990e+03 1.731506105615446378e+00
1.833410461425781250e+03 2.141597103668007549e+03 1.732868812134478631e+00
1.833431335449218750e+03 2.145562526782842724e+03 1.733744051152304788e+00
1.833452148437500000e+03 2.142545217468087230e+03 1.733847048022835180e+00
1.833472961425781250e+03 2.144197262953542577e+03 1.731980948261906184e+00
1.833493835449218750e+03 2.144189617995036770e+03 1.732655540629222779e+00
1.833514648437500000e+03 2.147124537368096298e+03 1.733668896704052775e+00
1.833535461425781250e+03 2.144894065616434546e+03 1.732826503906900628e+00
1.833556335449218750e+03 2.146495982686757088e+03 1.732087628828235415e+00
1.833577148437500000e+03 2.144575848864021282e+03 1.733894556533256859e+00
1.833597961425781250e+03 2.144402385671891352e+03 1.736445522737836811e+00
1.833618835449218750e+03 2.145406696863646175e+03 1.734917633124289260e+00
1.833639648437500000e+03 2.144974123204792249e+03 1.731987968733408989e+00
1.833660461425781250e+03 2.142070531188256609e+03 1.732708104173226848e+00
1.833681335449218750e+03 2.146426382486404236e+03 1.732072625119851939e+00
1.833702148437500000e+03 2.143843561630075783e+03 1.733258755925752181e+00
1.833722961425781250e+03 2.145976582545402835e+03 1.733043056109461855e+00
1.833743835449218750e+03 2.146668196480227834e+03 1.732504514768148152e+00
1.833764648437500000e+03 2.145665101459278048e+03 1.733042230675950535e+00
1.833785461425781250e+03 2.144821514967912208e+03 1.733730780750067701e+00
1.833806335449218750e+03 2.142053566334148854e+03 1.731956720533849969e+00
1.833827148437500000e+03 2.145143068594200031e+03 1.736130865196588990e+00
1.833847961425781250e+03 2.145937825053779761e+03 1.731311670299771954e+00
1.833868835449218750e+03 2.146994480717925853e+03 1.733118512828969227e+00
1.833889648437500000e+03 2.145477045781335619e+03 1.733915938375837129e+00
1.833910461425781250e+03 2.144075282521522240e+03 1.731453092485517153e+00
1.833931335449218750e+03 2.147209458551599710e+03 1.732913939772039003e+00
1.833952148437500000e+03 2.145311046390156207e+03 1.734456447029222748e+00
1.833972961425781250e+03 2.143963222898468302e+03 1.731567998112168105e+00
1.833993835449218750e+03 2.145632296161570139e+03 1.732562036876066802e+00
1.834014648437500000e+03 2.140869816434455970e+03 1.731160182895321586e+00
1.834035461425781250e+03 2.147407213081386999e+03 1.735616566050625531e+00
1.834056335449218750e+03 2.142624028392535820e+03 1.731910122501833627e+00
1.834077148437500000e+03 2.143174564709342576e+03 1.732108620036989954e+00
1.834097961425781250e+03 2.142063535850796598e+03 1.732169596335049855e+00
1.834118835449218750e+03 2.143759143474722805e+03 1.735848771513609501e+00
1.834139648437500000e+03 2.144765570966942050e+03 1.732493023878972638e+00
1.834160461425781250e+03 2.146471455248896291e+03 1.732178543015359118e+00
1.834181335449218750e+03 2.146720622819870641e+03 1.734049448612805522e+00
1.834202148437500000e+03 2.145224824617008380e+03 1.734664549156047952e+00
1.834222961425781250e+03 2.143421051425890710e+03 1.732845284759809923e+00
1.834243835449218750e+03 2.144831354661917885e+03 1.734454728776960053e+00
1.834285461425781250e+03 2.146107312846471359e+03 1.733219964953863768e+00
1.834306335449218750e+03 2.144455237915033649e+03 1.731964980024671474e+00
1.834327148437500000e+03 2.145622558504352128e+03 1.733600752937987766e+00
1.834347961425781250e+03 2.147087101204431747e+03 1.732471693283842651e+00
1.834368835449218750e+03 2.147507493175831314e+03 1.733477798579412088e+00
1.834389648437500000e+03 2.146837274329733191e+03 1.732058378359026651e+00
1.834410461425781250e+03 2.145956635419000577e+03 1.733151046936882933e+00
1.834431335449218750e+03 2.142153354480813960e+03 1.731668852669171699e+00
1.834452148437500000e+03 2.144102124173699849e+03 1.732450018377837075e+00
1.834472961425781250e+03 2.146436179928047295e+03 1.731318486921316735e+00
1.834493835449218750e+03 2.144725118657871462e+03 1.730921012385297608e+00
1.834514648437500000e+03 2.144206999746079873e+03 1.732471555666247331e+00
1.834535461425781250e+03 2.146441327777183687e+03 1.739115859701407585e+00
1.834556335449218750e+03 2.146642661153274275e+03 1.737277720661807745e+00
1.834577148437500000e+03 2.146374611123254454e+03 1.731198882301978159e+00
1.834597961425781250e+03 2.146775930069972674e+03 1.739746916002822719e+00
1.834618835449218750e+03 2.144347292744511833e+03 1.731573918746752261e+00
1.834639648437500000e+03 2.141771052109314496e+03 1.731627134704705862e+00
1.834660461425781250e+03 2.144589637191044858e+03 1.734796077716097340e+00
1.834681335449218750e+03 2.147213126814732277e+03 1.731555950246725040e+00
1.834702148437500000e+03 2.145611644459225317e+03 1.737520681573742953e+00
1.834722961425781250e+03 2.148020682498719907e+03 1.744042610584087383e+00
1.834743835449218750e+03 2.145802848192294277e+03 1.733616499818161127e+00
1.834764648437500000e+03 2.143673125050673207e+03 1.731589546371033128e+00
1.834785461425781250e+03 2.143286444166683395e+03 1.731891400339755860e+00
1.834806335449218750e+03 2.144930024609361681e+03 1.732395520273219747e+00
1.834827148437500000e+03 2.145625424534970534e+03 1.731579563984130266e+00
1.834847961425781250e+03 2.145246200901470729e+03 1.734505313410995786e+00
1.834868835449218750e+03 2.145622025561314331e+03 1.737803944410759582e+00
1.834889648437500000e+03 2.145986366678096147e+03 1.732345837426409574e+00
1.834910461425781250e+03 2.147096193991429118e+03 1.732068770935249358e+00
1.834931335449218750e+03 2.144768839250905785e+03 1.732156176227941824e+00
1.834952148437500000e+03 2.146941092643931370e+03 1.731932905448129389e+00
1.834972961425781250e+03 2.145364262538386356e+03 1.732561211213386354e+00
1.834993835449218750e+03 2.146280476809835818e+03 1.732856979693579325e+00
1.835014648437500000e+03 2.144965571319836272e+03 1.732069252708793750e+00
1.835035461425781250e+03 2.146223952492933222e+03 1.731871094824890767e+00
1.835056335449218750e+03 2.144647298817642422e+03 1.732130780971493422e+00
1.835077148437500000e+03 2.142844037316305730e+03 1.730625877393925149e+00
1.835097961425781250e+03 2.143125453417648259e+03 1.731083883310256644e+00
1.835118835449218750e+03 2.146254409434317495e+03 1.733714553591672258e+00
1.835139648437500000e+03 2.144394071584981248e+03 1.733173400885387849e+00
1.835160461425781250e+03 2.145130263846515390e+03 1.731793312175440080e+00
1.835181335449218750e+03 2.144462264637685621e+03 1.733285922844823412e+00
1.835202148437500000e+03 2.143418975430904084e+03 1.732656091041086421e+00
1.835222961425781250e+03 2.143112846548584002e+03 1.734289768633521689e+00
1.835243835449218750e+03 2.142592470627423609e+03 1.733625782846445640e+00
1.835264648437500000e+03 2.145357499040369476e+03 1.734075915693234382e+00
1.835285461425781250e+03 2.144373884451928916e+03 1.733608385723095946e+00
1.835306335449218750e+03 2.145859073941885072e+03 1.735224747626130881e+00
1.835327148437500000e+03 2.144051004776938953e+03 1.731690055473821932e+00
1.835347961425781250e+03 2.140224025769940909e+03 1.730374576942498521e+00
1.835368835449218750e+03 2.143684761149880615e+03 1.740913849291488402e+00
1.835389648437500000e+03 2.144402815608055789e+03 1.733001715164524503e+00
1.835410461425781250e+03 2.144130818120648200e+03 1.745356188494539440e+00
1.835431335449218750e+03 2.143214712173862608e+03 1.730852829308035856e+00
1.835452148437500000e+03 2.140617164927205522e+03 1.730618713631996597e+00
1.835472961425781250e+03 2.144180717193848523e+03 1.731878735232997180e+00
1.835493835449218750e+03 2.142604557095565269e+03 1.731524005786271525e+00
1.835514648437500000e+03 2.142961019413699432e+03 1.733358755597726786e+00
1.835535461425781250e+03 2.144176425821915927e+03 1.736634852776323124e+00
1.835556335449218750e+03 2.145227654805102702e+03 1.731999187663110229e+00
1.835577148437500000e+03 2.142437256740937300e+03 1.731946464944595698e+00
1.835597961425781250e+03 2.142502359141192755e+03 1.732584329619708319e+00
1.835618835449218750e+03 2.140667545671310108e+03 1.731385687733591139e+00
1.835639648437500000e+03 2.142142184961943258e+03 1.732806346940862108e+00
1.835660461425781250e+03 2.142456821216135268e+03 1.733907000660207531e+00
1.835681335449218750e+03 2.140191920041457706e+03 1.733705614837850240e+00
1.835702148437500000e+03 2.142552144631310966e+03 1.731582661972431048e+00
1.835722961425781250e+03 2.140664381855298416e+03 1.733671990958816744e+00
1.835743835449218750e+03 2.143191843521259671e+03 1.731149302835161219e+00
1.835764648437500000e+03 2.141205009158064968e+03 1.736709261107681090e+00
1.835785461425781250e+03 2.139963258517975646e+03 1.731343480970697346e+00
1.835806335449218750e+03 2.141398271905668935e+03 1.733172162828089391e+00
1.835827148437500000e+03 2.138587264162450083e+03 1.730792633126654545e+00
1.835847961425781250e+03 2.145543571201416853e+03 1.740570755118449275e+00
1.835868835449218750e+03 2.144942130468298274e+03 1.734261173946417989e+00
1.835889648437500000e+03 2.140895884363867935e+03 1.731604829638102139e+00
1.835910461425781250e+03 2.143170579150450976e+03 1.731741891107619002e+00
1.835931335449218750e+03 2.142334645061339870e+03 1.734520296076474510e+00
1.835952148437500000e+03 2.141059652172606093e+03 1.731025003623976266e+00
1.835972961425781250e+03 2.142927317425891033e+03 1.734218968426547658e+00
1.835993835449218750e+03 2.144055905526346578e+03 1.733604534952827292e+00
1.836014648437500000e+03 2.145802529373531343e+03 1.732634900058120708e+00
1.836035461425781250e+03 2.142157608476035875e+03 1.731478428833224115e+00
1.836056335449218750e+03 2.143517412945311662e+03 1.734706262793868303e+00
1.836077148437500000e+03 2.141642091620262818e+03 1.733609554705235034e+00
1.836097961425781250e+03 2.143345122510891542e+03 1.731249906353999668e+00
1.836118835449218750e+03 2.141450788940127495e+03 1.730062949518211601e+00
1.836139648437500000e+03 2.142752843028900315e+03 1.733473672442987779e+00
1.836160461425781250e+03 2.139411601057708594e+03 1.735312131348936138e+00
1.836181335449218750e+03 2.142356594844329720e+03 1.730986506933450686e+00
1.836202148437500000e+03 2.140575781213865412e+03 1.737139448999704294e+00
1.836222961425781250e+03 2.139916769202778596e+03 1.730382086174626632e+00
1.836243835449218750e+03 2.138915916427764387e+03 1.730512769152140251e+00
1.836264648437500000e+03 2.141067268215256263e+03 1.730604386019177321e+00
1.836285461425781250e+03 2.140987491986637906e+03 1.732117979969379329e+00
1.836306335449218750e+03 2.144048328024179682e+03 1.740042559223812901e+00
1.836327148437500000e+03 2.141639936289261641e+03 1.733252634713054796e+00
1.836347961425781250e+03 2.143802008490091794e+03 1.732141241935235332e+00
1.836368835449218750e+03 2.141743581970390551e+03 1.734031643258677091e+00
1.836389648437500000e+03 2.139394903195006464e+03 1.729838099208144353e+00
1.836410461425781250e+03 2.142099414643736509e+03 1.731755865123184579e+00
1.836431335449218750e+03 2.144944562028986638e+03 1.732678795378093328e+00
1.836452148437500000e+03 2.141964567463433013e+03 1.733229731556929387e+00
1.836472961425781250e+03 2.144197460690931166e+03 1.731261818635447369e+00
1.836493835449218750e+03 2.142921028365945858e+03 1.731864899874654418e+00
1.836514648437500000e+03 2.144337300427513128e+03 1.730657562908352931e+00
1.836535461425781250e+03 2.141723699524834956e+03 1.732049568709156828e+00
1.836556335449218750e+03 2.142855367097505678e+03 1.732522335816772063e+00
1.836577148437500000e+03 2.143644791239444658e+03 1.730568428699230221e+00
1.836597961425781250e+03 2.143230276319787208e+03 1.732703838604761071e+00
1.836618835449218750e+03 2.141868084740680388e+03 1.732475615380717038e+00
1.836639648437500000e+03 2.146413634059098513e+03 1.733751545790551907e+00
1.836660461425781250e+03 2.140622002011637960e+03 1.730514422431811639e+00
1.836681335449218750e+03 2.143464824117663284e+03 1.733421063342650781e+00
1.836702148437500000e+03 2.144240480400772412e+03 1.733256486265138951e+00
1.836722961425781250e+03 2.142905113506586986e+03 1.731876463763837748e+00
1.836743835449218750e+03 2.143725065682531294e+03 1.730771557080914347e+00
1.836764648437500000e+03 2.142022221923648431e+03 1.732394488095605034e+00
1.836785461425781250e+03 2.143482256333050373e+03 1.730811091674853142e+00
1.836806335449218750e+03 2.145317883566236105e+03 1.731766672535728357e+00
1.836827148437500000e+03 2.144736112199584568e+03 1.731809626171083583e+00
1.836847961425781250e+03 2.145978664061959080e+03 1.731984389673061342e+00
1.836868835449218750e+03 2.141683499902404947e+03 1.733565339125964666e+00
1.836889648437500000e+03 2.142141768625753230e+03 1.731612540063989236e+00
1.836910461425781250e+03 2.142152231451121224e+03 1.730847594940589040e+00
1.836931335449218750e+03 2.143776838594990750e+03 1.733308068727109408e+00
1.836952148437500000e+03 2.144119467702743350e+03 1.731340175993133501e+00
1.836972961425781250e+03 2.142910898877566979e+03 1.732349897435496500e+00
1.836993835449218750e+03 2.145230011315979027e+03 1.731312427703491252e+00
1.837014648437500000e+03 2.146720783274764926e+03 1.734544487997083495e+00
1.837035461425781250e+03 2.143711717823582148e+03 1.732598572055757069e+00
1.837056335449218750e+03 2.145222185237396843e+03 1.731824150316370492e+00
1.837077148437500000e+03 2.143648655343840801e+03 1.736090765092096699e+00
1.837097961425781250e+03 2.142136877204854045e+03 1.731972551189989717e+00
1.837118835449218750e+03 2.145132815715183824e+03 1.733730643232414215e+00
1.837139648437500000e+03 2.146250224931915000e+03 1.733233101710003998e+00
1.837160461425781250e+03 2.144498123603715158e+03 1.738704055628876421e+00
1.837181335449218750e+03 2.143948091062528874e+03 1.735259921477664280e+00
1.837202148437500000e+03 2.141753718474277775e+03 1.737613438258184484e+00
1.837222961425781250e+03 2.142539498972269939e+03 1.732208479648082555e+00
1.837243835449218750e+03 2.145616967208361075e+03 1.735159138243846488e+00
1.837264648437500000e+03 2.143436646019999898e+03 1.731588100649597228e+00
1.837285461425781250e+03 2.143498883918408865e+03 1.733646961717498769e+00
1.837306335449218750e+03 2.146666631120157490e+03 1.731760477211946814e+00
1.837327148437500000e+03 2.142796322348883677e+03 1.731970279843869420e+00
1.837347961425781250e+03 2.144396484375000000e+03 1.736533668804565833e+00
1.837368835449218750e+03 2.144831447847438085e+03 1.730855239866668116e+00
1.837389648437500000e+03 2.145146462328874350e+03 1.740898853175015359e+00
1.837410461425781250e+03 2.142061000152026281e+03 1.731696595247546044e+00
1.837431335449218750e+03 2.145892832197807820e+03 1.733137221735201683e+00
1.837452148437500000e+03 2.143546987007826374e+03 1.732911807242450974e+00
1.837472961425781250e+03 2.143183121535594637e+03 1.731597807613226570e+00
1.837493835449218750e+03 2.143707050818478820e+03 1.731343756385209653e+00
1.837514648437500000e+03 2.145708000540867488e+03 1.731534745799943709e+00
1.837535461425781250e+03 2.146056202107481113e+03 1.731853748908386281e+00
1.837556335449218750e+03 2.143380304615338900e+03 1.733417418470021509e+00
1.837577148437500000e+03 2.144921600125835539e+03 1.731406825154765627e+00
1.837597961425781250e+03 2.142446430169619816e+03 1.732789285571364024e+00
1.837618835449218750e+03 2.143642507720179310e+03 1.731357802467238249e+00
1.837639648437500000e+03 2.142870321231722301e+03 1.741443286910917321e+00
1.837660461425781250e+03 2.143751014493424009e+03 1.731822635956199230e+00
1.837681335449218750e+03 2.143081008310680772e+03 1.732105110049303898e+00
1.837702148437500000e+03 2.141250007248150268e+03 1.731739137593716338e+00
1.837722961425781250e+03 2.146405176231078258e+03 1.731954793313657204e+00
1.837743835449218750e+03 2.143040209402042819e+03 1.732214191636469502e+00
1.837764648437500000e+03 2.145500821201889266e+03 1.731372743517654467e+00
1.837785461425781250e+03 2.143796862437402979e+03 1.731182837991033008e+00
1.837806335449218750e+03 2.143786609743141526e+03 1.731689780114386457e+00
1.837827148437500000e+03 2.143652849854891883e+03 1.733593326412113056e+00
1.837847961425781250e+03 2.144227220646201204e+03 1.737361295913210757e+00
1.837868835449218750e+03 2.143784255501399457e+03 1.730669410386479701e+00
1.837889648437500000e+03 2.142209498158637416e+03 1.733984688494353943e+00
1.837910461425781250e+03 2.145584074592650268e+03 1.732743397909412675e+00
1.837931335449218750e+03 2.143935568047119432e+03 1.747432255448256644e+00
1.837952148437500000e+03 2.142660430231801001e+03 1.730991603145584978e+00
1.837972961425781250e+03 2.146203998711651366e+03 1.734831947410885755e+00
1.837993835449218750e+03 2.144080027043636619e+03 1.730791462241957568e+00
1.838014648437500000e+03 2.144245385449673449e+03 1.731901862749394949e+00
1.838035461425781250e+03 2.146310691843237692e+03 1.736581584337476114e+00
1.838056335449218750e+03 2.143398156301538165e+03 1.733062384898463870e+00
1.838077148437500000e+03 2.146139508100121475e+03 1.736977351777264200e+00
1.838097961425781250e+03 2.144654132449540157e+03 1.735136878580908704e+00
1.838118835449218750e+03 2.145740287761231684e+03 1.734232647526761539e+00
1.838139648437500000e+03 2.143892729607131969e+03 1.731826077681945852e+00
1.838160461425781250e+03 2.143163549499717647e+03 1.732117567032252170e+00
1.838181335449218750e+03 2.145138816007948208e+03 1.731157084150974246e+00
1.838202148437500000e+03 2.143738506796389629e+03 1.733975682383982919e+00
1.838222961425781250e+03 2.143814269890413470e+03 1.732596301530318517e+00
1.838243835449218750e+03 2.146283884956323618e+03 1.731945501329061665e+00
1.838264648437500000e+03 2.142752935976322988e+03 1.732355471330778274e+00
1.838285461425781250e+03 2.142802069760507493e+03 1.732493367918677585e+00
1.838306335449218750e+03 2.144537578948598366e+03 1.732234149038381688e+00
1.838327148437500000e+03 2.146974806027927571e+03 1.737762442328996348e+00
1.838347961425781250e+03 2.143515245866871282e+03 1.731282819856866384e+00
1.838368835449218750e+03 2.145414770024331574e+03 1.732915315596186945e+00
1.838389648437500000e+03 2.144826457675148959e+03 1.731993543793448387e+00
1.838410461425781250e+03 2.147254739399144000e+03 1.734629638124683737e+00
1.838431335449218750e+03 2.144129359112884686e+03 1.732036698280750686e+00
1.838452148437500000e+03 2.147692479835325230e+03 1.733162739807448283e+00
1.838472961425781250e+03 2.144268284487839082e+03 1.732430820377482972e+00
1.838493835449218750e+03 2.143942845630558622e+03 1.733639741676888502e+00
1.838514648437500000e+03 2.144154242810161122e+03 1.740322123668911480e+00
1.838535461425781250e+03 2.142709597107872469e+03 1.735226533815463101e+00
1.838556335449218750e+03 2.142825542875822975e+03 1.733077036114465397e+00
1.838577148437500000e+03 2.145023712051222446e+03 1.732395795520479842e+00
1.838597961425781250e+03 2.144055785488068977e+03 1.732010475347261380e+00
1.838618835449218750e+03 2.146042758380129726e+03 1.731470235870041563e+00
1.838639648437500000e+03 2.143218015764591200e+03 1.730584754241689671e+00
1.838660461425781250e+03 2.143772032442817363e+03 1.732646734015627077e+00
1.838681335449218750e+03 2.143694789328798834e+03 1.731032510034548277e+00
1.838702148437500000e+03 2.144290880249178826e+03 1.731643587949331708e+00
1.838743835449218750e+03 2.144538164615752976e+03 1.732981216293647986e+00
1.838764648437500000e+03 2.146952036194774792e+03 1.732412929576327310e+00
1.838785461425781250e+03 2.144433017414838559e+03 1.734012256526199058e+00
1.838806335449218750e+03 2.140662801467340614e+03 1.732442862158848129e+00
1.838827148437500000e+03 2.145428718995202871e+03 1.733064654813276650e+00
1.838847961425781250e+03 2.143689081679717674e+03 1.733418243724872854e+00
1.838868835449218750e+03 2.143913613255688233e+03 1.740117438398085303e+00
1.838889648437500000e+03 2.145224353120591786e+03 1.733284203432187809e+00
1.838910461425781250e+03 2.142614650693061776e+03 1.733767497573270200e+00
1.838931335449218750e+03 2.143930845994477750e+03 1.732305030365957510e+00
1.838952148437500000e+03 2.143413552799195713e+03 1.733327119461561150e+00
1.838972961425781250e+03 2.141830435831908289e+03 1.733996375743418028e+00
1.838993835449218750e+03 2.141075912739114756e+03 1.733007906051009073e+00
1.839014648437500000e+03 2.141149076622967186e+03 1.734087258604041670e+00
1.839035461425781250e+03 2.142665590557222913e+03 1.734417407917801635e+00
1.839056335449218750e+03 2.141338555294097659e+03 1.735738407395737593e+00
1.839077148437500000e+03 2.140120775876684093e+03 1.733910094490062059e+00
1.839097961425781250e+03 2.139047325359545539e+03 1.731197367394855302e+00
1.839118835449218750e+03 2.141965467042171440e+03 1.731258306930939517e+00
1.839139648437500000e+03 2.141664075072066680e+03 1.731617909804593847e+00
1.839160461425781250e+03 2.141788904927426302e+03 1.733019599887361428e+00
1.839181335449218750e+03 2.141856892119624717e+03 1.732239379216030439e+00
1.839202148437500000e+03 2.142571310453447950e+03 1.737318410921064649e+00
1.839222961425781250e+03 2.142009439142221254e+03 1.731627685443456688e+00
1.839243835449218750e+03 2.141993979216112621e+03 1.732573733721769482e+00
1.839264648437500000e+03 2.142211891169339196e+03 1.738937356975513771e+00
1.839285461425781250e+03 2.140039442899237201e+03 1.734558233256204174e+00
1.839306335449218750e+03 2.143444931413434915e+03 1.733890981408446441e+00
1.839327148437500000e+03 2.143498258877353692e+03 1.732127202206235950e+00
1.839347961425781250e+03 2.143471159643406736e+03 1.732146954145347584e+00
1.839368835449218750e+03 2.140475777066959836e+03 1.734333278394751154e+00
1.839389648437500000e+03 2.144560656016536996e+03 1.732730119843505889e+00
1.839410461425781250e+03 2.145890838450847241e+03 1.731575846390853046e+00
1.839431335449218750e+03 2.143418688493543868e+03 1.732547381304995415e+00
1.839452148437500000e+03 2.143208789202442404e+03 1.735192802006419122e+00
1.839472961425781250e+03 2.144227604369203618e+03 1.734548680312659741e+00
1.839493835449218750e+03 2.144059216931120318e+03 1.734779585653511980e+00
1.839535461425781250e+03 2.143214622211666665e+03 1.735201939200710974e+00
1.839556335449218750e+03 2.146423527287004163e+03 1.737465999462706190e+00
1.839577148437500000e+03 2.145589432469165331e+03 1.737170672595092835e+00
1.839597961425781250e+03 2.145126934251067723e+03 1.736382156406753863e+00
1.839618835449218750e+03 2.147383647094489788e+03 1.741790315658904076e+00
1.839639648437500000e+03 2.147793399774816862e+03 1.739658864222289880e+00
1.839660461425781250e+03 2.147776634635947630e+03 1.740640886052780445e+00
1.839681335449218750e+03 2.151881417998249162e+03 1.745875812217057454e+00
1.839702148437500000e+03 2.153350762624612344e+03 1.743758173550827406e+00
1.839722961425781250e+03 2.151664674567783095e+03 1.742547652305853179e+00
1.839743835449218750e+03 2.152142205922613357e+03 1.748298499042469034e+00
1.839764648437500000e+03 2.152899846929025443e+03 1.750812410062855040e+00
1.839785461425781250e+03 2.146753106444855348e+03 1.743415023732675762e+00
1.839806335449218750e+03 2.150264707116386944e+03 1.744330076584320155e+00
1.839827148437500000e+03 2.153052027164356787e+03 1.752445351677782037e+00
1.839847961425781250e+03 2.155740038566948897e+03 1.746313367170403419e+00
1.839868835449218750e+03 2.153382962780251091e+03 1.748417752097306765e+00
1.839889648437500000e+03 2.153421572891498272e+03 1.746164410076677997e+00
1.839910461425781250e+03 2.150729317682527835e+03 1.749711489736952341e+00
1.839931335449218750e+03 2.153262006367043796e+03 1.746097300139707542e+00
1.839952148437500000e+03 2.151469058198732000e+03 1.748372547351122908e+00
1.839972961425781250e+03 2.153605051965808343e+03 1.751145941333594580e+00
1.839993835449218750e+03 2.152840687081712076e+03 1.755905065907358731e+00
1.840014648437500000e+03 2.156872550017260892e+03 1.750544667632641493e+00
1.840035461425781250e+03 2.154801491356001861e+03 1.751509900626193161e+00
