1.842535461425781250e+03 1.401181390217955823e+03 1.197489383069082258e+00
1.842556274414062500e+03 1.402030154979126110e+03 1.198407274484264873e+00
1.842577087402343750e+03 1.401027406581272544e+03 1.197001790634129037e+00
1.842597961425781250e+03 1.398638297261435127e+03 1.196207297508661727e+00
1.842618774414062500e+03 1.397726821406197359e+03 1.196889298555307457e+00
1.842639587402343750e+03 1.396893775981722001e+03 1.203162452808389515e+00
1.842660461425781250e+03 1.395796168986495331e+03 1.195283178830018667e+00
1.842681274414062500e+03 1.396331365792713768e+03 1.195880779738448307e+00
1.842702148437500000e+03 1.395201556989673691e+03 1.196756226545129032e+00
1.842722961425781250e+03 1.396162793008214067e+03 1.196691378459601385e+00
1.842743835449218750e+03 1.394448099714707723e+03 1.196712397194802824e+00
1.842764648437500000e+03 1.392887008706051120e+03 1.197292557828823822e+00
1.842785461425781250e+03 1.392732171571995650e+03 1.195052623547766979e+00
1.842806335449218750e+03 1.394006194970083698e+03 1.196377049538512205e+00
1.842827148437500000e+03 1.392816374679005094e+03 1.195940039965681212e+00
1.842847961425781250e+03 1.394289731256855703e+03 1.195412376070793536e+00
1.842868835449218750e+03 1.395246326545613556e+03 1.199026334653126469e+00
1.842889648437500000e+03 1.395813505248166848e+03 1.198543196770623931e+00
1.842910461425781250e+03 1.393571403379999538e+03 1.195669183308533778e+00
1.842931335449218750e+03 1.392760797515961258e+03 1.199604134034235825e+00
1.842952148437500000e+03 1.393631308892963943e+03 1.197409143604814652e+00
1.842972961425781250e+03 1.395129646018991707e+03 1.198497990520194678e+00
1.842993835449218750e+03 1.394646910450350788e+03 1.201960111194201541e+00
1.843014648437500000e+03 1.393964568170634493e+03 1.195435411703615447e+00
1.843035461425781250e+03 1.395778535870078485e+03 1.200844870614920623e+00
1.843056335449218750e+03 1.394630085337770652e+03 1.196166039194069386e+00
1.843077148437500000e+03 1.394356398557733201e+03 1.196041009837766955e+00
1.843097961425781250e+03 1.394278469228886024e+03 1.196177001687011687e+00
1.843118835449218750e+03 1.393173369178172152e+03 1.198528774719729739e+00
1.843139648437500000e+03 1.393811704739098786e+03 1.196600674896713068e+00
1.843160461425781250e+03 1.394195172703001845e+03 1.195635683337996635e+00
1.843181335449218750e+03 1.394089562599687270e+03 1.195448175845827965e+00
1.843202148437500000e+03 1.396489093140372916e+03 1.197067966293946073e+00
1.843222961425781250e+03 1.393290128939343504e+03 1.196528694908679746e+00
1.843243835449218750e+03 1.395189187674436425e+03 1.198238506482477650e+00
1.843264648437500000e+03 1.394772147469494257e+03 1.195420503411839919e+00
1.843285461425781250e+03 1.394698305454828869e+03 1.195902959057167481e+00
1.843306335449218750e+03 1.395877995016576961e+03 1.195506809373175106e+00
1.843327148437500000e+03 1.395899244600291922e+03 1.195492849270356484e+00
1.843347961425781250e+03 1.397051721289561328e+03 1.198740264168863368e+00
1.843368835449218750e+03 1.396386184212999524e+03 1.199231275064376101e+00
1.843389648437500000e+03 1.396078244605049576e+03 1.196232908838327003e+00
1.843410461425781250e+03 1.395193900928972880e+03 1.198615652517529107e+00
1.843431335449218750e+03 1.395900980383851447e+03 1.196398372716380498e+00
1.843452148437500000e+03 1.397149332415427352e+03 1.195736529367518841e+00
1.843472961425781250e+03 1.397977262224593460e+03 1.196116557237087985e+00
1.843493835449218750e+03 1.398415171634529543e+03 1.196370622618310398e+00
1.843514648437500000e+03 1.397534373908017642e+03 1.196586478494449324e+00
1.843535461425781250e+03 1.400001953038409283e+03 1.199160795022896853e+00
1.843556335449218750e+03 1.397908929025374846e+03 1.197612618823006292e+00
1.843577148437500000e+03 1.396418983567999248e+03 1.196267737373704065e+00
1.843597961425781250e+03 1.397615646996010810e+03 1.196680769336946781e+00
1.843618835449218750e+03 1.396706354740127836e+03 1.195698744258937518e+00
1.843639648437500000e+03 1.396478584384093210e+03 1.195968497786396023e+00
1.843660461425781250e+03 1.396346175497855938e+03 1.196043850426584232e+00
1.843681335449218750e+03 1.397210705519911926e+03 1.196693420580397627e+00
1.843702148437500000e+03 1.395394549957176650e+03 1.195080404250141060e+00
1.843722961425781250e+03 1.395180320054507547e+03 1.195114368647982150e+00
1.843743835449218750e+03 1.396322628323002846e+03 1.195397118459224695e+00
1.843764648437500000e+03 1.398711856779478239e+03 1.196312778782770980e+00
1.843785461425781250e+03 1.397288460052005121e+03 1.196251294843875712e+00
1.843806335449218750e+03 1.397613653958289206e+03 1.196470161276346200e+00
1.843827148437500000e+03 1.396592069484704098e+03 1.196289560746069736e+00
1.843847961425781250e+03 1.397197543952197748e+03 1.195715294084060298e+00
1.843868835449218750e+03 1.396581312156338072e+03 1.197150220178512914e+00
1.843889648437500000e+03 1.395429358400173896e+03 1.194669712741479373e+00
1.843910461425781250e+03 1.394925484181724642e+03 1.196104747041445648e+00
1.843931335449218750e+03 1.398075552904377673e+03 1.196521521579186897e+00
1.843952148437500000e+03 1.396870475755568577e+03 1.195385101706490261e+00
1.843972961425781250e+03 1.401148014272081127e+03 1.196118700002702484e+00
1.843993835449218750e+03 1.397546816635355071e+03 1.196447593928158470e+00
1.844014648437500000e+03 1.396523066486417292e+03 1.195451965174311626e+00
1.844035461425781250e+03 1.397283612138836816e+03 1.196018085540746290e+00
1.844056335449218750e+03 1.398823190759268982e+03 1.196465229375672346e+00
1.844077148437500000e+03 1.397611044826826628e+03 1.195763696023041334e+00
1.844097961425781250e+03 1.396650633711261207e+03 1.195584284981026091e+00
1.844118835449218750e+03 1.397668124247688183e+03 1.197209118852258225e+00
1.844139648437500000e+03 1.398138968125100291e+03 1.196422435565823283e+00
1.844160461425781250e+03 1.396569612187539633e+03 1.197976478520882404e+00
1.844181335449218750e+03 1.397504757925681133e+03 1.196175706124898985e+00
1.844202148437500000e+03 1.394062150959362498e+03 1.202276946573545002e+00
1.844222961425781250e+03 1.397018004313298434e+03 1.198955643709128216e+00
1.844243835449218750e+03 1.394751115613089496e+03 1.194514637863381523e+00
1.844264648437500000e+03 1.394451043008910347e+03 1.194701543511408781e+00
1.844285461425781250e+03 1.396016540835920068e+03 1.195509202517290426e+00
1.844306335449218750e+03 1.395525013832816740e+03 1.194777973809416416e+00
1.844327148437500000e+03 1.397386399154011542e+03 1.196067222734595648e+00
1.844347961425781250e+03 1.395230491139968990e+03 1.198104489846903320e+00
1.844368835449218750e+03 1.398692038036960867e+03 1.195392630889348551e+00
1.844389648437500000e+03 1.394563556389125552e+03 1.194971671786180911e+00
1.844410461425781250e+03 1.393619815108332659e+03 1.196314572432091827e+00
1.844431335449218750e+03 1.395190463877560887e+03 1.197952496642388232e+00
1.844452148437500000e+03 1.400570438764863184e+03 1.195256849003222044e+00
1.844472961425781250e+03 1.398723917175473161e+03 1.195263032575263562e+00
1.844493835449218750e+03 1.397126748922735032e+03 1.195065142400228320e+00
1.844514648437500000e+03 1.397224277793465035e+03 1.195170175892902753e+00
1.844535461425781250e+03 1.395924157875749188e+03 1.195059656066686626e+00
1.844556335449218750e+03 1.395805362031986760e+03 1.199363476100024695e+00
1.844577148437500000e+03 1.393084041445027424e+03 1.197249544667324361e+00
1.844597961425781250e+03 1.394384683503895076e+03 1.195045690740380584e+00
1.844618835449218750e+03 1.395165785401872881e+03 1.195034618115673242e+00
1.844639648437500000e+03 1.392890900053643918e+03 1.195198652044171972e+00
1.844660461425781250e+03 1.396755064116358881e+03 1.197305700431067432e+00
1.844681335449218750e+03 1.397821068863984465e+03 1.195230368990162440e+00
1.844702148437500000e+03 1.396829179492498042e+03 1.195689322720026038e+00
1.844722961425781250e+03 1.394139403735712904e+03 1.194132203436477857e+00
1.844743835449218750e+03 1.397054161772805401e+03 1.196005576662949599e+00
1.844764648437500000e+03 1.397359797401669312e+03 1.195725911772930194e+00
1.844785461425781250e+03 1.395958627044711420e+03 1.194806559081028396e+00
1.844806335449218750e+03 1.395147221865306619e+03 1.196986453691155861e+00
1.844827148437500000e+03 1.396761896496532700e+03 1.197272395601777673e+00
1.844847961425781250e+03 1.397688519943248366e+03 1.195838563134501875e+00
1.844868835449218750e+03 1.394908278520844988e+03 1.194691515413641270e+00
1.844889648437500000e+03 1.396593653267257423e+03 1.194738861265141283e+00
1.844910461425781250e+03 1.399330353983039686e+03 1.197392716748713060e+00
1.844931335449218750e+03 1.397409851613112551e+03 1.196139330154321501e+00
1.844952148437500000e+03 1.396755939404987430e+03 1.200992825196852021e+00
1.844972961425781250e+03 1.396038138915097989e+03 1.195084593743473533e+00
1.844993835449218750e+03 1.398483776520035462e+03 1.195391035304888216e+00
1.845014648437500000e+03 1.396157837990530425e+03 1.194882982661749526e+00
1.845035461425781250e+03 1.398843120523955804e+03 1.195742012595413462e+00
1.845056335449218750e+03 1.396991620845770058e+03 1.202018873358523976e+00
1.845077148437500000e+03 1.397045403951322896e+03 1.195808058592341405e+00
1.845097961425781250e+03 1.396343218322298526e+03 1.195512293654682479e+00
1.845118835449218750e+03 1.393121767764966307e+03 1.194277396213861531e+00
1.845139648437500000e+03 1.396389342817288252e+03 1.195972434979721166e+00
1.845160461425781250e+03 1.395728364239749681e+03 1.195755820248822987e+00
1.845181335449218750e+03 1.396082276345252467e+03 1.196202514008886109e+00
1.845202148437500000e+03 1.394431322936211018e+03 1.200181108954045062e+00
1.845222961425781250e+03 1.396174574359870803e+03 1.195415517319589505e+00
1.845243835449218750e+03 1.398257994829130439e+03 1.198431396468832677e+00
1.845264648437500000e+03 1.398793826460318769e+03 1.199441795854666148e+00
1.845285461425781250e+03 1.398014848843931304e+03 1.196191053462858145e+00
1.845306335449218750e+03 1.394536171483945509e+03 1.194601408430617129e+00
1.845327148437500000e+03 1.393982234193018030e+03 1.194577209107465787e+00
1.845347961425781250e+03 1.397012900290260404e+03 1.195756069482979189e+00
1.845368835449218750e+03 1.397733531193428917e+03 1.195493347848264110e+00
1.845389648437500000e+03 1.400736693942196325e+03 1.195509451802860390e+00
1.845410461425781250e+03 1.398960657978304198e+03 1.196669462797534056e+00
1.845431335449218750e+03 1.398836737644950290e+03 1.196276905231593357e+00
1.845452148437500000e+03 1.395053639005002651e+03 1.194213860948600159e+00
1.845472961425781250e+03 1.398575550453948836e+03 1.195299036286765926e+00
1.845493835449218750e+03 1.397083128689390378e+03 1.199202646153579854e+00
1.845514648437500000e+03 1.395525494802898493e+03 1.195336584708718286e+00
1.845535461425781250e+03 1.396591694956289984e+03 1.196227926132327868e+00
1.845556335449218750e+03 1.399581069252357111e+03 1.196536914295854181e+00
1.845577148437500000e+03 1.395089316275293868e+03 1.199082258080093499e+00
1.845597961425781250e+03 1.395307568877818539e+03 1.197971453312243861e+00
1.845618835449218750e+03 1.397901630597140638e+03 1.195444236925856440e+00
1.845639648437500000e+03 1.397544840875113778e+03 1.195298188566413344e+00
1.845660461425781250e+03 1.397564107497663372e+03 1.198602325365015542e+00
1.845681335449218750e+03 1.396454736413728369e+03 1.196307049051645643e+00
1.845702148437500000e+03 1.394685747857066644e+03 1.195585980015421601e+00
1.845722961425781250e+03 1.396666364880064975e+03 1.195567135086100352e+00
1.845743835449218750e+03 1.399014710830939293e+03 1.196090096256946955e+00
1.845764648437500000e+03 1.397205940711635776e+03 1.196043601252396504e+00
1.845785461425781250e+03 1.399247364913564979e+03 1.195600886243821659e+00
1.845806335449218750e+03 1.397905408896876452e+03 1.197559463760718090e+00
1.845827148437500000e+03 1.395790604544267353e+03 1.195358624534530456e+00
1.845847961425781250e+03 1.399430406437297734e+03 1.195187680577617151e+00
1.845868835449218750e+03 1.398389702294458175e+03 1.196449287739486333e+00
1.845889648437500000e+03 1.397216933283915296e+03 1.195910235777737585e+00
1.845910461425781250e+03 1.396805692372055773e+03 1.195138557094656218e+00
1.845931335449218750e+03 1.397129210270527437e+03 1.195321326129715089e+00
1.845952148437500000e+03 1.394862883241766895e+03 1.196952940791016218e+00
1.845972961425781250e+03 1.398005188401818941e+03 1.196266043305316051e+00
1.845993835449218750e+03 1.397291279733085958e+03 1.195809603775768615e+00
1.846014648437500000e+03 1.393589546071059431e+03 1.194878094093394516e+00
1.846035461425781250e+03 1.399342365827202684e+03 1.195638425186328346e+00
1.846056335449218750e+03 1.398842526489190050e+03 1.195558310771053678e+00
1.846077148437500000e+03 1.397039503456411239e+03 1.195269365716694177e+00
1.846097961425781250e+03 1.396126017565196435e+03 1.194299106232737495e+00
1.846118835449218750e+03 1.397991801368185406e+03 1.195749639225131222e+00
1.846139648437500000e+03 1.397151124343924039e+03 1.194712519442331589e+00
1.846160461425781250e+03 1.394612450603708112e+03 1.196390501120204508e+00
1.846181335449218750e+03 1.397414010514415168e+03 1.195120353463872132e+00
1.846202148437500000e+03 1.397038813928088985e+03 1.195342069771224036e+00
1.846222961425781250e+03 1.397733878812239482e+03 1.195445283981798834e+00
1.846243835449218750e+03 1.396569501110117699e+03 1.194251393579888187e+00
1.846264648437500000e+03 1.397282317282478516e+03 1.198985322482236215e+00
1.846285461425781250e+03 1.396602296218504762e+03 1.195024742444917853e+00
1.846306335449218750e+03 1.395418222004972222e+03 1.194624908747424552e+00
1.846327148437500000e+03 1.397869685835759583e+03 1.194899194607537796e+00
1.846347961425781250e+03 1.397020580388692224e+03 1.194346417734322818e+00
1.846368835449218750e+03 1.399279289429864775e+03 1.195344912020985584e+00
1.846389648437500000e+03 1.398126468182534381e+03 1.196365241914379540e+00
1.846410461425781250e+03 1.395378024396506817e+03 1.194709426235639693e+00
1.846431335449218750e+03 1.395744201203986449e+03 1.196185572293334332e+00
1.846452148437500000e+03 1.395461684989802052e+03 1.193891291220723128e+00
1.846472961425781250e+03 1.396587030891220820e+03 1.200581773161472965e+00
1.846493835449218750e+03 1.396839608004365573e+03 1.194873953759654883e+00
1.846514648437500000e+03 1.397470872259784528e+03 1.195034368731052510e+00
1.846535461425781250e+03 1.397447120385947301e+03 1.196262455858457807e+00
1.846556335449218750e+03 1.399388599264593267e+03 1.195345659980326047e+00
1.846577148437500000e+03 1.396649085705966627e+03 1.194721200334465161e+00
1.846597961425781250e+03 1.397683203507669532e+03 1.194974165760890994e+00
1.846618835449218750e+03 1.394944979355952682e+03 1.194553358573227086e+00
1.846639648437500000e+03 1.397304727133422602e+03 1.199018231753593788e+00
1.846660461425781250e+03 1.395599465568448522e+03 1.195504665510837228e+00
1.846681335449218750e+03 1.397676116989208140e+03 1.198987460120948256e+00
1.846702148437500000e+03 1.395884139715787114e+03 1.200002557036536466e+00
1.846722961425781250e+03 1.394302103392627487e+03 1.195695055411275520e+00
1.846743835449218750e+03 1.396158220372590904e+03 1.194561142481935345e+00
1.846764648437500000e+03 1.394900984710098783e+03 1.194635037191514426e+00
1.846785461425781250e+03 1.396627376812295324e+03 1.200344340272788024e+00
1.846806335449218750e+03 1.396911880328742654e+03 1.195403799920937704e+00
1.846827148437500000e+03 1.399021235725425868e+03 1.195423844082013076e+00
1.846847961425781250e+03 1.396365029773732886e+03 1.194943289987313806e+00
1.846868835449218750e+03 1.397081958093069943e+03 1.201257817364997482e+00
1.846889648437500000e+03 1.396034188147813893e+03 1.195699691393663278e+00
1.846910461425781250e+03 1.396601067449533957e+03 1.194829606393656096e+00
1.846931335449218750e+03 1.396028868642779116e+03 1.197172176827608014e+00
1.846952148437500000e+03 1.396715770347138459e+03 1.194744698294997187e+00
1.846972961425781250e+03 1.395623685093997665e+03 1.194431054732707276e+00
1.846993835449218750e+03 1.395740849359345702e+03 1.197241429742522234e+00
1.847014648437500000e+03 1.395112429425544860e+03 1.194387788808914053e+00
1.847035461425781250e+03 1.394021500003884967e+03 1.195600886243821659e+00
1.847056335449218750e+03 1.396671602441434743e+03 1.197373502018938662e+00
1.847077148437500000e+03 1.398334186435648007e+03 1.194823969321464618e+00
1.847097961425781250e+03 1.396796755010823063e+03 1.194838885056339173e+00
1.847118835449218750e+03 1.396163051996302329e+03 1.194879391062458218e+00
1.847139648437500000e+03 1.397218940441583754e+03 1.196646799588497290e+00
1.847160461425781250e+03 1.395963153115697878e+03 1.194880937446809899e+00
1.847181335449218750e+03 1.398376025765504892e+03 1.197041874898033598e+00
1.847202148437500000e+03 1.397409442547055960e+03 1.194322362964558293e+00
1.847222961425781250e+03 1.395219708308211466e+03 1.195100653331859775e+00
1.847243835449218750e+03 1.395330215361241699e+03 1.194216606061349273e+00
1.847264648437500000e+03 1.398078969001556288e+03 1.200343744397178947e+00
1.847285461425781250e+03 1.397157021296745597e+03 1.195079556374703644e+00
1.847306335449218750e+03 1.397684330154420650e+03 1.194088677102152829e+00
1.847327148437500000e+03 1.400274946189859293e+03 1.195372935244556123e+00
1.847347961425781250e+03 1.396545799137383256e+03 1.198166724380433035e+00
1.847368835449218750e+03 1.395291548587145599e+03 1.194152468596709538e+00
1.847389648437500000e+03 1.396450417230331141e+03 1.194648608174106119e+00
1.847410461425781250e+03 1.396384597208361811e+03 1.195354685319470311e+00
1.847431335449218750e+03 1.398054599635054956e+03 1.194892061378489911e+00
1.847452148437500000e+03 1.396064931265542782e+03 1.193868175868518344e+00
1.847472961425781250e+03 1.396744026027848577e+03 1.194266566010925512e+00
1.847493835449218750e+03 1.398786769576097640e+03 1.195468169404032110e+00
1.847514648437500000e+03 1.395673964351394716e+03 1.194473720285404106e+00
1.847535461425781250e+03 1.395594267725304235e+03 1.194567329655239929e+00
1.847556335449218750e+03 1.397547254181605695e+03 1.195413473015755512e+00
1.847577148437500000e+03 1.397223935731435176e+03 1.194527012659694520e+00
1.847597961425781250e+03 1.395334871344899966e+03 1.194165096712289431e+00
1.847618835449218750e+03 1.397563620915573210e+03 1.195063596254233751e+00
1.847639648437500000e+03 1.395595582730943079e+03 1.195937847040712709e+00
1.847660461425781250e+03 1.397344528605150799e+03 1.194867019915598183e+00
1.847681335449218750e+03 1.396952596111326102e+03 1.194339281203797620e+00
1.847702148437500000e+03 1.394144840480258836e+03 1.195249069625214711e+00
1.847722961425781250e+03 1.396016531785089683e+03 1.194295163523004799e+00
1.847743835449218750e+03 1.395754041001807082e+03 1.194045648363569301e+00
1.847764648437500000e+03 1.397291853752455381e+03 1.194698699731040259e+00
1.847785461425781250e+03 1.398026565970959382e+03 1.194678294161073184e+00
1.847806335449218750e+03 1.396489289700077052e+03 1.194363136013000481e+00
1.847827148437500000e+03 1.397481097482992482e+03 1.195489758082687537e+00
1.847847961425781250e+03 1.395858625736450904e+03 1.194743850181318789e+00
1.847868835449218750e+03 1.393962244526775748e+03 1.195835971275547971e+00
1.847889648437500000e+03 1.394341669238630402e+03 1.207047940728300350e+00
1.847910461425781250e+03 1.396329342156927169e+03 1.199916971831105572e+00
1.847952148437500000e+03 1.396046845797243805e+03 1.197248598758676508e+00
1.847972961425781250e+03 1.396813293540683389e+03 1.194274551423522679e+00
1.847993835449218750e+03 1.397168541549376187e+03 1.196542742554365102e+00
1.848014648437500000e+03 1.395926185295439609e+03 1.194190502279369515e+00
1.848035461425781250e+03 1.396874687086433823e+03 1.194716311104125461e+00
1.848056335449218750e+03 1.394331437316878691e+03 1.193458915092792560e+00
1.848077148437500000e+03 1.396806424961828270e+03 1.196429111301650083e+00
1.848097961425781250e+03 1.396670245235129187e+03 1.194575213265117064e+00
1.848118835449218750e+03 1.396534112268339413e+03 1.195177905913488825e+00
1.848139648437500000e+03 1.394334316735812763e+03 1.194592127923400415e+00
1.848160461425781250e+03 1.395984426969894230e+03 1.194617624197599870e+00
1.848181335449218750e+03 1.397088852745877830e+03 1.195752480506118598e+00
1.848202148437500000e+03 1.398426016471934645e+03 1.196594249177605374e+00
1.848222961425781250e+03 1.396730027831074040e+03 1.194455406720229318e+00
1.848243835449218750e+03 1.397813707202435126e+03 1.194620019122991428e+00
1.848264648437500000e+03 1.399062168940689389e+03 1.194244755580695205e+00
1.848285461425781250e+03 1.399671393078331903e+03 1.194324858295147340e+00
1.848306335449218750e+03 1.398328666491555623e+03 1.199405171073006260e+00
1.848327148437500000e+03 1.397047570568513720e+03 1.194458350881801190e+00
1.848347961425781250e+03 1.396531081297701576e+03 1.194761261335558489e+00
1.848368835449218750e+03 1.397484515201948625e+03 1.195562249315195613e+00
1.848389648437500000e+03 1.395991738314474333e+03 1.196494123049887781e+00
1.848410461425781250e+03 1.399636906092640857e+03 1.195522414580863835e+00
1.848431335449218750e+03 1.400689004344632849e+03 1.194654345859348377e+00
1.848452148437500000e+03 1.396635732783084677e+03 1.193956241467161616e+00
1.848472961425781250e+03 1.394821665040067955e+03 1.194797629375040859e+00
1.848493835449218750e+03 1.397227823867083771e+03 1.198508881950966831e+00
1.848514648437500000e+03 1.395627628533387679e+03 1.195337881180309259e+00
1.848535461425781250e+03 1.396096450149401335e+03 1.194302899207031698e+00
1.848556335449218750e+03 1.394072370235520111e+03 1.194813243845182171e+00
1.848577148437500000e+03 1.397133931930674407e+03 1.196869727140519757e+00
1.848597961425781250e+03 1.397810744715903866e+03 1.195490256661884576e+00
1.848618835449218750e+03 1.397912802728225415e+03 1.195742860001117513e+00
1.848639648437500000e+03 1.398086917660264817e+03 1.195260738673238787e+00
1.848660461425781250e+03 1.395357952477323579e+03 1.194994217128408032e+00
1.848681335449218750e+03 1.397246855388105132e+03 1.195532335996764006e+00
1.848702148437500000e+03 1.395944834478348412e+03 1.197840193366884298e+00
1.848722961425781250e+03 1.398880577924136105e+03 1.194687374433290872e+00
1.848743835449218750e+03 1.400973872906344695e+03 1.195357577402679894e+00
1.848764648437500000e+03 1.397772567302222114e+03 1.197640290374822669e+00
1.848785461425781250e+03 1.398264431915511750e+03 1.195973631086518774e+00
1.848806335449218750e+03 1.398350144549993956e+03 1.195749290295421652e+00
1.848827148437500000e+03 1.398119076632630140e+03 1.197355033684944114e+00
1.848847961425781250e+03 1.397231907735083723e+03 1.197923439117305699e+00
1.848868835449218750e+03 1.399288887273316732e+03 1.196462638874245865e+00
1.848889648437500000e+03 1.398150731610295907e+03 1.195444835243650195e+00
1.848910461425781250e+03 1.399788888742305971e+03 1.196644657768521691e+00
1.848931335449218750e+03 1.400167937198189748e+03 1.195123096494472570e+00
1.848952148437500000e+03 1.398485221388881428e+03 1.196370224048478592e+00
1.848972961425781250e+03 1.397771882144226765e+03 1.195766337885052932e+00
1.848993835449218750e+03 1.401493205757578835e+03 1.200699082034609955e+00
1.849014648437500000e+03 1.400287543844323864e+03 1.199650540727785986e+00
1.849035461425781250e+03 1.398476506547754980e+03 1.195639372368836328e+00
1.849056335449218750e+03 1.396339449687420256e+03 1.195018757150194677e+00
1.849077148437500000e+03 1.399276719552266513e+03 1.195331598266417439e+00
1.849097961425781250e+03 1.397019209538990026e+03 1.195021251026639142e+00
1.849118835449218750e+03 1.400573240005168600e+03 1.197208521416184057e+00
1.849139648437500000e+03 1.398113097477392330e+03 1.194885127639510491e+00
1.849160461425781250e+03 1.397794040102125791e+03 1.199796456717505011e+00
1.849181335449218750e+03 1.401692159847208586e+03 1.195929773055035117e+00
1.849202148437500000e+03 1.401787156849771236e+03 1.196910363613623351e+00
1.849222961425781250e+03 1.402608782313836855e+03 1.199856417728541347e+00
1.849243835449218750e+03 1.400309814388358518e+03 1.196383576065555454e+00
1.849264648437500000e+03 1.400656043296193047e+03 1.195687777381160055e+00
1.849285461425781250e+03 1.399101685244562532e+03 1.197673535206697837e+00
1.849306335449218750e+03 1.397116914298609117e+03 1.195210570932339289e+00
1.849327148437500000e+03 1.400133630931198695e+03 1.195295794999819528e+00
1.849347961425781250e+03 1.399938392715962436e+03 1.196031341818253546e+00
1.849368835449218750e+03 1.400577552256932449e+03 1.198817033613846617e+00
1.849389648437500000e+03 1.400134756631512118e+03 1.195869066898544331e+00
1.849410461425781250e+03 1.397145427748978136e+03 1.196551310540974855e+00
1.849431335449218750e+03 1.397949724097098624e+03 1.196838850466469761e+00
1.849452148437500000e+03 1.397909090150212933e+03 1.195303673805112821e+00
1.849472961425781250e+03 1.400585378794444523e+03 1.198021057666655453e+00
1.849493835449218750e+03 1.398969546269317789e+03 1.195778500344307549e+00
1.849514648437500000e+03 1.398634887695312500e+03 1.194776177853287491e+00
1.849535461425781250e+03 1.398993350885549944e+03 1.195415716763678970e+00
1.849556335449218750e+03 1.399450013264077143e+03 1.195043795433518907e+00
1.849577148437500000e+03 1.398670833448797566e+03 1.194414137793391228e+00
1.849597961425781250e+03 1.399576263987086577e+03 1.194540834357243453e+00
1.849618835449218750e+03 1.398628050823754847e+03 1.195143943321292257e+00
1.849639648437500000e+03 1.401085745583902280e+03 1.195538518143929752e+00
1.849660461425781250e+03 1.398979603076638114e+03 1.194543229436590082e+00
1.849681335449218750e+03 1.400700893195919662e+03 1.195879483855422309e+00
1.849702148437500000e+03 1.399903768144728247e+03 1.199801573639867946e+00
1.849722961425781250e+03 1.400502632973587197e+03 1.195627457755275236e+00
1.849743835449218750e+03 1.400880286366802920e+03 1.196109780092665664e+00
1.849764648437500000e+03 1.400573935400212576e+03 1.197068812761006740e+00
1.849785461425781250e+03 1.399865673490220388e+03 1.195930022252939207e+00
1.849806335449218750e+03 1.398237899506171743e+03 1.195406542301129749e+00
1.849827148437500000e+03 1.400937389717503720e+03 1.195731395049513424e+00
1.849847961425781250e+03 1.399043902644729542e+03 1.194655892535002595e+00
1.849868835449218750e+03 1.397785323248808481e+03 1.195153468903417782e+00
1.849889648437500000e+03 1.400848634405093890e+03 1.195381511615847492e+00
1.849910461425781250e+03 1.400185745720449631e+03 1.198575869533665017e+00
1.849931274414062500e+03 1.398792007537796735e+03 1.197323920618269755e+00
1.849952087402343750e+03 1.401275062359653703e+03 1.200309878313915446e+00
1.849972961425781250e+03 1.400433615016249860e+03 1.195582041549454466e+00
1.849993774414062500e+03 1.398318229665446552e+03 1.195028782501909248e+00
1.850014587402343750e+03 1.399655808505062396e+03 1.200348610705996411e+00
1.850035461425781250e+03 1.400236605254892311e+03 1.196237343429210620e+00
1.850056274414062500e+03 1.398651637985737125e+03 1.194698949185729386e+00
1.850077087402343750e+03 1.397751366385816709e+03 1.195838812351412761e+00
1.850097961425781250e+03 1.398885674734271333e+03 1.194047095991348950e+00
1.850118774414062500e+03 1.397367002777485823e+03 1.195415866346724032e+00
1.850139587402343750e+03 1.401172049815210357e+03 1.194550614234345165e+00
1.850160461425781250e+03 1.403374698793339121e+03 1.196914895291659731e+00
1.850181274414062500e+03 1.400390655527512081e+03 1.201914289589083973e+00
1.850202087402343750e+03 1.398361644790586070e+03 1.196727887069062080e+00
1.850222961425781250e+03 1.401520309346985641e+03 1.195603628171952648e+00
1.850243774414062500e+03 1.399584072294479256e+03 1.194555504142870372e+00
1.850264587402343750e+03 1.398798001890737396e+03 1.196178546393850572e+00
1.850285461425781250e+03 1.398084635548322694e+03 1.196048385387731061e+00
1.850306274414062500e+03 1.399905675403382702e+03 1.194974913952289164e+00
1.850327087402343750e+03 1.400168222087961567e+03 1.195127385584247026e+00
1.850347961425781250e+03 1.399897895702422829e+03 1.199960237082682957e+00
1.850368774414062500e+03 1.399637882276555729e+03 1.196006075027117088e+00
1.850389587402343750e+03 1.399490089846428646e+03 1.194408049632706081e+00
1.850410461425781250e+03 1.397848092547870692e+03 1.195593458079655447e+00
1.850431274414062500e+03 1.398118743813661695e+03 1.194827810515136646e+00
1.850452087402343750e+03 1.398836386666696171e+03 1.194520475988906094e+00
1.850472961425781250e+03 1.400316743194517130e+03 1.195835722058044892e+00
1.850493774414062500e+03 1.398736048995234341e+03 1.195137260406840651e+00
1.850514587402343750e+03 1.399170090728879131e+03 1.195343964605149356e+00
1.850535461425781250e+03 1.398982509126359218e+03 1.195836320179965107e+00
1.850556274414062500e+03 1.399764738182264409e+03 1.195813441803384336e+00
1.850577087402343750e+03 1.401794719764460751e+03 1.195995908357006643e+00
1.850597961425781250e+03 1.398327932331704005e+03 1.194947380200253262e+00
1.850618774414062500e+03 1.399997249124212203e+03 1.195394525643128869e+00
1.850639587402343750e+03 1.401671444179875834e+03 1.195147733614373875e+00
1.850660461425781250e+03 1.400903964409925720e+03 1.195228922795529947e+00
1.850681274414062500e+03 1.399985233181017293e+03 1.194778821898871968e+00
1.850702087402343750e+03 1.396648923084070248e+03 1.195098857860643404e+00
1.850722961425781250e+03 1.399470235333570599e+03 1.194694758340038687e+00
1.850743774414062500e+03 1.398045644675061794e+03 1.194924235396159773e+00
1.850764587402343750e+03 1.398724076596683290e+03 1.194709426235639693e+00
1.850785461425781250e+03 1.399038531012707153e+03 1.195141798808039946e+00
1.850806274414062500e+03 1.402753927987293309e+03 1.199736343665358529e+00
1.850827087402343750e+03 1.397680642413220767e+03 1.195518027194813371e+00
1.850847961425781250e+03 1.399861040522913981e+03 1.198334457961091060e+00
1.850868774414062500e+03 1.398651578086224845e+03 1.194576859835295490e+00
1.850889587402343750e+03 1.399685046906962043e+03 1.195593856908434116e+00
1.850910461425781250e+03 1.400696291247916179e+03 1.196676386197783382e+00
1.850931274414062500e+03 1.397498636226921690e+03 1.197077376982310648e+00
1.850952087402343750e+03 1.400312078959080054e+03 1.195923692610085576e+00
1.850972961425781250e+03 1.398682682202837441e+03 1.194402709990823430e+00
1.850993774414062500e+03 1.398225472753737222e+03 1.194591628969357000e+00
1.851014587402343750e+03 1.400076200600006359e+03 1.195128782028759051e+00
1.851035461425781250e+03 1.399177981487296847e+03 1.195744853894523008e+00
1.851056274414062500e+03 1.400492185271323251e+03 1.198380118019616303e+00
1.851077087402343750e+03 1.397237296991601397e+03 1.194101555471842380e+00
1.851097961425781250e+03 1.401163402224006404e+03 1.195873253628960908e+00
1.851118774414062500e+03 1.403317004222019250e+03 1.194823620121427510e+00
1.851139587402343750e+03 1.400045287711070159e+03 1.195466524061494784e+00
1.851160461425781250e+03 1.397859503849960447e+03 1.194391032559968702e+00
1.851181274414062500e+03 1.398775929033223974e+03 1.195309857134920328e+00
1.851202087402343750e+03 1.399871110291074046e+03 1.194894056691604423e+00
1.851222961425781250e+03 1.401539363312113665e+03 1.195142048170243942e+00
1.851243774414062500e+03 1.399952130694736979e+03 1.198122001409384962e+00
1.851264587402343750e+03 1.403697200469248855e+03 1.198897377716131585e+00
1.851285461425781250e+03 1.398441636721485793e+03 1.195040204317537880e+00
1.851306274414062500e+03 1.401550980842922399e+03 1.196377896494413617e+00
1.851327087402343750e+03 1.400314747903743864e+03 1.196192398836993354e+00
1.851347961425781250e+03 1.399614598325456882e+03 1.195613499061159102e+00
1.851368774414062500e+03 1.398459165058258577e+03 1.195457449707422404e+00
1.851389587402343750e+03 1.397211042445069552e+03 1.196294194424579072e+00
1.851410461425781250e+03 1.399331481198401434e+03 1.194777724371226535e+00
1.851431274414062500e+03 1.397862548445426000e+03 1.194680439506340397e+00
1.851452087402343750e+03 1.401378321974633309e+03 1.194689869001485993e+00
1.851472961425781250e+03 1.398432153576020710e+03 1.197331786077883153e+00
1.851493774414062500e+03 1.399660604673204034e+03 1.194704786410585751e+00
1.851514587402343750e+03 1.400524720775254309e+03 1.194868316896682492e+00
1.851535461425781250e+03 1.401365326227439255e+03 1.194793438875479952e+00
1.851556274414062500e+03 1.399621189989515869e+03 1.194725041858552883e+00
1.851577087402343750e+03 1.400296889660304942e+03 1.195226080269945701e+00
1.851597961425781250e+03 1.401368929474386050e+03 1.194900142376024821e+00
1.851618774414062500e+03 1.398583460139176395e+03 1.201574341873132612e+00
1.851639587402343750e+03 1.399783713999657948e+03 1.194590930433346410e+00
1.851660461425781250e+03 1.400763526926175700e+03 1.194921242500828651e+00
1.851681274414062500e+03 1.401006085279376748e+03 1.195272307873344930e+00
1.851702087402343750e+03 1.398740074109247416e+03 1.194562190311926342e+00
1.851722961425781250e+03 1.399997129383545598e+03 1.195604226409981985e+00
1.851743774414062500e+03 1.400254005556112588e+03 1.195467222085877967e+00
1.851764587402343750e+03 1.398148534814485629e+03 1.195506111371905877e+00
1.851785461425781250e+03 1.401267159592573307e+03 1.194671409073496671e+00
1.851806274414062500e+03 1.399712334411893607e+03 1.195015215836701339e+00
1.851827087402343750e+03 1.398950889491479757e+03 1.196255430410529952e+00
1.851847961425781250e+03 1.401224347079316431e+03 1.197702300199790626e+00
1.851868774414062500e+03 1.400029213421171562e+03 1.196554299359079421e+00
1.851889587402343750e+03 1.401547830419891170e+03 1.198835728019303604e+00
1.851910461425781250e+03 1.399782507876637965e+03 1.194679042537766689e+00
1.851931274414062500e+03 1.399576059235355160e+03 1.197004778327423358e+00
1.851952087402343750e+03 1.401427646108009185e+03 1.197845816244700989e+00
1.851972961425781250e+03 1.401137844175849523e+03 1.195717337871874397e+00
1.851993774414062500e+03 1.400209845660861674e+03 1.194463141366475467e+00
1.852014587402343750e+03 1.402051661532713297e+03 1.196192398836993354e+00
1.852035461425781250e+03 1.402752851133140439e+03 1.198286657277649825e+00
1.852056274414062500e+03 1.403215741614632634e+03 1.195840357495102202e+00
1.852077087402343750e+03 1.402919820953248291e+03 1.194877744909175199e+00
1.852097961425781250e+03 1.401033903936913021e+03 1.200407501409926692e+00
1.852118774414062500e+03 1.401818121801986308e+03 1.196338537321962603e+00
1.852139587402343750e+03 1.399659041970660383e+03 1.195990575804307898e+00
1.852160461425781250e+03 1.402158063881243379e+03 1.196370622618310398e+00
1.852181274414062500e+03 1.402541011437828047e+03 1.196291802850815378e+00
1.852202087402343750e+03 1.399042201676570130e+03 1.195214610361194474e+00
1.852222961425781250e+03 1.403636127052849361e+03 1.197750323259520577e+00
1.852243774414062500e+03 1.401250035832163576e+03 1.194928275792966010e+00
1.852264587402343750e+03 1.399476341476981133e+03 1.194400564146707033e+00
1.852285461425781250e+03 1.402100649398461201e+03 1.195712552411994034e+00
1.852306274414062500e+03 1.399105999788753934e+03 1.195714945144328301e+00
1.852327087402343750e+03 1.399844921414987539e+03 1.195060005197753350e+00
1.852347961425781250e+03 1.399266651265725386e+03 1.194633739957164931e+00
1.852368774414062500e+03 1.402276361085447206e+03 1.198140955397381191e+00
1.852389587402343750e+03 1.400820244647038635e+03 1.194573167523248935e+00
1.852410461425781250e+03 1.399857106115554643e+03 1.199128983210160593e+00
1.852431274414062500e+03 1.402683814527941877e+03 1.194921142737521924e+00
1.852452087402343750e+03 1.402860641974221380e+03 1.194868316896682492e+00
1.852472961425781250e+03 1.400336970552415551e+03 1.195890299451477068e+00
1.852493774414062500e+03 1.399665712877630085e+03 1.194584843173678967e+00
1.852514587402343750e+03 1.403775964956163534e+03 1.197323323239479098e+00
1.852535461425781250e+03 1.402549384046012392e+03 1.195054768221043284e+00
1.852556274414062500e+03 1.403873471240856816e+03 1.195065242151514218e+00
1.852577087402343750e+03 1.402441790565869496e+03 1.194157360135585710e+00
1.852597961425781250e+03 1.402325048409641340e+03 1.196332110194865850e+00
1.852618774414062500e+03 1.401129326157404421e+03 1.194402210957651977e+00
1.852639587402343750e+03 1.402849427870387217e+03 1.195073122476782324e+00
1.852660461425781250e+03 1.400183361481041857e+03 1.194368725355465344e+00
1.852681274414062500e+03 1.401020420282337682e+03 1.194992421497271806e+00
1.852702087402343750e+03 1.401507545496114744e+03 1.197456382004872477e+00
1.852722961425781250e+03 1.403250736180804324e+03 1.194639677287465451e+00
1.852743774414062500e+03 1.400601629483430770e+03 1.194972419979140499e+00
1.852764587402343750e+03 1.400348148354545401e+03 1.195204137739681816e+00
1.852785461425781250e+03 1.400651423449242429e+03 1.194430705417798944e+00
1.852806274414062500e+03 1.398696215580638864e+03 1.194900740966260644e+00
1.852827087402343750e+03 1.400199857400891233e+03 1.193952697002202523e+00
1.852847961425781250e+03 1.402064845648532128e+03 1.197235107032927681e+00
1.852868774414062500e+03 1.405297299913252800e+03 1.195165288499250300e+00
1.852889587402343750e+03 1.402157168879902429e+03 1.194397220614470623e+00
1.852910461425781250e+03 1.400525795582667115e+03 1.198743844200454545e+00
1.852931274414062500e+03 1.403580966697515578e+03 1.198630670250626640e+00
1.852952087402343750e+03 1.400402459588005286e+03 1.194498320899699761e+00
1.852972961425781250e+03 1.401896108782179681e+03 1.194367527641424731e+00
1.852993774414062500e+03 1.402153279177893637e+03 1.194606797079141636e+00
1.853014587402343750e+03 1.401471210246455030e+03 1.194885476821572201e+00
1.853035461425781250e+03 1.401014190523612342e+03 1.194907924025702561e+00
1.853056274414062500e+03 1.402456622401720324e+03 1.194707530395321626e+00
1.853077087402343750e+03 1.401219074608527762e+03 1.195140103143674581e+00
1.853097961425781250e+03 1.401662611717343907e+03 1.195310954173964602e+00
1.853118774414062500e+03 1.401738287735988024e+03 1.194596867976416954e+00
1.853139587402343750e+03 1.403051106172439631e+03 1.195222489701649904e+00
1.853160461425781250e+03 1.401842753841677677e+03 1.194649107104351682e+00
1.853181274414062500e+03 1.400267602065860501e+03 1.194259279275339702e+00
1.853202087402343750e+03 1.403137043670680441e+03 1.194531802869011505e+00
1.853222961425781250e+03 1.402142899182272458e+03 1.195234907037821204e+00
1.853243774414062500e+03 1.400478950805342265e+03 1.194674003458981559e+00
1.853264587402343750e+03 1.402095492277705944e+03 1.195146786042230458e+00
1.853285461425781250e+03 1.400642029224556154e+03 1.193982100766329824e+00
1.853327087402343750e+03 1.401774399390471899e+03 1.195193415674970394e+00
1.853347961425781250e+03 1.402481965634633525e+03 1.194654844787197412e+00
1.853368774414062500e+03 1.402483041048420091e+03 1.196400166237378659e+00
1.853389587402343750e+03 1.402157465824203427e+03 1.195715792569215008e+00
1.853410461425781250e+03 1.403917444820511037e+03 1.194858689272763952e+00
1.853431274414062500e+03 1.401027114342983396e+03 1.194141886831807886e+00
1.853452087402343750e+03 1.403309956390282650e+03 1.199481500426504033e+00
1.853472961425781250e+03 1.400763260670273212e+03 1.193818349029973636e+00
1.853493774414062500e+03 1.402685602066091860e+03 1.196207745960784941e+00
1.853514587402343750e+03 1.402167241299029001e+03 1.194219600722606245e+00
1.853535461425781250e+03 1.404402951495326533e+03 1.196094880206310940e+00
1.853556274414062500e+03 1.404020725075299424e+03 1.195414669681838626e+00
1.853577087402343750e+03 1.403091115704552067e+03 1.194807906014127674e+00
1.853597961425781250e+03 1.402085196249717228e+03 1.199483637180961404e+00
1.853618774414062500e+03 1.402883096209587848e+03 1.194519178630144118e+00
1.853639587402343750e+03 1.400876152662071490e+03 1.194748888965512457e+00
1.853660461425781250e+03 1.403984359592424880e+03 1.197125076582325587e+00
1.853681274414062500e+03 1.402968287475312536e+03 1.194964538989778724e+00
1.853702087402343750e+03 1.404276985901409489e+03 1.194793339101501761e+00
1.853722961425781250e+03 1.400909118240833322e+03 1.196533925434323464e+00
1.853743774414062500e+03 1.402044985485319330e+03 1.195907345031031133e+00
1.853764587402343750e+03 1.404495225126365767e+03 1.195623020902312872e+00
1.853785461425781250e+03 1.401625029701346421e+03 1.195650937905256894e+00
1.853806274414062500e+03 1.402884981365997419e+03 1.195717587114051739e+00
1.853827087402343750e+03 1.401146398486832140e+03 1.194126962390789748e+00
1.853847961425781250e+03 1.401604151189158983e+03 1.194745795852981463e+00
1.853868774414062500e+03 1.402173672556716610e+03 1.195689671667235610e+00
1.853889587402343750e+03 1.401601647667989255e+03 1.194783910422964723e+00
1.853910461425781250e+03 1.403892855807107708e+03 1.195914870925975260e+00
1.853931274414062500e+03 1.402058108276893336e+03 1.198201795175449558e+00
1.853952087402343750e+03 1.400876627939887840e+03 1.195160750187248544e+00
1.853972961425781250e+03 1.402969727677251512e+03 1.194562539588385874e+00
1.853993774414062500e+03 1.403394171976945699e+03 1.195485121286197661e+00
1.854014587402343750e+03 1.403508844043556564e+03 1.195642463169695580e+00
1.854035461425781250e+03 1.401906146603496381e+03 1.194794885597227463e+00
1.854056274414062500e+03 1.402187205682331069e+03 1.195049182087257078e+00
1.854077087402343750e+03 1.399468974724872623e+03 1.194539537020592235e+00
1.854097961425781250e+03 1.403033041878785525e+03 1.194934111897567375e+00
1.854118774414062500e+03 1.403873056047251566e+03 1.194973118292146808e+00
1.854139587402343750e+03 1.403985829593171957e+03 1.195467222085877967e+00
1.854160461425781250e+03 1.402523564546994066e+03 1.196070312429834193e+00
1.854181274414062500e+03 1.406558783824983266e+03 1.196488394187182003e+00
1.854202087402343750e+03 1.401130192040457132e+03 1.193981901082767694e+00
1.854222961425781250e+03 1.403691736129724404e+03 1.194924235396159773e+00
1.854243774414062500e+03 1.404628583720895676e+03 1.195480683904974084e+00
1.854264587402343750e+03 1.403900788893310391e+03 1.194779869537956785e+00
1.854285461425781250e+03 1.404076759736867416e+03 1.195312150942682949e+00
1.854306274414062500e+03 1.400712913549220730e+03 1.195289860928634207e+00
1.854327087402343750e+03 1.400266612164182561e+03 1.195191370991244728e+00
1.854347961425781250e+03 1.401692643435632590e+03 1.195592859836237976e+00
1.854368774414062500e+03 1.405804239181560206e+03 1.200466140968658335e+00
1.854389587402343750e+03 1.404348824309018482e+03 1.196571933233935736e+00
1.854410461425781250e+03 1.403362138031367294e+03 1.194730030832437118e+00
1.854431274414062500e+03 1.402942279648502790e+03 1.194741954395625472e+00
1.854452087402343750e+03 1.404176831359756079e+03 1.196244468636315617e+00
1.854472961425781250e+03 1.404428106540393173e+03 1.194843175166338423e+00
1.854493774414062500e+03 1.404928790765999793e+03 1.195753577139079926e+00
1.854514587402343750e+03 1.404526547953991894e+03 1.195666790484622322e+00
1.854535461425781250e+03 1.401342200089058224e+03 1.201107166066975651e+00
1.854556274414062500e+03 1.402789067171577244e+03 1.196974403098102213e+00
1.854577087402343750e+03 1.400619765766567070e+03 1.196317213077587205e+00
1.854597961425781250e+03 1.403885505843406918e+03 1.196084963456663930e+00
1.854618774414062500e+03 1.401486123349513036e+03 1.195577504819412606e+00
1.854639587402343750e+03 1.403461733975940433e+03 1.200401791223640657e+00
1.854660400390625000e+03 1.404052426678661277e+03 1.197144245510421312e+00
1.854681213378906250e+03 1.403864409733375851e+03 1.195495591446275707e+00
1.854702087402343750e+03 1.402174633406244084e+03 1.197269458360120442e+00
1.854722900390625000e+03 1.399266629722797461e+03 1.195621974002021970e+00
1.854743713378906250e+03 1.399679128884779630e+03 1.195369843746793448e+00
1.854764587402343750e+03 1.403639463710783502e+03 1.195939541573995957e+00
1.854785400390625000e+03 1.402753793734854298e+03 1.196286571266538701e+00
1.854806213378906250e+03 1.403030183503371063e+03 1.196671106486111302e+00
1.854827087402343750e+03 1.406323698151108829e+03 1.197742560076711982e+00
1.854847900390625000e+03 1.403704517513025394e+03 1.200541608496890067e+00
1.856410400390625000e+03 1.404113257225268171e+03 1.218372237518895229e+00
1.856431213378906250e+03 1.406685119140865936e+03 1.222162116383810559e+00
1.856452087402343750e+03 1.406179799165056465e+03 1.221092467206694732e+00
1.856472900390625000e+03 1.405998167250688311e+03 1.222807171071756294e+00
1.856493713378906250e+03 1.403355440720679780e+03 1.225424414701761888e+00
1.856514587402343750e+03 1.404298662848764934e+03 1.228640891088507159e+00
1.856535400390625000e+03 1.404154802044331745e+03 1.230677705007157563e+00
1.856556213378906250e+03 1.398609455724833879e+03 1.232550032491916747e+00
1.856577087402343750e+03 1.399869764760633188e+03 1.232290608568723522e+00
1.856597900390625000e+03 1.397641992099723893e+03 1.234908362938706983e+00
1.856618713378906250e+03 1.397388775664737523e+03 1.237449631484744961e+00
1.856639587402343750e+03 1.397440280146272926e+03 1.240517603456014140e+00
1.856660400390625000e+03 1.396297073352262942e+03 1.242894769045789660e+00
1.856681213378906250e+03 1.394338660629969581e+03 1.246756207154072982e+00
1.856702087402343750e+03 1.392809458884447622e+03 1.250723962943225853e+00
1.856722900390625000e+03 1.394389026188971911e+03 1.257562174084781770e+00
1.856743713378906250e+03 1.392321090715786340e+03 1.255577423576682117e+00
1.856764587402343750e+03 1.396425272677125577e+03 1.260012864092598495e+00
1.856785400390625000e+03 1.393184156276028034e+03 1.264368163169067749e+00
1.856806213378906250e+03 1.392684379434547282e+03 1.267410525863879922e+00
1.856827087402343750e+03 1.391203785704672782e+03 1.272786869396979048e+00
1.856847900390625000e+03 1.392167192020802531e+03 1.276040301679023825e+00
1.856868713378906250e+03 1.391938648846716205e+03 1.280089853306934033e+00
1.856889587402343750e+03 1.391548447844473912e+03 1.285204993717881772e+00
1.856910400390625000e+03 1.389684389173768068e+03 1.289308882778004595e+00
1.856931213378906250e+03 1.392478621041293309e+03 1.295782663309376970e+00
1.856952087402343750e+03 1.391059650909145375e+03 1.299252043645564347e+00
1.856972900390625000e+03 1.392163954673631451e+03 1.305420629594966631e+00
1.856993713378906250e+03 1.390580620930384612e+03 1.308855309607961370e+00
1.857014587402343750e+03 1.393046870010273324e+03 1.314477203284643236e+00
1.857035400390625000e+03 1.393342067222229389e+03 1.317383400681507943e+00
1.857056213378906250e+03 1.392319068749072812e+03 1.320073258433379637e+00
1.857077087402343750e+03 1.395929675852020409e+03 1.327403422289079593e+00
1.857097900390625000e+03 1.389952784662232261e+03 1.322793604415945179e+00
1.857118713378906250e+03 1.395268872130054888e+03 1.325526129431596090e+00
1.857139587402343750e+03 1.392048689315316551e+03 1.327118166591631843e+00
1.857160400390625000e+03 1.393754086560913265e+03 1.327871545280983501e+00
1.857181213378906250e+03 1.395011137536790557e+03 1.330952764290568302e+00
1.857202087402343750e+03 1.393070889445803004e+03 1.331017743477465265e+00
1.857222900390625000e+03 1.394013560222812430e+03 1.332175730815015946e+00
1.857243713378906250e+03 1.393789576169354405e+03 1.334059840199903535e+00
1.857264587402343750e+03 1.394877508348243509e+03 1.341807136329827399e+00
1.857285400390625000e+03 1.394807256357557890e+03 1.337058416895020807e+00
1.857306213378906250e+03 1.397663007750383031e+03 1.342958217044732283e+00
1.857327087402343750e+03 1.397614167899969516e+03 1.341780172407870397e+00
1.857347900390625000e+03 1.399025243689966828e+03 1.345000151240684172e+00
1.857368713378906250e+03 1.395946783096751233e+03 1.345401060089265188e+00
1.857389587402343750e+03 1.398878319328562839e+03 1.347027308444234572e+00
1.857410400390625000e+03 1.396609831307224113e+03 1.347382404313064219e+00
1.857431213378906250e+03 1.397515921654790418e+03 1.349318874688453684e+00
1.857452087402343750e+03 1.396731148507539046e+03 1.349952223603473556e+00
1.857472900390625000e+03 1.397106005740493856e+03 1.348964200197322327e+00
1.857493713378906250e+03 1.398650336871545733e+03 1.353349463542091069e+00
1.857514587402343750e+03 1.399219793761488063e+03 1.351920945810445085e+00
1.857535400390625000e+03 1.397976502218953556e+03 1.351461285456128314e+00
1.857556213378906250e+03 1.399470882504080919e+03 1.353605281177886921e+00
1.857577087402343750e+03 1.399389050550571483e+03 1.353884956205619661e+00
1.857597900390625000e+03 1.400496326840536767e+03 1.353414556519775935e+00
1.857618713378906250e+03 1.397875166761730270e+03 1.354551901185205853e+00
1.857639587402343750e+03 1.398418741331487126e+03 1.357232433245460612e+00
1.857660400390625000e+03 1.398899681061565843e+03 1.359763868112149554e+00
1.857681213378906250e+03 1.399822615270269125e+03 1.367050425606130437e+00
1.857702087402343750e+03 1.401566573070476579e+03 1.365260133513930496e+00
1.857722900390625000e+03 1.401860462126131324e+03 1.361889366364737564e+00
1.857743713378906250e+03 1.400691239375991017e+03 1.359740854775755237e+00
1.857764587402343750e+03 1.400915587126246464e+03 1.359312428755365731e+00
1.857785400390625000e+03 1.402839563585574069e+03 1.356826410113241455e+00
1.857806213378906250e+03 1.400200645871189863e+03 1.352655310747794992e+00
1.857827087402343750e+03 1.397669819835385397e+03 1.349792821316176950e+00
1.857847900390625000e+03 1.400756407455412955e+03 1.347627058956950119e+00
1.857868713378906250e+03 1.399983579544998520e+03 1.343425046087067809e+00
1.857889587402343750e+03 1.395744529973481121e+03 1.338456261231907529e+00
1.857910400390625000e+03 1.397510633121066348e+03 1.336983343855193906e+00
1.857931213378906250e+03 1.399613825333903605e+03 1.330321212714932422e+00
1.857952087402343750e+03 1.394732110830312195e+03 1.328996663995693384e+00
1.857972900390625000e+03 1.397014815415481053e+03 1.320097324511435799e+00
1.857993713378906250e+03 1.393709710431873418e+03 1.311897275680131481e+00
1.858014587402343750e+03 1.398146045847195637e+03 1.310216552220108355e+00
1.858035400390625000e+03 1.391933954281200158e+03 1.309746123822049135e+00
1.858056213378906250e+03 1.398309318216841802e+03 1.306593912655301892e+00
1.858077087402343750e+03 1.397936498729494133e+03 1.302440421413035843e+00
1.858097900390625000e+03 1.397375039047983364e+03 1.300417783435821484e+00
1.858118713378906250e+03 1.394469025439636198e+03 1.290978412409271359e+00
1.858139587402343750e+03 1.396249528508631101e+03 1.287659638887233893e+00
1.858160400390625000e+03 1.397080788430684834e+03 1.289041045039256428e+00
1.858181213378906250e+03 1.397482595596753754e+03 1.283408045554983890e+00
1.858202087402343750e+03 1.395726437787897794e+03 1.281080979154347599e+00
1.858222900390625000e+03 1.397824440999229182e+03 1.277641425021667221e+00
1.858243713378906250e+03 1.394932676123955162e+03 1.279828050135451978e+00
1.858264587402343750e+03 1.398181222638053214e+03 1.270384422602865770e+00
1.858285400390625000e+03 1.396910977469976388e+03 1.267968774444147462e+00
1.858306213378906250e+03 1.396878160460910749e+03 1.266723391659792641e+00
1.858327026367187500e+03 1.395846935898243146e+03 1.261148093409991899e+00
1.858347839355468750e+03 1.398218238006548063e+03 1.262693046691702570e+00
1.858368713378906250e+03 1.398649946914890961e+03 1.257276053385697034e+00
1.858389526367187500e+03 1.398418538329189687e+03 1.256173956168421313e+00
1.858410339355468750e+03 1.396737441752320365e+03 1.252383011019871262e+00
1.858431213378906250e+03 1.399233023829295689e+03 1.251284844964166920e+00
1.858452026367187500e+03 1.400155999341151755e+03 1.249198656713793820e+00
1.858472839355468750e+03 1.396813138923739871e+03 1.245056868943373196e+00
1.858493713378906250e+03 1.400292638137348149e+03 1.243353482399321086e+00
1.858514526367187500e+03 1.400287767819512055e+03 1.241296412588479781e+00
1.858535339355468750e+03 1.398994054258346296e+03 1.240329144078552659e+00
1.858556213378906250e+03 1.398521822020661375e+03 1.237948159264821824e+00
1.858577026367187500e+03 1.395671990144371875e+03 1.236195200061351196e+00
1.858597839355468750e+03 1.398353475307842700e+03 1.237813963702616649e+00
1.858618713378906250e+03 1.397154693742562586e+03 1.233625788209203211e+00
1.858639526367187500e+03 1.398836095508690960e+03 1.231759547799519128e+00
1.858660339355468750e+03 1.400533099902963613e+03 1.231709850433496900e+00
1.858681213378906250e+03 1.399635203156799662e+03 1.229072093019309975e+00
1.858702026367187500e+03 1.400783873266317642e+03 1.231388583831630745e+00
1.858722839355468750e+03 1.401110852992485206e+03 1.228717684238376906e+00
1.858743713378906250e+03 1.402797347790108233e+03 1.225415708110650259e+00
1.858764526367187500e+03 1.400904878068919743e+03 1.223792428751100836e+00
1.858785339355468750e+03 1.400733023696385317e+03 1.223039609631012548e+00
1.858806213378906250e+03 1.401398587160677380e+03 1.221247778883664425e+00
1.858827026367187500e+03 1.398903416850875828e+03 1.221579324211691020e+00
1.858847839355468750e+03 1.400016100978585200e+03 1.218507400233510340e+00
1.858868713378906250e+03 1.400933794314707256e+03 1.221342069109099260e+00
1.858889526367187500e+03 1.401564156971474176e+03 1.218223555890237453e+00
1.858910339355468750e+03 1.400174483102663089e+03 1.215960513691013212e+00
1.858931213378906250e+03 1.401434738042602703e+03 1.216154464701941329e+00
1.858952026367187500e+03 1.399992788441172479e+03 1.213735829593743043e+00
1.858972839355468750e+03 1.402253007797842656e+03 1.213804824958045092e+00
1.858993713378906250e+03 1.402099004922862832e+03 1.213862670006175648e+00
1.859014526367187500e+03 1.401351200366268131e+03 1.212710159808047417e+00
1.859035339355468750e+03 1.403541399404916547e+03 1.213728070439117346e+00
1.859056213378906250e+03 1.399569249407628377e+03 1.210879318316239628e+00
1.859077026367187500e+03 1.401488042610652201e+03 1.211140031182501797e+00
1.859097839355468750e+03 1.400913881702283334e+03 1.216128831808550803e+00
1.859118713378906250e+03 1.401085235233787444e+03 1.209296807021052800e+00
1.859139526367187500e+03 1.399716086469165248e+03 1.209915271109702761e+00
1.859160339355468750e+03 1.400271068208085126e+03 1.211404574976244763e+00
1.859181213378906250e+03 1.400603089656620568e+03 1.206674566313314934e+00
1.859202026367187500e+03 1.403601824730570570e+03 1.207799771773570452e+00
1.859222839355468750e+03 1.401468765293931256e+03 1.206279285846246774e+00
1.859243713378906250e+03 1.402697913182414368e+03 1.207786792713489321e+00
1.859264526367187500e+03 1.400261779603855530e+03 1.202487925510495659e+00
1.859285339355468750e+03 1.404589764389728316e+03 1.201345539719710809e+00
1.859306213378906250e+03 1.402568194342095467e+03 1.199410339359629152e+00
1.859327026367187500e+03 1.400748570337161254e+03 1.199135643878303625e+00
1.859347839355468750e+03 1.401210102707086662e+03 1.200400599529163781e+00
1.859368713378906250e+03 1.402589295665649388e+03 1.204209322102388180e+00
1.859389526367187500e+03 1.400911191295155277e+03 1.202675227525597412e+00
1.859410339355468750e+03 1.399691823586827240e+03 1.201350104282295383e+00
1.859431213378906250e+03 1.397991617599596793e+03 1.201635851065910199e+00
1.859452026367187500e+03 1.404794024548760035e+03 1.202339064283455050e+00
1.859472839355468750e+03 1.400455629980642470e+03 1.202700750680677944e+00
1.859493713378906250e+03 1.403170514408481949e+03 1.201751569102123662e+00
1.859514526367187500e+03 1.405848389309686354e+03 1.200888152070230808e+00
1.859535339355468750e+03 1.401026934847895291e+03 1.203366044904024212e+00
1.859556213378906250e+03 1.402095438852820280e+03 1.200927610294578285e+00
1.859577026367187500e+03 1.400320027287504900e+03 1.200129756270031711e+00
1.859597839355468750e+03 1.402811932827720966e+03 1.201090591285574716e+00
1.859618713378906250e+03 1.402103094621918444e+03 1.199029913830576222e+00
1.859639526367187500e+03 1.402771680579502117e+03 1.202946290454228961e+00
1.859660339355468750e+03 1.402832427912466528e+03 1.201116445859679027e+00
1.859681213378906250e+03 1.403281659484844340e+03 1.197825315005338842e+00
1.859702026367187500e+03 1.400983732159771307e+03 1.198328389717767006e+00
1.859722839355468750e+03 1.399914401358192208e+03 1.199156172421264710e+00
1.859743713378906250e+03 1.399933098352769321e+03 1.196899407837598739e+00
1.859764526367187500e+03 1.402710151131327393e+03 1.203881508921408772e+00
1.859785339355468750e+03 1.402179584719279546e+03 1.198558911635404067e+00
1.859806213378906250e+03 1.402821252685241689e+03 1.197242027162174649e+00
1.859827026367187500e+03 1.399980374777324869e+03 1.196453671710612010e+00
1.859847839355468750e+03 1.401147285477464720e+03 1.197869650982371637e+00
1.859868713378906250e+03 1.401210377867310171e+03 1.200037474841840313e+00
1.859889526367187500e+03 1.400126078094318700e+03 1.197441946864326923e+00
1.859910339355468750e+03 1.398641851547681881e+03 1.196735955670125584e+00
1.859931213378906250e+03 1.402825781519432212e+03 1.197433335473477189e+00
1.859952026367187500e+03 1.403935455883417490e+03 1.196279994385273771e+00
1.859972839355468750e+03 1.401916269922890706e+03 1.196734312070617312e+00
1.859993713378906250e+03 1.400352787657426916e+03 1.196233407107785363e+00
1.860014526367187500e+03 1.399496934927709162e+03 1.195138956075239456e+00
1.860035339355468750e+03 1.402772086353836812e+03 1.195866126210083591e+00
1.860056213378906250e+03 1.400507027293668443e+03 1.196284179677534976e+00
1.860077026367187500e+03 1.401253171729282030e+03 1.195718384688670310e+00
1.860097839355468750e+03 1.400193081688647226e+03 1.199909669734670503e+00
1.860118713378906250e+03 1.400809309118371175e+03 1.195330600975461177e+00
1.860139526367187500e+03 1.403313307796143818e+03 1.198236566482205889e+00
1.860160339355468750e+03 1.403204213813056867e+03 1.198092798746517973e+00
1.860181213378906250e+03 1.399950972427146553e+03 1.194685079425950924e+00
1.860202026367187500e+03 1.402533174229041833e+03 1.197219026290353039e+00
1.860222839355468750e+03 1.401445920365348229e+03 1.194725391087402944e+00
1.860243713378906250e+03 1.402384835225613415e+03 1.195364857443232065e+00
1.860264526367187500e+03 1.401147171404424853e+03 1.194223294127814139e+00
1.860285339355468750e+03 1.402406111234648961e+03 1.195709461792308970e+00
1.860306213378906250e+03 1.399711513048013330e+03 1.193820845414055087e+00
1.860327026367187500e+03 1.403926081509091091e+03 1.194288026686207260e+00
1.860347839355468750e+03 1.403701688113365663e+03 1.200252770584172790e+00
1.860368713378906250e+03 1.400753083412382239e+03 1.194657788457266223e+00
1.860389526367187500e+03 1.401251533691070790e+03 1.193597797856843501e+00
1.860410339355468750e+03 1.401275827064400801e+03 1.195475698063724668e+00
1.860431213378906250e+03 1.399701933549506293e+03 1.194053036238688303e+00
1.860452026367187500e+03 1.399850344568332730e+03 1.194355750056052434e+00
1.860472839355468750e+03 1.402212646580154569e+03 1.196595643910266071e+00
1.860493713378906250e+03 1.401019637197947986e+03 1.194847116067763615e+00
1.860514526367187500e+03 1.405314288712574125e+03 1.194325107827919341e+00
1.860535339355468750e+03 1.401096812813865654e+03 1.201273546335432041e+00
1.860556213378906250e+03 1.400060874875402533e+03 1.193525686709169475e+00
1.860577026367187500e+03 1.398797172716091836e+03 1.199869879979423404e+00
1.860597839355468750e+03 1.399665584199658724e+03 1.196155176261050945e+00
1.860618713378906250e+03 1.399652119760475216e+03 1.194982545477791591e+00
1.860639526367187500e+03 1.401232212743395621e+03 1.194372318490380280e+00
1.860660339355468750e+03 1.400183541052367218e+03 1.194061172832040052e+00
1.860681213378906250e+03 1.401347829210986674e+03 1.198626294241865065e+00
1.860702026367187500e+03 1.400209596894200104e+03 1.194679741022257824e+00
1.860722839355468750e+03 1.400660945613741433e+03 1.197109691428386746e+00
1.860743713378906250e+03 1.399740059073968951e+03 1.194026729204684445e+00
1.860764526367187500e+03 1.399284258758949363e+03 1.194078444190000310e+00
1.860785339355468750e+03 1.402270133356775204e+03 1.195265875012969659e+00
1.860806213378906250e+03 1.403083747620419899e+03 1.193645586570321271e+00
1.860827026367187500e+03 1.398118806260244583e+03 1.194925432552193412e+00
1.860847839355468750e+03 1.400233843639374300e+03 1.194858888809798181e+00
1.860868713378906250e+03 1.398670365809742407e+03 1.192701342477536341e+00
1.860889526367187500e+03 1.397961999589322659e+03 1.196136938270919936e+00
1.860910339355468750e+03 1.399216518771430174e+03 1.193165665058927516e+00
1.860931152343750000e+03 1.401042629411536836e+03 1.193152926454390972e+00
1.860951965332031250e+03 1.398217542228833508e+03 1.192860350714645801e+00
1.860972839355468750e+03 1.400438052924230760e+03 1.194967382137503531e+00
1.860993652343750000e+03 1.399287193437084397e+03 1.193079489493905188e+00
1.861014465332031250e+03 1.402306378165524620e+03 1.193434492828104432e+00
1.861035339355468750e+03 1.400214112852438575e+03 1.195474501458730687e+00
1.861056152343750000e+03 1.398331575356156236e+03 1.193178403527464182e+00
1.861076965332031250e+03 1.399190157289511262e+03 1.194702042419547361e+00
1.861097839355468750e+03 1.400585496532141406e+03 1.194412840319125868e+00
1.861118652343750000e+03 1.400231422137672780e+03 1.192891380334303086e+00
1.861139465332031250e+03 1.402151334005030321e+03 1.193071496082573235e+00
1.861160339355468750e+03 1.399807186749245602e+03 1.192913865061588030e+00
1.861181152343750000e+03 1.402308436141804577e+03 1.194069509038892418e+00
1.861201965332031250e+03 1.398002043929755928e+03 1.192463290211311699e+00
1.861222839355468750e+03 1.397369011279015012e+03 1.193262573911224811e+00
1.861243652343750000e+03 1.397891931274046101e+03 1.193030828773093743e+00
1.861264465332031250e+03 1.400726733566665416e+03 1.193357327173851568e+00
1.861285339355468750e+03 1.401082696070093789e+03 1.199224813737977957e+00
1.861306152343750000e+03 1.399579302197839070e+03 1.193072545220863701e+00
1.861326965332031250e+03 1.399654993332234426e+03 1.192530167555943210e+00
1.861347839355468750e+03 1.402036441119309302e+03 1.193462361138986294e+00
1.861368652343750000e+03 1.400131603548228668e+03 1.194678892862465647e+00
1.861389465332031250e+03 1.398202448571089917e+03 1.193119156005359338e+00
1.861410339355468750e+03 1.400439931046490756e+03 1.195827248632034490e+00
1.861431152343750000e+03 1.400368242170520261e+03 1.192753064956197262e+00
1.861451965332031250e+03 1.399572020091323111e+03 1.195212864930648156e+00
1.861472839355468750e+03 1.397089470427004699e+03 1.194301851149549565e+00
1.861493652343750000e+03 1.397262069542674226e+03 1.192989210791455257e+00
1.861514465332031250e+03 1.398397884718694968e+03 1.197976130239775561e+00
1.861535339355468750e+03 1.398180902056843934e+03 1.193457466751567386e+00
1.861556152343750000e+03 1.400149070276898101e+03 1.193140487450484288e+00
1.861576965332031250e+03 1.396383325135857149e+03 1.192413904532948044e+00
1.861597839355468750e+03 1.399564870099652580e+03 1.192506326062839017e+00
1.861618652343750000e+03 1.400267971529896386e+03 1.195505612799321105e+00
1.861639465332031250e+03 1.396644069698281101e+03 1.198434828216876857e+00
1.861660339355468750e+03 1.398062831823378019e+03 1.194482103513107463e+00
1.861681152343750000e+03 1.397457048483315020e+03 1.198663837888503503e+00
1.861701965332031250e+03 1.398773603006531857e+03 1.192373264783769704e+00
1.861722839355468750e+03 1.399580505622287092e+03 1.192304978888195199e+00
1.861743652343750000e+03 1.402135627405859168e+03 1.193788042510853131e+00
1.861764465332031250e+03 1.399717543386184616e+03 1.193261974499215672e+00
1.861785339355468750e+03 1.400077293110231949e+03 1.193385247232584989e+00
1.861806152343750000e+03 1.397155966552724749e+03 1.191964640854588087e+00
1.861826965332031250e+03 1.399741300398027761e+03 1.193562641719680517e+00
1.861847839355468750e+03 1.399618150911510838e+03 1.194020639068651857e+00
1.861868652343750000e+03 1.394819514814731065e+03 1.192792042733456626e+00
1.861889465332031250e+03 1.396306973258656626e+03 1.192205192464634411e+00
1.861910339355468750e+03 1.398201071772917430e+03 1.199183460424626313e+00
1.861931152343750000e+03 1.397523997134458341e+03 1.192308078332748655e+00
1.861972839355468750e+03 1.396558180935142673e+03 1.193092578589314723e+00
1.861993652343750000e+03 1.401615630360457544e+03 1.192753664623956267e+00
1.862014465332031250e+03 1.397095436337269120e+03 1.193710450321154193e+00
1.862035339355468750e+03 1.398859695968614460e+03 1.192655664916352887e+00
1.862056152343750000e+03 1.399620026597017841e+03 1.192335972971167557e+00
1.862076965332031250e+03 1.397600279435538596e+03 1.195089082470031761e+00
1.862097839355468750e+03 1.397128370290488874e+03 1.192210791924006141e+00
1.862118652343750000e+03 1.396755341338113340e+03 1.193001401563078545e+00
1.862139465332031250e+03 1.396573165518593214e+03 1.193105467710882550e+00
1.862160339355468750e+03 1.399302649268865935e+03 1.193450574620964488e+00
1.862181152343750000e+03 1.399664991032186435e+03 1.191998494016092813e+00
1.862201965332031250e+03 1.396223029059987994e+03 1.191322899075926811e+00
1.862222839355468750e+03 1.397467072532033171e+03 1.192544362264665647e+00
1.862243652343750000e+03 1.398018016626288954e+03 1.193709251946630134e+00
1.862264465332031250e+03 1.398163280645753503e+03 1.191256154095503561e+00
1.862285339355468750e+03 1.398500287934653898e+03 1.191411352928364753e+00
1.862306152343750000e+03 1.396796403642378664e+03 1.191835519969927537e+00
1.862326965332031250e+03 1.399953517476163597e+03 1.198008072171535598e+00
1.862347839355468750e+03 1.396687524075231522e+03 1.191625456108534875e+00
1.862368652343750000e+03 1.397826935601714922e+03 1.191854974011361312e+00
1.862389465332031250e+03 1.396909286105244746e+03 1.193256879484980049e+00
1.862410339355468750e+03 1.396527519973836888e+03 1.192000994211460663e+00
1.862431152343750000e+03 1.394510895768728233e+03 1.191843971764727783e+00
1.862451965332031250e+03 1.395390366994959095e+03 1.193857891140304828e+00
1.862472839355468750e+03 1.399521560533258025e+03 1.195169427823741248e+00
1.862493652343750000e+03 1.398506672188005950e+03 1.191238541603019341e+00
1.862514465332031250e+03 1.396613187672231106e+03 1.193752192949607549e+00
1.862535339355468750e+03 1.397614110039647358e+03 1.193262124352246101e+00
1.862556152343750000e+03 1.397633732360643080e+03 1.192474236759854866e+00
1.862576965332031250e+03 1.396157875880575602e+03 1.191593643209680753e+00
1.862597839355468750e+03 1.397215569837449266e+03 1.194322013617859835e+00
1.862618652343750000e+03 1.398070249660917625e+03 1.191978942307463374e+00
1.862639465332031250e+03 1.395580369991724183e+03 1.192381362851673066e+00
1.862660339355468750e+03 1.396748154701940621e+03 1.193963879503769698e+00
1.862681152343750000e+03 1.395529383699703885e+03 1.191754349681613867e+00
1.862701965332031250e+03 1.395522494935044278e+03 1.191557777649540517e+00
1.862722839355468750e+03 1.398025307251863524e+03 1.191457728540131766e+00
1.862743652343750000e+03 1.397415893410429362e+03 1.193407872489763877e+00
1.862764465332031250e+03 1.396480157384344011e+03 1.191683427430483055e+00
1.862785339355468750e+03 1.394025044563648635e+03 1.191193708628890846e+00
1.862806152343750000e+03 1.397924797912536633e+03 1.192589144463706674e+00
1.862826965332031250e+03 1.395006738682626064e+03 1.191468834405789545e+00
1.862847839355468750e+03 1.395839494872440582e+03 1.191330804155764200e+00
1.862868652343750000e+03 1.397067406016024506e+03 1.192164195621645328e+00
1.862889465332031250e+03 1.394249651229850997e+03 1.191768403589980263e+00
1.862910339355468750e+03 1.401349694895647872e+03 1.191824917633711234e+00
1.862931152343750000e+03 1.393005712716389553e+03 1.191323649560443343e+00
1.862951965332031250e+03 1.394924797930141267e+03 1.197868108456291214e+00
1.862972839355468750e+03 1.397136795626227922e+03 1.191619503759659526e+00
1.862993652343750000e+03 1.396844961096432144e+03 1.193987242606554089e+00
1.863014465332031250e+03 1.395906755938882725e+03 1.191097131869696790e+00
1.863035339355468750e+03 1.396225916950397050e+03 1.191045988051803617e+00
1.863056152343750000e+03 1.397585386397278171e+03 1.192120097443550630e+00
1.863076965332031250e+03 1.396778856262589670e+03 1.191993943647065679e+00
1.863097778320312500e+03 1.395261556758454162e+03 1.191674224233781887e+00
1.863118591308593750e+03 1.393839250828312970e+03 1.196112520854225592e+00
1.863139465332031250e+03 1.395746887932683194e+03 1.192144646630596716e+00
1.863160278320312500e+03 1.393112044331588322e+03 1.190642114951806940e+00
1.863181091308593750e+03 1.394867094441160134e+03 1.192684151128081238e+00
1.863201965332031250e+03 1.397916151699081865e+03 1.192420102847740138e+00
1.863222778320312500e+03 1.394226720277353024e+03 1.192441346827370907e+00
1.863243591308593750e+03 1.396157509052208752e+03 1.194534647046704645e+00
1.863264465332031250e+03 1.396181227771360227e+03 1.192402957430540367e+00
1.863285278320312500e+03 1.393128427665762274e+03 1.191957490063803249e+00
1.863306091308593750e+03 1.393723437123114081e+03 1.194417930402392969e+00
1.863326965332031250e+03 1.396537455515040392e+03 1.193919049022033052e+00
1.863347778320312500e+03 1.396360696660721942e+03 1.192209492051853115e+00
1.863368591308593750e+03 1.394153313962934590e+03 1.191463331512321533e+00
1.863389465332031250e+03 1.397009725590282414e+03 1.194312082147542586e+00
1.863410278320312500e+03 1.396075815512509280e+03 1.193824889545189061e+00
1.863431091308593750e+03 1.396696200448781610e+03 1.191956289926880075e+00
1.863451965332031250e+03 1.397146325109429199e+03 1.191454426776324516e+00
1.863472778320312500e+03 1.396617257735649446e+03 1.192814579303019373e+00
1.863493591308593750e+03 1.395876221165458219e+03 1.191712637105758477e+00
1.863514465332031250e+03 1.397009182712510892e+03 1.196215618759565835e+00
1.863535278320312500e+03 1.394994881032214607e+03 1.193506859189520597e+00
1.863556091308593750e+03 1.395282608916142181e+03 1.191877228245205034e+00
1.863576965332031250e+03 1.396623408880320085e+03 1.198153740464037442e+00
1.863597778320312500e+03 1.394504276707676354e+03 1.191519960073775364e+00
1.863618591308593750e+03 1.396523191760114059e+03 1.191670172804007111e+00
1.863639465332031250e+03 1.396273562411969124e+03 1.192221390828670957e+00
1.863660278320312500e+03 1.392048928247328604e+03 1.191217676466709285e+00
1.863681091308593750e+03 1.391297876842209007e+03 1.190573679701552923e+00
1.863701965332031250e+03 1.391443030220811579e+03 1.192110047630511760e+00
1.863722778320312500e+03 1.395553369559458133e+03 1.191670422892663783e+00
1.863743591308593750e+03 1.392012700343751931e+03 1.192783847511679651e+00
1.863764465332031250e+03 1.394527083441731747e+03 1.191478489421094800e+00
1.863785278320312500e+03 1.397803312136565637e+03 1.192345720943621012e+00
1.863806091308593750e+03 1.394940731652196746e+03 1.191416255721304385e+00
1.863826965332031250e+03 1.394144923576177689e+03 1.191735744252614637e+00
1.863847778320312500e+03 1.396777231568065190e+03 1.195280785233367560e+00
1.863868591308593750e+03 1.394798326242715575e+03 1.191811464533595322e+00
1.863889465332031250e+03 1.393859957229019074e+03 1.196051475131631125e+00
1.863910278320312500e+03 1.394470303563499783e+03 1.193171010236795171e+00
1.863931091308593750e+03 1.395212905101068372e+03 1.193441634769074389e+00
1.863951965332031250e+03 1.395990971639208965e+03 1.191919335119316914e+00
1.863972778320312500e+03 1.392753356025441690e+03 1.191223730896417754e+00
1.863993591308593750e+03 1.396043862749418167e+03 1.192388761038473799e+00
1.864014465332031250e+03 1.395198273925060221e+03 1.191574334966960080e+00
1.864035278320312500e+03 1.394195304511755012e+03 1.193211423002956906e+00
1.864056091308593750e+03 1.396603717329601523e+03 1.193281655036165123e+00
1.864076965332031250e+03 1.392641106214186038e+03 1.192086447736468990e+00
1.864097778320312500e+03 1.397374432502304671e+03 1.195004342442367751e+00
1.864118591308593750e+03 1.393073010032673437e+03 1.192402857456539289e+00
1.864139465332031250e+03 1.396676574863830638e+03 1.192963829604958059e+00
1.864160278320312500e+03 1.394572949236087879e+03 1.195656670780546049e+00
1.864181091308593750e+03 1.396463567928556358e+03 1.192792292586894565e+00
1.864201965332031250e+03 1.395138081555903455e+03 1.192761160445505730e+00
1.864222778320312500e+03 1.393315336477370238e+03 1.192977169784081637e+00
1.864243591308593750e+03 1.391616190974235224e+03 1.191998944051646081e+00
1.864264465332031250e+03 1.394980615818971728e+03 1.192197443169442428e+00
1.864285278320312500e+03 1.393268219633597482e+03 1.191330203771794549e+00
1.864306091308593750e+03 1.395720482202604671e+03 1.192909967739222088e+00
1.864326965332031250e+03 1.396442042820296138e+03 1.193356727809436135e+00
1.864347778320312500e+03 1.394716728058444914e+03 1.191655517517077545e+00
1.864368591308593750e+03 1.395254914524065043e+03 1.192363716991087230e+00
1.864389465332031250e+03 1.394316462471630075e+03 1.192811231325157983e+00
1.864410278320312500e+03 1.395742080076361844e+03 1.192451593788121933e+00
1.864431091308593750e+03 1.396597958151214243e+03 1.192455292669397648e+00
1.864451965332031250e+03 1.393947929626540827e+03 1.192542213076664082e+00
1.864472778320312500e+03 1.395391473762394298e+03 1.195251712624703755e+00
1.864493591308593750e+03 1.396253626945488577e+03 1.194205974953237881e+00
1.864514465332031250e+03 1.392357538024756877e+03 1.192619331515117009e+00
1.864535278320312500e+03 1.391661190089401089e+03 1.191130859565553868e+00
1.864556091308593750e+03 1.393348912743141454e+03 1.192083847719570544e+00
1.864576965332031250e+03 1.394182131446854328e+03 1.192239188777374004e+00
1.864597778320312500e+03 1.393667939569042346e+03 1.191217526356490808e+00
1.864618591308593750e+03 1.393755328378758577e+03 1.191474087144027472e+00
1.864639465332031250e+03 1.395046304358850193e+03 1.191467033461634184e+00
1.864660278320312500e+03 1.395421060745338991e+03 1.192079447678054738e+00
1.864681091308593750e+03 1.393065233400788202e+03 1.191477989163156170e+00
1.864701965332031250e+03 1.395509723658830808e+03 1.193576824149620741e+00
1.864722778320312500e+03 1.394522106942028813e+03 1.192099347736444770e+00
1.864743591308593750e+03 1.390228821395721752e+03 1.193320865290700805e+00
1.864764465332031250e+03 1.392754800067836641e+03 1.192355418847390602e+00
1.864785278320312500e+03 1.391597165332212171e+03 1.190976725212360643e+00
1.864806091308593750e+03 1.393743770152397701e+03 1.197401875993244325e+00
1.864826965332031250e+03 1.392032188061788474e+03 1.191325550785769405e+00
1.864847778320312500e+03 1.395288877641021372e+03 1.195459344358467568e+00
1.864868591308593750e+03 1.392013496358887778e+03 1.191766603098520338e+00
1.864889465332031250e+03 1.395974314542790808e+03 1.192209842017572186e+00
1.864910278320312500e+03 1.392191430067749252e+03 1.192570102238588392e+00
1.864931091308593750e+03 1.394002109599980031e+03 1.191109442088948978e+00
1.864951904296875000e+03 1.391425324175821061e+03 1.190502637047152090e+00
1.864972717285156250e+03 1.394603724325390658e+03 1.190861211458864810e+00
1.864993591308593750e+03 1.392493392925170156e+03 1.191297182187484927e+00
1.865014404296875000e+03 1.395110522755495367e+03 1.191655417480369961e+00
1.865035217285156250e+03 1.391329682197484317e+03 1.196332907359792364e+00
1.865056091308593750e+03 1.392753599087939392e+03 1.194223144395392788e+00
1.865076904296875000e+03 1.392074922346941094e+03 1.191840521039179368e+00
1.865097717285156250e+03 1.390563928288491297e+03 1.190672651724031805e+00
1.865118591308593750e+03 1.393412256226774844e+03 1.198460690349826052e+00
1.865139404296875000e+03 1.391530166508391630e+03 1.192037946487480182e+00
1.865160217285156250e+03 1.391125190409960624e+03 1.192093247753854168e+00
1.865181091308593750e+03 1.393262190720460694e+03 1.193359275106123052e+00
1.865201904296875000e+03 1.392613557401319667e+03 1.194138043431719476e+00
1.865222717285156250e+03 1.391650001299681435e+03 1.191346864314656973e+00
1.865243591308593750e+03 1.394134128032505259e+03 1.191703934297935863e+00
1.865264404296875000e+03 1.389582257585343996e+03 1.193557847620744905e+00
1.865285217285156250e+03 1.390353720584001621e+03 1.197245711243444033e+00
1.865306091308593750e+03 1.391272747763196776e+03 1.194115182432716971e+00
1.865326904296875000e+03 1.393446542108848917e+03 1.191518559399770361e+00
1.865347717285156250e+03 1.391372991266192230e+03 1.190760503151955918e+00
1.865368591308593750e+03 1.392554709502184323e+03 1.191276318078261509e+00
1.865389404296875000e+03 1.390432133979212267e+03 1.190739529525402629e+00
1.865410217285156250e+03 1.393058232923892319e+03 1.190873273860849180e+00
1.865431091308593750e+03 1.389191723189576578e+03 1.193119156005359338e+00
1.865451904296875000e+03 1.391873699599801284e+03 1.191240192785251617e+00
1.865472717285156250e+03 1.393544289915358149e+03 1.192162145742488022e+00
1.865514404296875000e+03 1.391794859808298952e+03 1.191617152823761794e+00
1.865535217285156250e+03 1.390149072295644828e+03 1.191956539955505434e+00
1.865556091308593750e+03 1.390612333752909763e+03 1.192901873259776702e+00
1.865576904296875000e+03 1.390309007770036715e+03 1.194584244425150876e+00
1.865597717285156250e+03 1.388687446170593603e+03 1.191530715194310419e+00
1.865618591308593750e+03 1.388518098079610809e+03 1.191169039766103888e+00
1.865639404296875000e+03 1.389188524530267614e+03 1.193652877052236105e+00
1.865660217285156250e+03 1.392752394675194637e+03 1.192207942202433646e+00
1.865681091308593750e+03 1.389929902060201812e+03 1.197656265925676644e+00
1.865701904296875000e+03 1.392127790150598003e+03 1.192067997493896581e+00
1.865722717285156250e+03 1.389413008621269682e+03 1.191130759484782864e+00
1.865743591308593750e+03 1.389091478274222027e+03 1.191873327533126581e+00
1.865764404296875000e+03 1.393570957641052246e+03 1.192736873812739962e+00
1.865785217285156250e+03 1.388848870281851760e+03 1.192286731994822491e+00
1.865806091308593750e+03 1.390687219490346706e+03 1.191514257319316705e+00
1.865826904296875000e+03 1.391567740857324225e+03 1.190641764525285140e+00
1.865847717285156250e+03 1.390740366747759936e+03 1.192659862927142322e+00
1.865868591308593750e+03 1.394218032563570432e+03 1.191621804671153528e+00
1.865889404296875000e+03 1.390913266284607062e+03 1.191787708688580416e+00
1.865910217285156250e+03 1.391767719993831179e+03 1.195984346156556466e+00
1.865931091308593750e+03 1.390560313695756349e+03 1.191408501294619837e+00
1.865951904296875000e+03 1.390180752856282879e+03 1.192500727991165910e+00
1.865972717285156250e+03 1.394083681921571497e+03 1.191455127151229920e+00
1.865993591308593750e+03 1.390895296760136262e+03 1.191270714226480676e+00
1.866014404296875000e+03 1.390876003974388823e+03 1.191245546602809124e+00
1.866035217285156250e+03 1.391059157047315466e+03 1.191652066245812769e+00
1.866056091308593750e+03 1.390159515638755920e+03 1.191276668318122400e+00
1.866076904296875000e+03 1.392271277608337186e+03 1.191724790920672961e+00
1.866097717285156250e+03 1.387444593447708485e+03 1.193869124455492869e+00
1.866118591308593750e+03 1.388876739516696489e+03 1.190657984159052774e+00
1.866139404296875000e+03 1.392804648873464430e+03 1.191495998316619120e+00
1.866160217285156250e+03 1.390565824002751015e+03 1.191837570410858804e+00
1.866181091308593750e+03 1.392513750642439391e+03 1.193163766765698242e+00
1.866201904296875000e+03 1.390032147686781855e+03 1.191155329061649004e+00
1.866222717285156250e+03 1.390993790705312904e+03 1.191514357367875698e+00
1.866243591308593750e+03 1.390088186551657827e+03 1.196353085420103657e+00
1.866264404296875000e+03 1.388623227139167511e+03 1.191524162085911609e+00
1.866285217285156250e+03 1.392896601953289519e+03 1.191153277446313163e+00
1.866306091308593750e+03 1.391629540359308066e+03 1.192057847238685797e+00
1.866326904296875000e+03 1.391495632706292554e+03 1.191284773840425304e+00
1.866347717285156250e+03 1.389248508000061975e+03 1.192545511828751126e+00
1.866368591308593750e+03 1.389840428013985274e+03 1.193243842143616451e+00
1.866389404296875000e+03 1.388375427917311526e+03 1.192292681012657285e+00
1.866410217285156250e+03 1.390148747661873358e+03 1.192088947747369510e+00
1.866431091308593750e+03 1.390610188457059394e+03 1.193287748943721693e+00
1.866451904296875000e+03 1.390015052651884844e+03 1.191303736544451874e+00
1.866472717285156250e+03 1.387918242265761137e+03 1.191522361225382021e+00
1.866493591308593750e+03 1.389317506589987033e+03 1.191436517049582866e+00
1.866514404296875000e+03 1.389515149899534890e+03 1.190914265093923285e+00
1.866535217285156250e+03 1.387835472099250410e+03 1.191287525702740879e+00
1.866556091308593750e+03 1.388995666576018948e+03 1.190775970339160938e+00
1.866576904296875000e+03 1.388590815213501628e+03 1.192079447678054738e+00
1.866597717285156250e+03 1.390615746830408625e+03 1.190883634415635939e+00
1.866618591308593750e+03 1.389192501680128544e+03 1.191623905499507030e+00
1.866639343261718750e+03 1.391999292563072686e+03 1.195139654290939824e+00
1.866660217285156250e+03 1.388323349373516521e+03 1.192955735490978109e+00
1.866681030273437500e+03 1.390571715045687142e+03 1.192683101648141619e+00
1.866701843261718750e+03 1.390442566488127113e+03 1.191960440395269716e+00
1.866722717285156250e+03 1.386993991190055340e+03 1.191582338421596887e+00
1.866743530273437500e+03 1.389382843061113363e+03 1.195194612561381931e+00
1.866764343261718750e+03 1.389414916021896715e+03 1.192735574513923646e+00
1.866785217285156250e+03 1.390448823535248266e+03 1.191363574655140978e+00
1.866806030273437500e+03 1.388675122217029184e+03 1.190648773036121710e+00
1.866826843261718750e+03 1.388797726618865227e+03 1.191475387818490272e+00
1.866847717285156250e+03 1.389564660501090657e+03 1.192243438248306031e+00
1.866868530273437500e+03 1.389224027113271859e+03 1.190547345850551109e+00
1.866889343261718750e+03 1.389621763724184348e+03 1.191472386259895044e+00
1.866910217285156250e+03 1.389310135468999079e+03 1.193318018220056231e+00
1.866931030273437500e+03 1.391922716367072553e+03 1.190789234918968154e+00
1.866951843261718750e+03 1.386996069553233156e+03 1.190703137654753219e+00
1.866972717285156250e+03 1.388965353382653802e+03 1.190131884807893448e+00
1.866993530273437500e+03 1.392034440172096311e+03 1.191909083582685325e+00
1.867014343261718750e+03 1.389977352222514355e+03 1.195512542939607847e+00
1.867035217285156250e+03 1.387766470222945145e+03 1.190921522247030406e+00
1.867056030273437500e+03 1.387571731947841727e+03 1.190102436000419761e+00
1.867076843261718750e+03 1.391329929233975236e+03 1.191131710251766229e+00
1.867097717285156250e+03 1.392006090837324564e+03 1.191895581424286421e+00
1.867118530273437500e+03 1.389509649883711745e+03 1.191125405151285399e+00
1.867139343261718750e+03 1.389287799121894523e+03 1.194077745353776310e+00
1.867160217285156250e+03 1.390302582486138363e+03 1.191100834957160348e+00
1.867181030273437500e+03 1.388949282319225631e+03 1.190109848353918531e+00
1.867201843261718750e+03 1.390095452366323343e+03 1.190678108212332331e+00
1.867222717285156250e+03 1.388776912740032230e+03 1.191426261358579763e+00
1.867243530273437500e+03 1.388493862778284210e+03 1.190688370347361857e+00
1.867264343261718750e+03 1.390591311804261522e+03 1.190743333838314433e+00
1.867285217285156250e+03 1.392172324299314369e+03 1.197346222546521233e+00
1.867306030273437500e+03 1.391013539599643991e+03 1.191843371639263127e+00
1.867326843261718750e+03 1.389597088874739029e+03 1.190914265093923285e+00
1.867347717285156250e+03 1.388996493028256964e+03 1.191112744809053492e+00
1.867368530273437500e+03 1.388099316847768023e+03 1.192028045990008556e+00
1.867389343261718750e+03 1.387647988693470779e+03 1.190566069979353880e+00
1.867410217285156250e+03 1.388607288614679419e+03 1.191169740308809288e+00
1.867431030273437500e+03 1.384954942737623014e+03 1.189781657231212320e+00
1.867472717285156250e+03 1.388346810941955027e+03 1.192000044137838666e+00
1.867493530273437500e+03 1.389132396849197676e+03 1.191394092935541549e+00
1.867514343261718750e+03 1.389822846595410510e+03 1.191489344966628838e+00
1.867535217285156250e+03 1.387627553692608217e+03 1.189969556723597499e+00
1.867556030273437500e+03 1.390448923683062731e+03 1.190994641853277969e+00
1.867576843261718750e+03 1.388919156202038494e+03 1.191355119452273792e+00
1.867597717285156250e+03 1.388894410472744084e+03 1.191802512386546331e+00
1.867618530273437500e+03 1.387764789087037116e+03 1.192141546761137816e+00
1.867639343261718750e+03 1.390141268948069865e+03 1.191148773888062395e+00
1.867660217285156250e+03 1.389453590476129193e+03 1.190811609177258035e+00
1.867681030273437500e+03 1.388290578871252137e+03 1.191077965705990227e+00
1.867701843261718750e+03 1.389030816089579957e+03 1.191282272141894971e+00
1.867722717285156250e+03 1.388989370186014412e+03 1.190439000457059970e+00
1.867743530273437500e+03 1.389614157800859857e+03 1.190815563420803302e+00
1.867764343261718750e+03 1.390909387146016115e+03 1.195878387337918625e+00
1.867785217285156250e+03 1.389027581068237623e+03 1.189991495598930138e+00
1.867806030273437500e+03 1.388827915816721088e+03 1.190797794248634967e+00
1.867826843261718750e+03 1.387951480041117065e+03 1.189980125501703512e+00
1.867847717285156250e+03 1.389224168281973789e+03 1.195390686270503711e+00
1.867868530273437500e+03 1.389404478170887160e+03 1.191064253953153740e+00
1.867889343261718750e+03 1.386370428457335493e+03 1.191153527643494581e+00
1.867910217285156250e+03 1.388760204834497472e+03 1.191101535539980105e+00
1.867931030273437500e+03 1.388291625415817862e+03 1.190952902669006663e+00
1.867951843261718750e+03 1.388982879549207382e+03 1.191465382593766886e+00
1.867972717285156250e+03 1.391674762277808668e+03 1.191606648585431083e+00
1.867993530273437500e+03 1.388791239668406661e+03 1.190615181869915995e+00
1.868014343261718750e+03 1.389874154454765176e+03 1.190395489296134812e+00
1.868035217285156250e+03 1.391423030184291747e+03 1.192192893559765654e+00
1.868056030273437500e+03 1.388339607933900879e+03 1.190911662517897485e+00
1.868076843261718750e+03 1.389540859388589524e+03 1.191405549596361801e+00
1.868097717285156250e+03 1.388469737429686120e+03 1.190284375904796743e+00
1.868118530273437500e+03 1.388429548479045252e+03 1.193736314944770394e+00
1.868139343261718750e+03 1.391551186152269565e+03 1.191354869297428953e+00
1.868160217285156250e+03 1.390466323995603716e+03 1.194807506922997309e+00
1.868181030273437500e+03 1.391449703218531795e+03 1.191527613727652035e+00
1.868201843261718750e+03 1.389928449760665217e+03 1.190821770055078055e+00
1.868222656250000000e+03 1.390752151091460291e+03 1.191487794180465132e+00
1.868243469238281250e+03 1.388416918621678860e+03 1.190411562073609097e+00
1.868264343261718750e+03 1.391948505248608171e+03 1.192004444472456681e+00
1.868285156250000000e+03 1.390113124824331635e+03 1.191068057228884314e+00
1.868305969238281250e+03 1.391671909847618053e+03 1.191743246476675511e+00
1.868326843261718750e+03 1.390350641620600300e+03 1.193190442504100002e+00
1.868347656250000000e+03 1.390151244221829529e+03 1.195604326116291194e+00
1.868368469238281250e+03 1.390630330216232323e+03 1.192906020438205816e+00
1.868389343261718750e+03 1.392425911392606395e+03 1.194337484587995268e+00
1.868410156250000000e+03 1.391488521670447881e+03 1.190866566980220975e+00
1.868430969238281250e+03 1.390393327105607568e+03 1.193264372145445895e+00
1.868451843261718750e+03 1.388129869613283745e+03 1.195865976683358367e+00
1.868472656250000000e+03 1.388481368261205034e+03 1.191573284509548136e+00
1.868493469238281250e+03 1.391591672824954230e+03 1.191409701983344505e+00
1.868514343261718750e+03 1.387023677732794340e+03 1.190462582941850700e+00
1.868535156250000000e+03 1.390613446471498946e+03 1.194563288037598037e+00
1.868555969238281250e+03 1.391269743216541883e+03 1.190619587322757633e+00
1.868576843261718750e+03 1.387240894436560666e+03 1.190268151179916689e+00
1.868597656250000000e+03 1.389425891825061171e+03 1.191865326032500949e+00
1.868618469238281250e+03 1.389214444482722456e+03 1.191891530746940209e+00
1.868639343261718750e+03 1.389376089422626592e+03 1.195548289859734492e+00
1.868660156250000000e+03 1.391631470895350276e+03 1.192487832333209319e+00
1.868680969238281250e+03 1.386843329002851078e+03 1.190938839137160921e+00
1.868701843261718750e+03 1.392203444205159485e+03 1.192298180078373182e+00
1.868722656250000000e+03 1.390241345272362878e+03 1.193070896574564443e+00
1.868743469238281250e+03 1.393913933442597909e+03 1.192963579787446715e+00
1.868764343261718750e+03 1.390677122376122497e+03 1.192597291044580787e+00
1.868785156250000000e+03 1.390033738861801567e+03 1.191555476614409415e+00
1.868805969238281250e+03 1.392055185209884030e+03 1.192349220196345039e+00
