1.842535461425781250e+03 1.399983038904212435e+03 1.197489383069082258e+00
1.842556274414062500e+03 1.400542729399172686e+03 1.198407274484264873e+00
1.842577087402343750e+03 1.399623331173568204e+03 1.197001790634129037e+00
1.842597961425781250e+03 1.397666533060824804e+03 1.196207297508661727e+00
1.842618774414062500e+03 1.397503318697594750e+03 1.196889298555307457e+00
1.842639587402343750e+03 1.395592420165085969e+03 1.203162452808389515e+00
1.842660461425781250e+03 1.396285543460803638e+03 1.195283178830018667e+00
1.842681274414062500e+03 1.395488661853928761e+03 1.195880779738448307e+00
1.842702148437500000e+03 1.394352845239814769e+03 1.196756226545129032e+00
1.842722961425781250e+03 1.395383487976620017e+03 1.196691378459601385e+00
1.842743835449218750e+03 1.393192687520600884e+03 1.196712397194802824e+00
1.842764648437500000e+03 1.393204872485830720e+03 1.197292557828823822e+00
1.842785461425781250e+03 1.391806024603899004e+03 1.195052623547766979e+00
1.842806335449218750e+03 1.393367226792095835e+03 1.196377049538512205e+00
1.842827148437500000e+03 1.391619836233373462e+03 1.195940039965681212e+00
1.842847961425781250e+03 1.393062915257397890e+03 1.195412376070793536e+00
1.842868835449218750e+03 1.394129363970371060e+03 1.199026334653126469e+00
1.842889648437500000e+03 1.394131812915023147e+03 1.198543196770623931e+00
1.842910461425781250e+03 1.391689816020213584e+03 1.195669183308533778e+00
1.842931335449218750e+03 1.391645344290318235e+03 1.199604134034235825e+00
1.842952148437500000e+03 1.392940700755811804e+03 1.197409143604814652e+00
1.842972961425781250e+03 1.394199263770877451e+03 1.198497990520194678e+00
1.842993835449218750e+03 1.393586035028802371e+03 1.201960111194201541e+00
1.843014648437500000e+03 1.392924874073801675e+03 1.195435411703615447e+00
1.843035461425781250e+03 1.395281669710158667e+03 1.200844870614920623e+00
1.843056335449218750e+03 1.392944567324330364e+03 1.196166039194069386e+00
1.843077148437500000e+03 1.393889411540296351e+03 1.196041009837766955e+00
1.843097961425781250e+03 1.393317727531962646e+03 1.196177001687011687e+00
1.843118835449218750e+03 1.391623542435938361e+03 1.198528774719729739e+00
1.843139648437500000e+03 1.392899732275172482e+03 1.196600674896713068e+00
1.843160461425781250e+03 1.392908929618517732e+03 1.195635683337996635e+00
1.843181335449218750e+03 1.393564553168458588e+03 1.195448175845827965e+00
1.843202148437500000e+03 1.395024850188324763e+03 1.197067966293946073e+00
1.843222961425781250e+03 1.392849721221691425e+03 1.196528694908679746e+00
1.843243835449218750e+03 1.394531516308341224e+03 1.198238506482477650e+00
1.843264648437500000e+03 1.394019173714538738e+03 1.195420503411839919e+00
1.843285461425781250e+03 1.393072480955150922e+03 1.195902959057167481e+00
1.843306335449218750e+03 1.395228103152961467e+03 1.195506809373175106e+00
1.843327148437500000e+03 1.395277992156357868e+03 1.195492849270356484e+00
1.843347961425781250e+03 1.396755836952865366e+03 1.198740264168863368e+00
1.843368835449218750e+03 1.395765513100383941e+03 1.199231275064376101e+00
1.843389648437500000e+03 1.396212591386249414e+03 1.196232908838327003e+00
1.843410461425781250e+03 1.395205359532151306e+03 1.198615652517529107e+00
1.843431335449218750e+03 1.395179943196482554e+03 1.196398372716380498e+00
1.843452148437500000e+03 1.396302561152903536e+03 1.195736529367518841e+00
1.843472961425781250e+03 1.396523141418927707e+03 1.196116557237087985e+00
1.843493835449218750e+03 1.397548864072947026e+03 1.196370622618310398e+00
1.843514648437500000e+03 1.396979466712432441e+03 1.196586478494449324e+00
1.843535461425781250e+03 1.399137222638503999e+03 1.199160795022896853e+00
1.843556335449218750e+03 1.397185199133984042e+03 1.197612618823006292e+00
1.843577148437500000e+03 1.395953300203071649e+03 1.196267737373704065e+00
1.843597961425781250e+03 1.396912039685618538e+03 1.196680769336946781e+00
1.843618835449218750e+03 1.396104968993698776e+03 1.195698744258937518e+00
1.843639648437500000e+03 1.395880122857443439e+03 1.195968497786396023e+00
1.843660461425781250e+03 1.396979682735853885e+03 1.196043850426584232e+00
1.843681335449218750e+03 1.396492550258081110e+03 1.196693420580397627e+00
1.843702148437500000e+03 1.395007614270574322e+03 1.195080404250141060e+00
1.843722961425781250e+03 1.395999470840700042e+03 1.195114368647982150e+00
1.843743835449218750e+03 1.396346499654274567e+03 1.195397118459224695e+00
1.843764648437500000e+03 1.397983933683230816e+03 1.196312778782770980e+00
1.843785461425781250e+03 1.396989592349354552e+03 1.196251294843875712e+00
1.843806335449218750e+03 1.396739952029762662e+03 1.196470161276346200e+00
1.843827148437500000e+03 1.395859169895080413e+03 1.196289560746069736e+00
1.843847961425781250e+03 1.396053239219852230e+03 1.195715294084060298e+00
1.843868835449218750e+03 1.396100606292064185e+03 1.197150220178512914e+00
1.843889648437500000e+03 1.394927692163149231e+03 1.194669712741479373e+00
1.843910461425781250e+03 1.395229408127749821e+03 1.196104747041445648e+00
1.843931335449218750e+03 1.396793674728393626e+03 1.196521521579186897e+00
1.843952148437500000e+03 1.395420860129179573e+03 1.195385101706490261e+00
1.843972961425781250e+03 1.399287838890340026e+03 1.196118700002702484e+00
1.843993835449218750e+03 1.396754695508883742e+03 1.196447593928158470e+00
1.844014648437500000e+03 1.395613934764547594e+03 1.195451965174311626e+00
1.844035461425781250e+03 1.396141962975174010e+03 1.196018085540746290e+00
1.844056335449218750e+03 1.397964459944121472e+03 1.196465229375672346e+00
1.844077148437500000e+03 1.396742891100763927e+03 1.195763696023041334e+00
1.844097961425781250e+03 1.395508454753052320e+03 1.195584284981026091e+00
1.844118835449218750e+03 1.396799048984538786e+03 1.197209118852258225e+00
1.844139648437500000e+03 1.398073047428453719e+03 1.196422435565823283e+00
1.844160461425781250e+03 1.396004724938090931e+03 1.197976478520882404e+00
1.844181335449218750e+03 1.396878605069992091e+03 1.196175706124898985e+00
1.844202148437500000e+03 1.394670136402948856e+03 1.202276946573545002e+00
1.844222961425781250e+03 1.396868934910280586e+03 1.198955643709128216e+00
1.844243835449218750e+03 1.394538078380387105e+03 1.194514637863381523e+00
1.844264648437500000e+03 1.394612178190451459e+03 1.194701543511408781e+00
1.844285461425781250e+03 1.396286899885164758e+03 1.195509202517290426e+00
1.844306335449218750e+03 1.396026693725757923e+03 1.194777973809416416e+00
1.844327148437500000e+03 1.397180417152047085e+03 1.196067222734595648e+00
1.844347961425781250e+03 1.394585631624368034e+03 1.198104489846903320e+00
1.844368835449218750e+03 1.397200378966939070e+03 1.195392630889348551e+00
1.844389648437500000e+03 1.394446924571596583e+03 1.194971671786180911e+00
1.844410461425781250e+03 1.393629073178651652e+03 1.196314572432091827e+00
1.844431335449218750e+03 1.394539885183227398e+03 1.197952496642388232e+00
1.844452148437500000e+03 1.399352772014315178e+03 1.195256849003222044e+00
1.844472961425781250e+03 1.397140644295864149e+03 1.195263032575263562e+00
1.844493835449218750e+03 1.395992395051653602e+03 1.195065142400228320e+00
1.844514648437500000e+03 1.397267281737495523e+03 1.195170175892902753e+00
1.844535461425781250e+03 1.395502080697935298e+03 1.195059656066686626e+00
1.844556335449218750e+03 1.395999675897396173e+03 1.199363476100024695e+00
1.844577148437500000e+03 1.392723247616530898e+03 1.197249544667324361e+00
1.844597961425781250e+03 1.394030513897593437e+03 1.195045690740380584e+00
1.844618835449218750e+03 1.395496974751784137e+03 1.195034618115673242e+00
1.844639648437500000e+03 1.393113718739238948e+03 1.195198652044171972e+00
1.844660461425781250e+03 1.395639064335882949e+03 1.197305700431067432e+00
1.844681335449218750e+03 1.396566313610177986e+03 1.195230368990162440e+00
1.844702148437500000e+03 1.396802956711658453e+03 1.195689322720026038e+00
1.844722961425781250e+03 1.392984343395390397e+03 1.194132203436477857e+00
1.844743835449218750e+03 1.396366030286636487e+03 1.196005576662949599e+00
1.844764648437500000e+03 1.396812357253671280e+03 1.195725911772930194e+00
1.844785461425781250e+03 1.395244157109751995e+03 1.194806559081028396e+00
1.844806335449218750e+03 1.394982606292055152e+03 1.196986453691155861e+00
1.844827148437500000e+03 1.396796396342066600e+03 1.197272395601777673e+00
1.844847961425781250e+03 1.397202318168381680e+03 1.195838563134501875e+00
1.844868835449218750e+03 1.395162548589416019e+03 1.194691515413641270e+00
1.844889648437500000e+03 1.396673983209343305e+03 1.194738861265141283e+00
1.844910461425781250e+03 1.398879537611150681e+03 1.197392716748713060e+00
1.844931335449218750e+03 1.397981391982151081e+03 1.196139330154321501e+00
1.844952148437500000e+03 1.397642792492973285e+03 1.200992825196852021e+00
1.844972961425781250e+03 1.396381211118397459e+03 1.195084593743473533e+00
1.844993835449218750e+03 1.397290757623237823e+03 1.195391035304888216e+00
1.845014648437500000e+03 1.396831051656257387e+03 1.194882982661749526e+00
1.845035461425781250e+03 1.397293654799092337e+03 1.195742012595413462e+00
1.845056335449218750e+03 1.396954893814790012e+03 1.202018873358523976e+00
1.845077148437500000e+03 1.397398085181715942e+03 1.195808058592341405e+00
1.845097961425781250e+03 1.395585052413338190e+03 1.195512293654682479e+00
1.845118835449218750e+03 1.392987256785800355e+03 1.194277396213861531e+00
1.845139648437500000e+03 1.397069512250599473e+03 1.195972434979721166e+00
1.845160461425781250e+03 1.395436292915524291e+03 1.195755820248822987e+00
1.845181335449218750e+03 1.395447193081167143e+03 1.196202514008886109e+00
1.845202148437500000e+03 1.394961028554164159e+03 1.200181108954045062e+00
1.845222961425781250e+03 1.395802038619427549e+03 1.195415517319589505e+00
1.845243835449218750e+03 1.397171394280467439e+03 1.198431396468832677e+00
1.845264648437500000e+03 1.398211361358715294e+03 1.199441795854666148e+00
1.845285461425781250e+03 1.397711641341546283e+03 1.196191053462858145e+00
1.845306335449218750e+03 1.394933102258657073e+03 1.194601408430617129e+00
1.845327148437500000e+03 1.394444152707073499e+03 1.194577209107465787e+00
1.845347961425781250e+03 1.397503156389102287e+03 1.195756069482979189e+00
1.845368835449218750e+03 1.397195372744144834e+03 1.195493347848264110e+00
1.845389648437500000e+03 1.398923009700096827e+03 1.195509451802860390e+00
1.845410461425781250e+03 1.398331520673920522e+03 1.196669462797534056e+00
1.845431335449218750e+03 1.398942463531738667e+03 1.196276905231593357e+00
1.845452148437500000e+03 1.394701068514014651e+03 1.194213860948600159e+00
1.845472961425781250e+03 1.398525439567285503e+03 1.195299036286765926e+00
1.845493835449218750e+03 1.397024254240882556e+03 1.199202646153579854e+00
1.845514648437500000e+03 1.395984736785880614e+03 1.195336584708718286e+00
1.845535461425781250e+03 1.396830063549482475e+03 1.196227926132327868e+00
1.845556335449218750e+03 1.398254023436269790e+03 1.196536914295854181e+00
1.845577148437500000e+03 1.394102271737367801e+03 1.199082258080093499e+00
1.845597961425781250e+03 1.395442070105505536e+03 1.197971453312243861e+00
1.845618835449218750e+03 1.397343625408964726e+03 1.195444236925856440e+00
1.845639648437500000e+03 1.397109403820121315e+03 1.195298188566413344e+00
1.845660461425781250e+03 1.396565726830924859e+03 1.198602325365015542e+00
1.845681335449218750e+03 1.396572606602651149e+03 1.196307049051645643e+00
1.845702148437500000e+03 1.395356309318725835e+03 1.195585980015421601e+00
1.845722961425781250e+03 1.396439955306071397e+03 1.195567135086100352e+00
1.845743835449218750e+03 1.397231671276738552e+03 1.196090096256946955e+00
1.845764648437500000e+03 1.396441051427435013e+03 1.196043601252396504e+00
1.845785461425781250e+03 1.397863431029963522e+03 1.195600886243821659e+00
1.845806335449218750e+03 1.397433064927211490e+03 1.197559463760718090e+00
1.845827148437500000e+03 1.395880700800688373e+03 1.195358624534530456e+00
1.845847961425781250e+03 1.398331468306827674e+03 1.195187680577617151e+00
1.845868835449218750e+03 1.397887103050005635e+03 1.196449287739486333e+00
1.845889648437500000e+03 1.396959245459095882e+03 1.195910235777737585e+00
1.845910461425781250e+03 1.396832905298650076e+03 1.195138557094656218e+00
1.845931335449218750e+03 1.397278796836713127e+03 1.195321326129715089e+00
1.845952148437500000e+03 1.395419357523323015e+03 1.196952940791016218e+00
1.845972961425781250e+03 1.396442211540410881e+03 1.196266043305316051e+00
1.845993835449218750e+03 1.397183220796845262e+03 1.195809603775768615e+00
1.846014648437500000e+03 1.393937105617624638e+03 1.194878094093394516e+00
1.846035461425781250e+03 1.397830517862741090e+03 1.195638425186328346e+00
1.846056335449218750e+03 1.398426219470094793e+03 1.195558310771053678e+00
1.846077148437500000e+03 1.397278410509680725e+03 1.195269365716694177e+00
1.846097961425781250e+03 1.395985237678934027e+03 1.194299106232737495e+00
1.846118835449218750e+03 1.396891657806687135e+03 1.195749639225131222e+00
1.846139648437500000e+03 1.396786789893127889e+03 1.194712519442331589e+00
1.846160461425781250e+03 1.395266182130406150e+03 1.196390501120204508e+00
1.846181335449218750e+03 1.396697312510462780e+03 1.195120353463872132e+00
1.846202148437500000e+03 1.397568095128442110e+03 1.195342069771224036e+00
1.846222961425781250e+03 1.397167401891137843e+03 1.195445283981798834e+00
1.846243835449218750e+03 1.396004942693883322e+03 1.194251393579888187e+00
1.846264648437500000e+03 1.398029242885746498e+03 1.198985322482236215e+00
1.846285461425781250e+03 1.397264518361535920e+03 1.195024742444917853e+00
1.846306335449218750e+03 1.396072254012461372e+03 1.194624908747424552e+00
1.846327148437500000e+03 1.397112009357419765e+03 1.194899194607537796e+00
1.846347961425781250e+03 1.397130408260816466e+03 1.194346417734322818e+00
1.846368835449218750e+03 1.398493354092445315e+03 1.195344912020985584e+00
1.846389648437500000e+03 1.397917186857465822e+03 1.196365241914379540e+00
1.846410461425781250e+03 1.395417724954520054e+03 1.194709426235639693e+00
1.846431335449218750e+03 1.395869044274194721e+03 1.196185572293334332e+00
1.846452148437500000e+03 1.395439725269883411e+03 1.193891291220723128e+00
1.846472961425781250e+03 1.396816995291304011e+03 1.200581773161472965e+00
1.846493835449218750e+03 1.396906057008011430e+03 1.194873953759654883e+00
1.846514648437500000e+03 1.397788178307329645e+03 1.195034368731052510e+00
1.846535461425781250e+03 1.397587927128960700e+03 1.196262455858457807e+00
1.846556335449218750e+03 1.398352288694197796e+03 1.195345659980326047e+00
1.846577148437500000e+03 1.395492870129416133e+03 1.194721200334465161e+00
1.846597961425781250e+03 1.396866728959109423e+03 1.194974165760890994e+00
1.846618835449218750e+03 1.394268268076166578e+03 1.194553358573227086e+00
1.846639648437500000e+03 1.397607720102004123e+03 1.199018231753593788e+00
1.846660461425781250e+03 1.396203214083780267e+03 1.195504665510837228e+00
1.846681335449218750e+03 1.397753957701218724e+03 1.198987460120948256e+00
1.846702148437500000e+03 1.395944008694505101e+03 1.200002557036536466e+00
1.846722961425781250e+03 1.394888782909880092e+03 1.195695055411275520e+00
1.846743835449218750e+03 1.395319970339428210e+03 1.194561142481935345e+00
1.846764648437500000e+03 1.394703852268008859e+03 1.194635037191514426e+00
1.846785461425781250e+03 1.396927292366829079e+03 1.200344340272788024e+00
1.846806335449218750e+03 1.396772277760215957e+03 1.195403799920937704e+00
1.846827148437500000e+03 1.398370962580752575e+03 1.195423844082013076e+00
1.846847961425781250e+03 1.397005691928414535e+03 1.194943289987313806e+00
1.846868835449218750e+03 1.397190307348486385e+03 1.201257817364997482e+00
1.846889648437500000e+03 1.396781749572399121e+03 1.195699691393663278e+00
1.846910461425781250e+03 1.395721258409743996e+03 1.194829606393656096e+00
1.846931335449218750e+03 1.395201506129405288e+03 1.197172176827608014e+00
1.846952148437500000e+03 1.394849566161186658e+03 1.194744698294997187e+00
1.846972961425781250e+03 1.395653008344125965e+03 1.194431054732707276e+00
1.846993835449218750e+03 1.396542386575434875e+03 1.197241429742522234e+00
1.847014648437500000e+03 1.395454518355126538e+03 1.194387788808914053e+00
1.847035461425781250e+03 1.394075667052850577e+03 1.195600886243821659e+00
1.847056335449218750e+03 1.397822163537610095e+03 1.197373502018938662e+00
1.847077148437500000e+03 1.397250622467963012e+03 1.194823969321464618e+00
1.847097961425781250e+03 1.396186773273957670e+03 1.194838885056339173e+00
1.847118835449218750e+03 1.394899590547214075e+03 1.194879391062458218e+00
1.847139648437500000e+03 1.397436492536400010e+03 1.196646799588497290e+00
1.847160461425781250e+03 1.396301723590401934e+03 1.194880937446809899e+00
1.847181335449218750e+03 1.396564481084818908e+03 1.197041874898033598e+00
1.847202148437500000e+03 1.396331967364016009e+03 1.194322362964558293e+00
1.847222961425781250e+03 1.394187016914822379e+03 1.195100653331859775e+00
1.847243835449218750e+03 1.394142349911629253e+03 1.194216606061349273e+00
1.847264648437500000e+03 1.397129709265721658e+03 1.200343744397178947e+00
1.847285461425781250e+03 1.397779801806599380e+03 1.195079556374703644e+00
1.847306335449218750e+03 1.397132662844063589e+03 1.194088677102152829e+00
1.847327148437500000e+03 1.399950313515394555e+03 1.195372935244556123e+00
1.847347961425781250e+03 1.396796800434167380e+03 1.198166724380433035e+00
1.847368835449218750e+03 1.395635595426512054e+03 1.194152468596709538e+00
1.847389648437500000e+03 1.396383058274667064e+03 1.194648608174106119e+00
1.847410461425781250e+03 1.397356144778591670e+03 1.195354685319470311e+00
1.847431335449218750e+03 1.397995569531221918e+03 1.194892061378489911e+00
1.847452148437500000e+03 1.395828653689288558e+03 1.193868175868518344e+00
1.847472961425781250e+03 1.396277799851912960e+03 1.194266566010925512e+00
1.847493835449218750e+03 1.397778532550811406e+03 1.195468169404032110e+00
1.847514648437500000e+03 1.395914669501635444e+03 1.194473720285404106e+00
1.847535461425781250e+03 1.395854019304338181e+03 1.194567329655239929e+00
1.847556335449218750e+03 1.397835584315673486e+03 1.195413473015755512e+00
1.847577148437500000e+03 1.396591283523760012e+03 1.194527012659694520e+00
1.847597961425781250e+03 1.395209150192341667e+03 1.194165096712289431e+00
1.847618835449218750e+03 1.397010501278047059e+03 1.195063596254233751e+00
1.847639648437500000e+03 1.396228371506904296e+03 1.195937847040712709e+00
1.847660461425781250e+03 1.397787073040181667e+03 1.194867019915598183e+00
1.847681335449218750e+03 1.396254480634249603e+03 1.194339281203797620e+00
1.847702148437500000e+03 1.394141152743705106e+03 1.195249069625214711e+00
1.847722961425781250e+03 1.395816805604209094e+03 1.194295163523004799e+00
1.847743835449218750e+03 1.395983548062756654e+03 1.194045648363569301e+00
1.847764648437500000e+03 1.398819297773448170e+03 1.194698699731040259e+00
1.847785461425781250e+03 1.398126535194541248e+03 1.194678294161073184e+00
1.847806335449218750e+03 1.397070430306563821e+03 1.194363136013000481e+00
1.847827148437500000e+03 1.398112015364239596e+03 1.195489758082687537e+00
1.847847961425781250e+03 1.396724062674877587e+03 1.194743850181318789e+00
1.847868835449218750e+03 1.394715958523009704e+03 1.195835971275547971e+00
1.847889648437500000e+03 1.394624649927837481e+03 1.207047940728300350e+00
1.847910461425781250e+03 1.397277212500760697e+03 1.199916971831105572e+00
1.847952148437500000e+03 1.397185624559042708e+03 1.197248598758676508e+00
1.847972961425781250e+03 1.397026322145422228e+03 1.194274551423522679e+00
1.847993835449218750e+03 1.398252753115574933e+03 1.196542742554365102e+00
1.848014648437500000e+03 1.396284001172849003e+03 1.194190502279369515e+00
1.848035461425781250e+03 1.397826783458361433e+03 1.194716311104125461e+00
1.848056335449218750e+03 1.394696233306445720e+03 1.193458915092792560e+00
1.848077148437500000e+03 1.396721617831301955e+03 1.196429111301650083e+00
1.848097961425781250e+03 1.396188399161304005e+03 1.194575213265117064e+00
1.848118835449218750e+03 1.397158048542553388e+03 1.195177905913488825e+00
1.848139648437500000e+03 1.395260618196031601e+03 1.194592127923400415e+00
1.848160461425781250e+03 1.396685573153220730e+03 1.194617624197599870e+00
1.848181335449218750e+03 1.398087257211784390e+03 1.195752480506118598e+00
1.848202148437500000e+03 1.397755114961670188e+03 1.196594249177605374e+00
1.848222961425781250e+03 1.397830022957791243e+03 1.194455406720229318e+00
1.848243835449218750e+03 1.399052066244366642e+03 1.194620019122991428e+00
1.848264648437500000e+03 1.398729592535423990e+03 1.194244755580695205e+00
1.848285461425781250e+03 1.399964055917802398e+03 1.194324858295147340e+00
1.848306335449218750e+03 1.398277634105943889e+03 1.199405171073006260e+00
1.848327148437500000e+03 1.395469561602468957e+03 1.194458350881801190e+00
1.848347961425781250e+03 1.397619007961150601e+03 1.194761261335558489e+00
1.848368835449218750e+03 1.398928109542108359e+03 1.195562249315195613e+00
1.848389648437500000e+03 1.397189885947883567e+03 1.196494123049887781e+00
1.848410461425781250e+03 1.399393648413531082e+03 1.195522414580863835e+00
1.848431335449218750e+03 1.399056739179397482e+03 1.194654345859348377e+00
1.848452148437500000e+03 1.395865524380802526e+03 1.193956241467161616e+00
1.848472961425781250e+03 1.395167425715309946e+03 1.194797629375040859e+00
1.848493835449218750e+03 1.398132919548184418e+03 1.198508881950966831e+00
1.848514648437500000e+03 1.395745171831013522e+03 1.195337881180309259e+00
1.848535461425781250e+03 1.395845882715101652e+03 1.194302899207031698e+00
1.848556335449218750e+03 1.395321949953143530e+03 1.194813243845182171e+00
1.848577148437500000e+03 1.396329115390975858e+03 1.196869727140519757e+00
1.848597961425781250e+03 1.396943719307741276e+03 1.195490256661884576e+00
1.848618835449218750e+03 1.397435844494340699e+03 1.195742860001117513e+00
1.848639648437500000e+03 1.397868193844277585e+03 1.195260738673238787e+00
1.848660461425781250e+03 1.396788662627340273e+03 1.194994217128408032e+00
1.848681335449218750e+03 1.398784430994164950e+03 1.195532335996764006e+00
1.848702148437500000e+03 1.396637899113719868e+03 1.197840193366884298e+00
1.848722961425781250e+03 1.399709501792931860e+03 1.194687374433290872e+00
1.848743835449218750e+03 1.400915918675288822e+03 1.195357577402679894e+00
1.848764648437500000e+03 1.397477483974247207e+03 1.197640290374822669e+00
1.848785461425781250e+03 1.397603273764650567e+03 1.195973631086518774e+00
1.848806335449218750e+03 1.398822413877984900e+03 1.195749290295421652e+00
1.848827148437500000e+03 1.398832517571558583e+03 1.197355033684944114e+00
1.848847961425781250e+03 1.397252864847544060e+03 1.197923439117305699e+00
1.848868835449218750e+03 1.399674186314386588e+03 1.196462638874245865e+00
1.848889648437500000e+03 1.397841184134083278e+03 1.195444835243650195e+00
1.848910461425781250e+03 1.399286043710374543e+03 1.196644657768521691e+00
1.848931335449218750e+03 1.398732586209534020e+03 1.195123096494472570e+00
1.848952148437500000e+03 1.398516394622642565e+03 1.196370224048478592e+00
1.848972961425781250e+03 1.397901458543319904e+03 1.195766337885052932e+00
1.848993835449218750e+03 1.400774948395582214e+03 1.200699082034609955e+00
1.849014648437500000e+03 1.399805347967795569e+03 1.199650540727785986e+00
1.849035461425781250e+03 1.397747814713173284e+03 1.195639372368836328e+00
1.849056335449218750e+03 1.397387349393367003e+03 1.195018757150194677e+00
1.849077148437500000e+03 1.399222455778006179e+03 1.195331598266417439e+00
1.849097961425781250e+03 1.397845530753159210e+03 1.195021251026639142e+00
1.849118835449218750e+03 1.400533630557874631e+03 1.197208521416184057e+00
1.849139648437500000e+03 1.398903714171675347e+03 1.194885127639510491e+00
1.849160461425781250e+03 1.398990522033335310e+03 1.199796456717505011e+00
1.849181335449218750e+03 1.401506779901035543e+03 1.195929773055035117e+00
1.849202148437500000e+03 1.401592858076276571e+03 1.196910363613623351e+00
1.849222961425781250e+03 1.402760695402068450e+03 1.199856417728541347e+00
1.849243835449218750e+03 1.400586240317653846e+03 1.196383576065555454e+00
1.849264648437500000e+03 1.400263614698471656e+03 1.195687777381160055e+00
1.849285461425781250e+03 1.399104139836321337e+03 1.197673535206697837e+00
1.849306335449218750e+03 1.397738414546653303e+03 1.195210570932339289e+00
1.849327148437500000e+03 1.399359448840351661e+03 1.195295794999819528e+00
1.849347961425781250e+03 1.400286787641741284e+03 1.196031341818253546e+00
1.849368835449218750e+03 1.400087995937849428e+03 1.198817033613846617e+00
1.849389648437500000e+03 1.401077769628484475e+03 1.195869066898544331e+00
1.849410461425781250e+03 1.397114924653696335e+03 1.196551310540974855e+00
1.849431335449218750e+03 1.399228352275252746e+03 1.196838850466469761e+00
1.849452148437500000e+03 1.399228785879690577e+03 1.195303673805112821e+00
1.849472961425781250e+03 1.399803812981911960e+03 1.198021057666655453e+00
1.849493835449218750e+03 1.398561203702587136e+03 1.195778500344307549e+00
1.849514648437500000e+03 1.398413692555671787e+03 1.194776177853287491e+00
1.849535461425781250e+03 1.399132822410941117e+03 1.195415716763678970e+00
1.849556335449218750e+03 1.399086341659755817e+03 1.195043795433518907e+00
1.849577148437500000e+03 1.399117193638814797e+03 1.194414137793391228e+00
1.849597961425781250e+03 1.399510336843600953e+03 1.194540834357243453e+00
1.849618835449218750e+03 1.398181636179559746e+03 1.195143943321292257e+00
1.849639648437500000e+03 1.400408750801227370e+03 1.195538518143929752e+00
1.849660461425781250e+03 1.399798799440595531e+03 1.194543229436590082e+00
1.849681335449218750e+03 1.400528672178724491e+03 1.195879483855422309e+00
1.849702148437500000e+03 1.399971345633056671e+03 1.199801573639867946e+00
1.849722961425781250e+03 1.401589546073014844e+03 1.195627457755275236e+00
1.849743835449218750e+03 1.401474264991472410e+03 1.196109780092665664e+00
1.849764648437500000e+03 1.400043999786882978e+03 1.197068812761006740e+00
1.849785461425781250e+03 1.400862653784050963e+03 1.195930022252939207e+00
1.849806335449218750e+03 1.399210632348957006e+03 1.195406542301129749e+00
1.849827148437500000e+03 1.401254936791994169e+03 1.195731395049513424e+00
1.849847961425781250e+03 1.399393214463824279e+03 1.194655892535002595e+00
1.849868835449218750e+03 1.399127215771366309e+03 1.195153468903417782e+00
1.849889648437500000e+03 1.400285067094536089e+03 1.195381511615847492e+00
1.849910461425781250e+03 1.400276233500080025e+03 1.198575869533665017e+00
1.849931274414062500e+03 1.398689718863894996e+03 1.197323920618269755e+00
1.849952087402343750e+03 1.401250120690380072e+03 1.200309878313915446e+00
1.849972961425781250e+03 1.400154002295741293e+03 1.195582041549454466e+00
1.849993774414062500e+03 1.398480811667562875e+03 1.195028782501909248e+00
1.850014587402343750e+03 1.399408382827864671e+03 1.200348610705996411e+00
1.850035461425781250e+03 1.400264832408513939e+03 1.196237343429210620e+00
1.850056274414062500e+03 1.398646056180512232e+03 1.194698949185729386e+00
1.850077087402343750e+03 1.398815001668826199e+03 1.195838812351412761e+00
1.850097961425781250e+03 1.398411187132924169e+03 1.194047095991348950e+00
1.850118774414062500e+03 1.398538416281360242e+03 1.195415866346724032e+00
1.850139587402343750e+03 1.401022095483300063e+03 1.194550614234345165e+00
1.850160461425781250e+03 1.402638312503481757e+03 1.196914895291659731e+00
1.850181274414062500e+03 1.400301730846328383e+03 1.201914289589083973e+00
1.850202087402343750e+03 1.400311869048639892e+03 1.196727887069062080e+00
1.850222961425781250e+03 1.401284845851052978e+03 1.195603628171952648e+00
1.850243774414062500e+03 1.399317530879951619e+03 1.194555504142870372e+00
1.850264587402343750e+03 1.399232384542075124e+03 1.196178546393850572e+00
1.850285461425781250e+03 1.399122810747765925e+03 1.196048385387731061e+00
1.850306274414062500e+03 1.400025277339807189e+03 1.194974913952289164e+00
1.850327087402343750e+03 1.399584381434897978e+03 1.195127385584247026e+00
1.850347961425781250e+03 1.399781399048792991e+03 1.199960237082682957e+00
1.850368774414062500e+03 1.399696131277664790e+03 1.196006075027117088e+00
1.850389587402343750e+03 1.399731173891939306e+03 1.194408049632706081e+00
1.850410461425781250e+03 1.398739872506748043e+03 1.195593458079655447e+00
1.850431274414062500e+03 1.399032566394192372e+03 1.194827810515136646e+00
1.850452087402343750e+03 1.398569100596577982e+03 1.194520475988906094e+00
1.850472961425781250e+03 1.400135289197618704e+03 1.195835722058044892e+00
1.850493774414062500e+03 1.399673027341994157e+03 1.195137260406840651e+00
1.850514587402343750e+03 1.399485383890074218e+03 1.195343964605149356e+00
1.850535461425781250e+03 1.399037668254421533e+03 1.195836320179965107e+00
1.850556274414062500e+03 1.400052516160710866e+03 1.195813441803384336e+00
1.850577087402343750e+03 1.400405818867471453e+03 1.195995908357006643e+00
1.850597961425781250e+03 1.398687797309918551e+03 1.194947380200253262e+00
1.850618774414062500e+03 1.401065013163525236e+03 1.195394525643128869e+00
1.850639587402343750e+03 1.402099232144591269e+03 1.195147733614373875e+00
1.850660461425781250e+03 1.400553240440610125e+03 1.195228922795529947e+00
1.850681274414062500e+03 1.400273420433040428e+03 1.194778821898871968e+00
1.850702087402343750e+03 1.397262575909396446e+03 1.195098857860643404e+00
1.850722961425781250e+03 1.398102151725736576e+03 1.194694758340038687e+00
1.850743774414062500e+03 1.398083618973241528e+03 1.194924235396159773e+00
1.850764587402343750e+03 1.398333636938403743e+03 1.194709426235639693e+00
1.850785461425781250e+03 1.398369964443328627e+03 1.195141798808039946e+00
1.850806274414062500e+03 1.401046505567784607e+03 1.199736343665358529e+00
1.850827087402343750e+03 1.398648574670472044e+03 1.195518027194813371e+00
1.850847961425781250e+03 1.399418257681368686e+03 1.198334457961091060e+00
1.850868774414062500e+03 1.399356817711863414e+03 1.194576859835295490e+00
1.850889587402343750e+03 1.399818844348969833e+03 1.195593856908434116e+00
1.850910461425781250e+03 1.400392218386739614e+03 1.196676386197783382e+00
1.850931274414062500e+03 1.398317989230406056e+03 1.197077376982310648e+00
1.850952087402343750e+03 1.400300000905123170e+03 1.195923692610085576e+00
1.850972961425781250e+03 1.399499145507812500e+03 1.194402709990823430e+00
1.850993774414062500e+03 1.398104711153722747e+03 1.194591628969357000e+00
1.851014587402343750e+03 1.401053174112068746e+03 1.195128782028759051e+00
1.851035461425781250e+03 1.398720073251048234e+03 1.195744853894523008e+00
1.851056274414062500e+03 1.400631429425081706e+03 1.198380118019616303e+00
1.851077087402343750e+03 1.398347164391626848e+03 1.194101555471842380e+00
1.851097961425781250e+03 1.401482978096323450e+03 1.195873253628960908e+00
1.851118774414062500e+03 1.402447277692891930e+03 1.194823620121427510e+00
1.851139587402343750e+03 1.400692330135717157e+03 1.195466524061494784e+00
1.851160461425781250e+03 1.399400647338834460e+03 1.194391032559968702e+00
1.851181274414062500e+03 1.399476259234285180e+03 1.195309857134920328e+00
1.851202087402343750e+03 1.399549096627564268e+03 1.194894056691604423e+00
1.851222961425781250e+03 1.401034388018181517e+03 1.195142048170243942e+00
1.851243774414062500e+03 1.399879892926262073e+03 1.198122001409384962e+00
1.851264587402343750e+03 1.402305960816571314e+03 1.198897377716131585e+00
1.851285461425781250e+03 1.399325238989365971e+03 1.195040204317537880e+00
1.851306274414062500e+03 1.401387280171172733e+03 1.196377896494413617e+00
1.851327087402343750e+03 1.400012347676900163e+03 1.196192398836993354e+00
1.851347961425781250e+03 1.399076164362699501e+03 1.195613499061159102e+00
1.851368774414062500e+03 1.398469989994558091e+03 1.195457449707422404e+00
1.851389587402343750e+03 1.397603148437817936e+03 1.196294194424579072e+00
1.851410461425781250e+03 1.400240005772719996e+03 1.194777724371226535e+00
1.851431274414062500e+03 1.398847958655575439e+03 1.194680439506340397e+00
1.851452087402343750e+03 1.400202247422209439e+03 1.194689869001485993e+00
1.851472961425781250e+03 1.398920666841422872e+03 1.197331786077883153e+00
1.851493774414062500e+03 1.399323034426951153e+03 1.194704786410585751e+00
1.851514587402343750e+03 1.400408785740761232e+03 1.194868316896682492e+00
1.851535461425781250e+03 1.400940656911375299e+03 1.194793438875479952e+00
1.851556274414062500e+03 1.399546111459257872e+03 1.194725041858552883e+00
1.851577087402343750e+03 1.400776358807500401e+03 1.195226080269945701e+00
1.851597961425781250e+03 1.401816842857931533e+03 1.194900142376024821e+00
1.851618774414062500e+03 1.398919037233813697e+03 1.201574341873132612e+00
1.851639587402343750e+03 1.399437619634046541e+03 1.194590930433346410e+00
1.851660461425781250e+03 1.400791623310835575e+03 1.194921242500828651e+00
1.851681274414062500e+03 1.400952746797684313e+03 1.195272307873344930e+00
1.851702087402343750e+03 1.399254552260784976e+03 1.194562190311926342e+00
1.851722961425781250e+03 1.400872642941291588e+03 1.195604226409981985e+00
1.851743774414062500e+03 1.399141044492756464e+03 1.195467222085877967e+00
1.851764587402343750e+03 1.398310428379999848e+03 1.195506111371905877e+00
1.851785461425781250e+03 1.399398695014168652e+03 1.194671409073496671e+00
1.851806274414062500e+03 1.400971411895817027e+03 1.195015215836701339e+00
1.851827087402343750e+03 1.399772399731520181e+03 1.196255430410529952e+00
1.851847961425781250e+03 1.401516039596685459e+03 1.197702300199790626e+00
1.851868774414062500e+03 1.398608802876345635e+03 1.196554299359079421e+00
1.851889587402343750e+03 1.401279974189037148e+03 1.198835728019303604e+00
1.851910461425781250e+03 1.399950556131841040e+03 1.194679042537766689e+00
1.851931274414062500e+03 1.399597716204493736e+03 1.197004778327423358e+00
1.851952087402343750e+03 1.401087167609036214e+03 1.197845816244700989e+00
1.851972961425781250e+03 1.400535387870906334e+03 1.195717337871874397e+00
1.851993774414062500e+03 1.400462841949048652e+03 1.194463141366475467e+00
1.852014587402343750e+03 1.400846635300577418e+03 1.196192398836993354e+00
1.852035461425781250e+03 1.402474551070992675e+03 1.198286657277649825e+00
1.852056274414062500e+03 1.403707417483023619e+03 1.195840357495102202e+00
1.852077087402343750e+03 1.402692964033782573e+03 1.194877744909175199e+00
1.852097961425781250e+03 1.402080828691802253e+03 1.200407501409926692e+00
1.852118774414062500e+03 1.401793566033497427e+03 1.196338537321962603e+00
1.852139587402343750e+03 1.399940323237915663e+03 1.195990575804307898e+00
1.852160461425781250e+03 1.402594568655237481e+03 1.196370622618310398e+00
1.852181274414062500e+03 1.402731520958783676e+03 1.196291802850815378e+00
1.852202087402343750e+03 1.400381570316545776e+03 1.195214610361194474e+00
1.852222961425781250e+03 1.401992499386622967e+03 1.197750323259520577e+00
1.852243774414062500e+03 1.400485661033544829e+03 1.194928275792966010e+00
1.852264587402343750e+03 1.400106219431687805e+03 1.194400564146707033e+00
1.852285461425781250e+03 1.401876661525455120e+03 1.195712552411994034e+00
1.852306274414062500e+03 1.399773399797329603e+03 1.195714945144328301e+00
1.852327087402343750e+03 1.400902662262383274e+03 1.195060005197753350e+00
1.852347961425781250e+03 1.399000533049017349e+03 1.194633739957164931e+00
1.852368774414062500e+03 1.402686319133299094e+03 1.198140955397381191e+00
1.852389587402343750e+03 1.400940821599149331e+03 1.194573167523248935e+00
1.852410461425781250e+03 1.400703582802053916e+03 1.199128983210160593e+00
1.852431274414062500e+03 1.402176091764782313e+03 1.194921142737521924e+00
1.852452087402343750e+03 1.401609112001901622e+03 1.194868316896682492e+00
1.852472961425781250e+03 1.399937026349768075e+03 1.195890299451477068e+00
1.852493774414062500e+03 1.400792926049711014e+03 1.194584843173678967e+00
1.852514587402343750e+03 1.403285815357237880e+03 1.197323323239479098e+00
1.852535461425781250e+03 1.402488126283387601e+03 1.195054768221043284e+00
1.852556274414062500e+03 1.403828268231639868e+03 1.195065242151514218e+00
1.852577087402343750e+03 1.401292307454608363e+03 1.194157360135585710e+00
1.852597961425781250e+03 1.401029526127638974e+03 1.196332110194865850e+00
1.852618774414062500e+03 1.401784582349973107e+03 1.194402210957651977e+00
1.852639587402343750e+03 1.402327498012193018e+03 1.195073122476782324e+00
1.852660461425781250e+03 1.400523875570164819e+03 1.194368725355465344e+00
1.852681274414062500e+03 1.402347871702295606e+03 1.194992421497271806e+00
1.852702087402343750e+03 1.400794970359623676e+03 1.197456382004872477e+00
1.852722961425781250e+03 1.402171650241819179e+03 1.194639677287465451e+00
1.852743774414062500e+03 1.400242254770982299e+03 1.194972419979140499e+00
1.852764587402343750e+03 1.401322173848977400e+03 1.195204137739681816e+00
1.852785461425781250e+03 1.401202755241276691e+03 1.194430705417798944e+00
1.852806274414062500e+03 1.400133756655999377e+03 1.194900740966260644e+00
1.852827087402343750e+03 1.400013813584109130e+03 1.193952697002202523e+00
1.852847961425781250e+03 1.400665041240627716e+03 1.197235107032927681e+00
1.852868774414062500e+03 1.404348941025227987e+03 1.195165288499250300e+00
1.852889587402343750e+03 1.402477364877204536e+03 1.194397220614470623e+00
1.852910461425781250e+03 1.400181504328660139e+03 1.198743844200454545e+00
1.852931274414062500e+03 1.403702937184358234e+03 1.198630670250626640e+00
1.852952087402343750e+03 1.400018142722604580e+03 1.194498320899699761e+00
1.852972961425781250e+03 1.402077015479184865e+03 1.194367527641424731e+00
1.852993774414062500e+03 1.403006367645331693e+03 1.194606797079141636e+00
1.853014587402343750e+03 1.401700432913917666e+03 1.194885476821572201e+00
1.853035461425781250e+03 1.402960140867600330e+03 1.194907924025702561e+00
1.853056274414062500e+03 1.403157916712141059e+03 1.194707530395321626e+00
1.853077087402343750e+03 1.403340648119976322e+03 1.195140103143674581e+00
1.853097961425781250e+03 1.402239995748776892e+03 1.195310954173964602e+00
1.853118774414062500e+03 1.401906986931299798e+03 1.194596867976416954e+00
1.853139587402343750e+03 1.402904931300908174e+03 1.195222489701649904e+00
1.853160461425781250e+03 1.400560798082923839e+03 1.194649107104351682e+00
1.853181274414062500e+03 1.400406414747320923e+03 1.194259279275339702e+00
1.853202087402343750e+03 1.401682852595874010e+03 1.194531802869011505e+00
1.853222961425781250e+03 1.400766546042091477e+03 1.195234907037821204e+00
1.853243774414062500e+03 1.401698182191977367e+03 1.194674003458981559e+00
1.853264587402343750e+03 1.401324726850906245e+03 1.195146786042230458e+00
1.853285461425781250e+03 1.400821310475828568e+03 1.193982100766329824e+00
1.853327087402343750e+03 1.403062108494680160e+03 1.195193415674970394e+00
1.853347961425781250e+03 1.401780464532432006e+03 1.194654844787197412e+00
1.853368774414062500e+03 1.402761252715294177e+03 1.196400166237378659e+00
1.853389587402343750e+03 1.402796799494105699e+03 1.195715792569215008e+00
1.853410461425781250e+03 1.403240968797506184e+03 1.194858689272763952e+00
1.853431274414062500e+03 1.401300257932794921e+03 1.194141886831807886e+00
1.853452087402343750e+03 1.403134185038884198e+03 1.199481500426504033e+00
1.853472961425781250e+03 1.401299391128191928e+03 1.193818349029973636e+00
1.853493774414062500e+03 1.404203742885869815e+03 1.196207745960784941e+00
1.853514587402343750e+03 1.402735190965915308e+03 1.194219600722606245e+00
1.853535461425781250e+03 1.403451104686763756e+03 1.196094880206310940e+00
1.853556274414062500e+03 1.403031674402379622e+03 1.195414669681838626e+00
1.853577087402343750e+03 1.401943054430440498e+03 1.194807906014127674e+00
1.853597961425781250e+03 1.401411801611535338e+03 1.199483637180961404e+00
1.853618774414062500e+03 1.402619698101866106e+03 1.194519178630144118e+00
1.853639587402343750e+03 1.402326244398946983e+03 1.194748888965512457e+00
1.853660461425781250e+03 1.403014514926566790e+03 1.197125076582325587e+00
1.853681274414062500e+03 1.403281262065956298e+03 1.194964538989778724e+00
1.853702087402343750e+03 1.402468856774115466e+03 1.194793339101501761e+00
1.853722961425781250e+03 1.403073552188771373e+03 1.196533925434323464e+00
1.853743774414062500e+03 1.401892078324844078e+03 1.195907345031031133e+00
1.853764587402343750e+03 1.403018426961420573e+03 1.195623020902312872e+00
1.853785461425781250e+03 1.401048158578598532e+03 1.195650937905256894e+00
1.853806274414062500e+03 1.404469717406023165e+03 1.195717587114051739e+00
1.853827087402343750e+03 1.402563594007854363e+03 1.194126962390789748e+00
1.853847961425781250e+03 1.401188069838776755e+03 1.194745795852981463e+00
1.853868774414062500e+03 1.402130895647140960e+03 1.195689671667235610e+00
1.853889587402343750e+03 1.402570903842137113e+03 1.194783910422964723e+00
1.853910461425781250e+03 1.402788024048098805e+03 1.195914870925975260e+00
1.853931274414062500e+03 1.403159604313045520e+03 1.198201795175449558e+00
1.853952087402343750e+03 1.402088220752825237e+03 1.195160750187248544e+00
1.853972961425781250e+03 1.403945761732489473e+03 1.194562539588385874e+00
1.853993774414062500e+03 1.403363377541537147e+03 1.195485121286197661e+00
1.854014587402343750e+03 1.403215367723759528e+03 1.195642463169695580e+00
1.854035461425781250e+03 1.403284287157669951e+03 1.194794885597227463e+00
1.854056274414062500e+03 1.401360779788170930e+03 1.195049182087257078e+00
1.854077087402343750e+03 1.401678741784533713e+03 1.194539537020592235e+00
1.854097961425781250e+03 1.402979602888780164e+03 1.194934111897567375e+00
1.854118774414062500e+03 1.403403795293316534e+03 1.194973118292146808e+00
1.854139587402343750e+03 1.402215170169236217e+03 1.195467222085877967e+00
1.854160461425781250e+03 1.401254722867694454e+03 1.196070312429834193e+00
1.854181274414062500e+03 1.405343883354577656e+03 1.196488394187182003e+00
1.854202087402343750e+03 1.400495084984618188e+03 1.193981901082767694e+00
1.854222961425781250e+03 1.403571663993656330e+03 1.194924235396159773e+00
1.854243774414062500e+03 1.404753496663459146e+03 1.195480683904974084e+00
1.854264587402343750e+03 1.403821426846849590e+03 1.194779869537956785e+00
1.854285461425781250e+03 1.404234116296242064e+03 1.195312150942682949e+00
1.854306274414062500e+03 1.400050293748787908e+03 1.195289860928634207e+00
1.854327087402343750e+03 1.401371338269917487e+03 1.195191370991244728e+00
1.854347961425781250e+03 1.401622966877795079e+03 1.195592859836237976e+00
1.854368774414062500e+03 1.404430916271220894e+03 1.200466140968658335e+00
1.854389587402343750e+03 1.404466799191156724e+03 1.196571933233935736e+00
1.854410461425781250e+03 1.403771392358233697e+03 1.194730030832437118e+00
1.854431274414062500e+03 1.403022606847055613e+03 1.194741954395625472e+00
1.854452087402343750e+03 1.404433786556562609e+03 1.196244468636315617e+00
1.854472961425781250e+03 1.404245846057822291e+03 1.194843175166338423e+00
1.854493774414062500e+03 1.403724799737881995e+03 1.195753577139079926e+00
1.854514587402343750e+03 1.403836952756226310e+03 1.195666790484622322e+00
1.854535461425781250e+03 1.401654590759114171e+03 1.201107166066975651e+00
1.854556274414062500e+03 1.402089875846918403e+03 1.196974403098102213e+00
1.854577087402343750e+03 1.400670206335546936e+03 1.196317213077587205e+00
1.854597961425781250e+03 1.403906982977517373e+03 1.196084963456663930e+00
1.854618774414062500e+03 1.402094373753823220e+03 1.195577504819412606e+00
1.854639587402343750e+03 1.402612407747256611e+03 1.200401791223640657e+00
1.854660400390625000e+03 1.403501247392265213e+03 1.197144245510421312e+00
1.854681213378906250e+03 1.402987691392438592e+03 1.195495591446275707e+00
1.854702087402343750e+03 1.402160061589062707e+03 1.197269458360120442e+00
1.854722900390625000e+03 1.399736324661965682e+03 1.195621974002021970e+00
1.854743713378906250e+03 1.400145171222339286e+03 1.195369843746793448e+00
1.854764587402343750e+03 1.402384236664118589e+03 1.195939541573995957e+00
1.854785400390625000e+03 1.404096741035122704e+03 1.196286571266538701e+00
1.854806213378906250e+03 1.403555888287476591e+03 1.196671106486111302e+00
1.854827087402343750e+03 1.405061963869623241e+03 1.197742560076711982e+00
1.854847900390625000e+03 1.402968271669494470e+03 1.200541608496890067e+00
1.856410400390625000e+03 1.406229378396062202e+03 1.218372237518895229e+00
1.856431213378906250e+03 1.405397265204491077e+03 1.222162116383810559e+00
1.856452087402343750e+03 1.406635795023311402e+03 1.221092467206694732e+00
1.856472900390625000e+03 1.407544822443708881e+03 1.222807171071756294e+00
1.856493713378906250e+03 1.405490834398928200e+03 1.225424414701761888e+00
1.856514587402343750e+03 1.406296530448446447e+03 1.228640891088507159e+00
1.856535400390625000e+03 1.405240251969703195e+03 1.230677705007157563e+00
1.856556213378906250e+03 1.401724621961536286e+03 1.232550032491916747e+00
1.856577087402343750e+03 1.401308400330788572e+03 1.232290608568723522e+00
1.856597900390625000e+03 1.401081020293417396e+03 1.234908362938706983e+00
1.856618713378906250e+03 1.400394546393184783e+03 1.237449631484744961e+00
1.856639587402343750e+03 1.400746033037444477e+03 1.240517603456014140e+00
1.856660400390625000e+03 1.399239984182277112e+03 1.242894769045789660e+00
1.856681213378906250e+03 1.397428836737582969e+03 1.246756207154072982e+00
1.856702087402343750e+03 1.396120628814550173e+03 1.250723962943225853e+00
1.856722900390625000e+03 1.399284202722265491e+03 1.257562174084781770e+00
1.856743713378906250e+03 1.398214916704710276e+03 1.255577423576682117e+00
1.856764587402343750e+03 1.400110406184596513e+03 1.260012864092598495e+00
1.856785400390625000e+03 1.398093004592131365e+03 1.264368163169067749e+00
1.856806213378906250e+03 1.398123190267418295e+03 1.267410525863879922e+00
1.856827087402343750e+03 1.395246432305209737e+03 1.272786869396979048e+00
1.856847900390625000e+03 1.397015750324831060e+03 1.276040301679023825e+00
1.856868713378906250e+03 1.396469005596496800e+03 1.280089853306934033e+00
1.856889587402343750e+03 1.394528713641743025e+03 1.285204993717881772e+00
1.856910400390625000e+03 1.392949210838860381e+03 1.289308882778004595e+00
1.856931213378906250e+03 1.396378488785888976e+03 1.295782663309376970e+00
1.856952087402343750e+03 1.394175544730270303e+03 1.299252043645564347e+00
1.856972900390625000e+03 1.395947475226382721e+03 1.305420629594966631e+00
1.856993713378906250e+03 1.392851763737755846e+03 1.308855309607961370e+00
1.857014587402343750e+03 1.393953395203163609e+03 1.314477203284643236e+00
1.857035400390625000e+03 1.395036254752175864e+03 1.317383400681507943e+00
1.857056213378906250e+03 1.393529924549194902e+03 1.320073258433379637e+00
1.857077087402343750e+03 1.397291600711781030e+03 1.327403422289079593e+00
1.857097900390625000e+03 1.392943322832042668e+03 1.322793604415945179e+00
1.857118713378906250e+03 1.395875454639288364e+03 1.325526129431596090e+00
1.857139587402343750e+03 1.393765956318230110e+03 1.327118166591631843e+00
1.857160400390625000e+03 1.394653202063560229e+03 1.327871545280983501e+00
1.857181213378906250e+03 1.394840596160849145e+03 1.330952764290568302e+00
1.857202087402343750e+03 1.393900868366246641e+03 1.331017743477465265e+00
1.857222900390625000e+03 1.394954357083869581e+03 1.332175730815015946e+00
1.857243713378906250e+03 1.393814526151447353e+03 1.334059840199903535e+00
1.857264587402343750e+03 1.396038016302346477e+03 1.341807136329827399e+00
1.857285400390625000e+03 1.393222896482135184e+03 1.337058416895020807e+00
1.857306213378906250e+03 1.397436029651203626e+03 1.342958217044732283e+00
1.857327087402343750e+03 1.396187169640554657e+03 1.341780172407870397e+00
1.857347900390625000e+03 1.398294817404743526e+03 1.345000151240684172e+00
1.857368713378906250e+03 1.394338465847500856e+03 1.345401060089265188e+00
1.857389587402343750e+03 1.396886610444419148e+03 1.347027308444234572e+00
1.857410400390625000e+03 1.394751829271989436e+03 1.347382404313064219e+00
1.857431213378906250e+03 1.395785947699505641e+03 1.349318874688453684e+00
1.857452087402343750e+03 1.395222371998700964e+03 1.349952223603473556e+00
1.857472900390625000e+03 1.393332125926229537e+03 1.348964200197322327e+00
1.857493713378906250e+03 1.396088358020114583e+03 1.353349463542091069e+00
1.857514587402343750e+03 1.395650039403807796e+03 1.351920945810445085e+00
1.857535400390625000e+03 1.394471110611565109e+03 1.351461285456128314e+00
1.857556213378906250e+03 1.395334786323714525e+03 1.353605281177886921e+00
1.857577087402343750e+03 1.396147564642229554e+03 1.353884956205619661e+00
1.857597900390625000e+03 1.397714243696789936e+03 1.353414556519775935e+00
1.857618713378906250e+03 1.395758366385662612e+03 1.354551901185205853e+00
1.857639587402343750e+03 1.394432083203887942e+03 1.357232433245460612e+00
1.857660400390625000e+03 1.394416860813557378e+03 1.359763868112149554e+00
1.857681213378906250e+03 1.393623930653371417e+03 1.367050425606130437e+00
1.857702087402343750e+03 1.394639588002025221e+03 1.365260133513930496e+00
1.857722900390625000e+03 1.396869301112822995e+03 1.361889366364737564e+00
1.857743713378906250e+03 1.396891556347564119e+03 1.359740854775755237e+00
1.857764587402343750e+03 1.396715036501948589e+03 1.359312428755365731e+00
1.857785400390625000e+03 1.398939005253303549e+03 1.356826410113241455e+00
1.857806213378906250e+03 1.396199519748545526e+03 1.352655310747794992e+00
1.857827087402343750e+03 1.393806829351550959e+03 1.349792821316176950e+00
1.857847900390625000e+03 1.396548789298909924e+03 1.347627058956950119e+00
1.857868713378906250e+03 1.397208354602700638e+03 1.343425046087067809e+00
1.857889587402343750e+03 1.394247992739109577e+03 1.338456261231907529e+00
1.857910400390625000e+03 1.396112723037083015e+03 1.336983343855193906e+00
1.857931213378906250e+03 1.397302737507629217e+03 1.330321212714932422e+00
1.857952087402343750e+03 1.394880188151083757e+03 1.328996663995693384e+00
1.857972900390625000e+03 1.396192661657070403e+03 1.320097324511435799e+00
1.857993713378906250e+03 1.392383337466975490e+03 1.311897275680131481e+00
1.858014587402343750e+03 1.397344068649100564e+03 1.310216552220108355e+00
1.858035400390625000e+03 1.394391488649996063e+03 1.309746123822049135e+00
1.858056213378906250e+03 1.397204697340442863e+03 1.306593912655301892e+00
1.858077087402343750e+03 1.398818698688364066e+03 1.302440421413035843e+00
1.858097900390625000e+03 1.398592010120868736e+03 1.300417783435821484e+00
1.858118713378906250e+03 1.397819318383014433e+03 1.290978412409271359e+00
1.858139587402343750e+03 1.398515290441336447e+03 1.287659638887233893e+00
1.858160400390625000e+03 1.399714396324148083e+03 1.289041045039256428e+00
1.858181213378906250e+03 1.398809667656288411e+03 1.283408045554983890e+00
1.858202087402343750e+03 1.399506974309569841e+03 1.281080979154347599e+00
1.858222900390625000e+03 1.399650282986768616e+03 1.277641425021667221e+00
1.858243713378906250e+03 1.399277160888479784e+03 1.279828050135451978e+00
1.858264587402343750e+03 1.400231978583140062e+03 1.270384422602865770e+00
1.858285400390625000e+03 1.399956586766258852e+03 1.267968774444147462e+00
1.858306213378906250e+03 1.399990663623844512e+03 1.266723391659792641e+00
1.858327026367187500e+03 1.398013738578228185e+03 1.261148093409991899e+00
1.858347839355468750e+03 1.400162951968121206e+03 1.262693046691702570e+00
1.858368713378906250e+03 1.400944749049556549e+03 1.257276053385697034e+00
1.858389526367187500e+03 1.401276748539949040e+03 1.256173956168421313e+00
1.858410339355468750e+03 1.400153754262323901e+03 1.252383011019871262e+00
1.858431213378906250e+03 1.401509156112620985e+03 1.251284844964166920e+00
1.858452026367187500e+03 1.401207544363299121e+03 1.249198656713793820e+00
1.858472839355468750e+03 1.398386393632584031e+03 1.245056868943373196e+00
1.858493713378906250e+03 1.401599202485806700e+03 1.243353482399321086e+00
1.858514526367187500e+03 1.401628525463732785e+03 1.241296412588479781e+00
1.858535339355468750e+03 1.401086105601044892e+03 1.240329144078552659e+00
1.858556213378906250e+03 1.398803028920605811e+03 1.237948159264821824e+00
1.858577026367187500e+03 1.397843130883841241e+03 1.236195200061351196e+00
1.858597839355468750e+03 1.400281444539016775e+03 1.237813963702616649e+00
1.858618713378906250e+03 1.397920443734882610e+03 1.233625788209203211e+00
1.858639526367187500e+03 1.401124009355742146e+03 1.231759547799519128e+00
1.858660339355468750e+03 1.401938749228360393e+03 1.231709850433496900e+00
1.858681213378906250e+03 1.401810536858800788e+03 1.229072093019309975e+00
1.858702026367187500e+03 1.402524727218083626e+03 1.231388583831630745e+00
1.858722839355468750e+03 1.404911702320370750e+03 1.228717684238376906e+00
1.858743713378906250e+03 1.404811552624265232e+03 1.225415708110650259e+00
1.858764526367187500e+03 1.403748164442627285e+03 1.223792428751100836e+00
1.858785339355468750e+03 1.402676054253363418e+03 1.223039609631012548e+00
1.858806213378906250e+03 1.401366189737619834e+03 1.221247778883664425e+00
1.858827026367187500e+03 1.401424621647325239e+03 1.221579324211691020e+00
1.858847839355468750e+03 1.401548823138987245e+03 1.218507400233510340e+00
1.858868713378906250e+03 1.400390854095913710e+03 1.221342069109099260e+00
1.858889526367187500e+03 1.402614871445482322e+03 1.218223555890237453e+00
1.858910339355468750e+03 1.400537904680516249e+03 1.215960513691013212e+00
1.858931213378906250e+03 1.401455840011789633e+03 1.216154464701941329e+00
1.858952026367187500e+03 1.399842601483184126e+03 1.213735829593743043e+00
1.858972839355468750e+03 1.402061645541239841e+03 1.213804824958045092e+00
1.858993713378906250e+03 1.400805259973582224e+03 1.213862670006175648e+00
1.859014526367187500e+03 1.401751510285255108e+03 1.212710159808047417e+00
1.859035339355468750e+03 1.400977950879879018e+03 1.213728070439117346e+00
1.859056213378906250e+03 1.400861420094674031e+03 1.210879318316239628e+00
1.859077026367187500e+03 1.400672037932004741e+03 1.211140031182501797e+00
1.859097839355468750e+03 1.400689270210928726e+03 1.216128831808550803e+00
1.859118713378906250e+03 1.401338355307912934e+03 1.209296807021052800e+00
1.859139526367187500e+03 1.399853082911995898e+03 1.209915271109702761e+00
1.859160339355468750e+03 1.400253492610725289e+03 1.211404574976244763e+00
1.859181213378906250e+03 1.402614544288771413e+03 1.206674566313314934e+00
1.859202026367187500e+03 1.403372355089416033e+03 1.207799771773570452e+00
1.859222839355468750e+03 1.403334449750939484e+03 1.206279285846246774e+00
1.859243713378906250e+03 1.402763326452784895e+03 1.207786792713489321e+00
1.859264526367187500e+03 1.400378150363857685e+03 1.202487925510495659e+00
1.859285339355468750e+03 1.403674257625789778e+03 1.201345539719710809e+00
1.859306213378906250e+03 1.401734787020677686e+03 1.199410339359629152e+00
1.859327026367187500e+03 1.400037462114263008e+03 1.199135643878303625e+00
1.859347839355468750e+03 1.400411257703995261e+03 1.200400599529163781e+00
1.859368713378906250e+03 1.402720325728804028e+03 1.204209322102388180e+00
1.859389526367187500e+03 1.400217888758137178e+03 1.202675227525597412e+00
1.859410339355468750e+03 1.399977756896408664e+03 1.201350104282295383e+00
1.859431213378906250e+03 1.398882237431547310e+03 1.201635851065910199e+00
1.859452026367187500e+03 1.402741936832843294e+03 1.202339064283455050e+00
1.859472839355468750e+03 1.398766608449540854e+03 1.202700750680677944e+00
1.859493713378906250e+03 1.400347750509911066e+03 1.201751569102123662e+00
1.859514526367187500e+03 1.402337533738992761e+03 1.200888152070230808e+00
1.859535339355468750e+03 1.400606067903538587e+03 1.203366044904024212e+00
1.859556213378906250e+03 1.401517206253672157e+03 1.200927610294578285e+00
1.859577026367187500e+03 1.400300023496195308e+03 1.200129756270031711e+00
1.859597839355468750e+03 1.402336247271489128e+03 1.201090591285574716e+00
1.859618713378906250e+03 1.401632351995380759e+03 1.199029913830576222e+00
1.859639526367187500e+03 1.402456998625590813e+03 1.202946290454228961e+00
1.859660339355468750e+03 1.403129355638930747e+03 1.201116445859679027e+00
1.859681213378906250e+03 1.403401722995155751e+03 1.197825315005338842e+00
1.859702026367187500e+03 1.402524645830861800e+03 1.198328389717767006e+00
1.859722839355468750e+03 1.400904492388189055e+03 1.199156172421264710e+00
1.859743713378906250e+03 1.399190812019732675e+03 1.196899407837598739e+00
1.859764526367187500e+03 1.402058300434933699e+03 1.203881508921408772e+00
1.859785339355468750e+03 1.403007744364004338e+03 1.198558911635404067e+00
1.859806213378906250e+03 1.400882783900401591e+03 1.197242027162174649e+00
1.859827026367187500e+03 1.398538120410973988e+03 1.196453671710612010e+00
1.859847839355468750e+03 1.400207656715156872e+03 1.197869650982371637e+00
1.859868713378906250e+03 1.400156264058151237e+03 1.200037474841840313e+00
1.859889526367187500e+03 1.399506099889231109e+03 1.197441946864326923e+00
1.859910339355468750e+03 1.398181879963476604e+03 1.196735955670125584e+00
1.859931213378906250e+03 1.402049271379778702e+03 1.197433335473477189e+00
1.859952026367187500e+03 1.400735005234072105e+03 1.196279994385273771e+00
1.859972839355468750e+03 1.400013673107769137e+03 1.196734312070617312e+00
1.859993713378906250e+03 1.399848926509172088e+03 1.196233407107785363e+00
1.860014526367187500e+03 1.398671864244678545e+03 1.195138956075239456e+00
1.860035339355468750e+03 1.400763370309894299e+03 1.195866126210083591e+00
1.860056213378906250e+03 1.401347446622702819e+03 1.196284179677534976e+00
1.860077026367187500e+03 1.400302679528596400e+03 1.195718384688670310e+00
1.860097839355468750e+03 1.399844863773037787e+03 1.199909669734670503e+00
1.860118713378906250e+03 1.401136992579536354e+03 1.195330600975461177e+00
1.860139526367187500e+03 1.401147314836782925e+03 1.198236566482205889e+00
1.860160339355468750e+03 1.403091195988005438e+03 1.198092798746517973e+00
1.860181213378906250e+03 1.400422141857736051e+03 1.194685079425950924e+00
1.860202026367187500e+03 1.402089955031590307e+03 1.197219026290353039e+00
1.860222839355468750e+03 1.400224865835252558e+03 1.194725391087402944e+00
1.860243713378906250e+03 1.401214400175588707e+03 1.195364857443232065e+00
1.860264526367187500e+03 1.399397686521126388e+03 1.194223294127814139e+00
1.860285339355468750e+03 1.401462418453245391e+03 1.195709461792308970e+00
1.860306213378906250e+03 1.398400208153260792e+03 1.193820845414055087e+00
1.860327026367187500e+03 1.400752220704481033e+03 1.194288026686207260e+00
1.860347839355468750e+03 1.402117695419772417e+03 1.200252770584172790e+00
1.860368713378906250e+03 1.400703246149591905e+03 1.194657788457266223e+00
1.860389526367187500e+03 1.399731726064857185e+03 1.193597797856843501e+00
1.860410339355468750e+03 1.400649044255912258e+03 1.195475698063724668e+00
1.860431213378906250e+03 1.398140153065240384e+03 1.194053036238688303e+00
1.860452026367187500e+03 1.400190640632956956e+03 1.194355750056052434e+00
1.860472839355468750e+03 1.400183251085984466e+03 1.196595643910266071e+00
1.860493713378906250e+03 1.399140073241991786e+03 1.194847116067763615e+00
1.860514526367187500e+03 1.402544192300623990e+03 1.194325107827919341e+00
1.860535339355468750e+03 1.399177621751009383e+03 1.201273546335432041e+00
1.860556213378906250e+03 1.399033360577733674e+03 1.193525686709169475e+00
1.860577026367187500e+03 1.398706816543224022e+03 1.199869879979423404e+00
1.860597839355468750e+03 1.399559944033071588e+03 1.196155176261050945e+00
1.860618713378906250e+03 1.400720325067062959e+03 1.194982545477791591e+00
1.860639526367187500e+03 1.400353314213288513e+03 1.194372318490380280e+00
1.860660339355468750e+03 1.399567595248099224e+03 1.194061172832040052e+00
1.860681213378906250e+03 1.401166788162908006e+03 1.198626294241865065e+00
1.860702026367187500e+03 1.400652660215186188e+03 1.194679741022257824e+00
1.860722839355468750e+03 1.399054386320681715e+03 1.197109691428386746e+00
1.860743713378906250e+03 1.398510538992006559e+03 1.194026729204684445e+00
1.860764526367187500e+03 1.397691888582862020e+03 1.194078444190000310e+00
1.860785339355468750e+03 1.400317334174870894e+03 1.195265875012969659e+00
1.860806213378906250e+03 1.400622980223600734e+03 1.193645586570321271e+00
1.860827026367187500e+03 1.397777186138232082e+03 1.194925432552193412e+00
1.860847839355468750e+03 1.398947917348168630e+03 1.194858888809798181e+00
1.860868713378906250e+03 1.397617443398588193e+03 1.192701342477536341e+00
1.860889526367187500e+03 1.396876922867681742e+03 1.196136938270919936e+00
1.860910339355468750e+03 1.397415646255127740e+03 1.193165665058927516e+00
1.860931152343750000e+03 1.398732841594890488e+03 1.193152926454390972e+00
1.860951965332031250e+03 1.398114647270846262e+03 1.192860350714645801e+00
1.860972839355468750e+03 1.397624296448717359e+03 1.194967382137503531e+00
1.860993652343750000e+03 1.398519778922102432e+03 1.193079489493905188e+00
1.861014465332031250e+03 1.398196749864840058e+03 1.193434492828104432e+00
1.861035339355468750e+03 1.398549853543829840e+03 1.195474501458730687e+00
1.861056152343750000e+03 1.397415501095680384e+03 1.193178403527464182e+00
1.861076965332031250e+03 1.399653282439582199e+03 1.194702042419547361e+00
1.861097839355468750e+03 1.400833799793788103e+03 1.194412840319125868e+00
1.861118652343750000e+03 1.400306208503139942e+03 1.192891380334303086e+00
1.861139465332031250e+03 1.400284585065536021e+03 1.193071496082573235e+00
1.861160339355468750e+03 1.397893091155454613e+03 1.192913865061588030e+00
1.861181152343750000e+03 1.399786178700439905e+03 1.194069509038892418e+00
1.861201965332031250e+03 1.397014383977887292e+03 1.192463290211311699e+00
1.861222839355468750e+03 1.398173456221808237e+03 1.193262573911224811e+00
1.861243652343750000e+03 1.399075426990717915e+03 1.193030828773093743e+00
1.861264465332031250e+03 1.400411253028694773e+03 1.193357327173851568e+00
1.861285339355468750e+03 1.399399819745965488e+03 1.199224813737977957e+00
1.861306152343750000e+03 1.398863927936034088e+03 1.193072545220863701e+00
1.861326965332031250e+03 1.397968197026213147e+03 1.192530167555943210e+00
1.861347839355468750e+03 1.399840317693350926e+03 1.193462361138986294e+00
1.861368652343750000e+03 1.399361584280816032e+03 1.194678892862465647e+00
1.861389465332031250e+03 1.396562256507308120e+03 1.193119156005359338e+00
1.861410339355468750e+03 1.399324843456291319e+03 1.195827248632034490e+00
1.861431152343750000e+03 1.398777661117954949e+03 1.192753064956197262e+00
1.861451965332031250e+03 1.398544494966937691e+03 1.195212864930648156e+00
1.861472839355468750e+03 1.398048197448198607e+03 1.194301851149549565e+00
1.861493652343750000e+03 1.397676676362192666e+03 1.192989210791455257e+00
1.861514465332031250e+03 1.397960132909311824e+03 1.197976130239775561e+00
1.861535339355468750e+03 1.398431427121211527e+03 1.193457466751567386e+00
1.861556152343750000e+03 1.398815166248934474e+03 1.193140487450484288e+00
1.861576965332031250e+03 1.398138159519584406e+03 1.192413904532948044e+00
1.861597839355468750e+03 1.399489438468528306e+03 1.192506326062839017e+00
1.861618652343750000e+03 1.398455440511096413e+03 1.195505612799321105e+00
1.861639465332031250e+03 1.396964263098564061e+03 1.198434828216876857e+00
1.861660339355468750e+03 1.398565596757802041e+03 1.194482103513107463e+00
1.861681152343750000e+03 1.397719240509757810e+03 1.198663837888503503e+00
1.861701965332031250e+03 1.397597271235533299e+03 1.192373264783769704e+00
1.861722839355468750e+03 1.398230453483140536e+03 1.192304978888195199e+00
1.861743652343750000e+03 1.399242982611807975e+03 1.193788042510853131e+00
1.861764465332031250e+03 1.397463535629336093e+03 1.193261974499215672e+00
1.861785339355468750e+03 1.397271667949671837e+03 1.193385247232584989e+00
1.861806152343750000e+03 1.396151743403955606e+03 1.191964640854588087e+00
1.861826965332031250e+03 1.398886355601909599e+03 1.193562641719680517e+00
1.861847839355468750e+03 1.398167837773199381e+03 1.194020639068651857e+00
1.861868652343750000e+03 1.396397176224493705e+03 1.192792042733456626e+00
1.861889465332031250e+03 1.394912117922626067e+03 1.192205192464634411e+00
1.861910339355468750e+03 1.396524314805926451e+03 1.199183460424626313e+00
1.861931152343750000e+03 1.397838926873649143e+03 1.192308078332748655e+00
1.861972839355468750e+03 1.397118503913175573e+03 1.193092578589314723e+00
1.861993652343750000e+03 1.398741088068425597e+03 1.192753664623956267e+00
1.862014465332031250e+03 1.397331720695724471e+03 1.193710450321154193e+00
1.862035339355468750e+03 1.398391059952292380e+03 1.192655664916352887e+00
1.862056152343750000e+03 1.398945787653139632e+03 1.192335972971167557e+00
1.862076965332031250e+03 1.398864346377501306e+03 1.195089082470031761e+00
1.862097839355468750e+03 1.398146346557118250e+03 1.192210791924006141e+00
1.862118652343750000e+03 1.396691932062612523e+03 1.193001401563078545e+00
1.862139465332031250e+03 1.396473483955995107e+03 1.193105467710882550e+00
1.862160339355468750e+03 1.400082569706380127e+03 1.193450574620964488e+00
1.862181152343750000e+03 1.398840082235211412e+03 1.191998494016092813e+00
1.862201965332031250e+03 1.397005909096292953e+03 1.191322899075926811e+00
1.862222839355468750e+03 1.397047525406853310e+03 1.192544362264665647e+00
1.862243652343750000e+03 1.397960664607464878e+03 1.193709251946630134e+00
1.862264465332031250e+03 1.397324649007443668e+03 1.191256154095503561e+00
1.862285339355468750e+03 1.397553382028003625e+03 1.191411352928364753e+00
1.862306152343750000e+03 1.396682200346865784e+03 1.191835519969927537e+00
1.862326965332031250e+03 1.398904807125237085e+03 1.198008072171535598e+00
1.862347839355468750e+03 1.397266421157185505e+03 1.191625456108534875e+00
1.862368652343750000e+03 1.397642480810390225e+03 1.191854974011361312e+00
1.862389465332031250e+03 1.398573733856334002e+03 1.193256879484980049e+00
1.862410339355468750e+03 1.397765220299808107e+03 1.192000994211460663e+00
1.862431152343750000e+03 1.395252521622950781e+03 1.191843971764727783e+00
1.862451965332031250e+03 1.396090633232089658e+03 1.193857891140304828e+00
1.862472839355468750e+03 1.397656220136322645e+03 1.195169427823741248e+00
1.862493652343750000e+03 1.397744974729191654e+03 1.191238541603019341e+00
1.862514465332031250e+03 1.396391816266135038e+03 1.193752192949607549e+00
1.862535339355468750e+03 1.398949152909027134e+03 1.193262124352246101e+00
1.862556152343750000e+03 1.398932463294352146e+03 1.192474236759854866e+00
1.862576965332031250e+03 1.396427629410641430e+03 1.191593643209680753e+00
1.862597839355468750e+03 1.398540246863025914e+03 1.194322013617859835e+00
1.862618652343750000e+03 1.396562660583101206e+03 1.191978942307463374e+00
1.862639465332031250e+03 1.396528016935062851e+03 1.192381362851673066e+00
1.862660339355468750e+03 1.397324598897828082e+03 1.193963879503769698e+00
1.862681152343750000e+03 1.395392339414586104e+03 1.191754349681613867e+00
1.862701965332031250e+03 1.394818231759599257e+03 1.191557777649540517e+00
1.862722839355468750e+03 1.396747094123679744e+03 1.191457728540131766e+00
1.862743652343750000e+03 1.397507728243391966e+03 1.193407872489763877e+00
1.862764465332031250e+03 1.393618717006255110e+03 1.191683427430483055e+00
1.862785339355468750e+03 1.394270480215146108e+03 1.191193708628890846e+00
1.862806152343750000e+03 1.396809264688581152e+03 1.192589144463706674e+00
1.862826965332031250e+03 1.395503087049788519e+03 1.191468834405789545e+00
1.862847839355468750e+03 1.395412396938567781e+03 1.191330804155764200e+00
1.862868652343750000e+03 1.397208389192061759e+03 1.192164195621645328e+00
1.862889465332031250e+03 1.394522105137909875e+03 1.191768403589980263e+00
1.862910339355468750e+03 1.397343483390345000e+03 1.191824917633711234e+00
1.862931152343750000e+03 1.393435289519375601e+03 1.191323649560443343e+00
1.862951965332031250e+03 1.394766394380157635e+03 1.197868108456291214e+00
1.862972839355468750e+03 1.397449444378451517e+03 1.191619503759659526e+00
1.862993652343750000e+03 1.396752993128560774e+03 1.193987242606554089e+00
1.863014465332031250e+03 1.397268380642659622e+03 1.191097131869696790e+00
1.863035339355468750e+03 1.396150125835889185e+03 1.191045988051803617e+00
1.863056152343750000e+03 1.396734423118736913e+03 1.192120097443550630e+00
1.863076965332031250e+03 1.396376798660746317e+03 1.191993943647065679e+00
1.863097778320312500e+03 1.394896755835522754e+03 1.191674224233781887e+00
1.863118591308593750e+03 1.393339323892110770e+03 1.196112520854225592e+00
1.863139465332031250e+03 1.395981626109148237e+03 1.192144646630596716e+00
1.863160278320312500e+03 1.392048829350376081e+03 1.190642114951806940e+00
1.863181091308593750e+03 1.394397149121288521e+03 1.192684151128081238e+00
1.863201965332031250e+03 1.396664924187394490e+03 1.192420102847740138e+00
1.863222778320312500e+03 1.394401889492113469e+03 1.192441346827370907e+00
1.863243591308593750e+03 1.396248057469040987e+03 1.194534647046704645e+00
1.863264465332031250e+03 1.395936386579609461e+03 1.192402957430540367e+00
1.863285278320312500e+03 1.393455308439274404e+03 1.191957490063803249e+00
1.863306091308593750e+03 1.394623433081714666e+03 1.194417930402392969e+00
1.863326965332031250e+03 1.396195047097828592e+03 1.193919049022033052e+00
1.863347778320312500e+03 1.395735709723136097e+03 1.192209492051853115e+00
1.863368591308593750e+03 1.394694656032134390e+03 1.191463331512321533e+00
1.863389465332031250e+03 1.396605390155413488e+03 1.194312082147542586e+00
1.863410278320312500e+03 1.395795410338150987e+03 1.193824889545189061e+00
1.863431091308593750e+03 1.395906538319237825e+03 1.191956289926880075e+00
1.863451965332031250e+03 1.395220889859834870e+03 1.191454426776324516e+00
1.863472778320312500e+03 1.396045829539584474e+03 1.192814579303019373e+00
1.863493591308593750e+03 1.395836244424960341e+03 1.191712637105758477e+00
1.863514465332031250e+03 1.396455908909554637e+03 1.196215618759565835e+00
1.863535278320312500e+03 1.394639413435677170e+03 1.193506859189520597e+00
1.863556091308593750e+03 1.393856952696979988e+03 1.191877228245205034e+00
1.863576965332031250e+03 1.395923853275516194e+03 1.198153740464037442e+00
1.863597778320312500e+03 1.393484087786211148e+03 1.191519960073775364e+00
1.863618591308593750e+03 1.395201699250601905e+03 1.191670172804007111e+00
1.863639465332031250e+03 1.395059907434061643e+03 1.192221390828670957e+00
1.863660278320312500e+03 1.392340123782748378e+03 1.191217676466709285e+00
1.863681091308593750e+03 1.392060655619156478e+03 1.190573679701552923e+00
1.863701965332031250e+03 1.392663276386541838e+03 1.192110047630511760e+00
1.863722778320312500e+03 1.394736252819492620e+03 1.191670422892663783e+00
1.863743591308593750e+03 1.392526511721133829e+03 1.192783847511679651e+00
1.863764465332031250e+03 1.392266581870532264e+03 1.191478489421094800e+00
1.863785278320312500e+03 1.393830155895919688e+03 1.192345720943621012e+00
1.863806091308593750e+03 1.394427924420542922e+03 1.191416255721304385e+00
1.863826965332031250e+03 1.392852134923198946e+03 1.191735744252614637e+00
1.863847778320312500e+03 1.396582035102667760e+03 1.195280785233367560e+00
1.863868591308593750e+03 1.393749640938408675e+03 1.191811464533595322e+00
1.863889465332031250e+03 1.393574962865396856e+03 1.196051475131631125e+00
1.863910278320312500e+03 1.395043391369614710e+03 1.193171010236795171e+00
1.863931091308593750e+03 1.395627711186359647e+03 1.193441634769074389e+00
1.863951965332031250e+03 1.397319303801456499e+03 1.191919335119316914e+00
1.863972778320312500e+03 1.394470271607854784e+03 1.191223730896417754e+00
1.863993591308593750e+03 1.396439848979306362e+03 1.192388761038473799e+00
1.864014465332031250e+03 1.395812967977411517e+03 1.191574334966960080e+00
1.864035278320312500e+03 1.395528253260538804e+03 1.193211423002956906e+00
1.864056091308593750e+03 1.394569322934473803e+03 1.193281655036165123e+00
1.864076965332031250e+03 1.392731543202598459e+03 1.192086447736468990e+00
1.864097778320312500e+03 1.394337281423965351e+03 1.195004342442367751e+00
1.864118591308593750e+03 1.395040410471916857e+03 1.192402857456539289e+00
1.864139465332031250e+03 1.395529568397618050e+03 1.192963829604958059e+00
1.864160278320312500e+03 1.394222855426149636e+03 1.195656670780546049e+00
1.864181091308593750e+03 1.395281458471091582e+03 1.192792292586894565e+00
1.864201965332031250e+03 1.394681044959705787e+03 1.192761160445505730e+00
1.864222778320312500e+03 1.393989712996330809e+03 1.192977169784081637e+00
1.864243591308593750e+03 1.392585660928717971e+03 1.191998944051646081e+00
1.864264465332031250e+03 1.394061109901777854e+03 1.192197443169442428e+00
1.864285278320312500e+03 1.393538976922031452e+03 1.191330203771794549e+00
1.864306091308593750e+03 1.394474942815971190e+03 1.192909967739222088e+00
1.864326965332031250e+03 1.394912575814493948e+03 1.193356727809436135e+00
1.864347778320312500e+03 1.393190767595634952e+03 1.191655517517077545e+00
1.864368591308593750e+03 1.394507543363942887e+03 1.192363716991087230e+00
1.864389465332031250e+03 1.394321928556643797e+03 1.192811231325157983e+00
1.864410278320312500e+03 1.395665496531973531e+03 1.192451593788121933e+00
1.864431091308593750e+03 1.396793897246009692e+03 1.192455292669397648e+00
1.864451965332031250e+03 1.396410829402421314e+03 1.192542213076664082e+00
1.864472778320312500e+03 1.395643243998166781e+03 1.195251712624703755e+00
1.864493591308593750e+03 1.395730782266777396e+03 1.194205974953237881e+00
1.864514465332031250e+03 1.392724781503817667e+03 1.192619331515117009e+00
1.864535278320312500e+03 1.392436798693848232e+03 1.191130859565553868e+00
1.864556091308593750e+03 1.392700496156604004e+03 1.192083847719570544e+00
1.864576965332031250e+03 1.393816718640010549e+03 1.192239188777374004e+00
1.864597778320312500e+03 1.392929469310094191e+03 1.191217526356490808e+00
1.864618591308593750e+03 1.392435123453527012e+03 1.191474087144027472e+00
1.864639465332031250e+03 1.395193502112507304e+03 1.191467033461634184e+00
1.864660278320312500e+03 1.394343248519260897e+03 1.192079447678054738e+00
1.864681091308593750e+03 1.392627818448305788e+03 1.191477989163156170e+00
1.864701965332031250e+03 1.394365053126821067e+03 1.193576824149620741e+00
1.864722778320312500e+03 1.392643492493321673e+03 1.192099347736444770e+00
1.864743591308593750e+03 1.392207729960898178e+03 1.193320865290700805e+00
1.864764465332031250e+03 1.392077709809880162e+03 1.192355418847390602e+00
1.864785278320312500e+03 1.391793435258493901e+03 1.190976725212360643e+00
1.864806091308593750e+03 1.393067505134790963e+03 1.197401875993244325e+00
1.864826965332031250e+03 1.391373180210839791e+03 1.191325550785769405e+00
1.864847778320312500e+03 1.394779037109824230e+03 1.195459344358467568e+00
1.864868591308593750e+03 1.391534786621426974e+03 1.191766603098520338e+00
1.864889465332031250e+03 1.394484876886308484e+03 1.192209842017572186e+00
1.864910278320312500e+03 1.393518276422837516e+03 1.192570102238588392e+00
1.864931091308593750e+03 1.393805917738639664e+03 1.191109442088948978e+00
1.864951904296875000e+03 1.390270787709887600e+03 1.190502637047152090e+00
1.864972717285156250e+03 1.391965334673443976e+03 1.190861211458864810e+00
1.864993591308593750e+03 1.393441347116553970e+03 1.191297182187484927e+00
1.865014404296875000e+03 1.393936228253752461e+03 1.191655417480369961e+00
1.865035217285156250e+03 1.391579173089183087e+03 1.196332907359792364e+00
1.865056091308593750e+03 1.390859768170515736e+03 1.194223144395392788e+00
1.865076904296875000e+03 1.390829989581855443e+03 1.191840521039179368e+00
1.865097717285156250e+03 1.391120402819918127e+03 1.190672651724031805e+00
1.865118591308593750e+03 1.391898340921274894e+03 1.198460690349826052e+00
1.865139404296875000e+03 1.391648578240946335e+03 1.192037946487480182e+00
1.865160217285156250e+03 1.392177759336171675e+03 1.192093247753854168e+00
1.865181091308593750e+03 1.392197206931779419e+03 1.193359275106123052e+00
1.865201904296875000e+03 1.391782273837543016e+03 1.194138043431719476e+00
1.865222717285156250e+03 1.392261577728443399e+03 1.191346864314656973e+00
1.865243591308593750e+03 1.392235761590734228e+03 1.191703934297935863e+00
1.865264404296875000e+03 1.389806839931921559e+03 1.193557847620744905e+00
1.865285217285156250e+03 1.391204157170221606e+03 1.197245711243444033e+00
1.865306091308593750e+03 1.390694271334937866e+03 1.194115182432716971e+00
1.865326904296875000e+03 1.392184534872718132e+03 1.191518559399770361e+00
1.865347717285156250e+03 1.391736732680535397e+03 1.190760503151955918e+00
1.865368591308593750e+03 1.393022595614582769e+03 1.191276318078261509e+00
1.865389404296875000e+03 1.392034115507494562e+03 1.190739529525402629e+00
1.865410217285156250e+03 1.392802255349420420e+03 1.190873273860849180e+00
1.865431091308593750e+03 1.391222528565584525e+03 1.193119156005359338e+00
1.865451904296875000e+03 1.392278751101207490e+03 1.191240192785251617e+00
1.865472717285156250e+03 1.392752469647416319e+03 1.192162145742488022e+00
1.865514404296875000e+03 1.391705072949873056e+03 1.191617152823761794e+00
1.865535217285156250e+03 1.390446821227885948e+03 1.191956539955505434e+00
1.865556091308593750e+03 1.391213164493596878e+03 1.192901873259776702e+00
1.865576904296875000e+03 1.391107966431123259e+03 1.194584244425150876e+00
1.865597717285156250e+03 1.388898092587297015e+03 1.191530715194310419e+00
1.865618591308593750e+03 1.388921728669043205e+03 1.191169039766103888e+00
1.865639404296875000e+03 1.387550570296961041e+03 1.193652877052236105e+00
1.865660217285156250e+03 1.391591983628827620e+03 1.192207942202433646e+00
1.865681091308593750e+03 1.390454963049740627e+03 1.197656265925676644e+00
1.865701904296875000e+03 1.389987863756369734e+03 1.192067997493896581e+00
1.865722717285156250e+03 1.389441374554462755e+03 1.191130759484782864e+00
1.865743591308593750e+03 1.390078613268095978e+03 1.191873327533126581e+00
1.865764404296875000e+03 1.392872708415633497e+03 1.192736873812739962e+00
1.865785217285156250e+03 1.390224085516650803e+03 1.192286731994822491e+00
1.865806091308593750e+03 1.390072281370958763e+03 1.191514257319316705e+00
1.865826904296875000e+03 1.389368937627926016e+03 1.190641764525285140e+00
1.865847717285156250e+03 1.391141324119155342e+03 1.192659862927142322e+00
1.865868591308593750e+03 1.393664522721474441e+03 1.191621804671153528e+00
1.865889404296875000e+03 1.391074674640023431e+03 1.191787708688580416e+00
1.865910217285156250e+03 1.391463969623930097e+03 1.195984346156556466e+00
1.865931091308593750e+03 1.389231984080069878e+03 1.191408501294619837e+00
1.865951904296875000e+03 1.389632111155676739e+03 1.192500727991165910e+00
1.865972717285156250e+03 1.392012924294777577e+03 1.191455127151229920e+00
1.865993591308593750e+03 1.389640253140970344e+03 1.191270714226480676e+00
1.866014404296875000e+03 1.389709539557841481e+03 1.191245546602809124e+00
1.866035217285156250e+03 1.389817707629577626e+03 1.191652066245812769e+00
1.866056091308593750e+03 1.390425650494348929e+03 1.191276668318122400e+00
1.866076904296875000e+03 1.390859728136618742e+03 1.191724790920672961e+00
1.866097717285156250e+03 1.389193901824728528e+03 1.193869124455492869e+00
1.866118591308593750e+03 1.389004693066140135e+03 1.190657984159052774e+00
1.866139404296875000e+03 1.390305977850362979e+03 1.191495998316619120e+00
1.866160217285156250e+03 1.390717312864710948e+03 1.191837570410858804e+00
1.866181091308593750e+03 1.391164875076946601e+03 1.193163766765698242e+00
1.866201904296875000e+03 1.389548794158122973e+03 1.191155329061649004e+00
1.866222717285156250e+03 1.391262845262568590e+03 1.191514357367875698e+00
1.866243591308593750e+03 1.389124192230000517e+03 1.196353085420103657e+00
1.866264404296875000e+03 1.388642553383670702e+03 1.191524162085911609e+00
1.866285217285156250e+03 1.391674699719850651e+03 1.191153277446313163e+00
1.866306091308593750e+03 1.390636696058595589e+03 1.192057847238685797e+00
1.866326904296875000e+03 1.391177882742848851e+03 1.191284773840425304e+00
1.866347717285156250e+03 1.391493374173186567e+03 1.192545511828751126e+00
1.866368591308593750e+03 1.390549326745740473e+03 1.193243842143616451e+00
1.866389404296875000e+03 1.389321076290173323e+03 1.192292681012657285e+00
1.866410217285156250e+03 1.389361104276976448e+03 1.192088947747369510e+00
1.866431091308593750e+03 1.390283441536967075e+03 1.193287748943721693e+00
1.866451904296875000e+03 1.389185946620594905e+03 1.191303736544451874e+00
1.866472717285156250e+03 1.388858997677867137e+03 1.191522361225382021e+00
1.866493591308593750e+03 1.388441403919733375e+03 1.191436517049582866e+00
1.866514404296875000e+03 1.388418277547409161e+03 1.190914265093923285e+00
1.866535217285156250e+03 1.388216290206633175e+03 1.191287525702740879e+00
1.866556091308593750e+03 1.388534185647085906e+03 1.190775970339160938e+00
1.866576904296875000e+03 1.389044518639646185e+03 1.192079447678054738e+00
1.866597717285156250e+03 1.389732956378378731e+03 1.190883634415635939e+00
1.866618591308593750e+03 1.388235401521757467e+03 1.191623905499507030e+00
1.866639343261718750e+03 1.390335663822578454e+03 1.195139654290939824e+00
1.866660217285156250e+03 1.387484325085177488e+03 1.192955735490978109e+00
1.866681030273437500e+03 1.389728178176937263e+03 1.192683101648141619e+00
1.866701843261718750e+03 1.389050020897229842e+03 1.191960440395269716e+00
1.866722717285156250e+03 1.387775455616184445e+03 1.191582338421596887e+00
1.866743530273437500e+03 1.389314025843315221e+03 1.195194612561381931e+00
1.866764343261718750e+03 1.388129467848658578e+03 1.192735574513923646e+00
1.866785217285156250e+03 1.390413233140298416e+03 1.191363574655140978e+00
1.866806030273437500e+03 1.389081723955273674e+03 1.190648773036121710e+00
1.866826843261718750e+03 1.390056882702556550e+03 1.191475387818490272e+00
1.866847717285156250e+03 1.389722844206973150e+03 1.192243438248306031e+00
1.866868530273437500e+03 1.389142404712736152e+03 1.190547345850551109e+00
1.866889343261718750e+03 1.388994660327981364e+03 1.191472386259895044e+00
1.866910217285156250e+03 1.389038369280832285e+03 1.193318018220056231e+00
1.866931030273437500e+03 1.389811808259444433e+03 1.190789234918968154e+00
1.866951843261718750e+03 1.388755600839753015e+03 1.190703137654753219e+00
1.866972717285156250e+03 1.387778540440324150e+03 1.190131884807893448e+00
1.866993530273437500e+03 1.391109913110804200e+03 1.191909083582685325e+00
1.867014343261718750e+03 1.388238558415191164e+03 1.195512542939607847e+00
1.867035217285156250e+03 1.387352680359781971e+03 1.190921522247030406e+00
1.867056030273437500e+03 1.385894625927422112e+03 1.190102436000419761e+00
1.867076843261718750e+03 1.390154666104579292e+03 1.191131710251766229e+00
1.867097717285156250e+03 1.390473044883038938e+03 1.191895581424286421e+00
1.867118530273437500e+03 1.388930430318269600e+03 1.191125405151285399e+00
1.867139343261718750e+03 1.389917475295766280e+03 1.194077745353776310e+00
1.867160217285156250e+03 1.389190151123826581e+03 1.191100834957160348e+00
1.867181030273437500e+03 1.387796066432032148e+03 1.190109848353918531e+00
1.867201843261718750e+03 1.389200867550286375e+03 1.190678108212332331e+00
1.867222717285156250e+03 1.388254442516415565e+03 1.191426261358579763e+00
1.867243530273437500e+03 1.387739554194898119e+03 1.190688370347361857e+00
1.867264343261718750e+03 1.390514302345050510e+03 1.190743333838314433e+00
1.867285217285156250e+03 1.391581342422389298e+03 1.197346222546521233e+00
1.867306030273437500e+03 1.391496129496814547e+03 1.191843371639263127e+00
1.867326843261718750e+03 1.388141880141336514e+03 1.190914265093923285e+00
1.867347717285156250e+03 1.390056368375956254e+03 1.191112744809053492e+00
1.867368530273437500e+03 1.388262124742089100e+03 1.192028045990008556e+00
1.867389343261718750e+03 1.388039909437473170e+03 1.190566069979353880e+00
1.867410217285156250e+03 1.387962087356074790e+03 1.191169740308809288e+00
1.867431030273437500e+03 1.385377303797008153e+03 1.189781657231212320e+00
1.867472717285156250e+03 1.387885576030271295e+03 1.192000044137838666e+00
1.867493530273437500e+03 1.389618129723626225e+03 1.191394092935541549e+00
1.867514343261718750e+03 1.389602143645709020e+03 1.191489344966628838e+00
1.867535217285156250e+03 1.388086097973174901e+03 1.189969556723597499e+00
1.867556030273437500e+03 1.390786296556270145e+03 1.190994641853277969e+00
1.867576843261718750e+03 1.388351772727385878e+03 1.191355119452273792e+00
1.867597717285156250e+03 1.389218093499639963e+03 1.191802512386546331e+00
1.867618530273437500e+03 1.389792416371399213e+03 1.192141546761137816e+00
1.867639343261718750e+03 1.390415440121573511e+03 1.191148773888062395e+00
1.867660217285156250e+03 1.389369629176602075e+03 1.190811609177258035e+00
1.867681030273437500e+03 1.387503486463926265e+03 1.191077965705990227e+00
1.867701843261718750e+03 1.388727157403250885e+03 1.191282272141894971e+00
1.867722717285156250e+03 1.388501051390248449e+03 1.190439000457059970e+00
1.867743530273437500e+03 1.390025179574404774e+03 1.190815563420803302e+00
1.867764343261718750e+03 1.390773461573163331e+03 1.195878387337918625e+00
1.867785217285156250e+03 1.389009289194647863e+03 1.189991495598930138e+00
1.867806030273437500e+03 1.390110333288331276e+03 1.190797794248634967e+00
1.867826843261718750e+03 1.388073087710416075e+03 1.189980125501703512e+00
1.867847717285156250e+03 1.388933154775273579e+03 1.195390686270503711e+00
1.867868530273437500e+03 1.389649744364622848e+03 1.191064253953153740e+00
1.867889343261718750e+03 1.387466212163573800e+03 1.191153527643494581e+00
1.867910217285156250e+03 1.390198840822127750e+03 1.191101535539980105e+00
1.867931030273437500e+03 1.387933956385322745e+03 1.190952902669006663e+00
1.867951843261718750e+03 1.389364402956760387e+03 1.191465382593766886e+00
1.867972717285156250e+03 1.392010335703735109e+03 1.191606648585431083e+00
1.867993530273437500e+03 1.389307752579676844e+03 1.190615181869915995e+00
1.868014343261718750e+03 1.388944073073762411e+03 1.190395489296134812e+00
1.868035217285156250e+03 1.389544919263408701e+03 1.192192893559765654e+00
1.868056030273437500e+03 1.387804781807120889e+03 1.190911662517897485e+00
1.868076843261718750e+03 1.390116479198852403e+03 1.191405549596361801e+00
1.868097717285156250e+03 1.389464798437398485e+03 1.190284375904796743e+00
1.868118530273437500e+03 1.388383904359674489e+03 1.193736314944770394e+00
1.868139343261718750e+03 1.391687432625177735e+03 1.191354869297428953e+00
1.868160217285156250e+03 1.390848168997148377e+03 1.194807506922997309e+00
1.868181030273437500e+03 1.390797939908105036e+03 1.191527613727652035e+00
1.868201843261718750e+03 1.390384934987393081e+03 1.190821770055078055e+00
1.868222656250000000e+03 1.390559382461904079e+03 1.191487794180465132e+00
1.868243469238281250e+03 1.388928071072630246e+03 1.190411562073609097e+00
1.868264343261718750e+03 1.392649598270795195e+03 1.192004444472456681e+00
1.868285156250000000e+03 1.391383349014557098e+03 1.191068057228884314e+00
1.868305969238281250e+03 1.390212292566312954e+03 1.191743246476675511e+00
1.868326843261718750e+03 1.389175337729857119e+03 1.193190442504100002e+00
1.868347656250000000e+03 1.389653835242186460e+03 1.195604326116291194e+00
1.868368469238281250e+03 1.391287438851974684e+03 1.192906020438205816e+00
1.868389343261718750e+03 1.391235112159364917e+03 1.194337484587995268e+00
1.868410156250000000e+03 1.391362550222286245e+03 1.190866566980220975e+00
1.868430969238281250e+03 1.391808058196470938e+03 1.193264372145445895e+00
1.868451843261718750e+03 1.389117603870189214e+03 1.195865976683358367e+00
1.868472656250000000e+03 1.389022889794706771e+03 1.191573284509548136e+00
1.868493469238281250e+03 1.390419933402822153e+03 1.191409701983344505e+00
1.868514343261718750e+03 1.387315116012441877e+03 1.190462582941850700e+00
1.868535156250000000e+03 1.391180233332740045e+03 1.194563288037598037e+00
1.868555969238281250e+03 1.390196314202537224e+03 1.190619587322757633e+00
1.868576843261718750e+03 1.387777201175211530e+03 1.190268151179916689e+00
1.868597656250000000e+03 1.390735802023365295e+03 1.191865326032500949e+00
1.868618469238281250e+03 1.389798092435853732e+03 1.191891530746940209e+00
1.868639343261718750e+03 1.389826069228009374e+03 1.195548289859734492e+00
1.868660156250000000e+03 1.392197330066601126e+03 1.192487832333209319e+00
1.868680969238281250e+03 1.388267979809598728e+03 1.190938839137160921e+00
1.868701843261718750e+03 1.391935369211729267e+03 1.192298180078373182e+00
1.868722656250000000e+03 1.390630372066136260e+03 1.193070896574564443e+00
1.868743469238281250e+03 1.393993871250906523e+03 1.192963579787446715e+00
1.868764343261718750e+03 1.391131185523529894e+03 1.192597291044580787e+00
1.868785156250000000e+03 1.389793137256723185e+03 1.191555476614409415e+00
1.868805969238281250e+03 1.391549588508000397e+03 1.192349220196345039e+00
